-0.4455132484436035
-0.3479487895965576
-0.4143974781036377
-0.5347776412963867
-0.7255723476409912
-0.5159337520599365
-0.35268497467041016
-0.6423981189727783
-0.48130273818969727
-0.467618465423584
-0.5277197360992432
-0.19381928443908691
-0.3537614345550537
-0.44366931915283203
0.17784619331359863
-0.5193657875061035
-0.532433271408081
-0.5345404148101807
-0.4603149890899658
-0.3360745906829834
-0.567279577255249
-0.6141195297241211
-0.49414777755737305
-0.5667762756347656
-0.3180091381072998
-0.7225344181060791
-0.5973842144012451
-0.3600342273712158
-0.5231382846832275
-0.3337576389312744
-0.46952176094055176
-0.26828503608703613
-0.36841297149658203
-0.31485414505004883
-0.527660608291626
-0.8299674987792969
-0.21019268035888672
-0.2588062286376953
-0.7970831394195557
-0.38370704650878906
-0.34374046325683594
-0.6807739734649658
-0.33661508560180664
-0.4982883930206299
-0.26479482650756836
-0.6936538219451904
-0.2924313545227051
-0.53314208984375
-0.240523099899292
-0.38610291481018066
-0.5341694355010986
-0.5239272117614746
0.1698591709136963
-0.5049476623535156
0.4492967128753662
-0.6401681900024414
-0.3753173351287842
0.003511190414428711
0.1393451690673828
-0.4241495132446289
-0.5185086727142334
-0.10381102561950684
-0.3909566402435303
-0.44616079330444336
-0.001018524169921875
-0.214308500289917
-0.4519309997558594
-0.22560429573059082
-0.4946439266204834
-0.6459019184112549
-0.16810917854309082
-0.45270514488220215
-0.3422534465789795
-0.1290271282196045
-0.8988308906555176
-0.09873437881469727
-0.6374068260192871
-0.2942037582397461
-0.2097301483154297
-0.2270827293395996
-0.5628659725189209
-0.4651970863342285
-1.0687663555145264
-0.3088054656982422
-0.5401527881622314
-0.6683231592178345
-0.4660060405731201
0.19154667854309082
-0.11911249160766602
-0.6034102439880371
-0.8730044364929199
-0.5262339115142822
-0.7054800987243652
-0.3959982395172119
-0.1791541576385498
-0.23018646240234375
-0.7925618886947632
-0.3220522403717041
-0.5013198852539062
-0.3538994789123535
-0.6933274269104004
-0.7431787252426147
0.09981155395507812
-0.6603419780731201
-0.2525646686553955
-0.23290777206420898
-0.2061934471130371
-0.5392889976501465
-0.5736970901489258
-0.25710272789001465
-0.789992094039917
0.10402846336364746
-0.19586801528930664
-0.4677414894104004
-0.1703040599822998
-0.33774900436401367
-0.6057026386260986
-0.17768025398254395
-0.3780796527862549
-0.5978391170501709
-0.4012150764465332
-0.41219353675842285
-0.4542074203491211
-0.3890383243560791
-0.7485359907150269
-0.18828558921813965
-0.8839590549468994
-0.5389831066131592
-0.5621671676635742
-0.5099256038665771
-0.42218661308288574
-0.822887659072876
-0.2426471710205078
-0.37334370613098145
-0.7587451934814453
-0.5993812084197998
-0.9173364639282227
-0.3377854824066162
-0.33280181884765625
-0.9226846694946289
-0.5834453105926514
0.0047647953033447266
-0.44248533248901367
0.8564338684082031
-0.492185115814209
-0.0399327278137207
-0.7360091209411621
-0.544029712677002
-0.2940804958343506
-0.3026587963104248
-0.5555427074432373
-0.6389548778533936
-0.34246158599853516
-0.5916173458099365
-0.3995077610015869
-0.4839441776275635
-0.4643878936767578
-0.4139115810394287
-0.01784801483154297
-0.38372230529785156
0.04228067398071289
-0.5373034477233887
-0.26944661140441895
-0.5580484867095947
-0.6077749729156494
1.1475954055786133
-0.6594541072845459
-0.28382062911987305
-0.1058042049407959
-0.5895808935165405
-0.5372796058654785
0.09504842758178711
-0.40337347984313965
-0.2200789451599121
-0.3224916458129883
-0.6019697189331055
-0.4267919063568115
0.1622483730316162
-0.8788497447967529
-0.5043807029724121
-0.748833417892456
-0.5117783546447754
-0.17224574089050293
-0.4576249122619629
-0.33957672119140625
-0.295579195022583
-0.7561304569244385
-0.41929101943969727
-0.38892221450805664
-0.3219318389892578
-0.47664177417755127
-0.010127067565917969
-0.37671327590942383
-0.6993508338928223
-0.4611804485321045
-0.9955122470855713
-0.44440674781799316
-0.5396020412445068
-0.2946648597717285
-0.3940603733062744
-0.3100621700286865
-0.13304376602172852
-0.5305349826812744
-0.50611412525177
-0.8894000053405762
-0.3654186725616455
0.29900217056274414
-0.7829523086547852
0.22588419914245605
-0.6541976928710938
-0.42806124687194824
-0.7449944019317627
-0.47016048431396484
-0.373431921005249
-0.3462071418762207
-0.37482213973999023
-0.4270942211151123
-0.5467503070831299
-0.47316408157348633
-0.3858191967010498
-0.6648977994918823
-0.1882009506225586
-0.6314666271209717
-0.816490650177002
-0.5329611301422119
-0.3609578609466553
-0.6909619569778442
-0.38095903396606445
0.10723328590393066
-0.4294099807739258
-0.7353320121765137
-0.6663162708282471
-0.5471749305725098
-0.5103249549865723
-0.42637109756469727
-0.5843446254730225
-0.7885892391204834
-0.40247130393981934
-0.5428290367126465
-0.6503951549530029
-0.01653146743774414
-0.476543664932251
-0.7290482521057129
-0.6607146263122559
-0.8340213298797607
-0.571800708770752
-0.5248770713806152
-0.3125734329223633
-0.5436947345733643
-0.44788455963134766
0.03211355209350586
0.018921852111816406
-0.6422262191772461
-0.4969747066497803
-0.33162641525268555
-0.6173465251922607
-0.47530531883239746
-0.11233353614807129
-0.3486509323120117
-0.4568359851837158
-0.43270134925842285
-0.47194528579711914
-0.47038817405700684
-0.4078526496887207
0.3563847541809082
0.8383879661560059
-0.15801358222961426
-0.3689420223236084
-0.4452483654022217
-0.36067795753479004
-0.581730842590332
-0.48063182830810547
-0.6590757369995117
-0.4280996322631836
-0.3807692527770996
-0.3946683406829834
0.02841496467590332
0.044942617416381836
-0.7384116649627686
-0.5700066089630127
-0.9101693630218506
-0.8103151321411133
-0.6479566097259521
-0.2562217712402344
-0.09304952621459961
-0.5021193027496338
-0.5201213359832764
-0.6666250228881836
-0.5027945041656494
-0.5346834659576416
-0.5733749866485596
-0.230818510055542
-0.24161410331726074
-0.7336995601654053
-0.24684357643127441
-0.43915271759033203
-0.8023535013198853
-0.6152775287628174
-0.30632686614990234
0.17718172073364258
-0.5691299438476562
-0.039269447326660156
-0.5638020038604736
-0.3089776039123535
-0.35180163383483887
-0.5672388076782227
-0.38625073432922363
-0.4932694435119629
-0.38759374618530273
-0.588571310043335
-0.4849398136138916
-0.18874216079711914
-0.5312254428863525
-0.9659876823425293
-0.4606354236602783
-0.4686009883880615
-0.4985930919647217
-0.16553354263305664
-0.7598743438720703
-0.41045451164245605
-0.43001294136047363
-0.3487846851348877
0.8908267021179199
-0.5171051025390625
-0.7856714725494385
-0.33717823028564453
-0.3512876033782959
-0.32582926750183105
0.7578699588775635
-0.7457069158554077
-0.11181306838989258
-0.7152755260467529
-0.37198781967163086
-0.09041714668273926
-0.687406063079834
-0.12981796264648438
-0.009675979614257812
0.36336612701416016
-0.5152740478515625
-0.49343037605285645
-0.7361485958099365
0.07189512252807617
-0.16078782081604004
0.22416400909423828
0.3063375949859619
-0.38901257514953613
0.3845176696777344
0.30747175216674805
-0.8810586929321289
-0.465529203414917
-0.24248337745666504
-0.6579971313476562
-0.382598876953125
-0.372450590133667
-0.3125345706939697
-0.4016115665435791
-0.3154020309448242
-0.5651845932006836
-0.41089916229248047
-0.73935866355896
-0.15416646003723145
-0.5617945194244385
-0.5982580184936523
-0.45571398735046387
-0.20411133766174316
-0.6262660026550293
-0.6065249443054199
-0.6279282569885254
-0.011199951171875
-0.47231554985046387
-0.4259195327758789
-0.45497918128967285
-0.37150049209594727
-0.6135129928588867
-0.3384993076324463
-0.5050044059753418
-0.588850736618042
-0.023961782455444336
-0.17353272438049316
-0.30565357208251953
-0.5377779006958008
-0.17243218421936035
-0.3011462688446045
-0.6135158538818359
-0.5959248542785645
-0.5198824405670166
-0.7406864166259766
-0.3690359592437744
-0.2946815490722656
-0.22371888160705566
-0.5713603496551514
-0.09898233413696289
-0.4003582000732422
0.12428879737854004
-0.35887885093688965
-0.41030168533325195
-0.6834722757339478
-0.1538679599761963
-0.727726936340332
-0.7329165935516357
-0.5245804786682129
-0.6587440967559814
0.06420636177062988
-0.42066383361816406
-0.5051610469818115
-0.4046366214752197
-0.44817018508911133
-0.6124061346054077
-0.3502235412597656
-0.4397773742675781
-0.5039267539978027
-0.5624175071716309
-0.38710880279541016
0.3519887924194336
0.1694011688232422
-0.7083516120910645
-0.15389299392700195
-0.26258373260498047
-0.6640651226043701
-0.5038337707519531
-0.32801079750061035
-0.45993638038635254
-0.43596339225769043
-0.665745735168457
-0.40128040313720703
-0.6296024322509766
-0.32424092292785645
-0.9299876689910889
-0.5301401615142822
-0.21377182006835938
-0.5669910907745361
-0.6017134189605713
-0.6506941318511963
-0.7607002258300781
-0.4941115379333496
-0.4150846004486084
-0.6619687080383301
-0.7396101951599121
-0.8256995677947998
-0.35932350158691406
-0.36657261848449707
-0.14080214500427246
-0.6300039291381836
-0.48629236221313477
-0.24831652641296387
-0.304523229598999
-0.0460512638092041
-0.28374505043029785
-0.5367317199707031
-0.2648928165435791
-0.532977819442749
1.0155444145202637
-0.6186628341674805
-0.46315813064575195
-0.6966186761856079
0.004517078399658203
-0.5820813179016113
-0.6454546451568604
-0.6573505401611328
-1.0032151937484741
-0.07849407196044922
-0.33968138694763184
-0.281963586807251
0.007093191146850586
-0.7145678997039795
-0.5624957084655762
0.028949737548828125
-0.4073598384857178
-0.35287022590637207
-0.5868370532989502
0.08778095245361328
-0.3597719669342041
-0.5087189674377441
-0.3595128059387207
-0.12036561965942383
-0.4109787940979004
-0.4010751247406006
-0.5432779788970947
-0.18638300895690918
0.05045723915100098
-0.30199623107910156
-0.38678884506225586
-0.46736931800842285
-0.5661358833312988
-0.017792224884033203
-0.29555821418762207
-0.09250760078430176
-0.5511922836303711
-0.4114069938659668
-0.512598991394043
-0.488476037979126
-0.38070082664489746
-0.6127464771270752
-0.4218144416809082
-0.4751908779144287
-0.795790433883667
-0.37566447257995605
-0.25458550453186035
-0.6288039684295654
-0.3976759910583496
-0.35326170921325684
-0.2295820713043213
-0.3374450206756592
-0.19508624076843262
-0.6267144680023193
-0.17569780349731445
-0.3587934970855713
-0.8317928314208984
-0.46888089179992676
-0.37162160873413086
-0.5924127101898193
-0.2655482292175293
-0.012953758239746094
0.599729061126709
-0.17228293418884277
-0.4340524673461914
-0.1343672275543213
-0.6669280529022217
-0.23479127883911133
-0.2221667766571045
0.20945096015930176
-0.1854262351989746
-0.4637174606323242
-0.7873342037200928
-0.18921923637390137
-0.5403459072113037
-0.06715154647827148
-0.375899076461792
-0.7219889163970947
-1.062621831893921
-0.3887135982513428
1.1247358322143555
-0.4922659397125244
-0.608569860458374
-0.17525911331176758
-0.3565700054168701
0.011292457580566406
-0.5808737277984619
-0.06125640869140625
0.08545732498168945
-0.5352017879486084
-0.4743940830230713
-0.47541141510009766
-0.3301258087158203
-0.4700949192047119
-0.488783597946167
-0.798328161239624
-0.08962583541870117
-0.45324134826660156
-0.6599860191345215
-0.46441102027893066
-0.47152113914489746
-0.414794921875
-0.5864715576171875
-0.4225153923034668
-0.3305089473724365
-0.5356314182281494
-0.6699097156524658
-0.5405986309051514
-0.7068326473236084
-0.37406373023986816
0.35196352005004883
0.6531350612640381
0.011562108993530273
-0.28115248680114746
-0.7458665370941162
-0.48424625396728516
-0.6036417484283447
-0.4418635368347168
-0.564577579498291
-0.18489313125610352
-0.297452449798584
-0.5376081466674805
-0.7589879035949707
-0.5361936092376709
-0.17457127571105957
-0.5295789241790771
-0.24862408638000488
-0.5540997982025146
-0.37256789207458496
-0.48337650299072266
-0.49251413345336914
-0.5110573768615723
-0.5963006019592285
-0.3233757019042969
-0.16134858131408691
-0.3637425899505615
-0.558833122253418
-0.532834529876709
-0.43026232719421387
-0.4592702388763428
-0.5271809101104736
-0.6851890087127686
-0.4531517028808594
-0.9782183170318604
-0.47811055183410645
-0.401961088180542
-0.6177127361297607
-0.4440650939941406
-0.5360519886016846
-0.39374375343322754
-0.7148845195770264
-0.5639951229095459
-0.3028886318206787
-0.5952146053314209
-0.5585782527923584
-0.3620147705078125
-0.18894505500793457
-0.3604700565338135
-0.7336790561676025
-0.19152617454528809
-0.4211740493774414
-0.35924267768859863
-0.349348783493042
-0.10997343063354492
-0.5630619525909424
-0.4558298587799072
-0.1701371669769287
-0.6304893493652344
-0.08067798614501953
-0.3859977722167969
-0.4689807891845703
-0.6018595695495605
-0.7426683902740479
-0.5482757091522217
0.629037618637085
-0.8184149265289307
-0.05799984931945801
-0.3172461986541748
-0.17385005950927734
-0.38924455642700195
-0.4736042022705078
-0.04726839065551758
-0.37835216522216797
-0.3668100833892822
-0.5790538787841797
-0.4925854206085205
-0.635320782661438
-0.7219854593276978
-0.6320948600769043
-0.6426324844360352
-0.5341002941131592
-0.0011224746704101562
0.09045577049255371
0.1058046817779541
-0.540940523147583
-0.46457600593566895
-0.5626220703125
-0.31627917289733887
-0.1239008903503418
-0.3653583526611328
-0.33266592025756836
-0.5733981132507324
-0.30573582649230957
-0.12223529815673828
-0.591245174407959
-0.4057590961456299
-0.6250619888305664
-0.474132776260376
-0.2939441204071045
0.018800973892211914
-0.49709653854370117
-0.19477152824401855
-0.680849552154541
-0.04157066345214844
-0.3023698329925537
-0.5520751476287842
-0.27796149253845215
-0.6114588975906372
-0.42127537727355957
-0.26900768280029297
-0.5729255676269531
-0.20882868766784668
-0.6438109874725342
-0.013914346694946289
-0.7096285820007324
-0.0719139575958252
-0.5007140636444092
-0.6258230209350586
-0.09618639945983887
-0.7159353494644165
0.31558871269226074
-0.2050027847290039
-0.5233378410339355
-0.20914602279663086
-0.4303703308105469
-0.36348462104797363
-0.39746594429016113
-0.384427547454834
-0.5779471397399902
-0.2438962459564209
-0.2147066593170166
-0.025013208389282227
-0.3674311637878418
-0.6934677362442017
-0.26611876487731934
-0.04698991775512695
-0.053318023681640625
-0.5854465961456299
0.13193607330322266
-0.49883460998535156
-0.20085453987121582
-0.6989953517913818
-0.5354976654052734
-0.3112919330596924
-0.27892374992370605
-0.6355128288269043
-0.4120190143585205
-0.3441624641418457
-0.6430251598358154
0.1240992546081543
-0.517796516418457
-0.2723526954650879
-0.4561171531677246
-0.19909214973449707
-0.26640772819519043
-0.7293319702148438
-0.9862475395202637
0.2397918701171875
-0.5553455352783203
-0.5787742137908936
-0.40407276153564453
-0.2908940315246582
-0.2897450923919678
-0.5154948234558105
-0.9890470504760742
-0.7089979648590088
-0.3249499797821045
-0.3313140869140625
-0.16288518905639648
-0.6145427227020264
-0.6945810317993164
-0.7054939270019531
-0.30423903465270996
0.7393124103546143
-0.14649271965026855
-1.1083080768585205
-0.485306978225708
-0.6082634925842285
-0.5829594135284424
-0.5951111316680908
-0.5334286689758301
-0.9528889656066895
-0.13162755966186523
0.2511625289916992
-0.561821460723877
-0.18314909934997559
-0.3913710117340088
-0.45249247550964355
-0.706885576248169
-0.6251208782196045
-0.16898345947265625
-0.3644583225250244
-0.21178507804870605
-0.32231903076171875
-0.6379985809326172
-0.25893282890319824
-0.38114094734191895
-0.47772669792175293
-0.4412548542022705
-0.25991320610046387
-0.2775852680206299
-0.5135610103607178
-0.30293893814086914
-0.6227008104324341
-0.7326991558074951
-0.6510848999023438
-0.16185522079467773
-0.33545374870300293
-0.1966724395751953
-0.6288895606994629
-0.3444790840148926
-0.37424302101135254
-0.48626041412353516
-0.21768879890441895
-0.29743409156799316
-0.6436207294464111
-0.5616087913513184
-0.21059775352478027
-0.31434154510498047
-0.2993648052215576
-0.4425837993621826
-0.21399903297424316
-0.37311434745788574
-0.6455128192901611
0.1698591709136963
-0.4555518627166748
-0.32474517822265625
-0.2456202507019043
-0.20406222343444824
-0.39287900924682617
-0.711444616317749
0.041327476501464844
-0.43198347091674805
-0.40557432174682617
-0.42926573753356934
-0.820915699005127
-0.1703023910522461
-0.4047727584838867
-1.1840300559997559
-0.4188711643218994
-0.273334264755249
-0.8132503032684326
-0.6411845684051514
-0.33107566833496094
-0.5045101642608643
-0.5897107124328613
-0.22214317321777344
-0.5441453456878662
0.1512293815612793
-0.43037939071655273
-0.465709924697876
-0.6080408096313477
-0.434725284576416
-0.7249495983123779
-0.41440892219543457
-0.36664843559265137
-0.7209255695343018
-0.5765085220336914
-0.36710572242736816
-0.8455874919891357
-0.45460081100463867
-0.4929618835449219
-0.3377063274383545
-0.6592707633972168
-0.5248639583587646
0.13648438453674316
-0.3979012966156006
-0.17529511451721191
-0.29413652420043945
-0.5427341461181641
0.010141372680664062
-0.5970714092254639
-0.4995405673980713
0.05070662498474121
-0.18349552154541016
-0.6252071857452393
-0.4613785743713379
-0.6795165538787842
-0.19773077964782715
-0.6354560852050781
-0.3909907341003418
-0.4317739009857178
0.2723197937011719
-0.34110569953918457
-0.4398233890533447
-0.698383092880249
-0.26690125465393066
-0.49593687057495117
-0.439453125
-0.5111441612243652
-0.4560129642486572
-0.4620401859283447
-0.4474341869354248
-0.10194659233093262
-0.653822660446167
-0.7784593105316162
-0.5916152000427246
-0.9950933456420898
-0.4185802936553955
-0.21828675270080566
-0.46555304527282715
-1.0382795333862305
-0.17395687103271484
-0.4318246841430664
-0.38186144828796387
-0.5346624851226807
-0.7333278656005859
-0.5584368705749512
-0.36742568016052246
0.7649886608123779
-0.41924095153808594
-0.1837453842163086
-0.6223506927490234
-0.20006203651428223
-0.5741653442382812
-0.4685685634613037
0.012778520584106445
-0.5789580345153809
-0.3860609531402588
-0.41269469261169434
-0.4235568046569824
-0.6392903327941895
-0.5533185005187988
-0.4755072593688965
-0.6275367736816406
-0.4951446056365967
-0.4349045753479004
-0.69588303565979
-0.6725916862487793
-0.5354034900665283
-0.06312727928161621
-0.21573615074157715
0.34024524688720703
-0.6542298793792725
-0.5202081203460693
-0.4351530075073242
-0.4466686248779297
-0.8045287132263184
-0.4799489974975586
-0.2440779209136963
-0.46604275703430176
-0.5383899211883545
-0.3919076919555664
-0.6240041255950928
-0.8478735685348511
-0.5899872779846191
-0.7028787136077881
-0.5454213619232178
-0.8137767314910889
-0.47631406784057617
-0.4680647850036621
-0.27119946479797363
-0.7161571979522705
-0.39364099502563477
-0.6651372909545898
-0.5118911266326904
-0.4133272171020508
-0.6325442790985107
-0.5737245082855225
0.8211851119995117
-0.4495358467102051
-0.6481544971466064
-0.21599936485290527
-0.40673351287841797
-0.4873490333557129
-0.2734038829803467
-0.8579440116882324
-0.5383346080780029
-0.2581815719604492
-0.3826320171356201
0.1680765151977539
-0.39745521545410156
-0.3199176788330078
-0.5987663269042969
-0.46622395515441895
-0.5510880947113037
-0.5002615451812744
-0.41619205474853516
-0.3545420169830322
0.36327672004699707
-0.35507678985595703
-0.7747993469238281
-0.2900254726409912
-0.44532203674316406
0.1444408893585205
-0.36568760871887207
-1.3076304197311401
-0.6685104370117188
-0.428875207901001
-0.37457919120788574
-0.29453039169311523
-0.4028491973876953
-0.21818137168884277
0.11590838432312012
-0.4433908462524414
-0.38398075103759766
-0.034258365631103516
-0.14824748039245605
-0.5011773109436035
-0.24739837646484375
-0.5808908939361572
-0.522907018661499
-0.3549189567565918
-0.2579622268676758
-0.4843459129333496
-0.4852943420410156
0.15784573554992676
-0.7012972831726074
-0.4624483585357666
-0.480273962020874
-0.27701663970947266
-0.7594408988952637
-0.3317852020263672
-0.6418435573577881
-0.1709275245666504
-0.35378289222717285
-0.5696326494216919
0.8998281955718994
-0.658729076385498
-0.7202768325805664
0.15263104438781738
-0.4030001163482666
-0.5062367916107178
-0.44328975677490234
-0.5232079029083252
-0.520106315612793
-0.38909316062927246
0.19272661209106445
-0.3543097972869873
-0.34392786026000977
-0.5291366577148438
-0.1328260898590088
-0.4999239444732666
-0.196333646774292
-0.4288928508758545
-0.5559287071228027
-0.3696143627166748
-0.49604034423828125
-0.3500945568084717
-0.6474306583404541
-0.21400165557861328
-0.261854887008667
-0.19152617454528809
-0.1259467601776123
0.4334380626678467
0.20145273208618164
-0.4778096675872803
0.007737398147583008
-0.2467038631439209
-0.7619649171829224
-0.7287201881408691
-1.2554279565811157
-1.032087802886963
-0.4337007999420166
-0.4018270969390869
-0.779639482498169
-0.3544025421142578
0.6904630661010742
-0.6100618839263916
-0.6390035152435303
-0.6797425746917725
-0.3444821834564209
-0.5031085014343262
-0.8602097034454346
-0.45230913162231445
-0.618370771408081
-0.2110121250152588
-0.8596897125244141
-0.09843873977661133
-0.33323216438293457
0.1424872875213623
-0.449249267578125
-0.5986640453338623
-0.854111909866333
-0.40497565269470215
-0.2872154712677002
-0.13817477226257324
-0.3861579895019531
-0.06662631034851074
-0.4819366931915283
-0.7323563098907471
-0.28908801078796387
-0.2973203659057617
-0.5303325653076172
-0.7785563468933105
-0.33373451232910156
-0.4811520576477051
0.02750706672668457
0.13870906829833984
-0.42580294609069824
-0.3966248035430908
-0.45502185821533203
-0.09576964378356934
-0.6264746189117432
-0.4720182418823242
-0.6520164012908936
-0.3046226501464844
0.12306332588195801
-0.46793532371520996
-0.46284031867980957
0.11843752861022949
-0.45502328872680664
-0.712226152420044
-0.2730264663696289
-0.27137017250061035
-0.4860386848449707
-0.4157295227050781
-0.5787343978881836
-0.4062206745147705
-0.8099579811096191
-0.2280263900756836
-0.6193797588348389
-0.11215686798095703
-0.3248136043548584
-0.39621734619140625
-0.6683731079101562
-0.13692355155944824
-0.5929782390594482
-0.33504152297973633
-0.6814529895782471
0.6681180000305176
-0.2823927402496338
-0.543226957321167
-0.4798586368560791
-0.4839820861816406
-0.35422229766845703
-0.4658701419830322
-0.7215659618377686
-0.27757859230041504
-0.38094043731689453
-0.43121910095214844
-0.4272329807281494
-0.5347239971160889
-0.7718379497528076
-0.5529990196228027
-0.4759492874145508
-0.5989387035369873
-0.48913097381591797
-0.6485035419464111
-0.7491598129272461
0.1489582061767578
-0.5309908390045166
-0.2191464900970459
-0.03594970703125
-0.37716078758239746
-0.19913649559020996
-0.25679898262023926
-0.4792616367340088
-0.5699456930160522
-0.6597884893417358
-0.8494908809661865
-0.4282717704772949
-0.10677456855773926
-0.5993788242340088
-0.8362915515899658
-0.3519320487976074
-0.8701956272125244
-0.4913647174835205
-0.016564130783081055
-0.049553632736206055
-0.7548458576202393
-0.7140994071960449
-0.2594616413116455
-0.6008172035217285
0.8725733757019043
1.4417102336883545
-0.46019530296325684
-0.7640962600708008
-0.3855714797973633
-0.8235809803009033
-0.9184830188751221
0.24486947059631348
-0.5998141765594482
-0.2830376625061035
-0.6903784275054932
-0.5785603523254395
-0.5038986206054688
-0.21239614486694336
0.11354207992553711
-0.5351653099060059
-0.8291819095611572
-0.4308617115020752
0.1066596508026123
-0.5266385078430176
0.015272140502929688
-0.5947277545928955
-0.49164724349975586
-0.5095350742340088
-0.7471206188201904
-0.39292311668395996
-0.28699731826782227
-0.6344790458679199
-0.6921324729919434
-0.8290607929229736
-0.48933959007263184
-0.595313549041748
-0.3416576385498047
-0.5177953243255615
-0.35564684867858887
-0.4475367069244385
-0.5474770069122314
-0.4824090003967285
-0.4269406795501709
-0.2171468734741211
-0.4047822952270508
-0.35880136489868164
0.4426839351654053
-0.3023686408996582
-0.7123489379882812
-0.5244755744934082
-0.3157806396484375
0.29326343536376953
-0.3614192008972168
-0.27491021156311035
-0.8791800737380981
-0.44004106521606445
-0.37503862380981445
-0.706202507019043
-0.6626226902008057
-0.465545654296875
0.01662755012512207
0.2968482971191406
-0.4545893669128418
-0.4679276943206787
-0.44867920875549316
-0.4231877326965332
-0.5536999702453613
-0.4455876350402832
-0.32712769508361816
-0.5286383628845215
-0.6113185882568359
-0.6404831409454346
-0.592872142791748
-0.5971968173980713
-0.6643612384796143
-0.30408287048339844
-0.4503040313720703
-0.7650506496429443
-0.049569129943847656
-0.6600620746612549
-0.7825838327407837
-0.2566103935241699
-0.5211498737335205
-0.29458117485046387
-0.2994658946990967
-0.05150723457336426
-0.42735743522644043
-0.8071606159210205
-0.374039888381958
-0.41350412368774414
-0.6305639743804932
-0.03197121620178223
-0.004909515380859375
-0.03499412536621094
-0.6316850185394287
-0.49454784393310547
0.03946495056152344
-0.43011021614074707
-0.6056489944458008
-0.07078790664672852
0.16125249862670898
-0.3122413158416748
-0.8440358638763428
-0.40639448165893555
-0.8762590885162354
-0.5091114044189453
-0.5654871463775635
-0.6191773414611816
-0.39626169204711914
-0.4986743927001953
-0.333423376083374
-0.5630583763122559
-0.20727801322937012
-0.47763609886169434
-0.37285876274108887
-0.8673360347747803
-0.4020054340362549
-0.6951029300689697
-0.5670082569122314
-0.6361498832702637
-0.41341567039489746
-0.5399246215820312
-0.19852924346923828
-0.543842077255249
0.3665657043457031
-0.1939103603363037
-0.6747870445251465
-0.5257580280303955
-0.3786754608154297
-0.3641517162322998
-0.18544888496398926
-0.37659287452697754
-0.6053574085235596
-0.7649154663085938
-0.02793097496032715
-0.5387794971466064
-1.0007445812225342
-0.6573646068572998
-0.6639363765716553
-0.419649600982666
0.3222079277038574
-0.2967658042907715
-0.22218728065490723
-0.7745211124420166
-0.4867861270904541
-0.45886659622192383
-0.1625819206237793
-0.48864197731018066
-0.3651738166809082
-0.7473235130310059
-0.3389906883239746
-0.14159727096557617
-0.538144588470459
-0.9160294532775879
-0.5865166187286377
-0.0503077507019043
-0.6166880130767822
-0.11228752136230469
0.682483434677124
-0.22745108604431152
-0.32578253746032715
-0.9310498237609863
-0.3085806369781494
-0.44019031524658203
-0.707148551940918
-0.3986380100250244
-0.12098264694213867
-0.6066482067108154
-0.029454946517944336
-0.27858972549438477
-0.5578899383544922
-0.350938081741333
-0.5435926914215088
-0.30737757682800293
-0.004821300506591797
-0.5289313793182373
0.20216584205627441
-0.35554933547973633
-0.3351860046386719
-0.450028657913208
-0.45019102096557617
-0.37786316871643066
-0.5705480575561523
-0.4365508556365967
-0.6787173748016357
-0.6144204139709473
0.01162576675415039
-0.5773861408233643
-0.7124812602996826
-0.7072334289550781
-0.4552440643310547
-0.4853842258453369
-0.5810444355010986
0.4690265655517578
-0.4084949493408203
-0.3873293399810791
-0.23827290534973145
-0.45131754875183105
-0.23357558250427246
0.06549692153930664
-0.0036270618438720703
0.3608832359313965
-0.3954734802246094
-0.32861852645874023
-0.475818395614624
-0.5064091682434082
-0.5118093490600586
-0.6230838298797607
-0.28127169609069824
-0.45577073097229004
-0.4119994640350342
-0.775482177734375
-0.3621399402618408
-0.6614730358123779
-0.5707406997680664
-0.2348628044128418
-0.3985786437988281
-0.49225282669067383
-0.3941974639892578
-0.7388482093811035
-0.9553804397583008
-0.3459603786468506
-0.4880259037017822
-0.259021520614624
-0.6816771030426025
-0.3803079128265381
-0.4856700897216797
-0.713125467300415
-0.41118597984313965
-0.2166750431060791
-0.3717539310455322
-0.43712496757507324
-0.15166091918945312
-0.2403426170349121
-0.3245503902435303
-0.5621757507324219
-0.2035834789276123
-0.7878086566925049
-0.4863560199737549
-0.48783183097839355
-0.529792070388794
-0.2757384777069092
-0.5086236000061035
0.17736101150512695
-0.3641033172607422
-0.6394879817962646
-0.7310364246368408
-0.339463472366333
-0.6165261268615723
-0.6066495180130005
-0.3409385681152344
-0.09723949432373047
-0.6136832237243652
-0.5988082885742188
-0.5137662887573242
-0.7887403964996338
-0.26105213165283203
-0.659491777420044
-0.055321455001831055
-0.44975733757019043
-0.6073734760284424
-0.3886380195617676
-0.5982108116149902
-0.4004175662994385
-0.5927934646606445
-0.6563166379928589
-0.24972844123840332
-0.20269441604614258
-0.42397141456604004
-0.571220874786377
-0.3309316635131836
-0.7346065044403076
-0.7384335994720459
-0.6821091175079346
-0.5488958358764648
-0.4253268241882324
-0.685887336730957
-0.4171743392944336
-0.33504819869995117
-0.62998366355896
-0.5817136764526367
-0.3574235439300537
-0.5885505676269531
-0.3086566925048828
-0.6055716276168823
0.06560015678405762
-0.6834254264831543
-0.27114129066467285
-0.43896961212158203
-0.7430896759033203
-0.42862987518310547
-0.3230559825897217
0.0034608840942382812
0.13389015197753906
-0.47288060188293457
-0.5981199741363525
-0.6283657550811768
-0.286221981048584
-0.501880407333374
-0.4647376537322998
-0.5268759727478027
-0.2654399871826172
-0.2542610168457031
-0.03974199295043945
-0.14935779571533203
-0.6074979305267334
-0.31908726692199707
-0.6207423210144043
-0.5386874675750732
-0.5156538486480713
-0.7880406379699707
-0.2313089370727539
-0.37772560119628906
-0.5880935192108154
-0.5374667644500732
-1.3257027864456177
-0.34873056411743164
-0.7878274917602539
-0.42391324043273926
-0.8025438785552979
-0.658787727355957
-0.07252669334411621
-0.2562675476074219
-0.3060770034790039
-0.00917673110961914
-0.624802827835083
-0.13914084434509277
-0.05119204521179199
0.4021029472351074
-0.34009647369384766
-0.08606767654418945
-0.25821805000305176
-0.5459301471710205
-0.37803101539611816
-0.9766799211502075
-0.6157472133636475
-0.6514637470245361
-0.4973728656768799
-0.5551166534423828
-0.35294580459594727
-0.26195859909057617
-0.17776179313659668
-0.4223363399505615
-0.4959040880203247
-0.24036884307861328
-0.6689207553863525
-0.5652339458465576
0.6667988300323486
-0.5643844604492188
-0.3932938575744629
-0.36209988594055176
-0.3475029468536377
-0.5553336143493652
-0.43247294425964355
-0.43068623542785645
0.18439698219299316
-0.4236412048339844
-0.3858006000518799
-0.4364745616912842
-0.42742133140563965
-0.5216610431671143
-0.662653923034668
-0.3332958221435547
-0.5038726329803467
-0.7071459293365479
-0.4052560329437256
-0.22084641456604004
-0.17017030715942383
-0.5904014110565186
-0.46927666664123535
-0.8294847011566162
-0.350341796875
-0.6079611778259277
-0.6627235412597656
-0.520627498626709
-0.32082271575927734
-0.5495779514312744
-0.04034256935119629
-0.8739609718322754
-0.5536172389984131
-0.2132558822631836
-0.565626859664917
-0.5075762271881104
-0.35782861709594727
-0.5718274116516113
-0.3787357807159424
-0.3651726245880127
-0.551466703414917
-0.31790781021118164
0.01752495765686035
-0.6167888641357422
1.275650978088379
-0.3965575695037842
-0.7357659339904785
-0.6646938323974609
-0.514817476272583
-0.2015857696533203
-0.42565059661865234
-0.5438141822814941
-0.25268125534057617
-0.38949012756347656
-0.3021268844604492
-0.37833666801452637
-0.32874321937561035
-0.08351564407348633
-0.4955652952194214
-0.6593019962310791
-0.46529316902160645
-0.6968433856964111
-0.12822270393371582
-0.490567684173584
-0.41646909713745117
-0.5807933807373047
-0.4921126365661621
-0.5651514530181885
-0.621016263961792
-0.5459311008453369
-0.3578922748565674
-0.2563173770904541
-0.2956960201263428
-0.6485104560852051
-0.7824342250823975
-0.5313968658447266
-0.5322935581207275
-0.5089104175567627
-0.7691328525543213
-0.5129680633544922
-0.7681808471679688
-0.3339240550994873
-0.26339125633239746
-0.749086856842041
-0.6406002044677734
-0.2099616527557373
-0.6999619007110596
-0.5034265518188477
-0.738088846206665
-0.2368767261505127
-0.39724302291870117
-0.5997018814086914
-0.2826712131500244
-0.4097321033477783
-0.5685014724731445
-0.82509446144104
-0.5283768177032471
-0.40019774436950684
-0.5175881385803223
-0.6807467937469482
-0.2445688247680664
-0.30816054344177246
-0.5060687065124512
-0.5247647762298584
-0.4050877094268799
-0.878150463104248
-0.4507908821105957
-0.5844786167144775
-0.4125542640686035
-0.4015626907348633
-0.5893096923828125
-0.44359374046325684
-0.8436529636383057
-0.473160982131958
-0.4131009578704834
-0.37628173828125
-0.049608707427978516
-0.32641172409057617
-0.2771120071411133
-0.9920625686645508
-0.42925357818603516
-0.6657037734985352
-0.22100353240966797
-0.11847233772277832
-0.17953705787658691
-0.7064175605773926
-0.6089086532592773
-0.30153369903564453
-0.3925929069519043
-0.5411863327026367
-0.5561347007751465
-0.3922438621520996
-0.5242874622344971
-0.44084906578063965
-0.546959638595581
-0.2709689140319824
1.049480676651001
-0.5636284351348877
-0.38410305976867676
-0.49733996391296387
-0.5351407527923584
-0.7892577648162842
-0.6481783390045166
-0.13145828247070312
-0.319303035736084
-0.6817226409912109
-0.3297157287597656
-0.35672998428344727
-0.5195026397705078
-0.7289547920227051
-0.46021604537963867
-0.5633094310760498
-0.37260890007019043
-0.9472522735595703
-0.029150724411010742
-0.5533404350280762
-0.5796017646789551
0.11064434051513672
-0.556347131729126
-0.17404651641845703
-0.1165320873260498
-0.4156491756439209
-0.42857789993286133
-0.6357700824737549
-0.5302910804748535
-0.5105676651000977
-0.6536362171173096
-0.20357370376586914
0.04728412628173828
-0.29254794120788574
-0.5366792678833008
-0.46776700019836426
-1.3433210849761963
-0.4541585445404053
-0.3569040298461914
0.0036499500274658203
-0.47875475883483887
-0.6060481071472168
-0.38038182258605957
-0.5200867652893066
-0.2214651107788086
-0.4234426021575928
-0.3801281452178955
-0.5374476909637451
-0.5644190311431885
-0.6419196128845215
-0.40497255325317383
-0.42777013778686523
-0.4314844608306885
-0.2209758758544922
-0.9206728935241699
-0.22870802879333496
-0.42985963821411133
-0.5227217674255371
-0.5393242835998535
-0.4951019287109375
-0.2338242530822754
0.03675055503845215
-0.3983306884765625
-0.25520873069763184
-0.200958251953125
-0.4453413486480713
-0.5135314464569092
-0.13991737365722656
-0.6072793006896973
-0.3731191158294678
-0.4278378486633301
-0.5021653175354004
-0.42090940475463867
-0.18299412727355957
-0.3585774898529053
-0.7265703678131104
-0.739159345626831
-0.5258393287658691
-0.1804065704345703
-0.3969614505767822
-0.2609081268310547
-0.18265461921691895
-0.2460622787475586
-0.4399411678314209
-0.4814426898956299
-0.6925175189971924
-0.6256401538848877
-0.37359094619750977
0.13488984107971191
-0.18830108642578125
-0.2111799716949463
-0.5898592472076416
-0.30931735038757324
-0.2490544319152832
-0.3224198818206787
-0.38205623626708984
-0.38713932037353516
-0.2094404697418213
-0.11685633659362793
0.6884815692901611
-0.39600396156311035
-0.6244103908538818
-0.23456120491027832
-0.31631946563720703
-0.19527721405029297
-0.660498857498169
-0.6980011463165283
-0.46051669120788574
-0.5106165409088135
-0.39762306213378906
-0.40188145637512207
-0.9289078712463379
-0.6440558433532715
-0.6623349189758301
-0.4279210567474365
-0.5729579925537109
-0.07836198806762695
-0.3608825206756592
-0.275097131729126
-0.709636926651001
-0.24153757095336914
-0.5249159336090088
-0.3520989418029785
-0.7957859039306641
-0.15866947174072266
-0.5182437896728516
-0.324951171875
-0.39793944358825684
-0.7161200046539307
-0.34726858139038086
-0.2301013469696045
-0.3832533359527588
-0.04704618453979492
-0.23532485961914062
-0.14933180809020996
-0.5953779220581055
-0.26311302185058594
-0.4296691417694092
-0.3035147190093994
0.2637157440185547
-0.2739830017089844
-0.4773433208465576
-0.42685508728027344
0.14291763305664062
-0.07720685005187988
-0.35059022903442383
-0.3155696392059326
-0.35626769065856934
-0.39510250091552734
-0.40853333473205566
-0.4113485813140869
-1.084019660949707
-0.2632620334625244
-0.13933968544006348
-0.9598073959350586
-0.5625839233398438
-0.0029692649841308594
-0.38979291915893555
-0.5473120212554932
-0.28044986724853516
-0.6498978137969971
-0.24767255783081055
-0.5917012691497803
-0.16440701484680176
-0.4161255359649658
-0.8334710597991943
-0.7084736824035645
-0.4631519317626953
-0.40563058853149414
-1.1103694438934326
-1.0421411991119385
0.3585042953491211
-0.9975361824035645
-0.4444561004638672
-0.33504819869995117
-0.2943549156188965
-0.2950265407562256
-0.3625497817993164
-0.5503103733062744
-0.5601820945739746
-0.382387638092041
-0.30780816078186035
0.35680079460144043
-0.46745967864990234
-0.1659243106842041
-0.3657515048980713
-0.6025965213775635
-0.6582198143005371
-0.45224714279174805
-0.6891903877258301
-0.4971449375152588
-0.5855669975280762
-0.2989223003387451
-0.3719499111175537
-0.502291202545166
-0.2890496253967285
-0.6295568943023682
-0.5254878997802734
-0.6676540374755859
-0.32749366760253906
-0.4799962043762207
-0.6084201335906982
-0.468428373336792
-0.4793400764465332
-0.21356725692749023
-0.4548337459564209
-0.2496333122253418
-0.6251251697540283
-0.4988532066345215
-0.993671178817749
-0.14878368377685547
-0.4856233596801758
-0.4506099224090576
-0.4707043170928955
-0.4017448425292969
-0.8122959136962891
-0.41266512870788574
-0.4054560661315918
0.06353354454040527
-0.7779395580291748
-0.13456225395202637
-0.39284181594848633
-0.48356056213378906
-0.4446094036102295
-0.5603334903717041
-0.2995743751525879
-0.46215224266052246
-0.6960997581481934
-0.5544912815093994
-0.7610690593719482
-0.43668365478515625
-0.469130277633667
-0.5735104084014893
-0.24029088020324707
-0.4386889934539795
-0.6535131931304932
-0.3810601234436035
-0.3839137554168701
-0.5380597114562988
-0.3400263786315918
-0.19255852699279785
-0.5294151306152344
-0.49228715896606445
-0.056481361389160156
-0.22652363777160645
-0.18779206275939941
-0.5272252559661865
-0.7140891551971436
-0.26386380195617676
-0.7233867645263672
-0.5404455661773682
0.14001083374023438
-0.2665061950683594
-0.27251148223876953
-0.3388810157775879
-0.07175207138061523
-0.42391467094421387
-0.4017951488494873
-0.4629213809967041
-0.48679041862487793
-0.6040332317352295
-0.4338343143463135
-0.916229248046875
-0.4166269302368164
-0.7684848308563232
-0.5710313320159912
-0.5163531303405762
-0.7906081676483154
-0.5649809837341309
-0.4563312530517578
-0.5577912330627441
-0.6586568355560303
-0.29970240592956543
-0.3915581703186035
-0.3664107322692871
-0.37836718559265137
-0.7084808349609375
-0.4679281711578369
-0.25168848037719727
-0.058414459228515625
-0.3104519844055176
-0.17282533645629883
-0.5276987552642822
-0.5093042850494385
-0.4142587184906006
-0.1924901008605957
-0.5027530193328857
-0.7696352005004883
-0.44657158851623535
-0.44418931007385254
-0.12639737129211426
-0.3509492874145508
-0.13083553314208984
0.002896547317504883
-0.6936326026916504
-0.28446269035339355
-0.7004847526550293
-0.6374657154083252
-0.2907528877258301
-0.1210942268371582
-0.3636808395385742
-0.6432113647460938
-0.5679829120635986
-0.188751220703125
-0.14276981353759766
-0.3763236999511719
-0.3794231414794922
-0.07121992111206055
-0.6154026985168457
-0.08461356163024902
-0.5177195072174072
-0.7831411361694336
-0.41753196716308594
-0.415008544921875
-0.6178207397460938
-0.770254373550415
-0.3835561275482178
0.9515318870544434
-0.5280559062957764
-0.2306208610534668
-0.3456614017486572
-0.47080564498901367
-0.3613319396972656
-0.6133310794830322
-0.5668206214904785
-0.37096691131591797
-0.6207048892974854
-0.45988893508911133
-0.13863134384155273
-0.49941277503967285
-0.2961766719818115
-0.4298131465911865
-0.32253265380859375
-0.38642215728759766
-0.453857421875
-0.34523677825927734
-0.21923255920410156
-0.33357739448547363
-0.19237518310546875
-0.1637866497039795
-0.36667561531066895
-0.6382300853729248
-0.29299235343933105
-0.35666847229003906
-0.4723546504974365
-0.5080118179321289
-0.3328731060028076
0.0447087287902832
-0.3784184455871582
0.21670198440551758
-0.38607287406921387
-0.5115456581115723
-0.4193708896636963
-0.43187546730041504
-0.2897977828979492
-0.7354257106781006
-0.5080986022949219
-0.47811055183410645
-0.5411229133605957
-0.625246524810791
-0.5708673000335693
-0.21299505233764648
-0.09967803955078125
-0.4517216682434082
-0.32958531379699707
-0.4741556644439697
-0.3390214443206787
-0.2778496742248535
-0.5053329467773438
-0.6524200439453125
-0.3290138244628906
-0.476975679397583
0.0002105236053466797
-0.4592604637145996
-0.5190072059631348
0.04084205627441406
-0.5489413738250732
-0.5777246952056885
-0.20896601676940918
-0.35207128524780273
-0.6059978008270264
-0.19266676902770996
-0.4754812717437744
-0.6449227333068848
-0.561579704284668
0.9520046710968018
0.017795085906982422
-0.4262425899505615
-0.7735271453857422
-0.6385905742645264
-0.37451624870300293
-0.21807551383972168
-0.4880642890930176
-0.8692255020141602
-0.6198122501373291
-0.9743688106536865
-0.7449424266815186
-0.3532140254974365
-0.27129149436950684
-0.26811695098876953
-0.5092813968658447
-0.6838488578796387
-0.19660401344299316
-0.36109375953674316
-0.7924904823303223
-0.16877985000610352
-0.47619152069091797
-0.2928929328918457
-0.45586609840393066
-0.24106454849243164
-0.5141537189483643
-0.2364346981048584
-0.5096380710601807
-0.3549187183380127
-0.4796104431152344
-0.4464895725250244
-0.41939306259155273
-0.25344324111938477
-0.027176856994628906
-0.24451422691345215
-0.20812082290649414
-0.6291024684906006
-0.30730581283569336
-0.02711176872253418
-0.6755406856536865
-0.0049936771392822266
-0.8245089054107666
-0.665123462677002
-0.2940523624420166
-0.6485490798950195
-0.5041322708129883
-0.7109780311584473
-0.5743515491485596
-0.1295790672302246
0.05251288414001465
-0.11317944526672363
-0.638340950012207
-0.5880298614501953
-0.16132116317749023
-0.41219544410705566
-0.34140944480895996
-0.5249707698822021
-0.6719884872436523
0.2913689613342285
-0.11798620223999023
-0.7400209903717041
-0.556633710861206
-0.5925745964050293
-0.740792989730835
-0.28699421882629395
-0.535228967666626
-0.36083984375
-0.23222732543945312
-0.33884119987487793
-0.3846421241760254
-0.7530679702758789
-0.40716123580932617
-0.11820149421691895
-0.556056022644043
-1.110865831375122
-0.06619524955749512
-0.05597949028015137
0.21403264999389648
-0.24831843376159668
-0.39221930503845215
-0.24209356307983398
-0.30168628692626953
-0.6413440704345703
-0.1442103385925293
-0.5814651250839233
-0.6763603687286377
-0.4526712894439697
0.2121601104736328
-0.052872419357299805
-0.5363140106201172
-0.25157737731933594
-0.37828946113586426
-0.6497302055358887
-0.3798365592956543
0.0029811859130859375
-0.0982353687286377
-0.6655843257904053
-0.717698335647583
-0.408111572265625
-0.20891594886779785
-0.40915632247924805
-0.5846283435821533
-0.5489325523376465
-0.01681995391845703
-0.6682660579681396
0.10648822784423828
-0.2834746837615967
-0.5645482540130615
0.3542008399963379
-0.4724588394165039
-0.32216811180114746
-0.4624767303466797
-0.6121771335601807
-0.6244165897369385
-0.5385808944702148
-0.31345438957214355
-0.4615359306335449
-0.5907149314880371
-0.7087948322296143
-0.6615719795227051
-0.31096506118774414
-0.24981164932250977
-0.6515216827392578
-0.3452718257904053
-0.37532758712768555
-0.6142115592956543
-0.4659457206726074
-0.4869201183319092
-0.5231144428253174
-0.7358567714691162
-0.2396998405456543
-0.2696065902709961
-0.5404741764068604
-0.6875348091125488
-0.29711484909057617
-0.5007717609405518
-0.23531723022460938
-0.08754181861877441
-0.6614804267883301
-0.24689459800720215
-0.5272824764251709
-0.6934740543365479
-0.36463212966918945
0.04849386215209961
-0.5852971076965332
-0.5646953582763672
-0.7134237289428711
0.09846615791320801
-1.3840878009796143
-0.6614611148834229
-0.5080277919769287
-0.5593607425689697
-0.6002652645111084
-0.3589131832122803
-0.3259902000427246
-0.6075708866119385
-0.49985384941101074
-0.40639829635620117
-0.6631639003753662
-0.49422478675842285
-0.401900053024292
-0.5371837615966797
-0.26725316047668457
-0.5051605701446533
-0.3356742858886719
-0.3778507709503174
-0.4466543197631836
-0.5071284770965576
-0.29088807106018066
-0.4111359119415283
-0.32169532775878906
-0.7464902400970459
-0.46243906021118164
-0.3116629123687744
-0.8005552291870117
-0.37642407417297363
-0.1503455638885498
-0.23755264282226562
0.004227161407470703
-0.6927217245101929
-0.5269958972930908
-0.33554792404174805
-0.5022263526916504
-0.18765974044799805
-0.43697309494018555
-0.7976949214935303
-0.7963426113128662
-0.6653079986572266
-0.2415635585784912
1.0344767570495605
-0.4013233184814453
-0.3485891819000244
-0.25153613090515137
-0.46130943298339844
-0.5173525810241699
-0.532538890838623
-0.5112967491149902
0.9058337211608887
-0.5765643119812012
-0.3187587261199951
-0.5526700019836426
-0.821526288986206
-0.6609023809432983
-0.29060935974121094
-0.3502829074859619
-0.7889816761016846
-0.5038313865661621
-0.5846490859985352
-0.7479333877563477
-0.5046958923339844
-0.46820831298828125
-0.6486837863922119
-0.3471944332122803
-0.1690049171447754
-0.1480116844177246
-0.46920228004455566
-0.736544132232666
-0.5646238327026367
-0.010723352432250977
-0.5092365741729736
-0.39590907096862793
-0.008645057678222656
-0.323225736618042
-0.5951735973358154
-0.4023129940032959
-0.587480902671814
-0.6253447532653809
-0.323807954788208
-0.2960994243621826
-0.7460365295410156
-0.27273035049438477
-0.4097871780395508
-0.6579556465148926
-0.7710361480712891
-0.8309111595153809
-0.490337610244751
-0.5976314544677734
-0.09933710098266602
0.06915616989135742
-0.4869248867034912
-0.6626241207122803
-0.5973289012908936
0.04353022575378418
-0.3746154308319092
-0.7443382740020752
-0.4437377452850342
-0.579787015914917
-0.2662532329559326
-0.10622310638427734
-0.45087409019470215
-0.6147060394287109
-0.22722268104553223
0.09620904922485352
-0.5192151069641113
-0.6151485443115234
-0.2498629093170166
-0.04802894592285156
-0.3156619071960449
-0.4877042770385742
-0.44443726539611816
-0.6107156276702881
-0.4761056900024414
-0.5812950134277344
-0.7841005325317383
-0.6050753593444824
-0.5284912586212158
-0.4809913635253906
-0.3690307140350342
-0.5156235694885254
-0.5335128307342529
-0.05701637268066406
-0.2926785945892334
0.2665553092956543
-0.522367000579834
-0.004247426986694336
-0.471468448638916
-0.43618345260620117
-0.4671919345855713
-0.5227501392364502
-0.0923001766204834
-0.6930861473083496
-0.7008209228515625
0.1491711139678955
-0.49370527267456055
-0.529517412185669
-0.7273094654083252
-0.33999085426330566
0.21132230758666992
-0.8164002895355225
-0.5202081203460693
-0.190077543258667
-0.6324498653411865
-0.35021376609802246
-0.5272653102874756
-0.5571022033691406
-0.49379944801330566
-1.2215949296951294
-0.49585723876953125
-0.4422566890716553
-0.6015667915344238
-0.5163369178771973
-0.31088995933532715
-0.6141972541809082
-0.39794015884399414
-0.4891977310180664
-0.44400691986083984
-0.28560614585876465
-0.4948098659515381
-0.6494383811950684
-0.4533088207244873
-0.6930868625640869
-0.8954126834869385
-0.37262868881225586
-0.6317038536071777
-0.41614460945129395
-0.7097187042236328
-0.4340016841888428
-0.5808820724487305
-0.21962523460388184
-0.3577086925506592
-0.13785743713378906
-0.5034232139587402
0.0157015323638916
-0.7417058944702148
-0.4747161865234375
-0.5024964809417725
-0.2637169361114502
-0.4864366054534912
-0.4581170082092285
-0.32323479652404785
-0.6334505081176758
-0.6389875411987305
-0.41918420791625977
-0.30481910705566406
0.4502065181732178
-0.35547971725463867
-0.43888354301452637
-0.7552769184112549
-0.21736955642700195
-0.2640237808227539
-0.5062720775604248
-0.5912654399871826
0.07335662841796875
-0.5737426280975342
-0.43299102783203125
-0.2048633098602295
-0.2102055549621582
-0.8466305732727051
-0.4869670867919922
-0.31716108322143555
-0.7086074352264404
-0.6966092586517334
-0.5476095676422119
-0.3771951198577881
-0.3352808952331543
-0.5114791393280029
-0.6015193462371826
-0.5798296928405762
-0.4426708221435547
-0.39688873291015625
-0.38196420669555664
-0.44536566734313965
-0.25566935539245605
-0.421475887298584
-0.6995368003845215
-0.5844700336456299
-0.30506086349487305
-0.41309618949890137
-0.5403211116790771
-0.5739278793334961
-0.68666672706604
0.007714271545410156
-0.4154951572418213
-0.5319819450378418
-0.7979288101196289
-0.4624781608581543
-0.475738525390625
-0.2409648895263672
-0.6542403697967529
-0.2834653854370117
-0.43231868743896484
-0.4232015609741211
-0.004525423049926758
-0.12140488624572754
-0.7538394927978516
-0.44387006759643555
-0.12774991989135742
-0.7385776042938232
0.31211042404174805
-0.4082520008087158
-0.6219978332519531
-0.14033961296081543
-0.46440815925598145
-0.5921390056610107
-0.39484691619873047
-0.4164605140686035
-0.7891745567321777
-0.6136274337768555
0.6077456474304199
0.04875802993774414
-0.689224123954773
-0.4773702621459961
-1.238168716430664
-0.08935952186584473
-0.5118372440338135
-0.7109990119934082
-0.37890052795410156
-0.2608015537261963
-0.19343852996826172
-0.4502406120300293
-0.358198881149292
-0.35006237030029297
-0.7122278213500977
-0.5417869091033936
-0.6692180633544922
-0.45764613151550293
-0.4918828010559082
-0.48591041564941406
-0.3718137741088867
-0.42429542541503906
-0.6374256610870361
-0.47821879386901855
0.0005321502685546875
-0.3445475101470947
-0.2191152572631836
-0.11561894416809082
-0.5229682922363281
-0.46256256103515625
-0.0499262809753418
-0.47769832611083984
-0.4563891887664795
0.17565584182739258
-0.23264360427856445
-0.26021885871887207
-0.2534313201904297
-0.6008639335632324
-0.5798630714416504
-0.43035829067230225
-0.11662054061889648
-0.2829902172088623
-0.6288269758224487
-0.13835930824279785
-0.1806795597076416
-0.4241337776184082
-1.4294946193695068
-0.6185524463653564
-0.2861177921295166
0.2632770538330078
-0.5854220390319824
-0.5941942930221558
-0.7289981842041016
-0.10869932174682617
-0.44568657875061035
-0.4544639587402344
-0.320889949798584
-0.21646714210510254
-0.6633768081665039
-0.4860248565673828
-0.3435180187225342
-0.2067265510559082
-0.5203731060028076
-0.8506228923797607
0.04846620559692383
-0.34586238861083984
-0.695518970489502
-0.4728586673736572
-0.6896882057189941
-0.5462038516998291
-0.6168315410614014
-0.6101279258728027
-0.22446990013122559
-0.7367219924926758
-0.9327572584152222
-0.5077524185180664
-0.5750579833984375
0.18634390830993652
-0.5034468173980713
-0.7178571224212646
-0.22875523567199707
-0.32814931869506836
-0.5717828273773193
-0.46648430824279785
-0.29207491874694824
-0.5239982604980469
-0.04168963432312012
-0.33159375190734863
-0.6985821723937988
-0.8194923400878906
0.1790621280670166
-0.4618701934814453
-0.368300199508667
-0.23953580856323242
0.6547293663024902
-0.08736753463745117
-0.4952659606933594
-0.721118688583374
0.0009145736694335938
-0.48529887199401855
-0.5217952728271484
-0.47541022300720215
-0.41909146308898926
-0.3398139476776123
0.023193359375
-0.5933520793914795
-0.265852689743042
-0.4455132484436035
-0.5869369506835938
-0.25118041038513184
-0.2818796634674072
-0.6115543842315674
-0.7832725048065186
-0.2329087257385254
-0.4265267848968506
-0.3441810607910156
-0.3325836658477783
-0.3581521511077881
-0.36037397384643555
-0.21296930313110352
-0.4556124210357666
-0.8823926448822021
-0.1691267490386963
-0.39533329010009766
-0.646399974822998
-0.551194429397583
-0.6892433166503906
-0.3865182399749756
-0.9275548458099365
-0.3336780071258545
-0.2766406536102295
-0.1995093822479248
-0.2418816089630127
-0.17634224891662598
-0.3782076835632324
0.08380746841430664
-0.36864614486694336
-0.5501706600189209
-0.38665270805358887
-0.24687719345092773
-0.4931066036224365
-0.5339751243591309
-0.21760201454162598
-0.6035323143005371
-0.39696717262268066
-0.405595064163208
-0.5589098930358887
-0.3143284320831299
-0.40535640716552734
-0.5291259288787842
-0.31288719177246094
-0.4165675640106201
-0.8162970542907715
-0.41518163681030273
-0.7487585544586182
-0.21467161178588867
-0.5465948581695557
-0.632967472076416
-0.5761568546295166
-0.7880823612213135
-0.3771829605102539
-0.6537959575653076
-0.6422772407531738
-0.5285110473632812
-0.12944412231445312
-0.4551966190338135
-0.6211433410644531
0.06873488426208496
-0.37760066986083984
-0.49249768257141113
-0.2873995304107666
-0.07851719856262207
-0.500744104385376
-0.6514959335327148
-0.2585787773132324
-0.4116511344909668
-0.31305932998657227
-0.5961284637451172
-0.1826009750366211
-0.27271032333374023
-0.3699028491973877
-0.43903279304504395
0.17706704139709473
-0.8207162618637085
-0.5525171756744385
-0.5779664516448975
0.0268094539642334
-0.3601338863372803
-0.2249283790588379
-0.366807222366333
-0.8043725490570068
-0.037210702896118164
-0.4786243438720703
-0.37728333473205566
-0.11810135841369629
-0.41382551193237305
-0.4028449058532715
-0.884467363357544
-0.6308488845825195
-0.5833654403686523
0.6662411689758301
-0.6201026439666748
-0.5599238872528076
-0.46490907669067383
0.001039266586303711
0.1305844783782959
-0.25696539878845215
-0.5211842060089111
-0.625868558883667
-0.5138440132141113
0.32160329818725586
-0.28421735763549805
-0.6274774074554443
-0.9270124435424805
-0.535862922668457
-0.7743334770202637
-0.45821452140808105
-0.4350554943084717
-0.1868913173675537
-0.37184691429138184
-0.3158836364746094
-0.0635833740234375
-0.6175980567932129
-0.4857516288757324
-0.4934570789337158
-0.43567514419555664
-0.6216061115264893
-0.5264489650726318
-0.07625436782836914
-0.7448976039886475
-0.32085585594177246
-0.9381322860717773
-0.5866408348083496
-0.6980643272399902
0.3613855838775635
-0.7481520175933838
-0.5797073841094971
0.18440461158752441
-0.4573221206665039
-0.5773019790649414
-0.5203139781951904
-0.5136442184448242
-0.2787165641784668
-0.7287206649780273
-1.0351316928863525
-0.22410249710083008
-0.34021925926208496
-0.31873106956481934
-0.4688394069671631
-0.40860557556152344
-0.477982759475708
-0.5341718196868896
-0.42670655250549316
-0.4458580017089844
-0.3454914093017578
0.21027255058288574
-0.3579676151275635
-0.08394408226013184
-0.6867153644561768
-0.5756454467773438
-0.6180253028869629
-0.22301435470581055
-0.8702659606933594
-0.1564795970916748
-0.274106502532959
-0.7189700603485107
0.16118669509887695
-0.7006855010986328
-0.33185648918151855
-0.3761582374572754
-0.27808046340942383
-0.3506615161895752
-0.20909667015075684
-1.0753509998321533
-0.5959762334823608
-0.19797158241271973
0.27115583419799805
-1.1475508213043213
-0.34152817726135254
-0.15809178352355957
0.07543754577636719
-0.500044584274292
-0.39316844940185547
-0.4023122787475586
-0.49013495445251465
-0.26648902893066406
-0.9664952754974365
-0.3483757972717285
-0.3914985656738281
-0.39153361320495605
-0.36844468116760254
-0.24663066864013672
-0.7635154724121094
-0.5807344913482666
-0.27543210983276367
-0.33913373947143555
-0.4514198303222656
-0.4405961036682129
-0.5306220054626465
-0.6315815448760986
-0.5825536251068115
-0.296159029006958
-0.5839276313781738
-0.3462491035461426
-0.37331366539001465
0.26899099349975586
-0.6634743213653564
-0.4645380973815918
-0.6726069450378418
-0.5164153575897217
-0.10546064376831055
-0.4447789192199707
-0.2904348373413086
-0.7213482856750488
-0.056372880935668945
-0.3571484088897705
-0.5208492279052734
-0.6685934066772461
-0.5495660305023193
-0.49165987968444824
-0.5399341583251953
-0.428875207901001
-0.5892312526702881
-0.7708439826965332
-0.736201286315918
-0.2822611331939697
-0.5459272861480713
-0.43393588066101074
-0.3382301330566406
-0.6372601985931396
-0.5572903156280518
-0.23087573051452637
0.08172845840454102
-0.2873978614807129
-0.3200681209564209
-0.19023680686950684
-0.702936053276062
-0.26885485649108887
0.36516833305358887
-0.5204024314880371
-0.3544290065765381
-0.1674337387084961
-1.0768918991088867
-0.6281921863555908
-0.4471759796142578
-0.353271484375
-0.37883710861206055
-0.43134570121765137
-0.3067159652709961
-0.16440701484680176
-0.8619050979614258
-0.3238523006439209
-0.6420168876647949
-0.20682334899902344
-0.6468420028686523
-0.5091500282287598
-0.3034067153930664
-0.3416283130645752
-0.2835714817047119
-0.486508846282959
-0.6212434768676758
-0.25797033309936523
-0.43206167221069336
-0.6495485305786133
-0.20020174980163574
0.23327302932739258
-0.014208793640136719
-0.5226917266845703
-0.4491851329803467
-0.6112327575683594
-0.6282274723052979
-0.8769748210906982
-0.7047362327575684
-0.19709134101867676
-0.6956300735473633
-0.6993374824523926
-0.7487268447875977
-0.40131640434265137
-0.3536970615386963
-0.008484601974487305
-0.6399698257446289
-0.3167757987976074
-0.44072723388671875
-0.5004782676696777
-0.661663293838501
-0.47655415534973145
-0.5752220153808594
-0.3941531181335449
-0.007354021072387695
-0.738055944442749
-0.6180965900421143
-0.26743364334106445
-0.6246504783630371
-0.3156876564025879
-0.5059540271759033
-0.6746094226837158
0.07150721549987793
-0.5756778717041016
-0.7010669708251953
-0.04745817184448242
0.20857715606689453
-0.49605584144592285
-0.8124344348907471
-0.503046989440918
-0.39310646057128906
-0.5471906661987305
-0.3267476558685303
-0.6019525527954102
-0.9554144144058228
-0.4549407958984375
-0.8125147819519043
-0.21570134162902832
-0.6046864986419678
-0.6101527214050293
-0.6914255619049072
-0.7250823974609375
-0.7778165340423584
-0.5704262256622314
-0.5821480751037598
-0.4238314628601074
-0.5115258693695068
-0.641247034072876
0.019253015518188477
0.6188168525695801
-0.4158821105957031
-0.23182344436645508
-0.30826449394226074
-0.29709839820861816
-0.5461318492889404
-0.560077428817749
-0.8402159214019775
-0.5984227657318115
-0.394641637802124
0.22455739974975586
-0.13474440574645996
-0.347583532333374
-0.39575695991516113
-0.37775421142578125
-0.05659890174865723
-0.35840439796447754
-0.5636630058288574
-0.37458157539367676
-0.31572747230529785
-0.4250214099884033
-0.3045628070831299
-0.23868584632873535
-0.6167500019073486
-0.8178838491439819
-0.7253398895263672
-0.3050069808959961
-0.29790186882019043
-0.7202894687652588
-0.5365443229675293
-0.33793020248413086
-0.5501127243041992
-0.6602733135223389
-0.5349318981170654
-0.43599915504455566
-0.5456027984619141
-0.2697570323944092
-0.15707683563232422
-0.6492264270782471
-0.23749375343322754
-0.20225262641906738
-0.3714754581451416
-0.4344518184661865
-0.4881618022918701
-0.03388524055480957
-0.5355074405670166
-0.22443628311157227
-0.6414949893951416
-0.5290572643280029
-0.9304060935974121
-0.4046180248260498
-0.2776925563812256
0.6134693622589111
-0.012830018997192383
-0.3498995304107666
-0.2861957550048828
-0.35654783248901367
-0.6509008407592773
-0.2552816867828369
-0.14598965644836426
-0.6163167953491211
-0.6715199947357178
0.026631593704223633
-0.5091755390167236
-0.19913792610168457
-0.4488656520843506
-0.5798966884613037
-0.21651911735534668
-0.5068838596343994
-0.46085524559020996
-0.3024885654449463
-0.436969518661499
-0.515275239944458
-0.4636707305908203
-0.7810928821563721
-0.5240130424499512
-0.442535400390625
-0.0722191333770752
-0.4935321807861328
-0.5678632259368896
-0.04577445983886719
-0.45606493949890137
-0.3163273334503174
-0.37331628799438477
0.47530317306518555
-0.3543887138366699
-0.4548170566558838
-0.381772518157959
-0.29787111282348633
-0.5701155662536621
-0.32077789306640625
-0.527510404586792
-0.31943655014038086
-0.5114908218383789
0.4891970157623291
-0.197434663772583
-0.7092983722686768
-0.528437614440918
-0.23830366134643555
-0.054741859436035156
-0.6131711006164551
-0.48657870292663574
-0.6848375797271729
-0.229109525680542
-0.3565866947174072
-0.30502939224243164
-0.7781140804290771
-0.421375036239624
-0.6462202072143555
0.24907946586608887
-0.3672354221343994
-0.661388635635376
-0.6279902458190918
-0.5606112480163574
-0.4797518253326416
0.0733034610748291
-0.10095334053039551
-0.491091251373291
-0.22933125495910645
-0.5987458229064941
-0.35671210289001465
-0.5226132869720459
0.007170677185058594
-0.5144360065460205
-0.5012013912200928
0.10196781158447266
-0.48145031929016113
-0.37973785400390625
-0.23664546012878418
-0.150193452835083
-0.5569472312927246
-0.9252607822418213
-0.671013593673706
-0.48537635803222656
-0.34505486488342285
-0.31532835960388184
-0.1951451301574707
1.3589987754821777
-0.41853761672973633
-0.15781569480895996
0.15590739250183105
-0.6914505958557129
-0.05464434623718262
-0.7670367956161499
-0.7784123420715332
-0.350780725479126
0.11814522743225098
-0.5476758480072021
-0.3313267230987549
-0.15782737731933594
-0.3028831481933594
-0.46900439262390137
-0.47429585456848145
-0.7910894155502319
-0.4944908618927002
-0.44858217239379883
-0.3620598316192627
-0.5736455917358398
-0.4931468963623047
-0.400907039642334
0.03409934043884277
-0.42830586433410645
-0.7901642322540283
-0.1441967487335205
-0.9821434020996094
-0.48325514793395996
-0.005889892578125
-0.4440174102783203
-0.11818790435791016
-0.7093710899353027
-0.4930238723754883
-0.9027104377746582
-0.5190327167510986
-1.0300015211105347
0.23294925689697266
-0.5586602687835693
-0.5263261795043945
-0.35215139389038086
-0.04165816307067871
-0.30642151832580566
0.11229658126831055
-0.6634721755981445
-0.6543877124786377
-0.29833149909973145
-0.6460633277893066
-0.4309875965118408
-0.48680591583251953
-0.4126873016357422
-0.09313368797302246
-0.30423450469970703
-0.40422630310058594
-0.7813940048217773
-0.18430256843566895
-0.7194173336029053
-0.3852880001068115
-0.34398531913757324
-0.47693657875061035
-0.6142232418060303
-0.2321932315826416
-0.2389976978302002
-0.46294283866882324
-0.422255277633667
-0.843665361404419
-0.13904309272766113
-0.4067416191101074
-0.22863221168518066
-0.36508870124816895
-0.42725133895874023
-0.4835937023162842
0.041747331619262695
-0.8054823875427246
-0.513474702835083
-0.25803375244140625
-0.5046265125274658
-0.7100808620452881
-0.5437767505645752
-0.2534623146057129
-0.6667947769165039
-0.30552101135253906
-0.610743522644043
-0.5373349189758301
-0.3746466636657715
-0.40737175941467285
-0.33835673332214355
-0.49039220809936523
-0.24237680435180664
-1.0105788707733154
-0.13766217231750488
-0.18604826927185059
-0.5536470413208008
-0.165757417678833
-0.4619319438934326
-0.11940121650695801
-0.2631266117095947
-0.601417064666748
-0.23819684982299805
-0.8087327480316162
-0.651435136795044
-0.5830416679382324
-0.4905698299407959
-0.8165924549102783
-0.590029239654541
-0.6810691356658936
-0.5832014083862305
-0.5060806274414062
-0.41930484771728516
0.6918501853942871
-0.3330538272857666
-0.6831932067871094
-0.4354891777038574
-0.10709857940673828
-0.7417094707489014
-0.12826132774353027
-0.31978893280029297
-0.23888158798217773
-0.9625670909881592
0.3894364833831787
-0.5234918594360352
0.01860332489013672
-0.3945014476776123
-0.1979057788848877
0.2717254161834717
-0.6081321239471436
-0.4914817810058594
-0.5641477108001709
-0.45667481422424316
-0.5882565975189209
-0.4512972831726074
-0.6006884574890137
-0.35698914527893066
-0.4865729808807373
-0.3103668689727783
-0.07995867729187012
-0.4341592788696289
-0.5259206295013428
-0.5947272777557373
-0.19635319709777832
0.34426307678222656
-0.3827812671661377
-0.3042593002319336
-0.3983292579650879
-0.5348782539367676
-0.5238802433013916
-0.805001974105835
-0.5022077560424805
-0.25042104721069336
-0.3410642147064209
-0.7418720722198486
-0.4288363456726074
-0.812856912612915
-0.6225981712341309
-0.31874871253967285
-0.24402737617492676
-0.3078882694244385
-0.5534722805023193
-0.4768373966217041
-0.6453540325164795
-0.40624523162841797
-0.659782886505127
-0.7435610294342041
-0.6368491649627686
-0.1290266513824463
-0.7794084548950195
-0.5299956798553467
-0.2906525135040283
-0.21332859992980957
0.05793428421020508
-0.2405376434326172
-0.8230421543121338
-0.7691061496734619
-0.4743196964263916
-0.7083544731140137
-0.42815351486206055
-0.2432856559753418
-0.6837079524993896
0.17660737037658691
-0.32486438751220703
-0.5061862468719482
-0.5338935852050781
-0.3152604103088379
-0.3259878158569336
-0.38841938972473145
-0.6003732681274414
-0.43024611473083496
-0.148390531539917
-0.412355899810791
-0.6804237365722656
-0.13468003273010254
-0.5288784503936768
-0.05682802200317383
-0.41331005096435547
-0.8176093101501465
-0.39444780349731445
-0.6926178932189941
-1.0272302627563477
-0.5649063587188721
-0.5959980487823486
-0.30094218254089355
-0.37381744384765625
-0.34438061714172363
-0.330136775970459
-0.5667316913604736
-0.49028682708740234
-0.4979865550994873
-0.4841909408569336
-0.5987508296966553
-0.4718034267425537
-0.6081447601318359
-0.43148207664489746
-0.17943525314331055
-0.5397050380706787
-0.521181583404541
-0.6393465995788574
-0.3388700485229492
0.5696239471435547
-0.580979585647583
-0.2798953056335449
-0.5203611850738525
-0.3060636520385742
-0.34029340744018555
-0.18724775314331055
-1.0520625114440918
-0.5185165405273438
-0.1724841594696045
-0.32734107971191406
-0.18341350555419922
-0.39682531356811523
-0.652130126953125
0.11051273345947266
0.7813653945922852
-0.27094602584838867
-0.41266584396362305
-0.054962873458862305
-0.4951183795928955
-0.415285587310791
-0.4611525535583496
0.14508271217346191
-0.5383613109588623
-0.5233182907104492
-0.5288519859313965
-0.5288040637969971
-0.39672064781188965
-0.563129186630249
-0.1568155288696289
-0.20881247520446777
-0.6392052173614502
-0.3980529308319092
0.002152681350708008
-0.5269978046417236
-0.630885124206543
-0.5902976989746094
-0.6503381729125977
-0.49598002433776855
-0.38053178787231445
-0.5795228481292725
-0.856715202331543
-0.4951040744781494
-0.408191442489624
-0.642772912979126
-0.7187709808349609
-0.6058380603790283
-0.023305892944335938
-0.5156049728393555
-0.47928667068481445
-0.6870684623718262
-0.17739367485046387
-0.5323078632354736
-0.5827085971832275
-0.41869521141052246
-0.5498178005218506
-0.16707658767700195
-0.7016794681549072
-0.4100005626678467
0.6829633712768555
-0.3680908679962158
-0.01519322395324707
-0.7869994640350342
-0.9753090143203735
-0.3556649684906006
-0.5330829620361328
0.17429757118225098
-0.560405969619751
-0.44420742988586426
-0.6979982852935791
-0.3864016532897949
-0.6689488887786865
-0.622011661529541
-0.5131893157958984
-0.35138463973999023
-0.5481839179992676
-0.27899622917175293
-0.14847111701965332
-0.5035958290100098
-0.4118943214416504
-0.4491539001464844
-0.35770273208618164
-0.4581184387207031
-0.558316707611084
-0.3854408264160156
-0.0586087703704834
-0.44848060607910156
-0.4665188789367676
-0.490741491317749
-0.3371436595916748
-0.6643204689025879
-0.5371568202972412
-0.722710132598877
-0.5326817035675049
-0.733288049697876
-0.6988840103149414
-0.5436909198760986
-0.09843611717224121
-0.31973934173583984
-0.3919222354888916
0.365311861038208
-0.6527953147888184
-0.21485090255737305
-0.3697998523712158
-0.20276689529418945
-0.2865712642669678
-0.16607975959777832
-0.14495563507080078
-0.437544584274292
-0.6322970390319824
-0.3746650218963623
-0.36104607582092285
-0.49582839012145996
-0.5019135475158691
-0.17604947090148926
-0.3223690986633301
-0.5509870052337646
-0.7501180171966553
-0.5455918312072754
-0.18337631225585938
-0.4029536247253418
-0.3955385684967041
-0.4052159786224365
-0.7961828708648682
-1.1579325199127197
-0.5916173458099365
-0.5057971477508545
-0.12282657623291016
-0.21224665641784668
-0.8421189785003662
-0.520226001739502
-0.4097409248352051
-0.4994208812713623
-0.32706594467163086
-0.3997209072113037
-0.864944338798523
-0.3232243061065674
-0.7391599416732788
-0.686943769454956
-0.23607254028320312
-0.38169074058532715
0.0489962100982666
-0.46416616439819336
-0.31209325790405273
-0.8558671474456787
-0.6610739231109619
-0.5079114437103271
-0.5714418888092041
-0.42088818550109863
-0.5776321887969971
-0.4295198917388916
-0.5757197141647339
-0.6219615936279297
-0.192518949508667
-0.7464091777801514
-0.28650879859924316
-0.2956552505493164
-0.16362571716308594
-0.6367425918579102
-0.5463757514953613
-0.6437606811523438
-0.6007847785949707
-0.4982304573059082
-0.507948637008667
-1.1085455417633057
-0.3018820285797119
-0.5099093914031982
-0.6283645629882812
-0.016193151473999023
-0.22227048873901367
-0.6581473350524902
-0.5436861515045166
-0.3836585283279419
-0.7888534069061279
-0.2182919979095459
-0.15219330787658691
-0.157210111618042
-0.49486827850341797
-0.9482865333557129
-0.47005295753479004
-0.41922950744628906
-0.5046627521514893
-0.33318543434143066
-0.21698355674743652
-0.696561336517334
-0.5846819877624512
-0.23140859603881836
-0.7203159332275391
-0.1467304229736328
-0.39704155921936035
-0.6251251697540283
-0.43974852561950684
-0.49500012397766113
-0.34941601753234863
-1.1363409757614136
-0.5611157417297363
0.08414411544799805
-0.683384895324707
-0.40012621879577637
-0.613154411315918
-0.4239988327026367
-0.10393071174621582
-0.5245778560638428
-0.3462076187133789
-0.014340877532958984
-0.354229211807251
0.003206968307495117
-0.41527771949768066
-0.5002388954162598
-0.6124267578125
-0.44818687438964844
-0.4711790084838867
-0.4756927490234375
-0.23772597312927246
0.8094847202301025
-0.5223493576049805
-0.21222662925720215
-0.976677656173706
-0.3662385940551758
-0.26700925827026367
-0.5310134887695312
-0.3722348213195801
-0.7713916301727295
-0.42009639739990234
-0.6029460430145264
-0.28049731254577637
-0.829343318939209
-0.5800573825836182
-0.38326525688171387
-0.46117615699768066
-0.2312150001525879
-0.5529005527496338
-0.47760486602783203
-0.8362324237823486
0.12030339241027832
-0.3667936325073242
-0.454693078994751
0.15974998474121094
-0.6095404624938965
-0.4436213970184326
-0.6573917865753174
0.09477066993713379
-0.6925814151763916
-0.3901026248931885
-0.6327135562896729
-0.6115753650665283
-0.14046168327331543
-0.387340784072876
-0.5336308479309082
-0.6356329917907715
-0.20509886741638184
-0.0704805850982666
-0.2958216667175293
-0.5375425815582275
-0.8373903036117554
-0.4808063507080078
-0.41742420196533203
-0.6399667263031006
-0.34943509101867676
-0.5888259410858154
-0.7246785163879395
-0.34777355194091797
0.6055569648742676
-0.6764466762542725
-0.5803613662719727
-0.4758186340332031
-0.41098523139953613
-0.5737593173980713
-0.5241737365722656
-0.23360228538513184
-0.43522071838378906
-0.3665447235107422
-0.42638063430786133
-0.5098972320556641
-0.5460731983184814
-0.47457194328308105
-0.44486069679260254
-0.5405828952789307
-0.6202707290649414
-0.5771536827087402
-0.3542156219482422
-0.5034761428833008
-0.6212472915649414
-0.7306272983551025
-0.5017745494842529
-0.10270118713378906
-0.17200541496276855
-0.33854103088378906
-0.6296930313110352
-0.22602319717407227
-0.6710371971130371
-0.14792728424072266
0.22247314453125
-0.6329823732376099
-0.06271719932556152
0.2826411724090576
-0.15041184425354004
-0.6878163814544678
-0.8887419700622559
-0.3837730884552002
-0.5494322776794434
-0.7781140804290771
-0.5129590034484863
-0.46975016593933105
-0.4720914363861084
-0.6798937320709229
-0.1527574062347412
-0.33925914764404297
-0.40825533866882324
-0.7504050731658936
-0.5619621276855469
-0.4007112979888916
-0.47969841957092285
-0.5327177047729492
-0.41066956520080566
-0.24252104759216309
-0.31940579414367676
-0.4669947624206543
-0.3551366329193115
-0.20929670333862305
-0.47194671630859375
-0.5966081619262695
-0.33941006660461426
0.12874627113342285
-0.5667934417724609
-0.5012757778167725
-0.3312668800354004
-0.3446168899536133
-0.7275722026824951
-0.6807478666305542
0.0249173641204834
-0.4912433624267578
-0.30257439613342285
0.3226888179779053
-0.809180736541748
-0.8811976909637451
-0.5873105525970459
-0.6001887321472168
-0.3202242851257324
-0.7998042106628418
-0.41811084747314453
-0.44324374198913574
-0.18541646003723145
-1.0798076391220093
-0.6142048835754395
-0.8503801822662354
-0.4694342613220215
-0.752916693687439
-0.4854106903076172
-0.40113139152526855
-0.5762066841125488
-0.5932087898254395
-0.6385397911071777
-0.34026122093200684
0.47461438179016113
-0.3133203983306885
-0.216599702835083
-0.6193764209747314
0.8631527423858643
-0.42972803115844727
-0.2795431613922119
-0.7470779418945312
-0.2144942283630371
0.16787052154541016
-0.42642974853515625
-0.9192070960998535
-0.19737005233764648
-0.6009259223937988
-0.4600818157196045
-0.5068895816802979
-0.014339923858642578
-0.42573046684265137
-0.20203089714050293
-0.5219714641571045
-0.4657912254333496
-0.4475128650665283
-0.511542558670044
-0.7071666717529297
-0.5296833515167236
0.09553217887878418
-0.39969730377197266
-0.5068197250366211
-0.46777987480163574
-0.7415120601654053
-0.31182122230529785
-0.3857414722442627
-0.6156480312347412
-0.6311459541320801
0.7070016860961914
-0.4933924674987793
-0.41645193099975586
-0.7558581829071045
-0.47969841957092285
-0.28055477142333984
-0.1708688735961914
0.00402069091796875
-0.5115494728088379
-0.5440192222595215
-0.43876218795776367
-0.44743800163269043
-0.4281656742095947