-0.42774271965026855
-0.21840167045593262
-0.2000563144683838
-0.4205293655395508
-0.6499571800231934
-0.41864466667175293
-0.18408942222595215
-0.6094496250152588
-0.4151918888092041
-0.4024965763092041
-0.4423089027404785
-0.1407322883605957
-0.2239241600036621
-0.3470888137817383
0.34294724464416504
-0.38455772399902344
-0.4589834213256836
-0.4661753177642822
-0.24341297149658203
-0.24540066719055176
-0.4829833507537842
-0.5138566493988037
-0.44013547897338867
-0.5044023990631104
-0.1708211898803711
-0.5612225532531738
-0.49234843254089355
-0.1474318504333496
-0.36127305030822754
-0.30382370948791504
-0.3499906063079834
-0.24036931991577148
-0.34752607345581055
-0.20006179809570312
-0.5026588439941406
-0.8507184982299805
-0.1660006046295166
-0.07343173027038574
-0.6382501125335693
-0.21056413650512695
-0.0970451831817627
-0.5653064250946045
-0.26047372817993164
-0.3423640727996826
-0.1432642936706543
-0.6378939151763916
-0.20120596885681152
-0.4557769298553467
-0.1869513988494873
-0.23909616470336914
-0.3691720962524414
-0.3610403537750244
0.16687655448913574
-0.4131596088409424
0.4951908588409424
-0.4976034164428711
-0.32717466354370117
0.052555084228515625
0.20485305786132812
-0.37965893745422363
-0.38633275032043457
0.06995439529418945
-0.257857084274292
-0.3710601329803467
0.031969308853149414
-0.02842092514038086
-0.4212222099304199
-0.10860157012939453
-0.4478878974914551
-0.4652528762817383
-0.0809478759765625
-0.4142947196960449
-0.20701837539672852
-0.10011911392211914
-0.6767220497131348
0.063323974609375
-0.49152398109436035
-0.16948819160461426
-0.033557891845703125
-0.1845102310180664
-0.45354604721069336
-0.30087733268737793
-1.0181591510772705
-0.02141547203063965
-0.30463624000549316
-0.5797848701477051
-0.38943982124328613
0.2835354804992676
-0.04500746726989746
-0.4610598087310791
-0.6990299224853516
-0.22643613815307617
-0.48426151275634766
-0.23026371002197266
-0.06540036201477051
-0.12320590019226074
-0.5320792198181152
-0.1399991512298584
-0.34798145294189453
-0.1188971996307373
-0.5332486629486084
-0.45478880405426025
0.237868070602417
-0.40063905715942383
-0.28003764152526855
-0.02407073974609375
-0.07466578483581543
-0.30113911628723145
-0.3856065273284912
-0.03860616683959961
-0.6418544054031372
0.33722496032714844
-0.12540841102600098
-0.3158881664276123
-0.13532066345214844
-0.24794292449951172
-0.5115377902984619
-0.21140599250793457
-0.347611665725708
-0.41057419776916504
-0.3803067207336426
-0.3944120407104492
-0.40215396881103516
-0.28537487983703613
-0.6846168041229248
-0.07877922058105469
-0.7085268497467041
-0.41420459747314453
-0.3244619369506836
-0.3942890167236328
-0.3457517623901367
-0.6355392932891846
-0.15811991691589355
-0.22886300086975098
-0.6841992139816284
-0.47205328941345215
-0.788261890411377
-0.30730414390563965
-0.2185359001159668
-0.6822776794433594
-0.46165966987609863
0.21714496612548828
-0.3430907726287842
0.774033784866333
-0.3366875648498535
0.025016307830810547
-0.6549258232116699
-0.4267439842224121
-0.18442988395690918
-0.15267634391784668
-0.4128255844116211
-0.6049888134002686
-0.2388477325439453
-0.4788234233856201
-0.29503512382507324
-0.28519487380981445
-0.2356717586517334
-0.3026266098022461
0.06980180740356445
-0.2641615867614746
0.2421724796295166
-0.38062381744384766
-0.20649266242980957
-0.3954479694366455
-0.3384897708892822
1.0428943634033203
-0.5348625183105469
-0.1883387565612793
0.03850126266479492
-0.39820408821105957
-0.28003716468811035
0.1796257495880127
-0.3143346309661865
-0.017532825469970703
-0.2060995101928711
-0.5712354183197021
-0.29277825355529785
0.2372894287109375
-0.7295366525650024
-0.43110013008117676
-0.5355496406555176
-0.3988065719604492
-0.1630570888519287
-0.29548215866088867
-0.18367958068847656
-0.2804117202758789
-0.8300573825836182
-0.33255791664123535
-0.24940943717956543
-0.17788004875183105
-0.4150722026824951
0.08583641052246094
-0.2831268310546875
-0.5345394611358643
-0.2690317630767822
-0.7848861217498779
-0.2998950481414795
-0.43843913078308105
-0.03832387924194336
-0.24778246879577637
-0.18021726608276367
-0.1524333953857422
-0.3751504421234131
-0.3831743001937866
-0.7665053606033325
-0.22381806373596191
0.3088853359222412
-0.7127926349639893
0.31154394149780273
-0.5007808208465576
-0.3130788803100586
-0.5448253154754639
-0.3621182441711426
-0.22800230979919434
-0.24636363983154297
-0.229508638381958
-0.2959461212158203
-0.3343379497528076
-0.25239133834838867
-0.23459148406982422
-0.39429140090942383
0.008327484130859375
-0.4967029094696045
-0.6807880401611328
-0.3750147819519043
-0.3550276756286621
-0.5671020746231079
-0.28890395164489746
0.13197803497314453
-0.29665470123291016
-0.60205078125
-0.5155947208404541
-0.4394187927246094
-0.455885648727417
-0.42449402809143066
-0.5366077423095703
-0.6037099361419678
-0.2748081684112549
-0.3852372169494629
-0.5171136856079102
0.07510519027709961
-0.39288783073425293
-0.5660929679870605
-0.5560469627380371
-0.7158286571502686
-0.47603607177734375
-0.28288698196411133
-0.2047276496887207
-0.37535858154296875
-0.5482635498046875
0.17206072807312012
0.11633896827697754
-0.4972958564758301
-0.3935582637786865
-0.26030850410461426
-0.38123536109924316
-0.2874789237976074
-0.05596923828125
-0.1911311149597168
-0.326610803604126
-0.3087027072906494
-0.29581141471862793
-0.42379093170166016
-0.3085203170776367
0.3449070453643799
0.6650674343109131
-0.023425579071044922
-0.3050265312194824
-0.39290857315063477
-0.3378865718841553
-0.5461175441741943
-0.4708576202392578
-0.6296103000640869
-0.32503390312194824
-0.32108378410339355
-0.33971405029296875
0.02679753303527832
0.1506025791168213
-0.494534969329834
-0.40123796463012695
-0.7819087505340576
-0.7200955152511597
-0.543219804763794
-0.15947413444519043
0.22429442405700684
-0.35785341262817383
-0.37525033950805664
-0.6377670764923096
-0.41821932792663574
-0.308377742767334
-0.49803733825683594
-0.16052508354187012
-0.16329121589660645
-0.5843766927719116
-0.09747076034545898
-0.33131909370422363
-0.636191725730896
-0.48932647705078125
-0.16500473022460938
0.0865941047668457
-0.3382101058959961
0.024672508239746094
-0.525108814239502
-0.29437708854675293
-0.29193663597106934
-0.4107353687286377
-0.27431821823120117
-0.3345482349395752
-0.29614758491516113
-0.49769067764282227
-0.3854706287384033
-0.05048537254333496
-0.4660484790802002
-0.9038738012313843
-0.28542518615722656
-0.2872340679168701
-0.4675116539001465
-0.0689246654510498
-0.6206626892089844
-0.3986704349517822
-0.30591702461242676
-0.36766505241394043
1.029850959777832
-0.41364574432373047
-0.7293000221252441
-0.3500518798828125
-0.1396491527557373
-0.18748855590820312
0.8772099018096924
-0.5465011596679688
-0.10857391357421875
-0.5025331974029541
-0.15866947174072266
-0.08510184288024902
-0.4409973621368408
-0.1392960548400879
0.15858149528503418
0.30858707427978516
-0.3669600486755371
-0.3196995258331299
-0.6893517971038818
0.13199448585510254
-0.0880286693572998
0.2934741973876953
-0.028244733810424805
-0.25170254707336426
0.47235941886901855
0.2250971794128418
-0.6767373085021973
-0.3761277198791504
-0.06484436988830566
-0.4852266311645508
-0.255068302154541
-0.5047707557678223
-0.2201237678527832
-0.23763084411621094
-0.21062612533569336
-0.38263535499572754
-0.286043643951416
-0.5959227085113525
-0.05355262756347656
-0.472736120223999
-0.3437316417694092
-0.36481142044067383
-0.2687191963195801
-0.4651303291320801
-0.4406008720397949
-0.5579619407653809
-0.025416135787963867
-0.36446261405944824
-0.26845788955688477
-0.34992527961730957
-0.1244804859161377
-0.5351908206939697
-0.2446117401123047
-0.39807963371276855
-0.3743324279785156
0.06795144081115723
-0.08359050750732422
-0.17293214797973633
-0.338092565536499
-0.09665060043334961
-0.15427064895629883
-0.41672730445861816
-0.38243675231933594
-0.4850189685821533
-0.6489359140396118
-0.20686769485473633
-0.2214210033416748
-0.18699359893798828
-0.5944950580596924
-0.002660512924194336
-0.25763845443725586
0.1316664218902588
-0.19396090507507324
-0.27768826484680176
-0.5056747198104858
-0.09313011169433594
-0.6153771877288818
-0.5995485782623291
-0.45485830307006836
-0.5573399066925049
0.13038992881774902
-0.22355937957763672
-0.4744126796722412
-0.32645654678344727
-0.42800140380859375
-0.43764400482177734
-0.2926499843597412
-0.28934478759765625
-0.41210007667541504
-0.4066579341888428
-0.2058858871459961
0.4497392177581787
0.2853703498840332
-0.590235710144043
-0.2623584270477295
-0.20448827743530273
-0.3686642646789551
-0.37141847610473633
-0.38344407081604004
-0.3132951259613037
-0.23003363609313965
-0.6221256256103516
-0.3272256851196289
-0.5148944854736328
-0.26509547233581543
-0.838158130645752
-0.41762495040893555
-0.2221517562866211
-0.4052743911743164
-0.4651620388031006
-0.48708295822143555
-0.7036805152893066
-0.2927234172821045
-0.2888662815093994
-0.6871099472045898
-0.5157558917999268
-0.5322706699371338
-0.1502995491027832
-0.21856284141540527
-0.14160776138305664
-0.5461993217468262
-0.3290104866027832
-0.15648436546325684
-0.20498013496398926
-0.04264426231384277
-0.15738272666931152
-0.29549717903137207
-0.14026284217834473
-0.3493375778198242
1.0186524391174316
-0.46084070205688477
-0.2716960906982422
-0.27451133728027344
-0.013648748397827148
-0.38587117195129395
-0.5476276874542236
-0.5326130390167236
-0.7887434959411621
0.044287681579589844
-0.2926318645477295
-0.1994485855102539
0.014193534851074219
-0.4788200855255127
-0.41697025299072266
0.08189010620117188
-0.3137025833129883
-0.2398090362548828
-0.38836216926574707
0.16654372215270996
-0.3340301513671875
-0.37853193283081055
-0.32676243782043457
-0.10749435424804688
-0.3213527202606201
-0.39324212074279785
-0.39941930770874023
-0.0492253303527832
0.16039133071899414
-0.14976286888122559
-0.23927617073059082
-0.4072072505950928
-0.4183356761932373
-0.10782456398010254
-0.3301529884338379
-0.13660359382629395
-0.5078103542327881
-0.33156871795654297
-0.3725545406341553
-0.3481559753417969
-0.29785704612731934
-0.4681572914123535
-0.29518604278564453
-0.2811555862426758
-0.6421887874603271
-0.27495837211608887
-0.1664900779724121
-0.5176618099212646
-0.3293154239654541
-0.30510568618774414
-0.07248592376708984
-0.25031375885009766
-0.16248512268066406
-0.471829891204834
-0.04894447326660156
-0.3486342430114746
-0.693880558013916
-0.38535094261169434
-0.2534599304199219
-0.52742600440979
-0.1754903793334961
0.22281599044799805
0.5351715087890625
-0.2019209861755371
-0.31486964225769043
-0.0912163257598877
-0.7795628309249878
-0.1621077060699463
-0.15264892578125
0.07674455642700195
-0.04414486885070801
-0.1900191307067871
-0.6073830127716064
-0.16936492919921875
-0.379375696182251
-0.04722118377685547
-0.3735935688018799
-0.5832231044769287
-0.8948526382446289
-0.18785381317138672
1.0711016654968262
-0.26952123641967773
-0.36865949630737305
-0.19987273216247559
-0.31382036209106445
0.0002713203430175781
-0.5294229984283447
-0.016674041748046875
0.2153310775756836
-0.42978763580322266
-0.2875657081604004
-0.4895455837249756
-0.17663288116455078
-0.3183152675628662
-0.41951894760131836
-0.655681848526001
0.12383151054382324
-0.3283116817474365
-0.5665421485900879
-0.39586758613586426
-0.3440840244293213
-0.33982324600219727
-0.4626603126525879
-0.2849416732788086
-0.2328181266784668
-0.31762027740478516
-0.5187361240386963
-0.39618444442749023
-0.556304931640625
-0.22996997833251953
0.21956324577331543
0.7601535320281982
0.06249499320983887
-0.19086432456970215
-0.6465377807617188
-0.29158711433410645
-0.41925716400146484
-0.36954498291015625
-0.42990684509277344
-0.0936887264251709
-0.21724867820739746
-0.4143860340118408
-0.6636571884155273
-0.4863293170928955
-0.11946940422058105
-0.3290095329284668
-0.18439149856567383
-0.3835031986236572
-0.2550160884857178
-0.33715248107910156
-0.23957514762878418
-0.337749719619751
-0.3385794162750244
-0.21132326126098633
-0.06406641006469727
-0.2947206497192383
-0.5290896892547607
-0.3969423770904541
-0.22637605667114258
-0.2924015522003174
-0.39858078956604004
-0.6269164085388184
-0.29727745056152344
-0.8035967350006104
-0.3169689178466797
-0.3685743808746338
-0.4492487907409668
-0.37247300148010254
-0.3354218006134033
-0.3245563507080078
-0.6941909790039062
-0.3157050609588623
-0.267855167388916
-0.39679765701293945
-0.4484553337097168
-0.12919211387634277
-0.17360806465148926
-0.3515903949737549
-0.48442554473876953
-0.10644030570983887
-0.4310896396636963
-0.1546790599822998
-0.14880871772766113
0.03195023536682129
-0.3061251640319824
-0.3405330181121826
-0.09287142753601074
-0.43564724922180176
-0.05956006050109863
-0.3508589267730713
-0.2508227825164795
-0.3616485595703125
-0.6690657138824463
-0.43357181549072266
0.6568107604980469
-0.7032433748245239
-0.008168935775756836
-0.25574612617492676
-0.13139605522155762
-0.24946832656860352
-0.241485595703125
0.018294095993041992
-0.25767040252685547
-0.33257150650024414
-0.4068431854248047
-0.4038212299346924
-0.4536571502685547
-0.48121023178100586
-0.41664862632751465
-0.3196752071380615
-0.4639904499053955
0.07876443862915039
0.25554752349853516
0.1040353775024414
-0.46616220474243164
-0.36388707160949707
-0.26358652114868164
-0.21637654304504395
-0.048697710037231445
-0.23968267440795898
-0.2026216983795166
-0.39404869079589844
-0.29106569290161133
0.0003113746643066406
-0.5009398460388184
-0.2217414379119873
-0.6213879585266113
-0.3347799777984619
-0.15248680114746094
0.19545459747314453
-0.3756833076477051
-0.16291570663452148
-0.5431716442108154
0.06014108657836914
-0.13676095008850098
-0.41538071632385254
-0.1785118579864502
-0.658089280128479
-0.29856228828430176
-0.18244123458862305
-0.4958484172821045
-0.11004304885864258
-0.4479842185974121
0.0683445930480957
-0.6171283721923828
-0.07993745803833008
-0.464038610458374
-0.4302077293395996
-0.030157804489135742
-0.4456825256347656
0.3164646625518799
-0.1419210433959961
-0.3903391361236572
-0.1756730079650879
-0.35071563720703125
-0.15117645263671875
-0.2900712490081787
-0.2530326843261719
-0.339479923248291
-0.07174992561340332
-0.12912845611572266
0.020383834838867188
-0.3655664920806885
-0.48395586013793945
-0.14979934692382812
-0.12259292602539062
-0.0021979808807373047
-0.40785932540893555
0.10039830207824707
-0.338625431060791
-0.12992286682128906
-0.48793697357177734
-0.35030555725097656
-0.18114089965820312
-0.16301321983337402
-0.539663553237915
-0.18587923049926758
-0.2500419616699219
-0.6143865585327148
0.21632957458496094
-0.41228604316711426
-0.17081451416015625
-0.34607410430908203
0.0033431053161621094
-0.2113959789276123
-0.5809187889099121
-0.9791640043258667
0.20388388633728027
-0.40523600578308105
-0.5383832454681396
-0.3596644401550293
-0.1450941562652588
-0.2805976867675781
-0.369525671005249
-0.9113631248474121
-0.6305296421051025
-0.2247300148010254
-0.2117321491241455
-0.12304925918579102
-0.5014331340789795
-0.5478775501251221
-0.5429701805114746
-0.2428898811340332
0.7431163787841797
-0.028113365173339844
-0.9691852331161499
-0.3443872928619385
-0.4371933937072754
-0.2540435791015625
-0.522413969039917
-0.3358345031738281
-0.6960160732269287
0.011414051055908203
0.2650444507598877
-0.3452475070953369
-0.06564736366271973
-0.32834720611572266
-0.19895100593566895
-0.5407886505126953
-0.4936220645904541
-0.1986103057861328
-0.2810499668121338
-0.058623552322387695
-0.25124502182006836
-0.5381639003753662
-0.1080322265625
-0.29491496086120605
-0.3445703983306885
-0.4222736358642578
-0.3211820125579834
-0.18742680549621582
-0.4033963680267334
-0.13917064666748047
-0.5426406860351562
-0.5523092746734619
-0.5426349639892578
-0.14998912811279297
-0.3602752685546875
-0.046376943588256836
-0.38653135299682617
-0.1812293529510498
-0.26580166816711426
-0.31186866760253906
-0.18821239471435547
-0.19437503814697266
-0.4743063449859619
-0.3060495853424072
-0.20197010040283203
-0.20169448852539062
-0.17951726913452148
-0.23640751838684082
-0.15781164169311523
-0.3312356472015381
-0.5316994190216064
0.16687655448913574
-0.34157752990722656
-0.24992990493774414
-0.06682014465332031
-0.13026881217956543
-0.34978795051574707
-0.5679678916931152
0.10977673530578613
-0.34644436836242676
-0.2757148742675781
-0.300889253616333
-0.6801786422729492
-0.126617431640625
-0.18110227584838867
-1.0990480184555054
-0.27479124069213867
-0.1664717197418213
-0.7429633140563965
-0.5330977439880371
-0.28862977027893066
-0.29560160636901855
-0.6301324367523193
-0.056758880615234375
-0.3859267234802246
0.23598861694335938
-0.28052473068237305
-0.36635613441467285
-0.4363234043121338
-0.28610920906066895
-0.4406912326812744
-0.3172767162322998
-0.28554296493530273
-0.5941331386566162
-0.3856961727142334
-0.2202925682067871
-0.7515882253646851
-0.2883162498474121
-0.28010010719299316
-0.15075445175170898
-0.4417142868041992
-0.4373903274536133
0.12592601776123047
-0.23959994316101074
-0.2401752471923828
-0.22258210182189941
-0.2763035297393799
0.05704998970031738
-0.5520892143249512
-0.35825538635253906
0.14895415306091309
0.0625448226928711
-0.46236562728881836
-0.38542795181274414
-0.6070919036865234
-0.04080963134765625
-0.4492819309234619
-0.35747313499450684
-0.44074058532714844
0.32860445976257324
-0.21651434898376465
-0.28555727005004883
-0.5266742706298828
-0.1947927474975586
-0.5032107830047607
-0.21453642845153809
-0.5194258689880371
-0.25201916694641113
-0.35859036445617676
-0.2655601501464844
0.021262645721435547
-0.5075170993804932
-0.6229994297027588
-0.5196542739868164
-0.7478387355804443
-0.2185964584350586
-0.042931556701660156
-0.2907733917236328
-0.8305044174194336
-0.20327496528625488
-0.3165457248687744
-0.2617332935333252
-0.3615546226501465
-0.6327072381973267
-0.42275285720825195
-0.19356632232666016
0.8249826431274414
-0.3296656608581543
-0.21842622756958008
-0.6191895008087158
0.02440190315246582
-0.4557228088378906
-0.2948269844055176
0.06246018409729004
-0.3889431953430176
-0.2749326229095459
-0.22897982597351074
-0.3932669162750244
-0.48188114166259766
-0.45323824882507324
-0.29117918014526367
-0.5285553932189941
-0.39855360984802246
-0.3574798107147217
-0.5964694023132324
-0.5638937950134277
-0.3797183036804199
0.022960662841796875
-0.22998309135437012
0.4498896598815918
-0.437929630279541
-0.39437174797058105
-0.34568095207214355
-0.09180760383605957
-0.6748185157775879
-0.33944082260131836
-0.23864078521728516
-0.3178713321685791
-0.4009873867034912
-0.259227991104126
-0.5017836093902588
-0.6577141284942627
-0.403179407119751
-0.5283794403076172
-0.39270710945129395
-0.6789548397064209
-0.3719136714935303
-0.3629634380340576
-0.17247819900512695
-0.6156494617462158
-0.3123040199279785
-0.44064950942993164
-0.34157443046569824
-0.283782958984375
-0.543114423751831
-0.403947114944458
0.8724021911621094
-0.33522629737854004
-0.4566807746887207
-0.04681754112243652
-0.23776602745056152
-0.3762803077697754
-0.1340160369873047
-0.7156856060028076
-0.39836931228637695
-0.1907951831817627
-0.22223305702209473
0.28354501724243164
-0.3848254680633545
-0.25145912170410156
-0.3954949378967285
-0.21978187561035156
-0.41964077949523926
-0.44290781021118164
-0.2696094512939453
-0.07326292991638184
0.3439924716949463
-0.23813366889953613
-0.6649956703186035
-0.11758041381835938
-0.41872167587280273
0.1746833324432373
-0.34395432472229004
-1.204626202583313
-0.47188305854797363
-0.28817248344421387
-0.2780334949493408
-0.21084213256835938
-0.2526073455810547
-0.17404389381408691
0.15028667449951172
-0.38889598846435547
-0.42282915115356445
0.07715797424316406
-0.08224034309387207
-0.35093164443969727
-0.17331433296203613
-0.479006290435791
-0.34160518646240234
-0.2694816589355469
-0.21656370162963867
-0.26194214820861816
-0.3727719783782959
0.17319035530090332
-0.47840452194213867
-0.3986854553222656
-0.22382545471191406
-0.14684343338012695
-0.5955867767333984
-0.18743133544921875
-0.42174291610717773
-0.11565661430358887
-0.15931320190429688
-0.444211483001709
0.911937952041626
-0.5645980834960938
-0.6269385814666748
0.18717479705810547
-0.3104531764984131
-0.5128233432769775
-0.31317138671875
-0.33426833152770996
-0.3215517997741699
-0.19785141944885254
0.13099908828735352
-0.21986174583435059
-0.24779558181762695
-0.29865312576293945
-0.1100623607635498
-0.40200304985046387
-0.15890264511108398
-0.3129615783691406
-0.37946152687072754
-0.28628993034362793
-0.4262094497680664
-0.28165650367736816
-0.6221864223480225
-0.12962031364440918
-0.16072988510131836
-0.10644030570983887
-0.036681413650512695
0.5059516429901123
0.2632589340209961
-0.36827611923217773
0.08729028701782227
-0.18443584442138672
-0.6099743843078613
-0.5483877658843994
-1.2039176225662231
-1.0213208198547363
-0.3726799488067627
-0.30452775955200195
-0.690555214881897
-0.2507486343383789
0.4384634494781494
-0.4509725570678711
-0.509925365447998
-0.40209388732910156
-0.2507343292236328
-0.31409192085266113
-0.744016170501709
-0.33712053298950195
-0.6505520343780518
-0.18911242485046387
-0.7744925022125244
-0.054917097091674805
-0.2868208885192871
0.09071063995361328
-0.2502894401550293
-0.3805382251739502
-0.7670998573303223
-0.3914225101470947
-0.18848490715026855
0.06564188003540039
-0.27389097213745117
0.010245084762573242
-0.32808423042297363
-0.5669896602630615
-0.1914811134338379
-0.04825854301452637
-0.42905664443969727
-0.6881871223449707
-0.22849726676940918
-0.30736207962036133
0.14887142181396484
0.12790608406066895
-0.35002684593200684
-0.2449953556060791
-0.31209564208984375
-0.038370370864868164
-0.4789245128631592
-0.3344545364379883
-0.4678182601928711
-0.18317127227783203
0.24738836288452148
-0.3886737823486328
-0.3471035957336426
0.11853623390197754
-0.6238090991973877
-0.652930498123169
-0.2808349132537842
-0.12481498718261719
-0.340395450592041
-0.31973862648010254
-0.4351325035095215
-0.2956562042236328
-0.5427432060241699
-0.06955552101135254
-0.5788884162902832
0.011461257934570312
-0.31322360038757324
-0.39617919921875
-0.4513261318206787
-0.12669992446899414
-0.35358667373657227
-0.1869659423828125
-0.3704659938812256
0.6703243255615234
-0.21343135833740234
-0.38207364082336426
-0.3817605972290039
-0.2791788578033447
-0.3225827217102051
-0.32545018196105957
-0.5930404663085938
-0.15528392791748047
-0.19471216201782227
-0.3525431156158447
-0.25843119621276855
-0.4319009780883789
-0.5922224521636963
-0.36220288276672363
-0.3332023620605469
-0.4727902412414551
-0.2902824878692627
-0.5793948173522949
-0.5257008075714111
0.14706039428710938
-0.3135354518890381
-0.12297272682189941
0.007998466491699219
-0.38309168815612793
-0.13030433654785156
-0.10420513153076172
-0.4675734043121338
-0.42120933532714844
-0.3377344608306885
-0.5082993507385254
-0.3053150177001953
0.01395273208618164
-0.4923133850097656
-0.7923426628112793
-0.2527027130126953
-0.7292110919952393
-0.34052181243896484
0.056752920150756836
-0.05834674835205078
-0.623591423034668
-0.48124265670776367
-0.2101578712463379
-0.4598391056060791
0.9337196350097656
1.3665993213653564
-0.34655070304870605
-0.5447742938995361
-0.30393505096435547
-0.6796731948852539
-0.7441861629486084
0.2871701717376709
-0.3370790481567383
-0.20112299919128418
-0.5082395076751709
-0.3815734386444092
-0.37709593772888184
-0.09751677513122559
0.21472406387329102
-0.40422892570495605
-0.6087541580200195
-0.39212584495544434
0.33161401748657227
-0.42843103408813477
0.03647923469543457
-0.4800236225128174
-0.29547691345214844
-0.4208352565765381
-0.5927004814147949
-0.28391051292419434
-0.21915602684020996
-0.5457429885864258
-0.4159200191497803
-0.5962767601013184
-0.3780860900878906
-0.4426708221435547
-0.1657240390777588
-0.35196924209594727
-0.2819952964782715
-0.4203953742980957
-0.5163025856018066
-0.4113311767578125
-0.42403697967529297
-0.12623381614685059
-0.22982239723205566
-0.3338196277618408
0.3981039524078369
-0.12888550758361816
-0.5862770080566406
-0.4263644218444824
-0.15400099754333496
0.4012589454650879
-0.18845200538635254
-0.19744229316711426
-0.6778810024261475
-0.2565946578979492
-0.30309534072875977
-0.5958400964736938
-0.5611534118652344
-0.36258411407470703
0.08339667320251465
0.27314305305480957
-0.19709229469299316
-0.3443741798400879
-0.3945896625518799
-0.32570672035217285
-0.41914987564086914
-0.25574278831481934
-0.24540972709655762
-0.338742733001709
-0.3619527816772461
-0.5265519618988037
-0.567434549331665
-0.3451695442199707
-0.527275800704956
-0.18058514595031738
-0.315244197845459
-0.7277824878692627
-0.08496880531311035
-0.5187325477600098
-0.7075608968734741
-0.21289658546447754
-0.4348571300506592
-0.2501845359802246
-0.1956484317779541
0.0566866397857666
-0.36834001541137695
-0.4179494380950928
-0.20862221717834473
-0.22355389595031738
-0.5216922760009766
0.08444809913635254
-0.03159046173095703
0.12490415573120117
-0.5607216358184814
-0.24687480926513672
0.3466932773590088
-0.3247818946838379
-0.5123639106750488
0.08486080169677734
0.32137346267700195
-0.3019728660583496
-0.854859471321106
-0.2527318000793457
-0.7044839859008789
-0.4054877758026123
-0.35888099670410156
-0.43657994270324707
-0.19317102432250977
-0.43018341064453125
-0.2935614585876465
-0.35159730911254883
-0.16289234161376953
-0.4427223205566406
-0.18128037452697754
-0.5735845565795898
-0.23650527000427246
-0.5128755569458008
-0.3238697052001953
-0.5081911087036133
-0.37169981002807617
-0.41640305519104004
-0.12896347045898438
-0.36519479751586914
0.39103150367736816
-0.12438678741455078
-0.4840257167816162
-0.3832547664642334
-0.25380396842956543
-0.26308226585388184
-0.08545136451721191
-0.2714872360229492
-0.2811470031738281
-0.6802160739898682
-0.03334665298461914
-0.3608276844024658
-0.8162133693695068
-0.4457206726074219
-0.5377554893493652
-0.3122131824493408
0.40000200271606445
-0.3403775691986084
-0.11149024963378906
-0.5944440364837646
-0.36563873291015625
-0.2900223731994629
-0.1266782283782959
-0.37380146980285645
-0.10239291191101074
-0.6582016944885254
-0.23595643043518066
-0.07250189781188965
-0.39830541610717773
-0.6054809093475342
-0.4344017505645752
0.02168726921081543
-0.5919363498687744
-0.033084869384765625
0.6179497241973877
-0.2018115520477295
-0.4184458255767822
-0.7086150646209717
-0.2798130512237549
-0.3030118942260742
-0.6898579597473145
-0.49785637855529785
0.0171816349029541
-0.5005860328674316
0.07821917533874512
-0.18090438842773438
-0.4035181999206543
-0.12046170234680176
-0.4507124423980713
-0.17077159881591797
0.10191535949707031
-0.48090600967407227
0.26769280433654785
-0.4027256965637207
-0.21727514266967773
-0.3696913719177246
-0.3043653964996338
-0.27611231803894043
-0.3439619541168213
-0.41176772117614746
-0.5133547782897949
-0.43137359619140625
0.09325981140136719
-0.381671667098999
-0.6733043193817139
-0.5770201683044434
-0.4293363094329834
-0.39794111251831055
-0.41253066062927246
0.46874022483825684
-0.36097192764282227
-0.2197253704071045
-0.07442331314086914
-0.22704434394836426
-0.18017220497131348
0.11092758178710938
0.08002805709838867
0.38750648498535156
-0.2971065044403076
-0.33645009994506836
-0.2728724479675293
-0.35688281059265137
-0.27838850021362305
-0.47701525688171387
-0.0031647682189941406
-0.40647006034851074
-0.2935173511505127
-0.6535680294036865
-0.21509385108947754
-0.5719449520111084
-0.418302059173584
0.024417877197265625
-0.27304553985595703
-0.3739287853240967
-0.10274720191955566
-0.6365218162536621
-0.7513055801391602
-0.0927896499633789
-0.4547245502471924
-0.2485640048980713
-0.5287256240844727
-0.31103086471557617
-0.40038251876831055
-0.5509598255157471
-0.32819318771362305
-0.06342625617980957
-0.20992493629455566
-0.35677456855773926
0.00706791877746582
-0.1437363624572754
-0.20074844360351562
-0.39284276962280273
-0.09699892997741699
-0.5459127426147461
-0.24541354179382324
-0.34442973136901855
-0.33625268936157227
-0.19281411170959473
-0.17373275756835938
0.24329519271850586
-0.3582615852355957
-0.34548234939575195
-0.5801944732666016
-0.21611881256103516
-0.4426589012145996
-0.4243450164794922
-0.21256518363952637
-0.08692336082458496
-0.3626291751861572
-0.44113945960998535
-0.4472217559814453
-0.6148474216461182
-0.16120362281799316
-0.5177288055419922
0.04120635986328125
-0.3170771598815918
-0.4004049301147461
-0.21336722373962402
-0.4764735698699951
-0.2687497138977051
-0.361130952835083
-0.49429070949554443
-0.23473405838012695
-0.14742183685302734
-0.3472023010253906
-0.53586745262146
-0.11814761161804199
-0.5762479305267334
-0.48219966888427734
-0.6063370704650879
-0.44417333602905273
-0.33490586280822754
-0.536491870880127
-0.2603631019592285
-0.2149214744567871
-0.40516138076782227
-0.3636932373046875
-0.3054544925689697
-0.4392268657684326
-0.19344401359558105
-0.34466075897216797
0.13242244720458984
-0.5585007667541504
-0.1447758674621582
-0.3801758289337158
-0.34723520278930664
-0.3444836139678955
-0.18055462837219238
0.08407950401306152
0.21201586723327637
-0.3465237617492676
-0.4641387462615967
-0.5894815921783447
-0.19534754753112793
-0.4064664840698242
-0.41655540466308594
-0.25377583503723145
-0.07830238342285156
-0.11438703536987305
0.29926490783691406
-0.04493594169616699
-0.464094877243042
-0.26262736320495605
-0.6235852241516113
-0.44896817207336426
-0.34366440773010254
-0.530465841293335
-0.0547332763671875
-0.24579787254333496
-0.5304234027862549
-0.3355281352996826
-0.9956150054931641
-0.2627067565917969
-0.7236263751983643
-0.30758237838745117
-0.6816682815551758
-0.5209321975708008
0.02127981185913086
-0.17193365097045898
-0.15251994132995605
0.07821321487426758
-0.5182774066925049
-0.09071636199951172
-0.05596780776977539
0.44660377502441406
-0.2590181827545166
0.012175559997558594
-0.17374968528747559
-0.3601698875427246
-0.3109290599822998
-0.7803894281387329
-0.7933337688446045
-0.5125470161437988
-0.2533595561981201
-0.4657719135284424
-0.21082115173339844
-0.14889192581176758
-0.03362607955932617
-0.31516408920288086
-0.35188233852386475
0.015725135803222656
-0.5230896472930908
-0.23839116096496582
0.44483232498168945
-0.40018367767333984
-0.28787732124328613
-0.31988024711608887
-0.3292050361633301
-0.37456464767456055
-0.3710639476776123
-0.3583686351776123
0.3542501926422119
-0.2700800895690918
-0.34521484375
-0.4194512367248535
-0.2717435359954834
-0.360736608505249
-0.550896406173706
-0.23728466033935547
-0.28736066818237305
-0.4991908073425293
-0.30174899101257324
-0.24262714385986328
-0.1045534610748291
-0.42163896560668945
-0.24851536750793457
-0.6950597763061523
-0.2574899196624756
-0.48538756370544434
-0.619819164276123
-0.3828272819519043
-0.20127534866333008
-0.3495337963104248
0.015611886978149414
-0.7697300910949707
-0.4452841281890869
-0.09579753875732422
-0.4716470241546631
-0.3738701343536377
-0.3167729377746582
-0.286759614944458
-0.2578763961791992
-0.23551630973815918
-0.40161585807800293
-0.2844090461730957
0.1160268783569336
-0.48431944847106934
1.345224142074585
-0.28516340255737305
-0.6536598205566406
-0.5625159740447998
-0.33406734466552734
-0.07021522521972656
-0.27338504791259766
-0.2361888885498047
-0.21260428428649902
-0.12728095054626465
-0.22501015663146973
-0.15976166725158691
-0.14296770095825195
0.10272359848022461
-0.33075451850891113
-0.5019943714141846
-0.36501431465148926
-0.4398043155670166
-0.1805129051208496
-0.2800712585449219
-0.3284885883331299
-0.2671027183532715
-0.48155665397644043
-0.4844515323638916
-0.3479151725769043
-0.3718142509460449
-0.2792174816131592
-0.10459327697753906
-0.2980036735534668
-0.5184450149536133
-0.6487791538238525
-0.501439094543457
-0.43445491790771484
-0.3728170394897461
-0.6525931358337402
-0.3037705421447754
-0.5795080661773682
-0.2266547679901123
-0.1261448860168457
-0.5388109683990479
-0.5227944850921631
-0.1325831413269043
-0.49629664421081543
-0.2584877014160156
-0.5458266735076904
-0.05374765396118164
-0.3163442611694336
-0.3172645568847656
-0.15664172172546387
-0.3156764507293701
-0.3800833225250244
-0.5004520416259766
-0.3902616500854492
-0.38417673110961914
-0.2614121437072754
-0.4562242031097412
-0.20634937286376953
-0.280078649520874
-0.4371516704559326
-0.22745132446289062
-0.21384096145629883
-0.676457405090332
-0.4921422004699707
-0.3843982219696045
-0.13277411460876465
-0.2859466075897217
-0.45461082458496094
-0.48200535774230957
-0.6657912731170654
-0.3417832851409912
-0.2704753875732422
-0.27921581268310547
-0.0027532577514648438
-0.2768585681915283
-0.19106030464172363
-0.8399512767791748
-0.40827131271362305
-0.3462493419647217
-0.11616659164428711
-0.01513051986694336
-0.17778491973876953
-0.5532650947570801
-0.4920694828033447
-0.11146020889282227
-0.15562963485717773
-0.424419641494751
-0.4391820430755615
-0.31124114990234375
-0.39098119735717773
-0.4075157642364502
-0.36116909980773926
-0.13652682304382324
1.04667067527771
-0.4416344165802002
-0.2720663547515869
-0.34457826614379883
-0.4134557247161865
-0.7102046012878418
-0.5705873966217041
-0.04714179039001465
-0.10232329368591309
-0.470257043838501
-0.24906444549560547
-0.1783449649810791
-0.46416521072387695
-0.502485990524292
-0.17139291763305664
-0.5191757678985596
-0.1482381820678711
-0.786482572555542
0.006912946701049805
-0.5779201984405518
-0.3595592975616455
0.15071463584899902
-0.41274452209472656
-0.08851957321166992
0.10266494750976562
-0.3069610595703125
-0.2970733642578125
-0.493119478225708
-0.4083561897277832
-0.39962077140808105
-0.5073893070220947
0.07270455360412598
0.007769107818603516
-0.3285655975341797
-0.4460141658782959
-0.37149477005004883
-1.1411877870559692
-0.359799861907959
-0.4336216449737549
-0.01852107048034668
-0.4392666816711426
-0.5739355087280273
-0.27879953384399414
-0.3801701068878174
-0.10629963874816895
-0.2525057792663574
-0.3682820796966553
-0.4345219135284424
-0.3315718173980713
-0.6188631057739258
-0.33693504333496094
-0.320204496383667
-0.32703280448913574
-0.13524842262268066
-0.7452139854431152
-0.019703149795532227
-0.3565394878387451
-0.46572422981262207
-0.3817896842956543
-0.4227011203765869
-0.02905416488647461
0.1562330722808838
-0.33861660957336426
-0.09524345397949219
-0.06352114677429199
-0.22723722457885742
-0.3777198791503906
-0.08912229537963867
-0.4914827346801758
-0.2674746513366699
-0.2966187000274658
-0.4150819778442383
-0.3986356258392334
-0.10087132453918457
-0.3387455940246582
-0.586052417755127
-0.6193675994873047
-0.3934004306793213
-0.18533110618591309
-0.1613459587097168
-0.16623139381408691
-0.1271507740020752
-0.20358490943908691
-0.3270254135131836
-0.42191147804260254
-0.6403193473815918
-0.5526227951049805
-0.22908449172973633
0.2105998992919922
-0.043279170989990234
-0.09666848182678223
-0.4492309093475342
-0.26543307304382324
-0.12463021278381348
-0.1953716278076172
-0.2906782627105713
-0.356673002243042
-0.17162704467773438
0.01961660385131836
0.7282233238220215
-0.34520983695983887
-0.5052952766418457
-0.12392234802246094
-0.22896909713745117
-0.23994135856628418
-0.5769736766815186
-0.5662922859191895
-0.3486042022705078
-0.40280938148498535
-0.29442691802978516
-0.36504125595092773
-0.773944616317749
-0.5463383197784424
-0.4090707302093506
-0.29984521865844727
-0.46513962745666504
-0.04108619689941406
-0.2806565761566162
-0.1213078498840332
-0.6274404525756836
-0.19829106330871582
-0.3442115783691406
-0.33768558502197266
-0.6828887462615967
-0.1624603271484375
-0.3124086856842041
-0.1406702995300293
-0.32708311080932617
-0.48670125007629395
-0.14825940132141113
-0.08383727073669434
-0.2996997833251953
-0.03414177894592285
-0.15238189697265625
-0.10246992111206055
-0.4142305850982666
-0.07964634895324707
-0.2520127296447754
-0.20067667961120605
-0.017071962356567383
-0.3045969009399414
-0.40260839462280273
-0.24080133438110352
0.07066988945007324
-0.014700651168823242
-0.214888334274292
-0.23386478424072266
-0.17108774185180664
-0.27779436111450195
-0.21175885200500488
-0.27897143363952637
-1.0073587894439697
-0.16361117362976074
-0.038190364837646484
-0.8570029735565186
-0.4645559787750244
0.09585070610046387
-0.3533763885498047
-0.3909916877746582
-0.32070231437683105
-0.497300386428833
-0.14036250114440918
-0.6219840049743652
-0.15978264808654785
-0.2984037399291992
-0.7138559818267822
-0.5937800407409668
-0.3274555206298828
-0.32909679412841797
-0.9102420806884766
-0.8404362201690674
0.15449738502502441
-0.9569659233093262
-0.3124675750732422
-0.2782914638519287
-0.2280139923095703
-0.2179243564605713
-0.24823999404907227
-0.3139383792877197
-0.5506157875061035
-0.2077951431274414
-0.22583246231079102
0.3533439636230469
-0.4099905490875244
-0.16618728637695312
-0.3366129398345947
-0.4708731174468994
-0.5213651657104492
-0.17882657051086426
-0.5011589527130127
-0.40879011154174805
-0.35069990158081055
-0.177048921585083
-0.20430803298950195
-0.3220045566558838
-0.23964238166809082
-0.5327603816986084
-0.40343809127807617
-0.49180006980895996
-0.23883414268493652
-0.36704564094543457
-0.5220668315887451
-0.27306532859802246
-0.40592288970947266
-0.15734434127807617
-0.2813286781311035
-0.1588444709777832
-0.5134742259979248
-0.41976356506347656
-0.8843271732330322
-0.013271331787109375
-0.4023613929748535
-0.3467824459075928
-0.38715696334838867
-0.21425867080688477
-0.743278980255127
-0.2548060417175293
-0.34027862548828125
0.2505216598510742
-0.6957283020019531
0.03586101531982422
-0.24046659469604492
-0.2942183017730713
-0.3442203998565674
-0.48845386505126953
-0.1572866439819336
-0.3817305564880371
-0.6054813861846924
-0.39049482345581055
-0.6187089681625366
-0.15433001518249512
-0.3812887668609619
-0.3245668411254883
-0.17189669609069824
-0.35509514808654785
-0.3791623115539551
-0.3394622802734375
-0.2934427261352539
-0.3847978115081787
-0.15569829940795898
-0.10281658172607422
-0.3865199089050293
-0.36609745025634766
-0.06298351287841797
-0.16584110260009766
-0.12916803359985352
-0.4516260623931885
-0.5479691028594971
-0.15217995643615723
-0.4066920280456543
-0.4541797637939453
0.19457221031188965
-0.21520590782165527
-0.17530465126037598
-0.20199036598205566
-0.008129596710205078
-0.39983081817626953
-0.37169814109802246
-0.3619246482849121
-0.495211124420166
-0.5156447887420654
-0.3090944290161133
-0.6617913246154785
-0.3357665538787842
-0.6619340181350708
-0.37905454635620117
-0.35779786109924316
-0.7362856864929199
-0.5594913959503174
-0.3338203430175781
-0.4270131587982178
-0.48134493827819824
-0.23867535591125488
-0.45801496505737305
-0.1946849822998047
-0.30734896659851074
-0.4610443115234375
-0.3047926425933838
-0.23772716522216797
-0.0061016082763671875
-0.11028265953063965
-0.018115758895874023
-0.42701077461242676
-0.5684201717376709
-0.2828512191772461
-0.11966729164123535
-0.3787531852722168
-0.7498397827148438
-0.2486894130706787
-0.336334228515625
-0.03356432914733887
-0.32042527198791504
-0.10172820091247559
-0.09293127059936523
-0.5218980312347412
-0.1513509750366211
-0.5159326791763306
-0.41472506523132324
-0.14562726020812988
-0.07424020767211914
-0.22020959854125977
-0.5256404876708984
-0.3603861331939697
-0.04921746253967285
-0.05930066108703613
-0.2845029830932617
-0.20982027053833008
-0.03505563735961914
-0.5412001609802246
0.015475034713745117
-0.3165769577026367
-0.6656816005706787
-0.3222825527191162
-0.3588705062866211
-0.4971897602081299
-0.6041247844696045
-0.2612771987915039
0.9643285274505615
-0.32831764221191406
-0.11674761772155762
-0.23153948783874512
-0.34065794944763184
-0.2214827537536621
-0.3912546634674072
-0.4474930763244629
-0.2949082851409912
-0.43164634704589844
-0.4570143222808838
-0.16505932807922363
-0.3548929691314697
-0.2991487979888916
-0.2820546627044678
-0.16650032997131348
-0.27346158027648926
-0.24434494972229004
-0.16768407821655273
-0.08883047103881836
-0.2659614086151123
-0.16072535514831543
-0.04427599906921387
-0.25424671173095703
-0.4555690288543701
-0.1926746368408203
-0.2847900390625
-0.35388755798339844
-0.3155076503753662
-0.22747325897216797
0.09006547927856445
-0.2148759365081787
0.23497295379638672
-0.14015555381774902
-0.4826648235321045
-0.38422632217407227
-0.2794811725616455
-0.16814708709716797
-0.5070370435714722
-0.3981032371520996
-0.3169689178466797
-0.36682891845703125
-0.6501936912536621
-0.4138917922973633
-0.09853291511535645
-0.07702469825744629
-0.38098764419555664
-0.2556161880493164
-0.3909590244293213
-0.1740274429321289
-0.184859037399292
-0.4142603874206543
-0.4823474884033203
-0.2023460865020752
-0.35256528854370117
0.08901286125183105
-0.4958810806274414
-0.365614652633667
0.08005404472351074
-0.33156847953796387
-0.35845470428466797
-0.20459365844726562
-0.18167471885681152
-0.39421892166137695
-0.11321473121643066
-0.3760242462158203
-0.5482733249664307
-0.39729762077331543
0.9813106060028076
0.20027637481689453
-0.3649733066558838
-0.4764232635498047
-0.4518306255340576
-0.21968555450439453
-0.08449673652648926
-0.46688413619995117
-0.6622331142425537
-0.5203092098236084
-0.9645538330078125
-0.6044087409973145
-0.194352388381958
-0.16219496726989746
-0.32988691329956055
-0.36183714866638184
-0.6795451641082764
0.013869047164916992
-0.15766096115112305
-0.5476419925689697
-0.08361935615539551
-0.25549769401550293
-0.0617678165435791
-0.3421475887298584
-0.08353042602539062
-0.3911013603210449
-0.15491819381713867
-0.3339388370513916
-0.11791706085205078
-0.2517096996307373
-0.34461045265197754
-0.27791786193847656
-0.2732117176055908
0.02148604393005371
-0.06697559356689453
-0.06657814979553223
-0.4874691963195801
-0.25171518325805664
-0.07737517356872559
-0.5456502437591553
0.12103986740112305
-0.7085902690887451
-0.5002021789550781
-0.1575007438659668
-0.519106388092041
-0.29715824127197266
-0.7185239791870117
-0.5997812747955322
-0.0868375301361084
0.2582893371582031
-0.04408073425292969
-0.5126049518585205
-0.44913411140441895
-0.11992955207824707
-0.4581778049468994
-0.46454763412475586
-0.2469644546508789
-0.5851929187774658
0.31389498710632324
-0.2890331745147705
-0.5988075733184814
-0.4067246913909912
-0.4558432102203369
-0.45941925048828125
-0.20436334609985352
-0.29569220542907715
-0.35431742668151855
-0.16189336776733398
-0.3027019500732422
-0.23868107795715332
-0.5156185626983643
-0.1844799518585205
-0.19742417335510254
-0.37459754943847656
-1.132861852645874
-0.052426815032958984
-0.07346534729003906
0.3140139579772949
-0.20913410186767578
-0.304734468460083
-0.10867643356323242
-0.10554718971252441
-0.4410583972930908
-0.041176557540893555
-0.38428938388824463
-0.4878804683685303
-0.3558311462402344
0.23239684104919434
0.06791067123413086
-0.4021432399749756
-0.16271066665649414
-0.2673497200012207
-0.5396337509155273
-0.10971593856811523
0.11776900291442871
0.003755807876586914
-0.502251148223877
-0.4901444911956787
-0.23944878578186035
-0.16147685050964355
-0.22999358177185059
-0.41405677795410156
-0.4843289852142334
0.06331801414489746
-0.6247401237487793
-0.017046451568603516
-0.1955561637878418
-0.46642112731933594
0.3821699619293213
-0.38387012481689453
-0.28693675994873047
-0.30242443084716797
-0.3804152011871338
-0.4648866653442383
-0.5209815502166748
-0.14507389068603516
-0.3154923915863037
-0.4901845455169678
-0.5967679023742676
-0.5748367309570312
-0.1763007640838623
-0.13648366928100586
-0.5189335346221924
-0.22461891174316406
-0.2731354236602783
-0.5522303581237793
-0.23606157302856445
-0.4181983470916748
-0.3988461494445801
-0.7182655334472656
-0.1940135955810547
-0.16551804542541504
-0.38851141929626465
-0.5436587333679199
-0.23467755317687988
-0.36908769607543945
-0.06741118431091309
-0.05565285682678223
-0.5076143741607666
-0.19536614418029785
-0.4607889652252197
-0.4562387466430664
-0.29221153259277344
0.13524103164672852
-0.4806935787200928
-0.4572179317474365
-0.47649502754211426
0.1321406364440918
-1.1667031049728394
-0.568798303604126
-0.325225830078125
-0.41488027572631836
-0.515296220779419
-0.20833992958068848
-0.0966789722442627
-0.4270768165588379
-0.405444860458374
-0.28958988189697266
-0.48128342628479004
-0.39545249938964844
-0.3825869560241699
-0.48032569885253906
-0.1860051155090332
-0.230604887008667
-0.1706697940826416
-0.3141453266143799
-0.3755533695220947
-0.373889684677124
-0.2099752426147461
-0.2879512310028076
-0.25101590156555176
-0.5631213188171387
-0.36069488525390625
-0.27516651153564453
-0.5693820714950562
-0.2905724048614502
-0.0005636215209960938
-0.3218252658843994
-0.04253125190734863
-0.5411144495010376
-0.2928733825683594
-0.16309142112731934
-0.34078526496887207
-0.1256120204925537
-0.2923619747161865
-0.5241293907165527
-0.6618752479553223
-0.5033137798309326
-0.07950568199157715
1.0652902126312256
-0.1672651767730713
-0.14350128173828125
-0.21016693115234375
-0.4429938793182373
-0.2730846405029297
-0.3624296188354492
-0.32490086555480957
0.9815835952758789
-0.4579343795776367
-0.19131088256835938
-0.28111910820007324
-0.5690839290618896
-0.4930133819580078
-0.09451818466186523
-0.2522919178009033
-0.7013163566589355
-0.36234521865844727
-0.4809226989746094
-0.6552095413208008
-0.26575279235839844
-0.27619457244873047
-0.4948301315307617
-0.25107812881469727
-0.12630105018615723
-0.11284446716308594
-0.35273003578186035
-0.7496564388275146
-0.5071737766265869
0.07860493659973145
-0.31174278259277344
-0.2181081771850586
0.07877922058105469
-0.2657966613769531
-0.5359055995941162
-0.29797983169555664
-0.6052327156066895
-0.6501283645629883
-0.18722248077392578
-0.1605851650238037
-0.639602541923523
-0.1927015781402588
-0.26396632194519043
-0.5409245491027832
-0.6106598377227783
-0.7707623243331909
-0.3573474884033203
-0.4858243465423584
-0.09460687637329102
0.13480710983276367
-0.3737947940826416
-0.4903564453125
-0.4578063488006592
-0.015681982040405273
-0.34243345260620117
-0.7167444229125977
-0.3655977249145508
-0.5034470558166504
-0.14972257614135742
-0.1257929801940918
-0.3525216579437256
-0.4666001796722412
-0.05882596969604492
0.19429373741149902
-0.35298871994018555
-0.5063595771789551
-0.19154596328735352
-0.013432025909423828
-0.22743868827819824
-0.3051919937133789
-0.43830204010009766
-0.4510045051574707
-0.4173915386199951
-0.330202579498291
-0.6805198192596436
-0.4902195930480957
-0.37793636322021484
-0.4727814197540283
-0.24235749244689941
-0.37691760063171387
-0.42993855476379395
-0.1243903636932373
-0.2402477264404297
0.13312125205993652
-0.4248631000518799
-0.0720822811126709
-0.27921462059020996
-0.2211472988128662
-0.3569345474243164
-0.4466743469238281
-0.10390663146972656
-0.5697522163391113
-0.5237367153167725
0.3078031539916992
-0.4056375026702881
-0.3192307949066162
-0.6469768285751343
-0.2632899284362793
0.2838101387023926
-0.6742289066314697
-0.4886512756347656
-0.07570552825927734
-0.4833369255065918
-0.1876387596130371
-0.4027268886566162
-0.4760115146636963
-0.34195947647094727
-0.7580642700195312
-0.41161060333251953
-0.384537935256958
-0.5153391361236572
-0.48558545112609863
-0.20943999290466309
-0.4607698917388916
-0.2860565185546875
-0.39737629890441895
-0.41779541969299316
-0.16868019104003906
-0.36745285987854004
-0.4667479991912842
-0.32288384437561035
-0.5099976062774658
-0.8088455200195312
-0.18912458419799805
-0.45187830924987793
-0.2966880798339844
-0.5420920848846436
-0.6381024122238159
-0.43847107887268066
-0.1215827465057373
-0.2559041976928711
-0.01909804344177246
-0.4111003875732422
0.027779340744018555
-0.5772354602813721
-0.3596608638763428
-0.3124411106109619
-0.15147995948791504
-0.3157002925872803
-0.3578681945800781
-0.18135476112365723
-0.6354954242706299
-0.5434809923171997
-0.2879831790924072
-0.21925640106201172
0.49378061294555664
-0.3807711601257324
-0.2916574478149414
-0.6623446941375732
-0.11166095733642578
-0.13909435272216797
-0.38751816749572754
-0.5373295545578003
-0.043593645095825195
-0.3894355297088623
-0.3588460683822632
-0.21463871002197266
-0.06250190734863281
-0.6458325386047363
-0.43483710289001465
-0.13216686248779297
-0.5917453765869141
-0.6033906936645508
-0.43208813667297363
-0.35653162002563477
-0.1863727569580078
-0.3473339080810547
-0.500206708908081
-0.4277520179748535
-0.42458152770996094
-0.18094563484191895
-0.27599000930786133
-0.32631349563598633
-0.1921236515045166
-0.2349257469177246
-0.5335452556610107
-0.42575597763061523
-0.05367255210876465
-0.2871270179748535
-0.46976351737976074
-0.47275876998901367
-0.6131598949432373
0.07410454750061035
-0.24750924110412598
-0.43698740005493164
-0.675839900970459
-0.3357737064361572
-0.44637012481689453
-0.17774343490600586
-0.5596969127655029
-0.17107224464416504
-0.3458833694458008
-0.32530951499938965
0.06219840049743652
-0.11835622787475586
-0.671328067779541
-0.29201841354370117
-0.049185991287231445
-0.6921265125274658
0.39200258255004883
-0.17326045036315918
-0.5000033378601074
-0.0999903678894043
-0.27069544792175293
-0.3371090888977051
-0.2739536762237549
-0.2732253074645996
-0.6511390209197998
-0.468825101852417
0.603114128112793
0.08696770668029785
-0.5421011447906494
-0.4252345561981201
-1.0462608337402344
0.010752677917480469
-0.4272735118865967
-0.5925235748291016
-0.32871484756469727
-0.11745262145996094
-0.15469884872436523
-0.3779785633087158
-0.25849127769470215
-0.17439961433410645
-0.574838399887085
-0.29279398918151855
-0.45839977264404297
-0.4935910701751709
-0.22864651679992676
-0.3682088851928711
-0.2822535037994385
-0.33887624740600586
-0.40772056579589844
-0.37497687339782715
-0.043846845626831055
-0.2865254878997803
-0.036192893981933594
-0.11337900161743164
-0.31864190101623535
-0.3779301643371582
-0.05924844741821289
-0.36199522018432617
-0.32086920738220215
0.2147078514099121
-0.14403748512268066
-0.21026945114135742
-0.16318440437316895
-0.5088410377502441
-0.497652530670166
-0.3189375400543213
0.07779598236083984
-0.14731168746948242
-0.4717710018157959
-0.07201027870178223
-0.05021357536315918
-0.28618741035461426
-0.9803733825683594
-0.5616579055786133
-0.2225513458251953
0.1654191017150879
-0.417926549911499
-0.3584146499633789
-0.4894416332244873
-0.023545265197753906
-0.39752197265625
-0.3323554992675781
-0.21370172500610352
0.00617671012878418
-0.5253865718841553
-0.3557131290435791
-0.2048804759979248
-0.06706905364990234
-0.4473230838775635
-0.7862894535064697
0.021609067916870117
-0.29491400718688965
-0.5748369693756104
-0.3110179901123047
-0.6043853759765625
-0.29959678649902344
-0.510291576385498
-0.4048147201538086
-0.0951688289642334
-0.6192185878753662
-0.9011183977127075
-0.3494229316711426
-0.41727352142333984
0.2833070755004883
-0.3929610252380371
-0.6714029312133789
-0.1056818962097168
-0.19268560409545898
-0.3573460578918457
-0.2720675468444824
-0.13755035400390625
-0.5006859302520752
0.0849766731262207
-0.2985575199127197
-0.49367856979370117
-0.5947277545928955
0.10993838310241699
-0.33171677589416504
-0.16896414756774902
-0.1769566535949707
0.6321661472320557
-0.09471464157104492
-0.38738298416137695
-0.5041780471801758
0.06688737869262695
-0.3051893711090088
-0.3766779899597168
-0.4217040538787842
-0.35622262954711914
-0.23398637771606445
0.09986615180969238
-0.4260280132293701
-0.1689453125
-0.42774271965026855
-0.4321939945220947
-0.1665334701538086
-0.19895100593566895
-0.5454695224761963
-0.5631387233734131
-0.2508993148803711
-0.3275468349456787
-0.25065040588378906
-0.16600823402404785
-0.3602714538574219
-0.2669637203216553
-0.16231584548950195
-0.271334171295166
-0.512852668762207
0.08503842353820801
-0.22177743911743164
-0.5041320323944092
-0.3918168544769287
-0.6117831468582153
-0.31817150115966797
-0.7640476226806641
-0.14685821533203125
-0.10872435569763184
-0.08896183967590332
-0.049892425537109375
-0.09521102905273438
-0.38408374786376953
0.16002368927001953
-0.33027195930480957
-0.2904667854309082
-0.19881176948547363
-0.20007061958312988
-0.31406664848327637
-0.5205597877502441
-0.13667726516723633
-0.47078657150268555
-0.2438983917236328
-0.3529093265533447
-0.38533949851989746
-0.20972681045532227
-0.22529172897338867
-0.4060983657836914
-0.24829626083374023
-0.23280811309814453
-0.6524591445922852
-0.3262615203857422
-0.6572055816650391
-0.09126400947570801
-0.5167744159698486
-0.41405820846557617
-0.36175966262817383
-0.6960067749023438
-0.259232759475708
-0.579559326171875
-0.5662524700164795
-0.3797743320465088
-0.07343602180480957
-0.2690310478210449
-0.4920170307159424
0.1276862621307373
-0.30823254585266113
-0.4881112575531006
-0.1976015567779541
-0.0018985271453857422
-0.2860286235809326
-0.5121159553527832
-0.28629469871520996
-0.2825770378112793
-0.12835121154785156
-0.4158639907836914
-0.020017147064208984
-0.05981087684631348
-0.26402974128723145
-0.3059263229370117
0.2911064624786377
-0.6330162286758423
-0.40949511528015137
-0.47269654273986816
0.09341979026794434
-0.2668912410736084
-0.10016727447509766
-0.33154940605163574
-0.6393132209777832
-0.0034906864166259766
-0.2650890350341797
-0.6182725429534912
-0.0639798641204834
-0.24038481712341309
-0.23965024948120117
-0.6807446479797363
-0.5174901485443115
-0.46399497985839844
0.6829700469970703
-0.4887549877166748
-0.4833414554595947
-0.4290578365325928
0.08954429626464844
0.32642674446105957
-0.11754179000854492
-0.2457139492034912
-0.485485315322876
-0.34651875495910645
0.33199048042297363
-0.12377715110778809
-0.3995397090911865
-0.7679524421691895
-0.39335083961486816
-0.676393985748291
-0.3664829730987549
-0.20136666297912598
-0.05141401290893555
-0.32674551010131836
-0.3264484405517578
0.031989336013793945
-0.3650949001312256
-0.36537909507751465
-0.35430431365966797
-0.3034026622772217
-0.40592360496520996
-0.41354846954345703
0.04652762413024902
-0.5305471420288086
-0.21947026252746582
-0.9798727035522461
-0.4456322193145752
-0.6062521934509277
0.4693725109100342
-0.4899866580963135
-0.5071091651916504
0.2406628131866455
-0.29285430908203125
-0.47316503524780273
-0.3140089511871338
-0.26154232025146484
-0.1258988380432129
-0.6010100841522217
-0.8768386840820312
-0.17447948455810547
-0.3866851329803467
-0.16021227836608887
-0.35889458656311035
-0.26956915855407715
-0.4578709602355957
-0.4031941890716553
-0.2867312431335449
-0.3589663505554199
-0.2242264747619629
0.24333405494689941
-0.2472531795501709
0.040375471115112305
-0.5414378643035889
-0.3925204277038574
-0.5654003620147705
-0.07043743133544922
-0.7057037353515625
-0.028043746948242188
-0.11960816383361816
-0.5876686573028564
0.19725847244262695
-0.7284423112869263
-0.23561644554138184
-0.28221845626831055
-0.34693241119384766
-0.2656407356262207
-0.09081840515136719
-0.9173095226287842
-0.42879390716552734
-0.02279829978942871
0.31766796112060547
-1.141355276107788
-0.14681029319763184
0.016225576400756836
0.1642932891845703
-0.43892860412597656
-0.1770343780517578
-0.22280168533325195
-0.4151790142059326
-0.17289996147155762
-0.8013789653778076
-0.21619772911071777
-0.2745633125305176
-0.36044788360595703
-0.21733713150024414
-0.04601621627807617
-0.6495966911315918
-0.4101405143737793
-0.19447088241577148
-0.18642091751098633
-0.2754397392272949
-0.3088405132293701
-0.40233516693115234
-0.7072298526763916
-0.4639096260070801
-0.24374604225158691
-0.4205939769744873
-0.20001506805419922
-0.2874617576599121
0.20781254768371582
-0.46607398986816406
-0.35944128036499023
-0.48183465003967285
-0.4242722988128662
0.06877779960632324
-0.2827434539794922
-0.29206061363220215
-0.5372004508972168
0.002524852752685547
-0.21279478073120117
-0.27286410331726074
-0.552696704864502
-0.3770442008972168
-0.3307991027832031
-0.35535144805908203
-0.28817248344421387
-0.39565563201904297
-0.5571284294128418
-0.7062153816223145
-0.20247673988342285
-0.36557555198669434
-0.2610630989074707
-0.2769908905029297
-0.5341527462005615
-0.44345951080322266
-0.08717107772827148
0.19938921928405762
-0.20824146270751953
-0.19919657707214355
-0.20848369598388672
-0.40091943740844727
-0.16162776947021484
0.4348413944244385
-0.3048274517059326
-0.24567270278930664
-0.0823206901550293
-0.9839177131652832
-0.481062650680542
-0.41657185554504395
-0.39015817642211914
-0.22732329368591309
-0.2831249237060547
-0.10051274299621582
-0.15978264808654785
-0.765507698059082
-0.22411584854125977
-0.489119291305542
-0.11092233657836914
-0.5197293758392334
-0.31210947036743164
-0.24353313446044922
-0.3893311023712158
-0.15340375900268555
-0.3870730400085449
-0.4129784107208252
-0.23653531074523926
-0.38931989669799805
-0.353252649307251
-0.07161664962768555
0.1921236515045166
0.03410649299621582
-0.3438265323638916
-0.33815908432006836
-0.41283178329467773
-0.52817702293396
-0.741631031036377
-0.6077094078063965
-0.17400765419006348
-0.5226399898529053
-0.5595130920410156
-0.6036596298217773
-0.2515065670013428
-0.3036375045776367
0.16414356231689453
-0.47496509552001953
-0.22527170181274414
-0.2275071144104004
-0.3719043731689453
-0.4411499500274658
-0.3424854278564453
-0.4322335720062256
-0.42477869987487793
0.06933474540710449
-0.619537353515625
-0.49875831604003906
-0.08717155456542969
-0.3904118537902832
-0.31090331077575684
-0.3011136054992676
-0.6381378173828125
0.20332670211791992
-0.5465414524078369
-0.5773372650146484
0.049269914627075195
0.2427079677581787
-0.45227694511413574
-0.7592957019805908
-0.42154788970947266
-0.2647368907928467
-0.4437711238861084
-0.16756415367126465
-0.48877978324890137
-0.772608757019043
-0.3092818260192871
-0.5396826267242432
0.011801481246948242
-0.45409059524536133
-0.4716017246246338
-0.6525602340698242
-0.5287008285522461
-0.7061572074890137
-0.3288760185241699
-0.4142014980316162
-0.34049153327941895
-0.40522122383117676
-0.45209693908691406
0.030111074447631836
0.5271172523498535
-0.301039457321167
-0.11341261863708496
-0.19539594650268555
-0.05982398986816406
-0.341747522354126
-0.43694543838500977
-0.8522098064422607
-0.5371804237365723
-0.34569239616394043
0.34290289878845215
-0.05183219909667969
-0.2249605655670166
-0.23743534088134766
-0.2754812240600586
-0.027518510818481445
-0.2334730625152588
-0.3536093235015869
-0.26477479934692383
-0.1449289321899414
-0.38956427574157715
-0.21540021896362305
-0.16092157363891602
-0.4786112308502197
-0.7022209167480469
-0.5907065868377686
-0.23894357681274414
-0.1527540683746338
-0.6154544353485107
-0.35801219940185547
-0.21981525421142578
-0.4131169319152832
-0.37874794006347656
-0.3462355136871338
-0.43067336082458496
-0.4383237361907959
-0.2070002555847168
-0.11130738258361816
-0.4701542854309082
-0.12818312644958496
-0.08976626396179199
-0.32592177391052246
-0.3143038749694824
-0.2367701530456543
0.024182796478271484
-0.39487576484680176
-0.15815496444702148
-0.4798007011413574
-0.480588436126709
-0.8870959281921387
-0.34644198417663574
-0.16082215309143066
0.49848508834838867
0.1373276710510254
-0.23517632484436035
-0.07179689407348633
-0.2828340530395508
-0.4024183750152588
-0.1297907829284668
-0.08610010147094727
-0.4475367069244385
-0.6244823932647705
0.14362788200378418
-0.614893913269043
-0.14894318580627441
-0.32998180389404297
-0.35268664360046387
-0.20775437355041504
-0.4004385471343994
-0.3071935176849365
-0.11553549766540527
-0.361311674118042
-0.33948540687561035
-0.24820423126220703
-0.6915206909179688
-0.44977736473083496
-0.2980766296386719
0.04738259315490723
-0.2560389041900635
-0.45252156257629395
0.0579838752746582
-0.28054189682006836
-0.16091227531433105
-0.33237767219543457
0.4858982563018799
-0.2505605220794678
-0.3683598041534424
-0.3353712558746338
-0.19060635566711426
-0.4190404415130615
-0.2895240783691406
-0.5058901309967041
-0.2512931823730469
-0.359694242477417
0.5472202301025391
-0.199965238571167
-0.46944737434387207
-0.27497124671936035
-0.10149192810058594
-0.015329599380493164
-0.6021792888641357
-0.2387561798095703
-0.6364138126373291
-0.16832756996154785
-0.19531941413879395
-0.26424622535705566
-0.538466215133667
-0.31626057624816895
-0.5199606418609619
0.09971809387207031
-0.1797010898590088
-0.5844783782958984
-0.5731501579284668
-0.3692333698272705
-0.4064044952392578
0.18028521537780762
0.058087825775146484
-0.3964273929595947
-0.14619755744934082
-0.4861421585083008
-0.17874407768249512
-0.435443639755249
0.06735825538635254
-0.4505782127380371
-0.40339112281799316
0.02237224578857422
-0.41208553314208984
-0.41589879989624023
-0.1874561309814453
-0.06561684608459473
-0.4144151210784912
-0.7605586051940918
-0.5095703601837158
-0.4202892780303955
-0.2777276039123535
-0.21954989433288574
-0.11021280288696289
0.7044756412506104
-0.21607208251953125
-0.0769803524017334
0.15784835815429688
-0.6023299694061279
-0.012846231460571289
-0.6710419654846191
-0.6180315017700195
-0.14243221282958984
0.19774293899536133
-0.36072778701782227
-0.13096284866333008
-0.11061763763427734
-0.177201509475708
-0.3370499610900879
-0.3338890075683594
-0.6102824211120605
-0.32247447967529297
-0.3391604423522949
-0.31630825996398926
-0.4613814353942871
-0.2578141689300537
-0.1911451816558838
0.0625905990600586
-0.24472332000732422
-0.5771799087524414
-0.008546113967895508
-0.8467411994934082
-0.3105025291442871
0.03089165687561035
-0.33739542961120605
-0.11927676200866699
-0.5633313655853271
-0.24173545837402344
-0.8801140785217285
-0.35008692741394043
-1.026735782623291
0.2964475154876709
-0.6072218418121338
-0.3765439987182617
-0.33217859268188477
0.06318187713623047
-0.2852473258972168
0.2038564682006836
-0.5454151630401611
-0.45834875106811523
-0.1924877166748047
-0.43897247314453125
-0.31354403495788574
-0.43880629539489746
-0.2686350345611572
0.014258384704589844
-0.17587995529174805
-0.31290221214294434
-0.4822697639465332
-0.015030145645141602
-0.6927073001861572
-0.3466157913208008
-0.2547471523284912
-0.34824609756469727
-0.48932671546936035
-0.2137136459350586
-0.08609771728515625
-0.2687716484069824
-0.1797025203704834
-0.7397472858428955
-0.08594369888305664
-0.3844320774078369
-0.06460928916931152
-0.32059216499328613
-0.28957223892211914
-0.337810754776001
0.12222480773925781
-0.598808765411377
-0.5120413303375244
-0.13929986953735352
-0.32079339027404785
-0.5855827331542969
-0.4188499450683594
-0.22585034370422363
-0.40062785148620605
-0.2498924732208252
-0.43636178970336914
-0.3352489471435547
-0.2668497562408447
-0.38553500175476074
-0.17173147201538086
-0.2702059745788574
-0.3270304203033447
-0.8350632190704346
0.0838019847869873
-0.092498779296875
-0.5241060256958008
-0.06717634201049805
-0.2861628532409668
-0.08272099494934082
-0.22003483772277832
-0.43535804748535156
-0.20359420776367188
-0.590977668762207
-0.593287467956543
-0.39456915855407715
-0.3937687873840332
-0.6814651489257812
-0.3819417953491211
-0.5998833179473877
-0.4810066223144531
-0.4697887897491455
-0.3352208137512207
0.9039099216461182
-0.19259977340698242
-0.5212924480438232
-0.3586704730987549
-0.11891698837280273
-0.7153501510620117
-0.026155948638916016
-0.14868831634521484
-0.15827631950378418
-1.0512089729309082
0.41151952743530273
-0.3361477851867676
0.039412736892700195
-0.3201591968536377
-0.11510109901428223
0.41770148277282715
-0.5290384292602539
-0.28162145614624023
-0.33828020095825195
-0.2794628143310547
-0.4603152275085449
-0.4073503017425537
-0.4422421455383301
-0.2996814250946045
-0.43326473236083984
-0.22398591041564941
-0.11065340042114258
-0.26131701469421387
-0.2364962100982666
-0.40700507164001465
-0.25005245208740234
0.44606447219848633
-0.27228832244873047
-0.259171724319458
-0.3304440975189209
-0.430070161819458
-0.42470526695251465
-0.7653799057006836
-0.39354372024536133
-0.20926165580749512
-0.2761659622192383
-0.6408693790435791
-0.3088362216949463
-0.6274106502532959
-0.49719667434692383
-0.1663980484008789
-0.1693563461303711
-0.25896358489990234
-0.4826803207397461
-0.2635979652404785
-0.4666452407836914
-0.26407861709594727
-0.5283305644989014
-0.4971804618835449
-0.5194230079650879
-0.06117653846740723
-0.6195700168609619
-0.4148106575012207
-0.10872483253479004
-0.1066899299621582
0.08631157875061035
-0.1669139862060547
-0.737436056137085
-0.7175543308258057
-0.3756296634674072
-0.5880811214447021
-0.4159374237060547
-0.21052193641662598
-0.4392824172973633
0.2707235813140869
-0.2705657482147217
-0.3350203037261963
-0.40277624130249023
-0.2399749755859375
-0.24181795120239258
-0.2818894386291504
-0.3178105354309082
-0.4215824604034424
-0.1171119213104248
-0.38396477699279785
-0.49924492835998535
0.002316713333129883
-0.26576805114746094
0.009972095489501953
-0.26539087295532227
-0.6898307800292969
-0.3576638698577881
-0.6256730556488037
-0.7436139583587646
-0.3512406349182129
-0.49544858932495117
-0.19031858444213867
-0.20232725143432617
-0.1532588005065918
-0.2785191535949707
-0.4489011764526367
-0.3500840663909912
-0.43962740898132324
-0.3725769519805908
-0.45768308639526367
-0.29907727241516113
-0.3125793933868408
-0.28064942359924316
-0.06121087074279785
-0.38257765769958496
-0.39423346519470215
-0.43485331535339355
-0.16651058197021484
0.5828773975372314
-0.50750732421875
-0.08582282066345215
-0.3716599941253662
-0.2141721248626709
-0.24369382858276367
-0.09772253036499023
-0.7510147094726562
-0.3982536792755127
-0.12262582778930664
-0.32479023933410645
-0.03580164909362793
-0.20313096046447754
-0.6176149845123291
0.05687975883483887
0.8235301971435547
-0.19935178756713867
-0.22414016723632812
0.07616448402404785
-0.4317622184753418
-0.14677715301513672
-0.4112875461578369
0.3383786678314209
-0.4263300895690918
-0.48636388778686523
-0.430131196975708
-0.4012448787689209
-0.3290131092071533
-0.3848569393157959
-0.14077425003051758
-0.17790007591247559
-0.4311342239379883
-0.3484671115875244
-0.04013633728027344
-0.5140764713287354
-0.5053062438964844
-0.4975013732910156
-0.5493690967559814
-0.3782036304473877
-0.20825409889221191
-0.4753856658935547
-0.6034688949584961
-0.33324217796325684
-0.1617717742919922
-0.46532464027404785
-0.5764875411987305
-0.4736464023590088
0.04499959945678711
-0.4702341556549072
-0.341660737991333
-0.5925960540771484
-0.06529974937438965
-0.37689995765686035
-0.3509089946746826
-0.20048904418945312
-0.39928221702575684
-0.1705029010772705
-0.4616262912750244
-0.28879356384277344
0.7312955856323242
-0.2169480323791504
-0.027237653732299805
-0.7214281558990479
-0.8475140333175659
-0.15122389793395996
-0.41076064109802246
0.2018423080444336
-0.3389158248901367
-0.31096339225769043
-0.4939603805541992
-0.17896485328674316
-0.6096827983856201
-0.40529656410217285
-0.4099266529083252
-0.2362205982208252
-0.3309950828552246
-0.1831367015838623
0.048436641693115234
-0.33081912994384766
-0.33115100860595703
-0.14903473854064941
-0.31865739822387695
-0.20788908004760742
-0.30433058738708496
-0.25988101959228516
0.043718814849853516
-0.2876296043395996
-0.3717374801635742
-0.2947852611541748
-0.194746732711792
-0.3060569763183594
-0.3727107048034668
-0.5783710479736328
-0.5088911056518555
-0.6314432621002197
-0.5380175113677979
-0.3437492847442627
-0.1007695198059082
-0.2660083770751953
-0.3130531311035156
0.41147398948669434
-0.41797924041748047
-0.1572408676147461
-0.3186910152435303
-0.10322237014770508
-0.13602161407470703
-0.13241004943847656
-0.0871129035949707
-0.42642951011657715
-0.5574965476989746
-0.28313612937927246
-0.2556571960449219
-0.32404661178588867
-0.3850226402282715
-0.11115097999572754
-0.1172952651977539
-0.46659231185913086
-0.4941670894622803
-0.2819559574127197
-0.045537710189819336
-0.3527231216430664
-0.3480188846588135
-0.41785240173339844
-0.6594538688659668
-0.9704382419586182
-0.4788234233856201
-0.3426539897918701
-0.04439210891723633
-0.07896184921264648
-0.783538818359375
-0.38851118087768555
-0.2795705795288086
-0.34622716903686523
-0.30451059341430664
-0.27849459648132324
-0.7314884662628174
-0.20989298820495605
-0.5775119066238403
-0.5300328731536865
-0.23447227478027344
-0.20276260375976562
0.029497385025024414
-0.3751201629638672
-0.24226808547973633
-0.7336862087249756
-0.43004941940307617
-0.30489158630371094
-0.5700953006744385
-0.30359530448913574
-0.49764394760131836
-0.5268781185150146
-0.3341639041900635
-0.46162891387939453
-0.07978367805480957
-0.6212716102600098
-0.2269575595855713
-0.09288311004638672
-0.0414431095123291
-0.7172778844833374
-0.43494677543640137
-0.4396016597747803
-0.33443737030029297
-0.34055662155151367
-0.3334062099456787
-0.9656655788421631
-0.17991185188293457
-0.3721644878387451
-0.444429874420166
0.11158514022827148
-0.11154413223266602
-0.6053128242492676
-0.3277449607849121
-0.175919771194458
-0.5788753032684326
-0.11503767967224121
0.07309341430664062
-0.14496374130249023
-0.3830752372741699
-0.8231310844421387
-0.3331131935119629
-0.33640217781066895
-0.4219245910644531
-0.2633018493652344
-0.20076632499694824
-0.5076000690460205
-0.42829179763793945
-0.03886055946350098
-0.6331453323364258
-0.12768220901489258
-0.2877504825592041
-0.5134742259979248
-0.3366222381591797
-0.37799525260925293
-0.24413299560546875
-0.6793010234832764
-0.41929030418395996
0.02395796775817871
-0.5150682926177979
-0.23652029037475586
-0.4664931297302246
-0.3263669013977051
-0.09238243103027344
-0.41874194145202637
-0.24016380310058594
0.037270307540893555
-0.1915297508239746
0.11378026008605957
-0.4196336269378662
-0.4532949924468994
-0.3750462532043457
-0.3112955093383789
-0.4161641597747803
-0.2657034397125244
-0.10070228576660156
0.9081506729125977
-0.4568171501159668
-0.024821996688842773
-0.8403198719024658
-0.31923747062683105
-0.12598276138305664
-0.3976175785064697
-0.15743374824523926
-0.5239946842193604
-0.2719688415527344
-0.5700259208679199
-0.17013239860534668
-0.8606562614440918
-0.40256547927856445
-0.36835694313049316
-0.32509946823120117
-0.1657390594482422
-0.41129589080810547
-0.3285183906555176
-0.6201016902923584
0.07033085823059082
-0.1401078701019287
-0.3253781795501709
0.2128000259399414
-0.4886782169342041
-0.3530251979827881
-0.5441741943359375
0.19712448120117188
-0.5998020172119141
-0.35501670837402344
-0.4793415069580078
-0.4314751625061035
-0.06387042999267578
-0.27076005935668945
-0.4799787998199463
-0.4087944030761719
-0.1101388931274414
-0.06303095817565918
-0.23409080505371094
-0.40219855308532715
-0.8076589107513428
-0.27036404609680176
-0.2872884273529053
-0.3967432975769043
-0.16935062408447266
-0.35613107681274414
-0.5567355155944824
-0.2338409423828125
0.5317742824554443
-0.4429056644439697
-0.3659543991088867
-0.38666582107543945
-0.27811360359191895
-0.46990203857421875
-0.21755242347717285
-0.15561437606811523
-0.29882168769836426
-0.26343202590942383
-0.40512752532958984
-0.3728950023651123
-0.3659806251525879
-0.34424281120300293
-0.45639514923095703
-0.24094271659851074
-0.4833230972290039
-0.48569273948669434
-0.2574896812438965
-0.3854796886444092
-0.5844333171844482
-0.6204133033752441
-0.4636073112487793
0.13258981704711914
-0.12114500999450684
-0.21735835075378418
-0.5522260665893555
-0.09980940818786621
-0.6144604682922363
-0.10400056838989258
0.1423037052154541
-0.5532444715499878
-0.01422739028930664
0.28312063217163086
-0.004045009613037109
-0.4551248550415039
-0.6275906562805176
-0.19355988502502441
-0.4539670944213867
-0.538466215133667
-0.2617793083190918
-0.3354654312133789
-0.3165140151977539
-0.5721313953399658
-0.1053776741027832
-0.176680326461792
-0.2249314785003662
-0.584155797958374
-0.4130871295928955
-0.1720268726348877
-0.285031795501709
-0.4388413429260254
-0.26833343505859375
-0.20926332473754883
-0.25467610359191895
-0.31919336318969727
-0.27962374687194824
-0.07257246971130371
-0.3684360980987549
-0.3565070629119873
-0.15796446800231934
0.28981494903564453
-0.4023594856262207
-0.4269416332244873
-0.14505863189697266
-0.3049631118774414
-0.5812299251556396
-0.5178418159484863
0.2881770133972168
-0.35146450996398926
-0.09740710258483887
0.360828161239624
-0.6429324150085449
-0.6907434463500977
-0.5361230373382568
-0.606133222579956
-0.1378343105316162
-0.4183342456817627
-0.22307491302490234
-0.23646903038024902
0.019028902053833008
-0.8541766405105591
-0.38547396659851074
-0.6078946590423584
-0.24100208282470703
-0.6061267852783203
-0.2970237731933594
-0.2589864730834961
-0.3828749656677246
-0.382021427154541
-0.4479081630706787
-0.25406694412231445
0.4595489501953125
-0.24431228637695312
-0.2021799087524414
-0.4584684371948242
0.902562141418457
-0.41686415672302246
-0.13202285766601562
-0.5924248695373535
-0.15738773345947266
0.07708311080932617
-0.18600058555603027
-0.760714054107666
-0.0869588851928711
-0.5137729644775391
-0.32511448860168457
-0.36893415451049805
0.13334107398986816
-0.387042760848999
-0.14557647705078125
-0.4424140453338623
-0.2557957172393799
-0.27384519577026367
-0.4578971862792969
-0.54964280128479
-0.4059760570526123
0.1936190128326416
-0.2842748165130615
-0.41062283515930176
-0.4101693630218506
-0.697197675704956
-0.3142509460449219
-0.3329169750213623
-0.32521557807922363
-0.48735690116882324
0.6985530853271484
-0.3798668384552002
-0.15122556686401367
-0.5545432567596436
-0.285031795501709
-0.28813624382019043
-0.05566978454589844
-0.13124632835388184
-0.4137156009674072
-0.35817933082580566
-0.28957200050354004
-0.4124922752380371
-0.40110182762145996