0.47157104313373566
0.28961968421936035
-0.059845030307769775
0.12199243903160095
0.11467114090919495
0.3763944208621979
0.37433841824531555
0.18083277344703674
0.1531447172164917
0.2057441771030426
0.2148124873638153
0.10321751236915588
0.602519303560257
0.04308915138244629
0.7781790792942047
0.4633091539144516
0.2038460671901703
0.12737807631492615
0.05910530686378479
0.5168491899967194
0.23584188520908356
0.5091343373060226
0.16753602027893066
0.7057169675827026
0.1794494092464447
0.012000739574432373
0.16693946719169617
0.34071487188339233
0.09128138422966003
0.09539416432380676
0.03446149826049805
0.5165750235319138
0.344189316034317
0.12714320421218872
0.3550589978694916
0.14524555206298828
0.8373146057128906
0.25394338369369507
0.12972721457481384
0.1636999547481537
1.0035742074251175
0.26297327876091003
0.2160530388355255
0.12122336030006409
0.5372813642024994
0.6148216128349304
0.25666412711143494
0.11096340417861938
0.28976213932037354
0.7254173159599304
0.30085989832878113
0.1406204104423523
0.6681497395038605
0.19459494948387146
0.4031468331813812
-0.005584746599197388
0.40850502252578735
0.32063227891921997
0.40024879574775696
0.0981835424900055
0.09509634971618652
0.7331138700246811
0.2749272286891937
0.043508708477020264
0.32067909836769104
0.4484957605600357
0.4459279179573059
0.4754200875759125
0.4284856766462326
0.12607795000076294
0.4178178310394287
0.32616564631462097
0.2772179841995239
0.4991407096385956
-0.23418304324150085
0.3134848475456238
0.3387375771999359
0.6791020482778549
0.20083832740783691
0.5229243785142899
0.11612901091575623
0.4199838489294052
0.15480723977088928
0.6824759542942047
0.018317729234695435
0.29529888927936554
0.2661566734313965
0.5852618515491486
0.17121431231498718
0.18602445721626282
0.05172678828239441
0.035160601139068604
0.27493172883987427
0.3136481046676636
0.25593021512031555
0.6971742361783981
0.04675710201263428
0.785142570734024
0.2860039472579956
0.37946179509162903
0.08795061707496643
0.06009975075721741
0.5649966895580292
-0.05066773295402527
0.40757977962493896
0.15287262201309204
0.6142405271530151
0.07707467675209045
0.15749433636665344
-0.13262727856636047
0.06743735074996948
0.2853640019893646
0.6020670235157013
0.7363220155239105
0.40374286472797394
0.33657020330429077
0.1610662341117859
0.404752179980278
0.11066102981567383
0.06058478355407715
0.3212283253669739
0.07131978869438171
0.16775763034820557
0.20979562401771545
-0.0065253376960754395
0.5514522790908813
0.1296049952507019
0.21507477760314941
0.4863787591457367
0.17623752355575562
0.49388647079467773
0.07925662398338318
0.4197908490896225
0.31386636197566986
0.09531712532043457
0.2751380205154419
-0.27759990096092224
0.17669430375099182
0.6053655743598938
0.11059975624084473
0.47402794659137726
0.5605807453393936
0.45690813660621643
1.149594560265541
0.20872008800506592
0.7440298497676849
0.11339792609214783
0.3297015130519867
0.36165471374988556
0.31650009751319885
0.06910520792007446
0.0971514880657196
0.2671866714954376
0.19458872079849243
0.10962191224098206
0.07634744048118591
0.3713340163230896
0.07614743709564209
0.6346842050552368
0.39881622791290283
0.4191994220018387
0.12838777899742126
0.3142884373664856
0.015508383512496948
0.3069620430469513
0.6559242904186249
0.09206622838973999
0.35810399055480957
0.32450151443481445
0.13230708241462708
0.06857919692993164
0.3085234761238098
0.6494391411542892
0.29485152661800385
0.17182689905166626
0.23704713582992554
0.01264810562133789
0.619611531496048
0.1528104841709137
0.23639434576034546
-0.00855979323387146
0.3020043671131134
0.19119340181350708
0.19456768035888672
0.26798731088638306
0.15819185972213745
0.15842461585998535
0.07201683521270752
0.5841692537069321
0.2184021770954132
0.2014388144016266
0.5031417012214661
0.2208416759967804
0.12378132343292236
0.05724900960922241
0.1533617377281189
0.32034197449684143
0.2265166938304901
0.1697530746459961
0.16903623938560486
0.5800274908542633
0.3530490845441818
0.1445075273513794
0.1319890320301056
0.08013466000556946
0.15800264477729797
-8.779764175415039e-05
0.06577563285827637
0.7129538357257843
0.18055570125579834
0.7608345597982407
-0.279767245054245
0.36808109283447266
0.28953230381011963
0.09346282482147217
0.03900584578514099
0.2309960126876831
0.3326856195926666
0.14635181427001953
0.08904978632926941
0.08626526594161987
0.4613036513328552
0.39196446537971497
-0.010886192321777344
0.17879003286361694
0.45984581112861633
0.23129510879516602
0.2798273265361786
1.199132964015007
0.4322729706764221
0.1391766369342804
0.1973578929901123
0.3396288603544235
0.5680835843086243
0.21501755714416504
0.3765149563550949
-0.06781211495399475
0.14402413368225098
0.4060501754283905
0.3150782585144043
0.25331223011016846
0.23100969195365906
-0.19511514902114868
0.05316811800003052
0.03469926118850708
0.335819274187088
0.31720250844955444
0.587850034236908
0.24327054619789124
0.322768971323967
0.09473311901092529
0.4551204741001129
0.1077953577041626
0.13505184650421143
0.22339549660682678
0.19891059398651123
0.18271726369857788
0.6494557559490204
0.3945559710264206
0.17698386311531067
-0.08535119891166687
0.025097787380218506
0.3472956717014313
0.12262943387031555
0.8514313101768494
0.3259482681751251
0.09199416637420654
0.2685306966304779
0.2872779071331024
0.32729268074035645
0.16942310333251953
0.1324089765548706
0.10613122582435608
0.34445399045944214
0.4205128401517868
0.09836545586585999
0.23791643977165222
0.25664135813713074
0.13993415236473083
0.2095346748828888
0.15297776460647583
0.3813471049070358
0.11437618732452393
0.13936427235603333
0.3718927502632141
0.5907823741436005
0.22525839507579803
0.25895825028419495
0.22816383838653564
0.273784875869751
0.07893809676170349
0.3991765230894089
0.13279375433921814
0.05133041739463806
0.3098505139350891
0.43618565797805786
0.21147054433822632
0.14901411533355713
0.42050082981586456
0.8229551315307617
0.1255427896976471
0.734259843826294
0.10996478796005249
0.04758131504058838
0.4116792380809784
0.33746111392974854
0.25681114196777344
0.3000204265117645
0.45294564962387085
0.06329181790351868
0.1234760582447052
0.30525603890419006
0.2897365093231201
0.02802145481109619
0.13196462392807007
0.010350674390792847
0.6423236429691315
0.31313903629779816
0.5447481125593185
0.6484646201133728
0.3224480301141739
0.4783988296985626
1.0005375444889069
0.4620169401168823
0.101967453956604
0.1173657476902008
0.3018738925457001
0.3357398509979248
1.0087571740150452
0.12904343008995056
0.5027150809764862
0.1258799135684967
0.25828564167022705
0.49309998750686646
0.10886022448539734
0.23771849274635315
0.5269028395414352
0.6380009055137634
-0.1948840320110321
0.031112849712371826
0.06757685542106628
0.48974764347076416
0.5088655352592468
1.112223207950592
0.22460612654685974
0.34069210290908813
0.536830723285675
0.7716072350740433
-0.06348106265068054
0.3657492399215698
0.6740185171365738
-0.03624489903450012
0.323303684592247
0.1804790496826172
0.7636932134628296
0.3973727822303772
0.2484460473060608
0.1618821918964386
0.1774252951145172
0.0027008354663848877
0.32788991928100586
-0.05159175395965576
0.14234799146652222
0.22279909253120422
0.46705329418182373
0.2854311168193817
0.1941215991973877
0.003607451915740967
0.4670471101999283
0.2766178846359253
-0.01989537477493286
0.10697042942047119
0.18439096212387085
0.05151599645614624
0.45232275128364563
0.13808280229568481
0.09848764538764954
1.192587748169899
0.5479790568351746
0.41155046224594116
0.0635722279548645
0.20158708095550537
0.3568776547908783
0.33777090907096863
0.3979940563440323
0.07084468007087708
0.1093842089176178
0.37356308102607727
0.27309495210647583
0.5580517500638962
0.27728205919265747
0.10270518064498901
0.25444838404655457
0.46534357964992523
0.24766123294830322
0.34994930028915405
0.08642685413360596
0.25263506174087524
0.30214886367321014
-0.028727233409881592
0.18337124586105347
0.3371230810880661
0.5269828140735626
0.2966672480106354
0.24770766496658325
0.29685860872268677
0.44429436326026917
0.2109748125076294
0.2962547838687897
0.5556794255971909
0.1763612926006317
0.01238301396369934
0.4789094626903534
0.6491223275661469
0.5479629337787628
0.09676051139831543
0.2968934178352356
0.05293869972229004
0.1514473855495453
0.138342022895813
0.18330129981040955
0.6581745445728302
0.10417425632476807
0.09968498349189758
0.06812193989753723
0.22688978910446167
0.13300296664237976
-0.2145855724811554
0.04237881302833557
0.9266642332077026
0.4438627362251282
0.23588865995407104
0.44450555741786957
0.1922532021999359
0.5401407480239868
0.7186143547296524
0.2023259997367859
0.14076954126358032
0.0990740954875946
0.4280073046684265
0.12137743830680847
0.3759661912918091
0.08735331892967224
0.3851148635149002
0.21068069338798523
0.14560171961784363
0.6074334681034088
0.559206485748291
0.252991259098053
0.5445041507482529
0.09020572900772095
1.1048299074172974
0.02644553780555725
0.08400967717170715
0.06338822841644287
0.7227983623743057
0.05342283844947815
0.014859795570373535
0.0845249593257904
0.08983755111694336
0.21392449736595154
0.2010689675807953
0.8947524577379227
0.4492855966091156
0.13841867446899414
0.2368951439857483
0.36825835704803467
0.32985398173332214
0.20223569869995117
0.29871127009391785
0.4274233430624008
0.10879689455032349
0.3391372561454773
0.8250732868909836
0.26192623376846313
0.30416926741600037
0.8699550181627274
0.19370576739311218
0.2582003176212311
0.9174902588129044
0.8269337117671967
0.11460816860198975
0.05907547473907471
0.1504790186882019
0.10838973522186279
0.19107195734977722
0.08908459544181824
0.4979114383459091
0.10812386870384216
0.16081106662750244
0.6506903916597366
0.28293731808662415
0.25044360756874084
0.319673091173172
0.12458685040473938
0.16155946254730225
0.3964562714099884
0.47166721522808075
-0.028407037258148193
0.10661628842353821
0.35573744773864746
0.0633232593536377
0.19198358058929443
0.07190209627151489
0.40693119168281555
0.2821855843067169
0.4244055896997452
0.19547468423843384
0.5295639038085938
0.23197224736213684
0.46525244414806366
0.275464802980423
0.23680442571640015
0.7879022657871246
0.8042825907468796
0.2504448890686035
0.1287270486354828
0.07271468639373779
0.603779211640358
0.6708587110042572
0.6021701693534851
0.11151590943336487
0.2001291811466217
0.23617783188819885
0.2939685881137848
0.22629684209823608
0.564642146229744
0.318281888961792
0.22371768951416016
0.1117892861366272
0.31136471033096313
0.6601038128137589
0.09212380647659302
0.3199041336774826
0.2425014078617096
0.513523519039154
0.36831551790237427
0.1567297875881195
0.769443616271019
0.7946586310863495
0.24320882558822632
0.11952900886535645
0.5731170475482941
0.70340496301651
0.1771230399608612
0.4960530400276184
0.05058532953262329
0.37829262018203735
0.4188341349363327
0.2309795320034027
0.23832076787948608
0.6769210398197174
0.08040016889572144
0.4619237780570984
0.10931211709976196
0.47233980894088745
0.16460412740707397
0.12674513459205627
0.10998845100402832
0.18468129634857178
0.0655047595500946
1.1057208776474
0.7510970234870911
0.44517606496810913
0.4090525358915329
0.29965056478977203
0.27029797434806824
0.06469917297363281
0.23721235990524292
0.0685403048992157
0.4410538971424103
0.3634463846683502
0.14315563440322876
0.26085519790649414
0.23854437470436096
0.7695666700601578
0.30407436192035675
0.7254482433199883
0.3215559124946594
0.2080938220024109
0.3193027824163437
0.20312529802322388
0.37810081243515015
0.02585446834564209
0.14738604426383972
0.5232076048851013
0.3681638836860657
0.13185688853263855
0.046338409185409546
0.2839774042367935
0.054256170988082886
0.2925764322280884
0.30468493700027466
0.48921050131320953
0.006542325019836426
0.2747851312160492
0.055373162031173706
0.03761327266693115
0.3236926198005676
-0.09444651007652283
0.32702916860580444
0.29766038060188293
0.11866459250450134
0.48137544095516205
0.07449692487716675
0.15050390362739563
-0.08177846670150757
0.15713199973106384
0.3594628870487213
0.2557504177093506
0.5776762515306473
0.5019495934247971
0.5691653937101364
0.10526767373085022
0.5933308303356171
0.19964340329170227
0.5205084681510925
0.3758319318294525
0.07618305087089539
0.35331079363822937
0.032967209815979004
0.05274695158004761
0.13464844226837158
-0.1283281445503235
0.20479074120521545
0.5588151216506958
0.03234091401100159
0.34367451071739197
0.5354779809713364
0.27454742789268494
0.1639786958694458
0.5555323660373688
0.409145712852478
0.510027289390564
0.7158696204423904
0.01007029414176941
0.22870445251464844
0.05015787482261658
0.1262013018131256
0.42852792143821716
0.35095158219337463
0.055341243743896484
0.3648836016654968
0.5295204967260361
0.33664846420288086
0.02122896909713745
0.39574551582336426
0.1855042576789856
0.3709256201982498
0.7534017860889435
0.13998505473136902
0.47284141182899475
0.2727598249912262
0.28722164034843445
0.49720777571201324
0.1870080828666687
0.28729403018951416
0.11020874977111816
0.10592210292816162
0.3471461832523346
0.37783488631248474
0.17587628960609436
0.07487457990646362
0.2087622582912445
0.12266385555267334
0.3101230263710022
0.3674403131008148
0.7048865407705307
0.06915158033370972
0.11177027225494385
0.615369975566864
0.02435186505317688
0.34424448013305664
0.4210400879383087
0.30381011962890625
0.005812525749206543
0.4185429811477661
0.2284865379333496
0.031857073307037354
-0.00748249888420105
0.1401151716709137
0.6802190095186234
0.07215800881385803
0.09196561574935913
0.6594240814447403
0.2467421293258667
0.11749333143234253
0.07590675354003906
0.12880566716194153
0.17714780569076538
0.3079146146774292
0.21465390920639038
0.39803630113601685
-0.05779942870140076
-0.06247502565383911
0.2887408435344696
0.6301895827054977
0.47222134470939636
0.14732715487480164
0.7620129734277725
0.28620320558547974
0.3496614098548889
0.13008219003677368
0.45423203706741333
0.4521794021129608
-0.014200448989868164
0.3104999363422394
0.1548643410205841
0.21599993109703064
0.1947213113307953
0.6487702876329422
0.31214919686317444
0.25165805220603943
0.25531065464019775
0.12770479917526245
-0.025367021560668945
0.22350937128067017
0.06326156854629517
0.766513392329216
0.1212378740310669
0.5240447372198105
0.3913581073284149
0.37634387612342834
0.31685954332351685
0.10659924149513245
0.135245680809021
0.09677663445472717
0.34419435262680054
0.23796409368515015
0.40507811307907104
0.2699227035045624
0.5438236147165298
0.2035958468914032
0.36988773941993713
0.7754520624876022
0.5757130682468414
0.07166227698326111
0.35088157653808594
0.2999115288257599
0.2835072875022888
0.11203697323799133
0.09651073813438416
0.060157716274261475
0.15838363766670227
1.0186811834573746
-0.03872665762901306
1.064359650015831
0.30094364285469055
0.16307008266448975
0.06856763362884521
0.21684616804122925
0.8732207268476486
0.35368144512176514
0.14124253392219543
0.2929077744483948
0.06928491592407227
0.45109762251377106
-0.005493640899658203
0.26858454942703247
0.11411282420158386
0.5418016016483307
0.16082146763801575
-0.03849717974662781
0.2918263375759125
0.10146474838256836
0.12162178754806519
0.16607311367988586
0.4954326003789902
0.2723415493965149
0.4602285623550415
0.21855422854423523
0.27527299523353577
0.1325274109840393
0.4687129259109497
0.7050372958183289
0.6367873698472977
0.03294643759727478
0.32835501432418823
0.23712123930454254
0.6031369119882584
0.15020984411239624
0.07535174489021301
0.2089979648590088
0.13127252459526062
0.5270950198173523
0.6681497395038605
0.33503565192222595
0.29941949248313904
0.0878801941871643
0.2698468565940857
0.6657167375087738
0.3848477900028229
0.258165568113327
0.3557921051979065
0.4820285737514496
0.19588425755500793
-0.041796088218688965
0.7235973179340363
0.39203445613384247
0.03757229447364807
0.17944809794425964
0.5661166161298752
0.09046712517738342
0.20769119262695312
0.28574138879776
0.30222925543785095
0.11550486087799072
-0.006010472774505615
0.1835688054561615
0.6994571089744568
-0.055827945470809937
0.3811395764350891
0.07793709635734558
0.29187849164009094
-0.035861045122146606
0.5127973109483719
0.2937556803226471
0.21653547883033752
0.20184847712516785
0.16681575775146484
0.1123579740524292
0.5091745853424072
0.2340174913406372
0.22870111465454102
0.09989497065544128
0.09295964241027832
0.2266305387020111
0.5556864440441132
0.07711908221244812
0.5910267680883408
0.3065023422241211
0.6313985735177994
0.1552954912185669
0.31483057141304016
0.2969691753387451
0.34081998467445374
0.20400744676589966
0.21752792596817017
0.25544601678848267
0.37313112616539
0.47427649796009064
0.14658457040786743
0.349114328622818
0.9364440441131592
0.46728892624378204
0.25771328806877136
0.034774184226989746
0.5877030789852142
0.2514451742172241
0.5901069045066833
0.16718733310699463
0.08325052261352539
0.20931476354599
0.1500093936920166
0.4150625765323639
0.16686424612998962
0.058592140674591064
0.07103356719017029
0.31199800968170166
0.04983276128768921
0.696151614189148
0.0901162326335907
0.06780296564102173
0.1549314260482788
0.34641727805137634
0.40574246644973755
0.33168579638004303
0.10327091813087463
0.3020072281360626
0.20608633756637573
0.9771842360496521
0.40192417800426483
0.5485642850399017
0.190608948469162
0.25063952803611755
0.11876815557479858
0.17623740434646606
0.5132168531417847
0.18031951785087585
0.21333685517311096
0.16520091891288757
0.3752976804971695
-0.04343581199645996
0.5010512620210648
0.21097475290298462
0.12803825736045837
0.6071593016386032
0.3888615518808365
0.27577248215675354
0.12012791633605957
0.3822280466556549
0.3337620496749878
1.279687076807022
0.2517487108707428
-0.02136319875717163
0.1969926655292511
0.2100561261177063
0.342018261551857
0.1119590699672699
0.3282170593738556
0.38463321328163147
0.12912628054618835
0.29963940382003784
0.334008127450943
0.13634780049324036
-0.1460229754447937
0.1612364649772644
0.056791722774505615
0.18513938784599304
0.3198913335800171
0.39212939143180847
0.26316624879837036
0.01863667368888855
0.1210925281047821
0.31703272461891174
0.061298757791519165
0.07195723056793213
0.3241826295852661
0.08324265480041504
0.31444990634918213
0.821287140250206
0.2679607421159744
0.04065299034118652
0.4995751827955246
0.24593079090118408
0.4093407988548279
0.4123108386993408
0.07795524597167969
0.23806515336036682
0.16516035795211792
0.039772868156433105
0.7016952931880951
0.27768105268478394
0.23632439970970154
0.05993616580963135
0.4872795343399048
0.15923058986663818
0.5043518543243408
0.25710779428482056
0.4056832492351532
0.4432738125324249
0.2413214147090912
0.10816612839698792
0.32640504837036133
0.7480813264846802
0.4666457772254944
0.3093647360801697
-0.28399723768234253
-0.030684590339660645
0.07267248630523682
0.4105100482702255
0.25114643573760986
0.20102086663246155
0.10030543804168701
0.5396814346313477
0.3489837944507599
0.2373390793800354
0.7812849581241608
0.4028225541114807
0.24238255620002747
0.6971861869096756
0.09707900881767273
0.07371082901954651
0.37124040722846985
0.13863036036491394
-0.13005980849266052
0.1398322880268097
0.3371450901031494
0.08351936936378479
0.10948517918586731
0.07559362053871155
0.20458364486694336
0.060668885707855225
0.2162456214427948
0.048792362213134766
0.7652224153280258
0.4154001772403717
0.08118337392807007
0.6821842938661575
0.24217838048934937
0.2540627121925354
0.5752595365047455
0.427879735827446
0.1846340298652649
0.08897814154624939
0.08330845832824707
0.1012435257434845
0.457424595952034
0.3180461525917053
0.6203089952468872
0.5407595336437225
0.06739088892936707
0.205066978931427
0.10474371910095215
0.20690467953681946
0.32826386392116547
0.5572035759687424
0.30159512162208557
0.39666661620140076
0.3512274771928787
0.1854313313961029
0.5008285045623779
0.41328541934490204
0.5776762515306473
0.5049594342708588
0.4843091070652008
0.4381645917892456
0.04863825440406799
0.431293785572052
0.44262684881687164
0.04881638288497925
0.18457522988319397
-0.08099281787872314
0.11908751726150513
0.3734322041273117
0.31549450755119324
0.09366002678871155
0.17973685264587402
0.34057608246803284
0.14009979367256165
0.22207391262054443
0.0942373275756836
0.23572802543640137
0.10244050621986389
0.15256693959236145
0.08212727308273315
0.05912226438522339
0.6416336447000504
-0.13492432236671448
0.770689070224762
0.44348135590553284
0.7921185493469238
0.4595182240009308
-0.10936838388442993
0.08291959762573242
0.3569410443305969
0.5418214946985245
0.24168631434440613
0.4632420688867569
0.30106788873672485
0.6463630795478821
0.14819779992103577
0.19732150435447693
0.11474153399467468
0.45908123254776
0.13781487941741943
0.2977333664894104
0.1999845802783966
0.6404184252023697
0.3636452257633209
0.4776943176984787
0.3721723258495331
0.17255914211273193
0.3934307396411896
0.15281671285629272
0.06222200393676758
0.18892449140548706
0.3039410412311554
0.4595116227865219
0.4756055921316147
0.18058708310127258
0.5344976335763931
0.3358834981918335
0.23071730136871338
0.272702693939209
0.642522856593132
0.5829826295375824
0.25370901823043823
0.09808382391929626
0.18715307116508484
0.094888836145401
0.13320544362068176
0.47861334681510925
0.7316236346960068
0.5437859743833542
0.37237025797367096
0.13031616806983948
0.2145143747329712
0.19828981161117554
0.10642531514167786
0.23147320747375488
0.683662936091423
0.4301411062479019
0.3071608543395996
0.2440984547138214
0.2195490300655365
0.3951305150985718
0.06640100479125977
0.0877886414527893
0.17439481616020203
0.40642379224300385
0.2990815341472626
0.0516090989112854
0.1505337655544281
0.17456218600273132
0.12210845947265625
0.18716880679130554
0.1579367220401764
0.27506349980831146
0.07537415623664856
-0.10580113530158997
0.552739143371582
0.44398701190948486
0.8879848718643188
0.892450362443924
0.07829490303993225
0.18122541904449463
0.3224107325077057
0.10144484043121338
0.12771263718605042
0.16365110874176025
-0.033529579639434814
0.14818033576011658
0.42780108749866486
0.11883479356765747
-0.030629515647888184
0.4096750020980835
0.013473957777023315
0.13678064942359924
0.7078090608119965
0.5694093257188797
0.01694759726524353
0.21237841248512268
0.20431733131408691
0.1228460967540741
0.9090130031108856
1.008987471461296
0.22990137338638306
0.3441619724035263
0.1751112937927246
0.17756778001785278
0.18619966506958008
0.6080150008201599
0.2523766756057739
0.4600880891084671
0.20546883344650269
0.006905943155288696
0.12125319242477417
0.5529313385486603
0.6392185389995575
0.33002376556396484
0.055619627237319946
0.45175324380397797
0.688522070646286
0.06287682056427002
0.14622506499290466
0.09379503130912781
0.2282823622226715
0.2927926033735275
0.1715502142906189
0.3518263101577759
0.3158208429813385
0.23013457655906677
0.030540883541107178
0.2405233085155487
0.1515592336654663
0.22529655694961548
0.4167976826429367
0.1854114830493927
0.6405190825462341
0.056677043437957764
0.1125761866569519
0.16670402884483337
0.10456028580665588
0.40112482011318207
0.21468496322631836
0.2735923230648041
0.6942609548568726
0.3733290433883667
0.04786005616188049
0.009456872940063477
0.22388210892677307
0.6511095762252808
0.6035228818655014
0.04065251350402832
-0.019105851650238037
0.006578385829925537
-0.27497443556785583
0.1203954815864563
0.29227200150489807
0.37592974305152893
0.47960567474365234
0.5679725110530853
0.3512476980686188
0.5126071721315384
0.39433610439300537
0.31689807772636414
0.26415780186653137
0.26089707016944885
0.12184256315231323
0.410934180021286
-0.03746959567070007
0.015471935272216797
0.1369268298149109
0.0483115017414093
0.1045001745223999
0.0911654531955719
0.3109617233276367
0.2465628832578659
0.6652051210403442
0.09934169054031372
-0.008371293544769287
0.2223331332206726
0.13483360409736633
0.47188590466976166
0.7051358371973038
0.6272057890892029
0.1643659770488739
0.014601320028305054
0.2855479270219803
0.41606786847114563
0.2009749412536621
0.2938810884952545
0.7461321204900742
0.14894622564315796
0.08201169967651367
0.20791608095169067
0.765636995434761
0.35137325525283813
-0.06378883123397827
0.4838787615299225
0.5507084131240845
0.13744661211967468
0.09164956212043762
0.4346175193786621
0.06161278486251831
-0.04582399129867554
0.09116503596305847
-0.0324878990650177
0.5808633267879486
0.24876993894577026
0.3132898211479187
0.10669001936912537
0.17811119556427002
0.4431135356426239
0.2659338414669037
0.13079002499580383
0.6010378301143646
0.09163260459899902
0.1771411895751953
0.19887381792068481
0.3024922311306
0.13985386490821838
0.20792391896247864
0.32551296055316925
0.6416483521461487
0.6462579071521759
0.042267441749572754
0.1775968372821808
0.7087720036506653
0.12435993552207947
0.6104482710361481
0.34858083724975586
0.16221094131469727
0.6048801988363266
0.6191870272159576
0.2087274193763733
0.10797181725502014
0.10697862505912781
0.3490695655345917
0.14276382327079773
0.2467057704925537
0.2104790210723877
0.965321309864521
0.15616074204444885
0.14268675446510315
-0.0030222535133361816
0.25857973098754883
0.15307015180587769
0.044081926345825195
0.2701559364795685
0.42216700315475464
0.3926532417535782
0.4734374135732651
0.4383479952812195
0.23987263441085815
0.24795114994049072
0.014571517705917358
0.5336253792047501
0.7801874130964279
0.35530418157577515
0.01462411880493164
0.02147674560546875
0.29666726291179657
0.5598725527524948
0.49251261353492737
0.2930651903152466
0.6123787760734558
0.3104605972766876
0.19102266430854797
0.11465492844581604
0.004354625940322876
0.20310959219932556
0.3901955783367157
0.030851513147354126
1.3006017357110977
0.48119403421878815
0.3615983724594116
0.3642958551645279
0.3400791585445404
0.29851698875427246
0.2859956920146942
0.006475239992141724
0.14240762591362
0.49341151118278503
0.363500639796257
0.05392193794250488
0.3329237699508667
0.15446344017982483
0.036252349615097046
0.29635287821292877
0.1492096185684204
0.0688127875328064
0.14828971028327942
0.34307023882865906
0.7108403146266937
0.2017713487148285
0.3578455448150635
0.5080317556858063
0.3221494257450104
0.15683460235595703
0.2125452756881714
0.4291495978832245
0.3032766878604889
0.2926439791917801
0.6713287830352783
0.27997642755508423
0.10862290859222412
0.3265002816915512
0.25253939628601074
0.019140243530273438
0.505669429898262
0.06445935368537903
0.4669572114944458
0.10790842771530151
0.1631876528263092
0.1359041929244995
0.12722104787826538
0.36045780777931213
0.4639320522546768
0.15416774153709412
-0.04524123668670654
0.13870525360107422
0.005581855773925781
0.3234134316444397
0.09316796064376831
0.5064366161823273
0.09083572030067444
0.20552298426628113
0.5187307149171829
0.4372086524963379
0.16156771779060364
0.2615170478820801
0.5433386415243149
0.4269300103187561
0.8491277098655701
0.3771503269672394
0.8006032705307007
0.11269262433052063
0.160516619682312
0.391779363155365
0.3868378698825836
0.4040509760379791
0.0013493895530700684
0.2363583743572235
0.19110223650932312
0.1483336091041565
0.22096100449562073
0.2799714207649231
0.06507563591003418
0.19655445218086243
0.22633865475654602
0.33677446842193604
0.021529316902160645
0.06975999474525452
0.17206469178199768
0.16970425844192505
0.4721525311470032
0.05700710415840149
0.3924071937799454
0.23172125220298767
0.09965431690216064
0.1303783357143402
0.01796242594718933
0.06186455488204956
0.051436007022857666
0.12424975633621216
0.7847209423780441
0.6652681529521942
0.45242713391780853
0.24438920617103577
0.33456310629844666
0.3753722310066223
0.23782995343208313
0.1628865897655487
0.21606498956680298
0.5530029386281967
0.20077699422836304
0.4396146088838577
0.21837034821510315
-0.06875109672546387
0.14941716194152832
0.5020941942930222
0.030438631772994995
0.21904706954956055
0.09255662560462952
0.36850351095199585
0.11301153898239136
0.3819141387939453
0.08905398845672607
-0.028059542179107666
0.6227745860815048
0.23322096467018127
0.302175834774971
0.457298219203949
-0.06428048014640808
0.5829511731863022
0.06597194075584412
0.004085063934326172
0.41802896559238434
0.3315582424402237
0.39286084473133087
0.43475133180618286
0.19781926274299622
0.44607606530189514
0.3306860029697418
0.5373032838106155
0.34882017970085144
0.4384660869836807
0.2575923055410385
0.18677911162376404
0.10719814896583557
0.38244926929473877
0.25301116704940796
0.06806725263595581
0.002649068832397461
0.15043270587921143
0.5623029172420502
0.1486952006816864
0.33730992674827576
0.10372281074523926
0.21374726295471191
0.38380810618400574
0.2281154990196228
0.5603409856557846
0.43950311839580536
-0.009914487600326538
0.10640209913253784
0.7431016266345978
0.7269678860902786
0.29606592655181885
0.36091628670692444
0.5097357332706451
0.14873164892196655
0.24454745650291443
0.04746779799461365
0.07843118906021118
0.09891417622566223
0.24314552545547485
0.16723787784576416
0.26776403188705444
0.45703981816768646
0.4529808759689331
0.7923247367143631
-0.004300802946090698
0.3177032172679901
0.2526801824569702
0.11334952712059021
0.49518415331840515
0.1651698648929596
0.2989162802696228
0.5182159841060638
0.46775326132774353
-0.10334759950637817
0.4335572123527527
0.18882375955581665
0.4867614805698395
0.05590379238128662
0.6054955869913101
-0.01364290714263916
0.1898348033428192
0.13465508818626404
0.3065246492624283
0.30815809965133667
0.17670422792434692
0.3898485004901886
0.30102208256721497
0.12077853083610535
0.20923519134521484
0.14473527669906616
0.3392714858055115
0.08708411455154419
-0.05160292983055115
0.3373732417821884
0.12792307138442993
0.1931726634502411
-0.16097015142440796
0.34091490507125854
1.0092417001724243
-0.059367090463638306
0.08626782894134521
0.22434896230697632
0.29215651750564575
0.056987255811691284
0.1876865029335022
0.13336196541786194
0.1759657859802246
0.19654327630996704
0.1653400957584381
0.6547261476516724
0.8753392994403839
0.07221314311027527
1.0114670395851135
0.5328579246997833
-0.006327778100967407
-0.00271451473236084
0.2528914213180542
0.19911858439445496
0.3340010344982147
-0.04363751411437988
-0.15076571702957153
0.16494038701057434
0.5018411129713058
0.5083739161491394
-0.022636771202087402
0.7232452929019928
0.007876753807067871
0.18151617050170898
0.08248966932296753
0.09133395552635193
-0.01846766471862793
0.19252076745033264
0.07965549826622009
0.33954358100891113
0.2945355176925659
0.12314510345458984
0.10213112831115723
0.15385130047798157
-0.007685035467147827
0.5869086533784866
0.35042768716812134
0.17351216077804565
0.010857611894607544
0.23213252425193787
0.5366393625736237
-0.006871998310089111
0.34845414757728577
0.3604685068130493
0.07656490802764893
0.5009535551071167
0.1240389347076416
0.13920560479164124
0.35037505626678467
0.4532575309276581
0.137202650308609
0.3203415870666504
0.2333700954914093
0.14991825819015503
0.2808540463447571
0.04829791188240051
0.2786274552345276
0.306746244430542
0.22687369585037231
0.11139005422592163
0.41280825436115265
0.15114668011665344
0.27667751908302307
0.5345576703548431
0.22072741389274597
0.4200704097747803
0.16893762350082397
0.193394273519516
0.17899513244628906
-0.18368396162986755
0.0663418173789978
0.5520980060100555
0.2501959502696991
0.7023065984249115
0.026002734899520874
0.230617493391037
0.12109214067459106
0.12338614463806152
0.2150498628616333
0.11066558957099915
0.7427652776241302
0.4946345090866089
0.4322252571582794
0.07507878541946411
0.3851575702428818
0.12747904658317566
0.7571028769016266
0.24207359552383423
0.4801868051290512
0.4853030890226364
0.03384566307067871
0.7646114826202393
0.15020856261253357
0.1105479896068573
0.17428210377693176
0.385871559381485
0.5336071401834488
0.2512359619140625
0.03885340690612793
0.08908671140670776
0.9613203704357147
0.3638399839401245
0.0645417869091034
0.41079582273960114
-0.09042695164680481
0.19929581880569458
0.1570819616317749
0.3811069130897522
0.3843801021575928
0.16882583498954773
0.3711948096752167
0.06554251909255981
0.3702973276376724
0.1422717273235321
0.7123027145862579
0.3934406042098999
0.38351038098335266
0.1133788526058197
0.5514796376228333
0.3037000000476837
-0.022256135940551758
0.8904413282871246
0.26905086636543274
0.05508491396903992
0.25087064504623413
0.5142402946949005
0.5008044838905334
0.3732968121767044
0.039253056049346924
0.033611953258514404
0.1954900324344635
0.22418248653411865
0.4244089275598526
0.3077514171600342
0.13640743494033813
0.08954805135726929
-0.04683169722557068
0.017278581857681274
0.5284726023674011
0.4525066316127777
-0.3782689571380615
0.4565112292766571
0.32925504446029663
0.016491591930389404
0.21212992072105408
0.1026405394077301
0.14668887853622437
0.07921311259269714
0.21150529384613037
-0.2601979076862335
0.2834339439868927
0.4513460695743561
0.4772672653198242
0.1181550920009613
0.035682886838912964
0.3317214846611023
0.04382389783859253
0.20611482858657837
0.3378549665212631
0.3747427612543106
0.4437475800514221
0.3224973678588867
0.09539413452148438
0.3073737323284149
0.2588895559310913
0.22871604561805725
0.17975008487701416
0.45957614481449127
-0.1339244842529297
0.5530634373426437
0.16899976134300232
0.053780317306518555
0.1811346709728241
0.7598007917404175
0.17740175127983093
0.14053258299827576
0.039589375257492065
0.22628146409988403
0.1594008207321167
0.3389326333999634
0.36491096019744873
0.45527124404907227
0.30601438879966736
0.32733163237571716
0.07863122224807739
0.11125582456588745
0.17844462394714355
0.2700316607952118
0.6174938231706619
0.6727511584758759
0.6214110851287842
0.35650938749313354
0.4041649103164673
0.13299709558486938
0.4527476280927658
0.8466082364320755
0.09781378507614136
0.5146805942058563
0.6656640768051147
0.7038067877292633
0.6398353278636932
0.7801840156316757
0.363390177488327
0.4049786925315857
0.11698803305625916
0.056270748376846313
0.016557902097702026
0.1488463580608368
0.020365387201309204
0.34102216362953186
0.34117040038108826
-0.1982310712337494
0.21643027663230896
0.15675711631774902
0.3957434296607971
0.14123466610908508
0.30020520091056824
0.06430065631866455
0.4831145405769348
0.1326265037059784
0.3684024512767792
0.35658031702041626
0.12042856216430664
0.0928536057472229
0.20036733150482178
0.3718223422765732
0.4445572793483734
0.31279653310775757
0.10001131892204285
0.2655901312828064
0.577337920665741
0.09955531358718872
0.42024894058704376
0.40285980701446533
0.659914493560791
0.13252663612365723
0.024833112955093384
0.5474493652582169
0.31524382531642914
0.2940736711025238
0.11012926697731018
0.12638649344444275
0.25938284397125244
0.5539663434028625
0.6260742992162704
0.21238914132118225
0.2784419059753418
0.16972625255584717
0.5418189913034439
0.5051818490028381
-0.02749955654144287
-0.3940892517566681
0.5900851190090179
0.5051847994327545
0.10653305053710938
0.18681928515434265
0.798864871263504
0.1900324821472168
0.12615665793418884
0.5929676443338394
0.1134650707244873
0.6708710789680481
0.1685594916343689
0.4678054749965668
0.1402236521244049
0.08388742804527283
0.1373823881149292
0.1594492495059967
0.20140695571899414
-0.08514121174812317
-0.06408458948135376
0.8148112148046494
-0.2411102056503296
0.5895548164844513
0.16152477264404297
0.15544787049293518
0.3837891072034836
0.5240020155906677
0.245344340801239
0.11734503507614136
0.1869567334651947
0.021948397159576416
0.6134382635354996
0.37688933312892914
0.4882122129201889
0.25052809715270996
0.3966948091983795
0.10502579808235168
0.20475143194198608
0.03463500738143921
0.055460572242736816
0.033803731203079224
0.2298479974269867
0.537881463766098
0.11093521118164062
0.28494781255722046
0.16660046577453613
0.17905348539352417
0.05429261922836304
0.17875027656555176
0.12786263227462769
0.6224129796028137
0.046909481287002563
0.036719948053359985
0.5162200927734375
0.10182377696037292
0.1517716646194458
0.19883239269256592
0.2522771656513214
-0.46473228931427
0.2242068648338318
0.35863956809043884
0.3254334330558777
0.15903469920158386
-0.022635072469711304
0.12793421745300293
0.3208066523075104
0.1671086549758911
0.4265742897987366
0.08545884490013123
0.36118292808532715
0.4016777575016022
0.4737446904182434
0.32525989413261414
0.071420818567276
0.5581578314304352
0.4354090094566345
0.14431405067443848
0.4055842310190201
0.005094379186630249
0.4000082314014435
0.10836324095726013
0.1585240662097931
0.9234701171517372
0.30940645933151245
0.37673816084861755
0.23153579235076904
0.15409696102142334
0.6496404260396957
0.323875293135643
0.8208079785108566
0.22919434309005737
0.23622539639472961
0.4483353793621063
0.644719272851944
0.1023377776145935
0.08904772996902466
0.15681925415992737
0.6684858798980713
-0.014571130275726318
0.21031084656715393
0.6949533820152283
0.7886216044425964
0.2575136721134186
0.11728543043136597
0.3720555305480957
0.18935686349868774
0.28248924016952515
0.213354229927063
0.3951461911201477
0.004761815071105957
-0.22000336647033691
0.13467201590538025
0.6724810302257538
0.08097085356712341
0.22052568197250366
0.31762373447418213
0.1511807143688202
0.06801548600196838
0.1746242344379425
0.25413641333580017
0.08862406015396118
-0.31608960032463074
0.2332947552204132
0.28986984491348267
0.3065681755542755
0.09282618761062622
0.10776934027671814
0.33245208859443665
0.5251414179801941
0.10611504316329956
0.6857520639896393
0.43709635734558105
0.5130038857460022
0.5310682207345963
0.3618593215942383
0.11870020627975464
-0.09768161177635193
0.3661593198776245
0.1988062858581543
0.2056572139263153
-0.14619603753089905
0.07771879434585571
0.3827938139438629
0.00652080774307251
0.6339304149150848
0.2047385275363922
0.03461390733718872
0.21220821142196655
0.6102025955915451
0.17559176683425903
0.1787424087524414
0.4121779501438141
0.2715608775615692
0.38152065873146057
0.0993872582912445
0.06059885025024414
0.5828244835138321
0.4048922061920166
0.24090227484703064
0.15293920040130615
0.05886468291282654
0.17876103520393372
0.45884184539318085
0.16815364360809326
0.26658692955970764
0.2658591866493225
1.139297217130661
0.19312217831611633
0.1605936884880066
0.2786473035812378
-0.010668694972991943
0.4534902274608612
0.7475052028894424
0.2806204557418823
0.2734381854534149
0.05100739002227783
0.6126902252435684
0.46606795489788055
0.324258416891098
0.2526620030403137
0.17763203382492065
0.34427595138549805
0.5451191514730453
0.39549949765205383
-0.009176105260848999
0.15431925654411316
0.16262021660804749
0.5500635951757431
0.0823679268360138
0.10170325636863708
0.3714582920074463
0.36023201048374176
0.333865225315094
0.19215428829193115
0.34453152120113373
0.3244406282901764
0.33355747163295746
0.18648284673690796
0.30416634678840637
0.5115639120340347
0.21938663721084595
0.36408308148384094
0.24514588713645935
0.13673755526542664
0.14033135771751404
0.49120259284973145
0.2747851312160492
0.1278311312198639
0.18049356341362
0.18964430689811707
0.6440710723400116
0.186075359582901
0.2657926082611084
0.15973424911499023
0.7252668589353561
0.2679848372936249
0.6351265460252762
0.22783049941062927
0.4506855010986328
0.0838232934474945
0.6133342981338501
0.6358803659677505
0.12802869081497192
0.17026004195213318
0.6774329394102097
0.10758832097053528
0.20858624577522278
0.12560990452766418
0.2339532971382141
0.15582239627838135
0.4501623809337616
0.41087330877780914
0.24088194966316223
0.7689325734972954
0.78335752338171
0.17898425459861755
0.42963747680187225
0.04254990816116333
0.039534687995910645
0.37879039347171783
0.3957633376121521
0.13365283608436584
0.2787865102291107
0.25553181767463684
-0.09138822555541992
-0.16926318407058716
0.21925875544548035
0.7934282124042511
0.2610325515270233
0.33957621455192566
0.1331731677055359
0.1521013379096985
0.26840105652809143
0.2647882103919983
0.5901292562484741
0.27052703499794006
0.3231898844242096
0.4694683849811554
0.6134072244167328
0.05324849486351013
0.33399274945259094
-0.006480604410171509
0.5402670204639435
0.17352581024169922
0.43762660026550293
-0.000648200511932373
0.5304656475782394
0.36698681116104126
0.1302681267261505
0.5047955065965652
0.27425824105739594
0.6245762556791306
0.8911822438240051
0.05037906765937805
0.2328883707523346
0.23283793032169342
0.2921196520328522
0.27485141158103943
0.34619808197021484
0.04290896654129028
0.11947554349899292
-0.5401361733675003
0.1442825198173523
0.5383022278547287
0.4724678248167038
0.4591951370239258
0.23283416032791138
0.22710278630256653
0.2826184630393982
0.07216927409172058
0.665367990732193
0.17159700393676758
0.4201910048723221
0.24926987290382385
0.1461046040058136
0.1621120572090149
0.14238065481185913
0.10246828198432922
0.05057781934738159
0.13626417517662048
0.41358156502246857
0.5606039315462112
0.38411878049373627
0.5949593782424927
0.10286879539489746
0.3511143624782562
0.6131693571805954
0.4238196015357971
-0.03253600001335144
0.39209991693496704
0.48691675066947937
0.28179094195365906
0.4346419870853424
0.16493582725524902
0.4460272490978241
0.3427550792694092
0.11914294958114624
0.28180208802223206
0.17094096541404724
0.11297261714935303
0.12637323141098022
0.5281632542610168
0.15746214985847473
0.115571528673172
0.09309172630310059
0.16097921133041382
0.11485210061073303
0.17703106999397278
-0.04431840777397156
0.12872657179832458
0.15244728326797485
0.14844253659248352
0.2620770037174225
0.15807753801345825
0.5269446969032288
0.1727592647075653
0.2696816325187683
0.49857911467552185
0.19450467824935913
0.8484136164188385
0.3200673758983612
0.2991602122783661
0.5461686849594116
0.32183757424354553
0.2065538763999939
0.656152531504631
0.028798043727874756
0.26300355792045593
0.0946590006351471
0.4992823153734207
0.32837986946105957
-0.009422928094863892
0.2099977731704712
0.10454285144805908
0.8705107420682907
0.5867446064949036
-0.9056859016418457
0.29317498207092285
0.36630918085575104
-0.012824535369873047
0.17136672139167786
0.2736499011516571
0.0422322154045105
0.1921243965625763
0.3802698850631714
0.39268141984939575
0.2557011544704437
0.21785593032836914
0.11304706335067749
0.23701483011245728
0.13142570853233337
0.28622710704803467
0.094114750623703
0.32521219551563263
0.9646250233054161
0.14716067910194397
0.318638414144516
0.30381226539611816
0.35788947343826294
0.1656900942325592
0.12212753295898438
0.19722291827201843
0.24559283256530762
0.17776167392730713
0.22834408283233643
0.26847103238105774
0.16184821724891663
0.4337601661682129
0.4502452313899994
0.3068236708641052
0.3561988025903702
0.0655805766582489
0.17659825086593628
0.10071834921836853
0.19289147853851318
0.2783466875553131
0.3523709177970886
0.11404240131378174
0.19806203246116638
0.6164422482252121
0.39295312762260437
0.05997055768966675
0.29114723205566406
0.4957580715417862
0.06499448418617249
-0.010204076766967773
0.17666202783584595
0.07750803232192993
0.012225627899169922
0.5709003657102585
0.4725158363580704
0.35455742478370667
0.4144202619791031
-0.06554248929023743
0.20503923296928406
0.0992853045463562
-0.03095918893814087
0.6905821561813354
0.5003940314054489
0.06515476107597351
0.3300829529762268
0.1628289520740509
0.2036484181880951
0.6668680906295776
0.22856318950653076
0.5417701452970505
0.5918981730937958
0.021336615085601807
0.23050111532211304
0.1196022629737854
0.28495144844055176
0.8992631733417511
0.18561482429504395
0.08267027139663696
0.2703489363193512
0.19240403175354004
0.18166476488113403
0.10910165309906006
0.5882621258497238
0.034895122051239014
0.3174571692943573
0.11033305525779724
0.11103761196136475
0.335159108042717
0.4512466937303543
-0.032778263092041016
0.44533097743988037
0.24483194947242737
0.414950892329216
0.11201298236846924
0.01612219214439392
0.14375951886177063
0.5307513922452927
0.19107738137245178
0.3464950919151306
0.22088149189949036
0.03489804267883301
0.20051971077919006
0.14670923352241516
0.20786839723587036
0.21983402967453003
0.3748827129602432
0.34761255979537964
0.09901776909828186
0.12198960781097412
0.2934114933013916
0.44018159806728363
0.15193110704421997
0.11938029527664185
0.24471893906593323
0.46744756400585175
0.5963655710220337
0.5141644924879074
0.3968944251537323
0.25275471806526184
0.20112070441246033
0.22072485089302063
0.6248135715723038
0.4795440137386322
0.04145273566246033
0.19395387172698975
0.8752671331167221
0.11193093657493591
0.22423586249351501
0.2512574791908264
0.4587598443031311
0.734208881855011
0.09629076719284058
0.08658546209335327
0.20284655690193176
0.5869931429624557
0.28912973403930664
0.22344768047332764
0.3862219452857971
0.16773203015327454
0.19356447458267212
0.13475364446640015
0.12959179282188416
0.18332317471504211
0.23366621136665344
0.40545089542865753
0.12452107667922974
0.01595821976661682
0.03802838921546936
0.2537367343902588
0.47152382135391235
0.24689781665802002
0.44027236104011536
0.3363448679447174
0.08628687262535095
0.22278079390525818
0.24732157588005066
0.05723735690116882
0.577528789639473
0.505263477563858
0.3142506778240204
0.21917584538459778
0.29139772057533264
0.07580947875976562
0.008200734853744507
0.40349021553993225
0.4579787403345108
0.0641818642616272
0.37920039892196655
0.3805316388607025
0.17756572365760803
0.5237879306077957
0.13481038808822632
0.31211766600608826
0.7450395226478577
0.1385657787322998
0.3065805435180664
0.13573771715164185
0.10498270392417908
0.3710213899612427
0.09466186165809631
0.11119946837425232
0.3831636905670166
0.4674910604953766
0.5999290645122528
0.4725007116794586
0.14667779207229614
0.2185036540031433
0.07477641105651855
0.23028236627578735
0.1772696077823639
0.24697080254554749
0.22396954894065857
0.06548571586608887
0.0225067138671875
0.05445122718811035
0.29816198348999023
0.30861005187034607
0.1657240092754364
0.3282112777233124
0.20191305875778198
0.6623332500457764
0.2453119456768036
0.38669252395629883
0.14900001883506775
0.5218321233987808
0.030470073223114014
0.406597763299942
0.5452181547880173
-0.0031655728816986084
0.05422675609588623
0.3027929961681366
0.2594618797302246
0.3920845687389374
0.20878049731254578
0.030394673347473145
0.23602494597434998
0.605223074555397
0.09536805748939514
0.039709508419036865
0.027256876230239868
0.5571445524692535
0.17393213510513306
0.19028997421264648
0.2976679503917694
0.533758744597435
0.0006038546562194824
0.15507516264915466
0.10067862272262573
0.14513614773750305
0.20257407426834106
0.2095375657081604
0.5760692059993744
0.24517661333084106
0.26186540722846985
0.20056617259979248
0.1459932029247284
0.6934482604265213
0.18096068501472473
0.028070688247680664
0.6015949100255966
0.1552984118461609
0.29622867703437805
0.32022063434123993
0.012576431035995483
0.37773752212524414
0.49411389231681824
0.2017204463481903
0.2777555584907532
0.10596224665641785
0.6529965698719025
0.39066483080387115
0.20063617825508118
0.08697232604026794
0.29449205100536346
0.24181097745895386
0.5794017016887665
0.04572618007659912
0.6719620823860168
0.2325255572795868
0.43381449580192566
0.5475379675626755
0.30857938528060913
0.09200409054756165
0.3061414808034897
0.3305426836013794
0.1541871726512909
0.49271732568740845
0.6179912388324738
0.326074481010437
0.5559104532003403
0.27667462825775146
0.022186189889907837
0.37782004475593567
0.47894056141376495
0.10375139117240906
0.25424912571907043
0.9185116589069366
0.6407510042190552
0.05894547700881958
0.1415436565876007
0.15583151578903198
0.3542778789997101
0.4307263493537903
0.260693222284317
0.2243754267692566
0.16647827625274658
0.32707688212394714
0.500064343214035
0.63695228099823
0.4337071627378464
0.24586829543113708
0.09272518754005432
0.01666143536567688
0.3428382873535156
0.313845157623291
0.2348892092704773
0.0915783941745758
0.06956121325492859
0.157345712184906
0.3238251507282257
0.2810644805431366
0.625605121254921
0.18340855836868286
0.7643969357013702
0.21079054474830627
0.2691589891910553
0.5476725846529007
0.07704704999923706
0.40206244587898254
0.49656495451927185
0.2495594024658203
0.48372137546539307
0.8602171987295151
-0.06683048605918884
0.10484856367111206
0.15937352180480957
0.6799863129854202
0.16081857681274414
0.4862797111272812
0.23052963614463806
0.21411341428756714
-0.011376142501831055
0.43483248353004456
0.27043333649635315
0.46979641914367676
0.40747907757759094
0.14755335450172424
-0.010417759418487549
0.11425197124481201
0.7525776475667953
0.2403780221939087
0.23930233716964722
0.18292593955993652
0.42601844668388367
0.11020877957344055
0.08068719506263733
0.2912138104438782
0.11238899827003479
0.31635886430740356
0.057687997817993164
0.5748631358146667
0.1881524622440338
-0.1076752245426178
0.026514679193496704
0.2608162760734558
0.14311042428016663
0.3451734185218811
0.01873314380645752
0.4796939492225647
-0.09747743606567383
-0.002347111701965332
0.29602283239364624
0.07207024097442627
0.5031899213790894
0.14398232102394104
0.209457665681839
0.7400235235691071
0.2404114305973053
0.12088581919670105
0.08686047792434692
0.3401585817337036
0.24765536189079285
0.7347204089164734
0.22045528888702393
0.13203004002571106
-0.07180395722389221
0.5987689644098282
0.17253637313842773
0.49656951427459717
0.21566122770309448
1.1083599776029587
0.46623650193214417
0.2878565490245819
0.045707136392593384
0.49345532059669495
0.34276050329208374
0.4654114544391632
0.1968923807144165
0.452759712934494
0.16239657998085022
0.521780714392662
-0.064727783203125
0.3711053729057312
0.47157104313373566
0.3132496476173401
0.32177790999412537
0.3620498776435852
0.004823923110961914
0.06184300780296326
0.2516986131668091
0.7664358913898468
0.0753675103187561
0.2047601342201233
0.40213286876678467
0.04018324613571167
0.4096212089061737
0.08732765913009644
0.34111741185188293
0.512955904006958
0.42048999667167664
0.3053824007511139
0.84652129560709
0.05303892493247986
0.3133370578289032
0.2164936363697052
0.3550308495759964
0.04142540693283081
0.04600578546524048
0.4898383766412735
0.4139261245727539
0.08162075281143188
0.37705251574516296
0.2566509246826172
0.16451552510261536
0.2011319100856781
0.7632222920656204
0.1278286576271057
0.2820970118045807
0.49825483560562134
0.04999014735221863
0.027483880519866943
0.30436843633651733
0.15056726336479187
0.21171823143959045
0.21194520592689514
0.16589632630348206
0.40374115109443665
0.052037060260772705
0.1626562476158142
0.21558824181556702
0.42850932478904724
0.3537411242723465
0.18669041991233826
0.18695881962776184
0.007002890110015869
0.038946181535720825
0.1532014012336731
0.030235648155212402
0.11950665712356567
0.09572085738182068
0.2694220244884491
0.1934758722782135
0.09833604097366333
0.7620919793844223
0.29000359773635864
0.08863937854766846
0.22284716367721558
0.6411763727664948
0.4862652122974396
0.11588212847709656
0.32022640109062195
0.29105596244335175
0.714740976691246
0.1752956509590149
0.0680253803730011
0.18657907843589783
0.23219013214111328
0.0007264614105224609
0.3080952614545822
0.0820324718952179
0.13483643531799316
-0.13842204213142395
0.6174648404121399
0.24688300490379333
0.6296096742153168
0.2694306969642639
0.20977160334587097
0.4824220985174179
0.11867448687553406
0.01081162691116333
0.6468224078416824
0.5717920958995819
0.21369463205337524
0.1799919307231903
0.0458504855632782
0.7050452381372452
0.7850334495306015
0.15522140264511108
0.26245105266571045
0.6444621086120605
0.7274566292762756
0.24366608262062073
0.3320784568786621
0.39184486865997314
0.4104660749435425
0.0773916244506836
0.7054767459630966
0.42328816652297974
0.11598819494247437
0.2155923843383789
0.41994497179985046
0.09610855579376221
0.24184823036193848
0.29140761494636536
0.26868104934692383
0.3603546470403671
0.29713818430900574
0.5415349006652832
0.2021445631980896
0.11520123481750488
0.38239164650440216
0.25413191318511963
0.250888466835022
0.1639517843723297
0.534943699836731
-0.04305186867713928
0.07009881734848022
0.009450644254684448
0.1534375250339508
0.15015435218811035
0.1702691614627838
0.0387912392616272
0.2951468229293823
0.9250569045543671
0.5767766684293747
0.17862680554389954
0.29724133014678955
0.06072556972503662
1.2120756804943085
0.24292802810668945
0.10430383682250977
0.34459441900253296
0.08412599563598633
0.2277311086654663
0.6245849430561066
0.7245179861783981
0.13550204038619995
0.17670130729675293
0.045345157384872437
0.14145952463150024
0.18852022290229797
0.4899289906024933
0.8635431081056595
0.3729794919490814
-0.17029741406440735
0.2892121374607086
0.22810131311416626
0.3891957700252533
0.1363440752029419
1.1187867000699043
0.14826154708862305
0.21187692880630493
0.49108459055423737
0.24849653244018555
0.20528751611709595
0.10208645462989807
0.04341179132461548
0.6333107650279999
0.37230104207992554
0.14957907795906067
0.14943870902061462
0.28694459795951843
0.8947600275278091
0.08659622073173523
0.23685204982757568
0.19684931635856628
0.3786393105983734
0.09714564681053162
0.5810563266277313
0.6685529500246048
0.3629941791296005
0.5452819168567657
-0.10718485713005066
0.5624661296606064
0.2573123127222061
0.25158965587615967
0.21265515685081482
0.35026153922080994
-0.0012495219707489014
0.39300286769866943
0.4021669179201126
0.2218332290649414
0.19971418380737305
0.04869168996810913
0.10496821999549866
0.16183078289031982
0.0848347544670105
0.31943079829216003
0.17181611061096191
0.13284677267074585
0.1378408670425415
0.37947842478752136
0.508416086435318
0.40605688095092773
0.03021782636642456
0.2176266312599182
0.4018442928791046
0.21288537979125977
0.04573577642440796
0.15403270721435547
0.25773894786834717
0.23770812153816223
0.201524555683136
0.06680360436439514
0.006860792636871338
0.1718786358833313
0.115040123462677
0.07267248630523682
0.474456250667572
0.49282075464725494
0.49015264213085175
0.320989727973938
0.6667194068431854
0.7269749939441681
0.45503558218479156
0.3522910624742508
0.11202782392501831
0.3951781094074249
0.8796498775482178
0.2185450792312622
0.4697881042957306
0.6093209534883499
0.11614969372749329
0.560965895652771
0.584571897983551
0.6166067123413086
0.36898188292980194
0.4799308180809021
0.38352443277835846
0.3755130469799042
0.3638763725757599
0.17831087112426758
0.10197335481643677
0.13864946365356445
0.193008691072464
0.4678054749965668
-0.11250290274620056
0.5111468434333801
0.03817242383956909
0.1391335427761078
0.04487010836601257
-0.02122485637664795
0.5134537816047668
0.6012967228889465
0.39836643636226654
0.27886104583740234
0.16213315725326538
0.6078402549028397
0.25904276967048645
0.08517348766326904
0.5102844834327698
0.588628351688385
0.1150699257850647
0.1108139157295227
0.144413024187088
0.22673586010932922
0.15009263157844543
0.16708090901374817
0.047206491231918335
0.5341890156269073
-0.00013956427574157715
0.17151913046836853
0.07672429084777832
0.08405154943466187
0.1475996971130371
0.7507734298706055
0.24214977025985718
0.14521321654319763
0.5106473714113235
0.1166757345199585
0.05267608165740967
0.4812561720609665
0.1454741358757019
0.5703805685043335
0.46700766682624817
0.19439411163330078
0.2881365120410919
0.5490107834339142
0.167178213596344
0.3793445825576782
0.1610604226589203
0.6198882162570953
0.014840275049209595
0.06904599070549011
0.12334316968917847
0.5321724563837051
0.43048569560050964
0.1773139238357544
0.21760901808738708
0.06440594792366028
0.4883957505226135
0.14834275841712952
0.37755076587200165
-0.011200129985809326
-0.02311760187149048
0.09466099739074707
0.03981009125709534
0.3750491887331009
0.25620442628860474
0.3216826468706131
0.1359502375125885
0.35641130805015564
-0.21833717823028564
0.16963964700698853
0.1740734577178955
0.24365362524986267
0.29946430027484894
0.12599092721939087
0.45072564482688904
0.6260167509317398
0.3527548611164093
0.1253187358379364
0.4081186354160309
0.15276533365249634
0.07493090629577637
0.06946182250976562
-0.29589569568634033
0.08201831579208374
0.24852022528648376
0.1351790428161621
0.41975948214530945
0.6471437960863113
0.12530627846717834
0.2847498059272766
0.22392773628234863
0.49519605934619904
0.15998893976211548
0.31314942240715027
0.08771824836730957
0.3154045641422272
0.15648090839385986
0.054399073123931885
0.2435811161994934
0.06409531831741333
0.13494089245796204
0.6000951081514359
0.4500824511051178
0.3558107614517212
0.19808897376060486
0.33291545510292053
0.025392234325408936
0.05597001314163208
0.2558535933494568
0.3440556228160858
0.3354278802871704
0.4652818590402603
0.2657793164253235
0.1944873034954071
0.6288177818059921
0.37114188075065613
0.43361276388168335
0.49344128370285034
0.3282792419195175
0.15067201852798462
0.287986159324646
0.1107853353023529
0.05215838551521301
0.2570990025997162
-0.021606355905532837
0.29212456941604614
0.3530796468257904
0.5501468181610107
0.4795883297920227
0.057103633880615234
0.7011411339044571
0.21448823809623718
0.13816317915916443
0.14303213357925415
0.35720865428447723
0.4031567871570587
0.05204859375953674
0.7992758750915527
0.3513367772102356
0.10760027170181274
0.1891465187072754
0.5458448231220245
0.24953573942184448
-0.01129913330078125
0.06597283482551575
0.504605770111084
0.17343515157699585
0.10468822717666626
0.3293229639530182
0.009072095155715942
-0.055172741413116455
0.0572146475315094
0.296293705701828
0.03254011273384094
0.09063941240310669
0.4366963654756546
0.040142714977264404
0.07503366470336914
0.31812402606010437
0.9211143404245377
1.0667168498039246
0.14693781733512878
0.2260238528251648
0.48575952649116516
0.15844950079917908
0.2405548095703125
0.27857114374637604
0.2472238540649414
0.2367514669895172
0.662250429391861
0.6946207880973816
0.2194289267063141
0.1243445873260498
0.2767089605331421
0.3721950054168701
0.2544991970062256
0.7780187726020813
0.11182907223701477
0.5603355169296265
0.31849266588687897
0.47765618562698364
0.06270822882652283
0.3290048986673355
0.2346821427345276
-0.09350752830505371
0.2652379870414734
0.20869392156600952
0.1201808750629425
0.03302547335624695
0.004315674304962158
0.2243000566959381
0.40036067366600037
0.2304174304008484
0.550349697470665
0.34272901713848114
0.13407683372497559
0.3437548577785492
0.3011155426502228
0.42901620268821716
0.3900415003299713
0.32040202617645264
0.30984383821487427
0.07625222206115723
0.33191028237342834
0.6064510643482208
0.6220013350248337
-0.10009711980819702
0.34646934270858765
0.2244400680065155
0.5739478170871735
0.19288375973701477
0.4178057760000229
0.6793563514947891
0.22019681334495544
0.6098697036504745
0.5426307618618011
0.24989402294158936
0.2705684006214142
0.17648473381996155
-0.1337214708328247
0.3828960806131363
1.0234413295984268
0.6146419048309326
0.07191991806030273
0.5893920660018921
0.3634037673473358
0.3293916881084442
0.2615199387073517
0.15662920475006104
0.4043785035610199
0.5742485076189041
0.13520506024360657
0.09337583184242249
0.12131118774414062
0.1366468369960785
0.5854362696409225
0.32747700810432434
0.1927987039089203
0.5115556567907333
-0.0998581051826477
0.09986728429794312
0.11240148544311523
0.2528707683086395
0.3393402099609375
0.13294124603271484
0.21132975816726685
-0.0037250816822052
0.1993219256401062
0.27777668833732605
0.8188942670822144
0.30078500509262085
0.011645376682281494
0.5208212286233902
0.6193559765815735
0.28913965821266174
0.45214954018592834
-0.004116088151931763
0.018265604972839355
0.5001049339771271
0.26886120438575745
0.26486191153526306
0.3874574452638626
0.22403788566589355
0.42628014087677
0.17850592732429504
0.3072842061519623
0.004693448543548584
0.034788280725479126
0.09250563383102417
0.2541053593158722
0.09774044156074524
0.06887656450271606
0.6418560296297073
0.2800709009170532
0.49830490350723267
0.13185399770736694
0.18387901782989502
0.2935498207807541
0.5482896417379379
0.6776830404996872
0.22997426986694336
0.05010613799095154
0.23255378007888794
0.5062558650970459
1.0881111770868301
-0.10576677322387695
0.1115851104259491
0.16771093010902405
0.27666302025318146
0.2644121050834656
0.3161836415529251
0.42141401767730713
0.15371376276016235
0.2544424831867218
0.3393248915672302
0.21753740310668945
0.24151402711868286
0.030636578798294067
0.36073899269104004
-0.009724020957946777
0.06515267491340637
0.2579107880592346
0.18973955512046814
0.19000092148780823
0.12522518634796143
0.4533921629190445
0.5291088074445724
0.8168555796146393
0.8422655016183853
0.2603391408920288
0.21247002482414246
0.13725686073303223
0.19230413436889648
0.5746291428804398
0.320072740316391
0.2534083127975464
0.05698385834693909
0.14566504955291748
0.15383023023605347
0.14643257856369019
0.24564042687416077
0.24319183826446533
0.28765612840652466
0.19980406761169434
0.020336031913757324
0.3639450669288635
0.069821298122406
0.43912872672080994
0.2131786346435547
0.48151546716690063
0.10637727379798889
0.7084650993347168
0.24343249201774597
0.24111971259117126
0.37313686311244965
0.9549444019794464
0.5655702948570251
0.25692710280418396
0.016579806804656982
0.10536536574363708
0.10929137468338013
0.05398032069206238
0.3814353197813034
0.2687850296497345
0.20525377988815308
-0.030137091875076294
0.4175299406051636
-0.0326610803604126
0.2165868580341339
0.34530678391456604
0.05644631385803223
0.13617053627967834
1.3830099254846573
0.24812468886375427
0.28746849298477173
0.10068774223327637
0.18189507722854614
0.11830174922943115
-0.03633147478103638
0.13753944635391235
0.4696435183286667
0.3681443929672241
0.14102503657341003
0.4662556052207947
0.3322726786136627
0.027675986289978027
0.07524609565734863
0.9773555397987366
0.5114910453557968
0.47143812477588654
-0.16994035243988037
0.31293031573295593
0.10364291071891785
0.21337458491325378
-0.02974855899810791
0.1319604516029358
0.40767592191696167
0.17697390913963318
0.31475600600242615
0.8947797417640686
0.4177871197462082
0.7269501090049744
0.23014572262763977
-0.00392720103263855
0.3009999692440033
0.4615083336830139
-0.0594482421875
0.6786054968833923
0.4045591801404953
0.05397823452949524
0.6633480489253998
0.6371153891086578
0.021374762058258057
0.08384817838668823
0.6334963291883469
0.3448275923728943
0.3809387534856796
0.005695760250091553
0.12234538793563843
0.7373615950345993
0.3484553247690201
0.006316184997558594
0.39404743909835815
0.26781001687049866
0.7497553676366806
0.23212343454360962
-0.23828259110450745
0.3602833151817322
0.23807471990585327
0.3778717815876007
0.11824953556060791
0.22025519609451294
0.1207064688205719
0.42808185517787933
0.30238667130470276
0.10422730445861816
0.13989359140396118
0.17046722769737244
0.2094418704509735
0.22969096899032593
0.23355230689048767
0.08234015107154846
0.11329066753387451
0.22058576345443726
0.588430717587471
0.15903761982917786
0.23449921607971191
0.21577009558677673
0.5115415155887604
0.5489163547754288
0.30323272943496704
0.12667882442474365
0.37707777321338654
0.36098454892635345
0.40496009588241577
0.4120512008666992
0.508515477180481
0.3242228031158447
0.36460286378860474
0.15054786205291748
0.6115517169237137
0.27694466710090637
0.26940006017684937
0.45729997754096985
0.9822507351636887
0.5839700251817703
0.3309945911169052
0.025197595357894897
0.46024513244628906
0.2933136820793152
0.23156768083572388
0.32698869705200195
0.5437064319849014
0.2087249755859375
0.06546872854232788
0.5480246096849442
0.1819058656692505
0.13083931803703308
0.4485968053340912
0.2774491608142853
0.3716641217470169
0.39510270953178406
0.5135946124792099
0.5561312735080719
0.08404615521430969
0.12848177552223206
0.037132471799850464
0.10700887441635132
0.44329696893692017
0.053672581911087036
-0.04198575019836426
0.19109225273132324
0.32509875297546387
0.09086424112319946
-0.0906340479850769
0.09789860248565674
0.35547569394111633
0.1284365952014923
0.42654526233673096
0.06967923045158386
0.4419911205768585
0.31741704046726227
0.26666560769081116
0.2107129991054535
0.024153918027877808
0.8568206280469894
-0.02663317322731018
0.31720125675201416
0.34866365790367126
0.21627211570739746
0.33958080410957336
0.0623798668384552
-0.02867591381072998
0.20022818446159363
0.11427095532417297
0.47172439098358154
0.2176153063774109
0.2997801899909973
-0.0066702961921691895
0.288043349981308
0.24002960324287415
0.16574686765670776
0.5561018586158752
0.6101422011852264
0.4607889652252197
0.12272968888282776
0.6633865535259247
0.23413673043251038
0.37083080410957336
-0.004970937967300415
0.2716361880302429
0.33567190170288086
0.15925335884094238
0.513312965631485
0.5786284506320953
0.0550389289855957
0.16574230790138245
0.41182467341423035
0.5100620687007904
0.029259800910949707
0.5769336074590683
-0.011635452508926392
0.14960676431655884
0.3075774908065796
0.19223418831825256
0.3430781364440918
0.3439905047416687
0.3496971130371094
0.13810515403747559
-0.010592997074127197
0.46338824927806854
0.21847102046012878
0.17477619647979736
0.308003693819046
0.5525718182325363
0.42941178381443024
0.770084798336029
0.6319254040718079
0.06430160999298096
0.15020322799682617
0.409511461853981
0.06615912914276123
0.5246456563472748
0.4001808762550354
0.08334788680076599
0.12537258863449097
0.3137069195508957
0.3024052828550339
0.614254504442215
0.2511345148086548
0.7891828119754791
0.1809362769126892
0.07416519522666931
-0.21339142322540283
0.19458872079849243
0.20470711588859558
0.2209022045135498
0.42460064589977264
0.10644066333770752
0.27629314363002777
0.03858870267868042
0.2757911682128906
0.5726133286952972
0.31805989146232605
0.04289901256561279
0.24530375003814697
0.1365276277065277
0.07134667038917542
0.21051958203315735
0.23575660586357117
0.3269774317741394
0.3853260576725006
0.14063996076583862
0.013768434524536133
-0.020096629858016968
0.11690029501914978
0.23364846408367157
0.7128200903534889
0.012754976749420166
0.5518826544284821
0.00199049711227417
0.16450512409210205
0.285332590341568
0.5601425617933273
0.42493119835853577
0.3430723398923874
0.3823505938053131
0.09402072429656982
0.007559597492218018
0.23626640439033508
0.11700129508972168
0.10793948173522949
0.1591452956199646
0.4993743300437927
0.28144094347953796
0.1826290488243103
0.20224645733833313
0.7466590106487274
0.3458361029624939
0.43021275103092194
0.3407699167728424
0.14828264713287354
0.2825517952442169
0.5314761698246002
0.30103012919425964
0.34923404455184937
0.31461477279663086
-0.1318933665752411
0.3548262417316437
0.2909839451313019
0.4524313062429428
0.4878494590520859
0.17309468984603882
0.29631564021110535
0.2384023368358612
0.3864447772502899
0.24865728616714478
0.24549010396003723
0.013862013816833496
0.19883239269256592
0.22670269012451172
0.3801195025444031
0.2886580228805542
0.4348639249801636
0.24468988180160522
0.9324316829442978
0.03600591421127319
0.15505820512771606
0.3059292733669281
0.7591696083545685
0.5598066598176956
0.0963960587978363
0.1387665867805481
0.8073895424604416
0.12309998273849487
0.22998708486557007
0.10833793878555298
0.16856324672698975
0.31200501322746277
0.34246596693992615
0.23039379715919495
0.37683960795402527
0.3729236423969269
1.0868159383535385
0.17712301015853882
0.3592943251132965
0.2730998694896698
0.10404500365257263
0.7969560772180557
0.433650404214859
0.2285577356815338
0.1972399353981018
0.24416717886924744
0.17594009637832642
0.259019136428833
0.10453996062278748
0.11160540580749512
0.32038798928260803
0.5299006551504135
0.7964578568935394
0.23764106631278992
0.05493709444999695
0.057073354721069336
0.06932678818702698
0.2753198444843292
0.3159264475107193
0.8039080500602722
0.7638597935438156
0.19659623503684998
0.0904480516910553
0.2275080680847168
0.11200222373008728
0.5823038220405579
-0.00018137693405151367
0.0282973051071167
0.4071096032857895
0.42990006506443024
0.32250189781188965
0.11222955584526062
0.6097524613142014
0.09260797500610352
0.043157100677490234
0.22005349397659302
0.17901289463043213
0.4029724597930908
0.49633635580539703
-0.013121485710144043
0.20039010047912598
0.37501227855682373
0.1523474156856537
0.5609907656908035
0.9233677834272385
0.23692870140075684
0.23861312866210938
0.31874778866767883
0.2575148642063141
0.12200409173965454
0.39917775988578796
0.1990775763988495
0.11215829849243164
0.11126160621643066
0.37308722734451294
0.6189728230237961
0.11673825979232788
0.23399010300636292
0.04080083966255188
0.40075743198394775
0.16312465071678162
0.2166936993598938
-0.029688507318496704
0.18474674224853516
0.2140011489391327
-0.03475138545036316
0.037348270416259766
0.7913468778133392
0.49777844548225403
0.30961278080940247
0.17150217294692993
0.12222522497177124
-0.004323601722717285
0.38126882910728455
0.4164186120033264
0.23848149180412292
0.36803382635116577
0.7122972905635834
0.22469186782836914
0.18014726042747498
-0.04537290334701538
0.36100658774375916
-0.0816906988620758
0.06270822882652283
0.2572617828845978
0.22817304730415344
0.17342808842658997
0.14888280630111694
0.6687410473823547
0.3122829645872116
-0.12985149025917053
-0.05764824151992798
0.40159451961517334
0.026078134775161743
0.13767483830451965
0.10770469903945923
0.20357266068458557
1.2127311676740646
0.8000553846359253
0.19406476616859436
0.1715734601020813
0.47148995101451874
-0.034186482429504395
0.19841033220291138
0.27028515934944153
0.2982150614261627
0.3146296888589859
0.0947658121585846
0.32359445095062256
0.06979483366012573
0.10553687810897827
0.37155473232269287
0.4261676073074341
0.1985751986503601
0.4212624132633209
0.29670169949531555
0.4049183130264282
0.03537389636039734
0.5339004099369049
0.4618620425462723
0.4155857264995575
-0.07180312275886536
0.2482559084892273
0.13238289952278137
0.33795565366744995
-0.23281344771385193
0.06183883547782898
0.15697291493415833
0.12489047646522522
0.13351154327392578
0.36945368349552155
0.1679282784461975
0.0115584135055542
0.27959248423576355
0.3338494598865509
0.6788593083620071
0.7270255237817764
0.4127875864505768
0.4919605702161789
0.10698771476745605
1.0104659646749496
0.3481364846229553
0.3241743743419647
0.002562880516052246
0.445517435669899
0.6254853755235672
0.36173391342163086
-0.09309336543083191
0.24362796545028687
0.10419705510139465
0.11192882061004639
0.2920442819595337
0.3536139130592346
0.10067486763000488
0.0676332414150238
0.1863512396812439
0.003875434398651123
0.1895093023777008
0.2620190978050232
0.12476372718811035
0.1354457437992096
0.7508417665958405
0.32561394572257996
0.03836178779602051
0.32129207253456116
-0.0847444236278534
0.058293551206588745
0.5748723149299622
-0.27930212020874023
0.3235265761613846
1.0160728096961975
0.5851992964744568
0.26500940322875977
-0.3088862895965576
0.13767483830451965
0.6986286789178848
0.15928322076797485
0.5581880509853363
0.2996414750814438
0.11204692721366882
0.12966713309288025
0.46386954188346863
0.2482253611087799