0.08336877822875977
0.24127459526062012
0.5586448907852173
0.16925811767578125
0.21126151084899902
0.18320345878601074
0.7136731147766113
0.14883995056152344
0.18693017959594727
0.052352190017700195
0.06993961334228516
0.5095014572143555
0.2650439739227295
0.20630216598510742
0.5938444137573242
0.17178654670715332
0.2418675422668457
-0.03127908706665039
0.10455441474914551
0.28006410598754883
-0.6284223794937134
0.1637098789215088
0.15172219276428223
0.1121528148651123
0.7083404064178467
-0.2025127410888672
0.5591237545013428
0.6600155830383301
0.44519686698913574
0.08219408988952637
0.5329102277755737
0.5270485877990723
0.4498039484024048
0.2654057741165161
0.7450368404388428
-0.06358575820922852
0.5402613878250122
0.6066224575042725
-0.5725266933441162
0.06159365177154541
0.4775815010070801
0.4726114273071289
0.28670406341552734
0.6726794242858887
0.2091667652130127
-0.19853591918945312
0.3814396858215332
0.7292642593383789
0.7371909618377686
0.23639559745788574
0.0896613597869873
0.4203951358795166
0.47493696212768555
-0.00808572769165039
0.5040671825408936
-0.8204197883605957
1.0475385189056396
0.9572346210479736
0.8624687194824219
-0.10436415672302246
0.09963321685791016
0.9739652872085571
0.6162095069885254
0.08464956283569336
0.35492396354675293
0.39462804794311523
-0.42709779739379883
0.5557208061218262
0.1532456874847412
0.22283601760864258
0.3889122009277344
0.655652642250061
-0.016112804412841797
0.04871869087219238
-1.0837527513504028
1.066845417022705
-0.14530611038208008
0.4637598991394043
0.6471526622772217
1.1676783561706543
0.15295982360839844
0.04870724678039551
-0.4443058967590332
0.878103494644165
0.670706033706665
-0.1288895606994629
0.8099459409713745
0.5716817378997803
0.9735445976257324
0.5961356163024902
0.7875173091888428
0.2514374256134033
0.18953394889831543
0.35502004623413086
0.3194248676300049
0.17495489120483398
0.22433876991271973
0.3665919303894043
-0.144273042678833
0.5219876766204834
-0.04590606689453125
0.12288141250610352
0.6644575595855713
0.0009839534759521484
0.34964442253112793
-0.021897315979003906
0.8465628623962402
0.329784631729126
0.22625732421875
0.6092112064361572
-0.28179383277893066
0.6993095874786377
0.2729213237762451
0.18021726608276367
0.2938985824584961
0.7949808835983276
0.48484349250793457
0.6660757064819336
0.31766247749328613
0.5134761333465576
0.24047207832336426
0.5404964685440063
0.15148639678955078
0.709007978439331
0.03039717674255371
0.48935604095458984
0.016263961791992188
0.1099698543548584
0.7209577560424805
0.2372899055480957
0.28769350051879883
0.04869675636291504
0.4285275936126709
0.04124045372009277
0.23595976829528809
-0.7163379192352295
-0.1434156894683838
0.43775880336761475
0.6526293754577637
0.20291590690612793
-0.29729557037353516
0.8978369235992432
0.2598240375518799
1.0672732591629028
0.25841307640075684
0.6933860778808594
-0.20777368545532227
0.07954001426696777
0.37465858459472656
0.6596578359603882
-0.20197844505310059
-0.11263048648834229
0.526871919631958
0.15519976615905762
0.6199066638946533
0.27088260650634766
0.7587454319000244
0.03791928291320801
0.924443244934082
0.09675979614257812
0.693476676940918
0.44639813899993896
0.8088569641113281
-0.08751904964447021
0.33942532539367676
1.3506033420562744
0.1931605339050293
0.20765447616577148
0.8528342247009277
0.16483426094055176
0.31026458740234375
0.47976016998291016
0.5228888988494873
0.4228074550628662
0.24541759490966797
-0.07047796249389648
0.18705272674560547
0.6447675228118896
-0.4261178970336914
0.3716747760772705
0.4998319149017334
-0.0881342887878418
0.7524032592773438
0.1667928695678711
0.30486178398132324
0.9031288623809814
0.20178627967834473
-0.03672492504119873
0.4514772891998291
0.5006048679351807
-0.09424233436584473
0.8394536972045898
-0.07598137855529785
0.13831615447998047
0.19869780540466309
-0.43987882137298584
0.7734570503234863
0.11057400703430176
0.5531923770904541
0.5721944570541382
0.5588874816894531
0.3312509059906006
0.212890625
0.09306144714355469
-0.2885901927947998
0.663067102432251
0.5398526191711426
0.20450282096862793
0.8276615142822266
-0.14646267890930176
0.6648263931274414
-0.5204598903656006
0.49877095222473145
-0.01789093017578125
0.04713249206542969
0.13980960845947266
0.5803731679916382
0.22248435020446777
0.5873181819915771
0.46469879150390625
0.19084954261779785
0.8245038986206055
0.016157150268554688
-0.18616223335266113
0.07709383964538574
0.18642973899841309
0.1618030071258545
0.2100592851638794
0.4126507043838501
0.397629976272583
0.555304765701294
-0.1904451847076416
0.5382200479507446
0.5162982940673828
-0.143233060836792
0.0576479434967041
-0.24167609214782715
0.018379688262939453
0.533881664276123
0.29337751865386963
0.6013534069061279
0.5943425893783569
0.4047715663909912
0.37397050857543945
-0.1459059715270996
0.13797903060913086
0.20254921913146973
0.12112879753112793
0.13005924224853516
0.48103463649749756
0.5190832614898682
1.2171242237091064
-0.19081592559814453
0.476909875869751
0.35834264755249023
-0.010178804397583008
0.648127555847168
0.21692299842834473
-0.0751650333404541
0.6082906723022461
0.06725645065307617
0.31512880325317383
0.4530078172683716
-0.008553504943847656
1.1791224479675293
1.7161400318145752
1.143559455871582
0.17387962341308594
-0.004246711730957031
-0.3326244354248047
0.16876554489135742
-0.008084654808044434
0.21419525146484375
-0.1617426872253418
0.5381097793579102
0.12498831748962402
-0.1398676633834839
0.3896080255508423
-0.09859824180603027
0.506908655166626
0.056754350662231445
0.15981626510620117
-0.04986929893493652
-0.03863072395324707
1.2194766998291016
0.4319732189178467
0.011142969131469727
-0.07611989974975586
0.5700132846832275
0.5711860656738281
0.49394893646240234
0.5519750118255615
0.3499257564544678
-0.33062100410461426
0.5377063751220703
0.8701014518737793
0.15729117393493652
0.39675331115722656
0.283250093460083
0.5940873622894287
0.32430052757263184
0.027317523956298828
0.10666918754577637
1.185978889465332
0.24380731582641602
0.16336822509765625
0.9097617864608765
0.45479869842529297
0.957878589630127
0.2191786766052246
0.2335224151611328
0.6417171955108643
0.5072013139724731
-0.25991344451904297
0.6285170316696167
0.6879258155822754
0.6244063377380371
0.1320958137512207
-0.059917449951171875
0.5238943099975586
0.08836150169372559
0.3861558437347412
1.6442959308624268
-0.21868228912353516
0.4286385774612427
0.226762056350708
0.4562077522277832
0.39234423637390137
1.1322250366210938
0.008536577224731445
0.8866696357727051
0.2882823944091797
0.4498000144958496
0.7609422206878662
0.5551388263702393
0.5177319049835205
0.7921140193939209
0.37921738624572754
0.3799477815628052
0.08133268356323242
0.12528347969055176
1.0572543144226074
0.29654645919799805
1.179793119430542
0.16566157341003418
0.6799278259277344
1.516202449798584
0.577918291091919
0.5914220809936523
0.8928961753845215
0.3130679130554199
-0.3917210102081299
0.41672253608703613
0.2058563232421875
1.297525405883789
0.4688901901245117
0.7147679328918457
0.5509381294250488
0.1432654857635498
-0.0990365743637085
0.7222599983215332
-0.39250922203063965
0.35368871688842773
0.09044599533081055
0.5616025924682617
0.574141263961792
0.29490041732788086
0.503899097442627
0.39193081855773926
-0.08514046669006348
0.05748271942138672
0.8847140073776245
0.5348598957061768
0.32088184356689453
1.0497678518295288
0.0516667366027832
0.3018064498901367
1.2280633449554443
1.0235722064971924
0.3339954614639282
0.06589722633361816
0.24144411087036133
0.7808208465576172
0.24627923965454102
-0.24397659301757812
0.2584340572357178
-0.19421720504760742
0.8078387975692749
0.3753737211227417
-0.05836129188537598
0.7005903720855713
0.2895786762237549
0.5511236190795898
0.9276227951049805
-0.11531352996826172
0.3428645133972168
0.24169397354125977
0.5551731586456299
0.1953517198562622
0.11969208717346191
0.36054396629333496
0.1995255947113037
0.5313611030578613
0.4890158176422119
-0.16470623016357422
0.8388042449951172
0.13369417190551758
0.6385858058929443
0.357804536819458
0.9839025735855103
0.02469325065612793
0.23442292213439941
0.2694709300994873
0.955085277557373
1.0151830911636353
0.02144765853881836
0.37059617042541504
0.6804203987121582
0.6507985591888428
-0.04549860954284668
0.20374715328216553
0.09386992454528809
0.46676206588745117
-0.0795208215713501
0.5312726497650146
0.17599773406982422
0.6501922607421875
-0.3307662010192871
0.19227075576782227
0.17224645614624023
-0.04435539245605469
0.4528837203979492
0.2099449634552002
0.24434208869934082
0.3085975646972656
0.15352094173431396
0.21418261528015137
0.28011345863342285
0.44761908054351807
0.3816194534301758
0.8535933494567871
1.236308217048645
0.39415884017944336
0.3252525329589844
0.5556306838989258
0.21914124488830566
0.8904800415039062
0.9241275787353516
0.7228947877883911
0.41376352310180664
-0.1625053882598877
1.6329007148742676
0.20807695388793945
-0.07951855659484863
0.14885377883911133
0.5927996635437012
0.2527637481689453
0.23364901542663574
-0.02953314781188965
-0.4904007911682129
0.4810478687286377
0.3022115230560303
0.7522296905517578
0.5651485919952393
0.242234468460083
0.6859915256500244
0.48420917987823486
0.4740414619445801
-0.003887176513671875
-0.05475807189941406
0.8169565200805664
0.3444063663482666
0.532660722732544
0.16389966011047363
0.8266007900238037
0.5830137729644775
0.2408909797668457
0.43626928329467773
0.9325809478759766
0.4368250370025635
0.3471078872680664
0.2759978771209717
-0.0657205581665039
0.2377932071685791
0.6780731678009033
0.2827615737915039
0.4324326515197754
0.21989059448242188
0.45041120052337646
0.2148590087890625
0.45348238945007324
0.26759910583496094
0.27867114543914795
0.5168836116790771
0.8244504928588867
0.14416790008544922
0.6094100475311279
0.5485484600067139
0.39560866355895996
-0.011676788330078125
-0.0919945240020752
0.563474178314209
0.5060343742370605
-0.10623645782470703
0.4399988651275635
0.3311769962310791
-0.1437230110168457
0.1722574234008789
0.377901554107666
0.2718086242675781
0.2427361011505127
0.7795207500457764
0.4159127473831177
0.49881792068481445
1.1139435768127441
0.32820558547973633
0.1498394012451172
0.2736579179763794
0.36812520027160645
0.057507991790771484
0.37188029289245605
0.7421483993530273
0.7619187831878662
0.4842245578765869
0.38878870010375977
0.7690889835357666
0.5315592288970947
0.11038708686828613
0.5264201164245605
0.022223234176635742
0.6054513454437256
1.083242416381836
0.2691962718963623
0.19158804416656494
0.39791297912597656
0.43265748023986816
0.5675387382507324
0.573206901550293
-0.03570413589477539
0.5655758380889893
-0.10660076141357422
0.07233452796936035
1.0294691324234009
0.16295671463012695
0.5649220943450928
0.23241150379180908
0.07531166076660156
0.9807333946228027
0.2685532569885254
0.22094345092773438
0.1552112102508545
0.07056522369384766
0.6317806243896484
0.4473230838775635
0.13877344131469727
0.3390374183654785
0.4791717529296875
0.07623457908630371
0.6399670839309692
0.7452869415283203
0.7236917018890381
0.9512653350830078
0.9926466941833496
0.737205982208252
0.9637274742126465
0.08673644065856934
0.6895718574523926
0.0759274959564209
0.6622607707977295
-0.09363484382629395
0.8681468963623047
0.05606436729431152
-0.3383467197418213
0.15621352195739746
0.5745837688446045
0.48477768898010254
-0.11475896835327148
-0.03366446495056152
0.5431655645370483
0.7758643627166748
-0.00090789794921875
0.5777773857116699
0.448177695274353
0.4195108413696289
0.4188617467880249
0.5859165191650391
0.27024102210998535
0.0018737316131591797
0.8279433250427246
0.6953558921813965
0.46311163902282715
0.31882715225219727
0.1508803367614746
0.06434082984924316
-0.10776376724243164
0.4280586242675781
0.6147783994674683
0.177901029586792
0.43789243698120117
-0.03695368766784668
0.3146095275878906
-0.44621729850769043
-0.04034304618835449
0.4576687812805176
0.08347320556640625
0.16878128051757812
0.5325815677642822
1.0323870182037354
0.3947889804840088
0.22170686721801758
0.5497608184814453
0.6530770063400269
0.40323448181152344
0.4245758056640625
0.7883765697479248
0.14543604850769043
0.4193246364593506
0.3370625972747803
0.05704784393310547
0.9817135334014893
0.6379666328430176
0.4809257984161377
0.13929641246795654
-0.17795419692993164
0.29619836807250977
1.084877371788025
0.3424251079559326
1.0056970119476318
0.6972835063934326
0.03615522384643555
0.20798707008361816
0.6275112628936768
0.5439388751983643
0.5535595417022705
0.7980842590332031
-0.0040531158447265625
1.1532421112060547
-0.4478163719177246
-0.01334071159362793
0.18944931030273438
0.468034029006958
0.09809958934783936
0.9842584133148193
0.8592642545700073
0.23687338829040527
0.4573831558227539
-0.037933349609375
0.2673661708831787
0.3881042003631592
0.20112943649291992
0.4723074436187744
0.8501386642456055
0.487978458404541
0.6143310070037842
0.4170808792114258
0.45067930221557617
-0.2444084882736206
0.4852966070175171
0.13986778259277344
0.49427056312561035
0.30511951446533203
0.04555773735046387
0.8740205764770508
0.39098048210144043
0.31727707386016846
-0.0028905868530273438
0.4647703170776367
0.48302435874938965
-0.310291051864624
0.6010050773620605
0.4514191150665283
-0.1337428092956543
0.7437161207199097
-0.03783106803894043
0.7371523380279541
0.46742475032806396
0.020823955535888672
0.01218867301940918
0.05860185623168945
0.14569830894470215
-0.10873556137084961
1.009220838546753
0.6894732713699341
0.7983506917953491
0.06569576263427734
0.4540741443634033
0.5881862640380859
0.40906405448913574
0.5355491638183594
0.738512396812439
0.3155711889266968
0.5668046474456787
0.7278943061828613
-0.13874530792236328
0.5965075492858887
0.31954216957092285
0.5557126998901367
0.6572225093841553
0.30328893661499023
0.9245080947875977
0.1493997573852539
0.8481541872024536
0.2743263244628906
0.2154521942138672
0.5987931489944458
0.761526346206665
-0.032758235931396484
0.544310450553894
0.7867212295532227
0.4898676872253418
0.5419454574584961
0.37734758853912354
0.8660897016525269
0.5896430015563965
0.5716073513031006
0.1778724193572998
-0.0188448429107666
0.38126158714294434
0.8706951141357422
0.2572871446609497
0.298492431640625
0.04455161094665527
0.06103253364562988
0.3402140140533447
0.24000978469848633
0.22976374626159668
0.09886610507965088
0.2663857936859131
0.4134647846221924
0.6340497732162476
-0.0803842544555664
-0.014205217361450195
0.30089259147644043
-0.4207942485809326
1.0691688060760498
0.789132833480835
-0.16721057891845703
0.35542190074920654
0.44757819175720215
0.44293856620788574
-0.10242509841918945
0.028592824935913086
0.18639802932739258
0.42073607444763184
1.031650185585022
-0.01241302490234375
0.5591158866882324
0.3386096954345703
0.5759832859039307
0.16907072067260742
0.895966649055481
0.17137360572814941
0.899709939956665
0.3349742889404297
0.5411908626556396
0.035660505294799805
0.33734703063964844
0.6243209838867188
0.34914708137512207
0.3077208995819092
0.2816739082336426
0.7021317481994629
0.07190167903900146
0.5215003490447998
0.26526939868927
0.21479058265686035
0.6833682060241699
0.6847488880157471
0.1379988193511963
0.9496912956237793
0.1301424503326416
0.3786860704421997
0.30673861503601074
-0.2083585262298584
0.02546525001525879
0.17612338066101074
-0.0023641586303710938
0.404202938079834
0.3715428113937378
0.10509634017944336
0.34671974182128906
0.41663074493408203
0.710085391998291
-0.1544194221496582
0.2585794925689697
0.47493696212768555
-0.20159435272216797
0.1554732322692871
1.3106111288070679
0.18924736976623535
0.2618427276611328
-0.09418642520904541
0.7252001762390137
0.4436323642730713
0.5887131690979004
0.4768049716949463
0.1934807300567627
0.37172889709472656
0.2778501510620117
0.18476343154907227
0.1827247142791748
-0.0384829044342041
0.008810043334960938
-0.02522873878479004
0.8213729858398438
0.8049633502960205
0.11089777946472168
0.5998952388763428
0.4296846389770508
1.2473522424697876
0.7342720031738281
0.5109677314758301
0.51711106300354
0.013386368751525879
-0.05778980255126953
0.019440174102783203
0.3138209581375122
0.41547632217407227
0.31320035457611084
0.42245030403137207
-0.16765975952148438
0.9750876426696777
0.8258371353149414
0.3223907947540283
0.11539137363433838
0.45530474185943604
0.31036829948425293
1.0813658237457275
0.8833246231079102
0.6486071348190308
0.47327232360839844
0.6660418510437012
0.17757081985473633
0.6783831119537354
1.0851359367370605
0.6905142068862915
0.7687046527862549
0.3949437141418457
0.017917871475219727
0.7519044876098633
0.3521547317504883
0.427781343460083
0.12285876274108887
1.1535184383392334
0.02365279197692871
0.34501218795776367
0.2226419448852539
0.004555463790893555
0.6005957126617432
0.534426212310791
0.8002357482910156
0.4087238311767578
0.09815168380737305
0.2933638095855713
0.8421401977539062
0.008713006973266602
0.15829682350158691
1.077131986618042
-0.7327274084091187
0.8265368938446045
0.8308134078979492
0.4621012210845947
0.364516019821167
0.6754356622695923
0.15317726135253906
0.06219053268432617
-0.1295166015625
0.13478875160217285
0.1304328441619873
-0.1472318172454834
1.1411325931549072
0.5721967220306396
0.602672815322876
0.008376121520996094
1.0626542568206787
0.14629268646240234
-0.17937779426574707
-0.06846475601196289
0.3510274887084961
0.4095163345336914
-0.013065218925476074
0.519493579864502
0.41202521324157715
0.3739790916442871
0.24899625778198242
-0.03494596481323242
0.14630675315856934
0.5560963153839111
0.2331244945526123
0.5286694765090942
0.04650282859802246
0.51043701171875
1.069819450378418
0.5923168659210205
0.3250606060028076
0.54288649559021
0.5230544805526733
0.726679801940918
0.04167342185974121
0.26381611824035645
0.5482056140899658
0.8394361734390259
0.1633615493774414
0.3073155879974365
-0.339921236038208
0.21518611907958984
0.6400996446609497
0.25069642066955566
-0.4354064464569092
0.5119197368621826
0.5252070426940918
0.16829872131347656
0.5217082500457764
0.22499442100524902
0.5333602428436279
-0.04612255096435547
0.3655991554260254
1.0217304229736328
0.7376954555511475
0.5503077507019043
0.5918130874633789
0.14482712745666504
0.2506234645843506
0.7544806003570557
0.42658376693725586
-0.3124673366546631
0.4564833641052246
-0.23184585571289062
0.01971745491027832
0.09851408004760742
0.3157482147216797
1.0626249313354492
0.9657993316650391
0.38797855377197266
0.06326150894165039
0.32701754570007324
0.31188273429870605
0.17081499099731445
0.21123886108398438
0.7192497253417969
0.17668581008911133
0.34840822219848633
0.43862318992614746
0.7017796039581299
0.4934443235397339
0.35552453994750977
0.30256199836730957
0.025285720825195312
0.13482284545898438
0.1602482795715332
0.13262510299682617
0.5748980045318604
1.004413366317749
0.46983110904693604
0.0880575180053711
-0.07748627662658691
0.16686511039733887
0.6535367965698242
0.471050500869751
0.36177992820739746
0.4606821537017822
0.7213892936706543
0.3351566791534424
0.25079894065856934
0.17402148246765137
0.561760663986206
0.28565096855163574
0.9523844718933105
0.38121652603149414
0.25356101989746094
0.1351027488708496
0.8160748481750488
-0.056803345680236816
0.2348417043685913
0.37988710403442383
1.026064157485962
0.588289737701416
0.9914559125900269
0.9396266937255859
-0.2121497392654419
-0.33768320083618164
0.8541100025177002
0.5021016597747803
0.3511927127838135
0.16544842720031738
0.29073071479797363
0.22030353546142578
0.3298768997192383
0.9471863508224487
1.1957361698150635
0.5329761505126953
0.6494002342224121
1.0598846673965454
0.11080193519592285
0.010998964309692383
0.17716240882873535
0.2303156852722168
0.2645576000213623
-0.07430672645568848
0.4602316617965698
-0.2878575325012207
0.8222819566726685
0.061991214752197266
0.5497608184814453
0.6194503307342529
1.4074211120605469
0.6582492589950562
0.7297062873840332
0.45059919357299805
0.28659939765930176
-0.05399966239929199
-0.2008039951324463
-0.048795461654663086
0.7129822969436646
0.06587862968444824
0.28950822353363037
-0.18590903282165527
0.5364377498626709
0.6179959774017334
0.13769137859344482
0.21909737586975098
0.32149720191955566
0.15236377716064453
0.24210011959075928
-0.13417983055114746
0.3855733871459961
0.24264025688171387
0.5330243110656738
-0.1653604507446289
1.0084552764892578
0.8585357666015625
0.6277942657470703
0.568962574005127
0.5759416818618774
0.048586130142211914
0.1680591106414795
0.3750166893005371
0.4794156551361084
0.5962833166122437
0.7533516883850098
0.7714298963546753
0.03808450698852539
0.6172827482223511
0.0003662109375
0.48326635360717773
0.23922419548034668
-0.0497593879699707
0.5356919765472412
0.48195409774780273
0.3629446029663086
0.3748307228088379
0.12729144096374512
0.0023641586303710938
0.4449414014816284
0.31694602966308594
0.1275193691253662
0.3513835668563843
0.5330502986907959
0.28750133514404297
0.4755229949951172
-0.01199793815612793
0.38396382331848145
-0.03655815124511719
0.19195938110351562
0.5342915058135986
0.6000609397888184
0.4025005102157593
0.23940658569335938
-0.2231290340423584
0.29489195346832275
0.099945068359375
0.6797318458557129
0.24755239486694336
0.8290152549743652
0.21831774711608887
0.18258142471313477
0.05139625072479248
0.7213194370269775
0.427862286567688
0.3258049488067627
0.1595447063446045
1.163193941116333
0.7674627304077148
-0.14433646202087402
0.06672501564025879
0.28125643730163574
0.5297486782073975
0.003057718276977539
0.4234743118286133
0.6175868511199951
0.3257359266281128
0.17539405822753906
0.10718631744384766
0.294272780418396
0.5100737810134888
0.47097671031951904
0.13958501815795898
0.08253598213195801
0.35995054244995117
0.14640235900878906
-0.5355792045593262
0.24602007865905762
0.255928635597229
0.5112228393554688
0.510108232498169
0.4867873191833496
0.6512508392333984
0.3740041255950928
0.08678722381591797
0.7405983209609985
0.23643171787261963
0.7819240093231201
0.24393200874328613
0.6037675142288208
0.7489817142486572
0.14007163047790527
0.23317241668701172
0.2248859405517578
0.4868597984313965
0.7825412750244141
-0.37737441062927246
-0.11197400093078613
0.12774872779846191
0.12599802017211914
0.17938494682312012
0.568622350692749
0.5543907880783081
0.026079297065734863
-0.019946694374084473
-0.02636122703552246
-0.19684195518493652
-0.25555145740509033
0.37078380584716797
0.7234723567962646
1.5020370483398438e-05
0.08590555191040039
-0.04666638374328613
0.5385913848876953
0.5643863677978516
0.8240649700164795
0.5494110584259033
0.8544162511825562
0.403711199760437
0.980539083480835
0.4757591485977173
0.49151039123535156
0.2072368860244751
0.5546143054962158
0.6033380031585693
-0.12446355819702148
0.26810574531555176
0.9937236309051514
-0.05000591278076172
0.2758800983428955
-0.40521955490112305
0.005403280258178711
-0.18146896362304688
0.3651754856109619
0.16840910911560059
0.2317824363708496
0.8267267942428589
-0.08168554306030273
0.3291895389556885
0.5354516506195068
0.7713601589202881
0.6008681058883667
0.10132169723510742
0.49618077278137207
0.6870362758636475
0.2706143856048584
0.16083049774169922
0.5109798908233643
0.3829491138458252
0.340132474899292
0.7374711036682129
-0.777956485748291
0.6581418514251709
0.6020452976226807
-0.2830815315246582
0.028600215911865234
0.12650346755981445
1.0630099773406982
0.7619411945343018
0.7727279663085938
0.4704875946044922
0.5933294296264648
0.558424711227417
0.5644080638885498
0.32515430450439453
0.2378467321395874
0.30715394020080566
0.472312331199646
0.07513761520385742
0.26784491539001465
0.3803575038909912
0.1854475736618042
0.3340175151824951
0.1952967643737793
-0.06374120712280273
0.4867546558380127
0.293104887008667
0.07304167747497559
0.5377871990203857
0.9346040487289429
0.7464554309844971
0.7190099954605103
0.6238760948181152
0.6107852458953857
0.3114473819732666
0.2590804100036621
0.4673941135406494
0.5684723854064941
0.737391471862793
0.7984492778778076
0.10057258605957031
0.06538748741149902
0.35373973846435547
0.32903146743774414
-0.1806349754333496
0.30269432067871094
0.6311236619949341
0.2387385368347168
0.3281216621398926
-0.7758715152740479
0.8232462406158447
-0.2361600399017334
-0.09537005424499512
0.5309609174728394
0.24428796768188477
1.0718480348587036
0.48210740089416504
0.6052505970001221
0.24504709243774414
0.11844396591186523
0.228621244430542
0.5780863761901855
0.08521890640258789
0.4169926643371582
0.3238108158111572
0.10607194900512695
-0.39493346214294434
-0.5743587017059326
-0.16387629508972168
0.47357964515686035
0.4992403984069824
0.9161226749420166
0.7528269290924072
0.09269452095031738
0.24913811683654785
0.6592357158660889
0.8453100919723511
0.9238917827606201
0.6163606643676758
0.8550833463668823
0.28475677967071533
0.8124105930328369
0.1679685115814209
-0.25014758110046387
0.27644896507263184
-0.08473455905914307
0.388566255569458
0.4806175231933594
-0.17393994331359863
0.84996497631073
0.3185007572174072
0.05243992805480957
0.6963107585906982
-0.07379317283630371
0.541874885559082
0.4730992317199707
0.4557363986968994
0.48464465141296387
0.6183466911315918
0.14573311805725098
0.07889294624328613
0.17491984367370605
0.8450207710266113
0.4656693935394287
0.6195707321166992
1.0860559940338135
0.6358954906463623
0.5920702219009399
0.7695467472076416
0.05131387710571289
0.27361249923706055
0.19326281547546387
0.49208784103393555
0.10594749450683594
0.019899845123291016
0.7011929750442505
0.28086400032043457
-0.2595641613006592
-0.09454035758972168
0.5269217491149902
0.5970044136047363
0.5972646474838257
0.5050578117370605
0.8563492298126221
0.4018368721008301
0.7670795917510986
0.5037288665771484
0.36798834800720215
0.7272782325744629
-0.3298318386077881
0.6283857822418213
0.38099193572998047
0.28807997703552246
0.6136970520019531
0.48402976989746094
-0.1936938762664795
0.08225631713867188
0.1977856159210205
0.00962519645690918
0.028424501419067383
0.8965628147125244
0.052873849868774414
0.4752178192138672
0.5223177671432495
-0.11241292953491211
0.3635772466659546
0.5854359865188599
0.6494996547698975
0.9666650295257568
0.4673628807067871
0.5902276039123535
0.09475207328796387
0.5067439079284668
0.27273130416870117
0.0664372444152832
0.8242536783218384
0.17261505126953125
0.7704849243164062
0.562593936920166
0.7207870483398438
-0.19804668426513672
0.04781746864318848
0.4022418260574341
1.21929931640625
0.9034566879272461
0.3132953643798828
-0.14715027809143066
0.31563687324523926
0.8054119348526001
0.11073756217956543
0.1761927604675293
0.2842259407043457
0.9986951351165771
-0.47248661518096924
-0.04300045967102051
0.5308027267456055
0.6392323970794678
0.355310320854187
0.47363829612731934
0.8305730819702148
0.19874286651611328
0.7281801700592041
0.580970287322998
0.523076057434082
-0.6323491334915161
0.63944411277771
0.6405720710754395
0.5164744853973389
0.6580686569213867
0.5318033695220947
0.9101036787033081
0.5504257678985596
0.32853543758392334
-0.10114669799804688
0.6393203735351562
0.13695335388183594
0.21426165103912354
0.6538773775100708
0.9130712747573853
0.4996485710144043
0.4100313186645508
-0.3139181137084961
-0.2886040210723877
0.8126270771026611
-0.3103991746902466
0.5473759174346924
0.38033533096313477
0.5073873996734619
0.3561666011810303
0.3635634183883667
0.3250107765197754
0.6120691299438477
0.31430673599243164
0.571138858795166
0.9110422134399414
-0.0302126407623291
0.4060800075531006
0.4557461738586426
0.3018674850463867
0.5914838314056396
0.19853806495666504
0.03170657157897949
0.04144692420959473
0.21278858184814453
0.3820326328277588
0.5883586406707764
0.019600629806518555
0.3191680908203125
0.050229430198669434
0.29291391372680664
0.6707448959350586
0.03686928749084473
0.36099672317504883
-0.6121172904968262
0.3965635299682617
1.041306972503662
-0.04900062084197998
0.3841516971588135
0.34624385833740234
0.3315091133117676
0.6606671810150146
0.0958259105682373
0.4336642026901245
-0.18086767196655273
0.542945384979248
0.7691224813461304
0.5594539642333984
0.3744466304779053
-0.057782649993896484
0.20193922519683838
1.3517472743988037
0.705150842666626
0.5655069351196289
0.5461869239807129
0.46736693382263184
0.2449479103088379
-0.04597115516662598
0.31513071060180664
0.6689959764480591
0.09540152549743652
0.7834901809692383
0.40202903747558594
0.14198803901672363
0.5927660465240479
0.0002605915069580078
0.41854870319366455
-0.39753007888793945
0.378265380859375
0.9939954280853271
0.3390345573425293
0.3711049556732178
0.3343689441680908
0.3394724130630493
0.7970438003540039
0.9169162511825562
0.7557766437530518
0.08180427551269531
1.301619052886963
0.08968949317932129
0.21196889877319336
0.3264956474304199
-0.16488981246948242
0.3603332042694092
0.09331035614013672
0.15353477001190186
-0.2026374340057373
0.3774235248565674
0.8792397975921631
0.5158171653747559
0.6771419048309326
0.37895870208740234
0.891303300857544
0.3194615840911865
0.3067774772644043
0.3851015567779541
0.17252111434936523
0.7647892236709595
0.4425302743911743
0.3334825038909912
-0.3101370334625244
-0.039267539978027344
0.6175096035003662
0.4018561840057373
0.06403017044067383
0.4099454879760742
0.5407090187072754
-0.17624139785766602
0.526390790939331
0.20936203002929688
0.03303194046020508
0.7352139949798584
0.2536745071411133
0.512397289276123
0.5892434120178223
0.7081191539764404
0.3060317039489746
0.07021069526672363
-0.08522844314575195
-0.1270005702972412
0.005689144134521484
-0.5399123430252075
-0.16990232467651367
0.5947388410568237
0.6072380542755127
0.2067875862121582
0.17260026931762695
0.19689369201660156
0.7960696220397949
-0.3429248332977295
-0.3836507797241211
0.4104764461517334
0.532806396484375
0.2902226448059082
0.10839509963989258
0.3792393207550049
-0.10626029968261719
0.15894770622253418
0.33463430404663086
1.4933643341064453
0.7413229942321777
0.5780730247497559
-0.20647680759429932
0.6144504547119141
-0.03508114814758301
0.5011258125305176
0.39934515953063965
0.7345349788665771
0.7313148975372314
-0.13871979713439941
1.102928876876831
0.2853679656982422
0.7031861543655396
0.2233130931854248
0.6898670196533203
0.15407013893127441
0.24620485305786133
0.28369951248168945
0.22985339164733887
0.38420963287353516
0.7387197017669678
0.9570724964141846
0.45921528339385986
-0.5684661865234375
-0.1334996223449707
0.3365211486816406
0.8211483955383301
0.661949872970581
-0.2904888391494751
-0.22677254676818848
-0.07335400581359863
0.09663772583007812
0.4319591522216797
0.15738654136657715
0.08611869812011719
-0.08458495140075684
0.3754582405090332
0.8847823143005371
0.39008140563964844
0.023576021194458008
0.7407686710357666
0.21862637996673584
0.28980183601379395
0.326153039932251
-0.018276691436767578
0.2652897834777832
0.2790093421936035
0.43894076347351074
-0.014296293258666992
0.44573330879211426
0.3364276885986328
-0.11136269569396973
0.3343930244445801
0.5386285781860352
0.4321613311767578
0.05109763145446777
0.3133528232574463
-0.039722442626953125
0.33241724967956543
0.358475923538208
0.3355681896209717
0.4127357006072998
0.3941293954849243
0.706423282623291
0.5771205425262451
0.1839160919189453
0.5581848621368408
0.5299946069717407
0.3913283348083496
0.37851881980895996
0.4663817882537842
0.963738203048706
0.5655548572540283
0.13588547706604004
0.3533174991607666
0.5737640857696533
0.42926859855651855
0.72123122215271
0.4336092472076416
0.41955995559692383
0.33539843559265137
0.30449604988098145
0.31152117252349854
0.45017170906066895
1.1932947635650635
0.3851616382598877
0.3960599899291992
0.7966635227203369
-0.13579821586608887
0.11698746681213379
0.3263615369796753
0.8377988338470459
0.4235410690307617
0.3704495429992676
-0.12977242469787598
0.8643832206726074
0.034224510192871094
-0.14255928993225098
1.1710851192474365
0.6854674816131592
-0.22035717964172363
0.3408958911895752
0.1942734718322754
-0.014539480209350586
0.20723509788513184
0.4653356075286865
0.27257418632507324
0.22425436973571777
-0.2935450077056885
0.6875543594360352
0.015453338623046875
0.03731536865234375
0.17923712730407715
0.5391850471496582
0.5526134967803955
0.5951089859008789
0.496793270111084
0.5051376819610596
-0.07687258720397949
0.6735811233520508
-0.031873464584350586
0.7513526678085327
0.8078364133834839
0.5020616054534912
0.5076878070831299
0.5876834392547607
0.650977611541748
-0.10973858833312988
0.13630080223083496
0.33460140228271484
0.7657750844955444
0.46084630489349365
0.11799860000610352
0.23558223247528076
0.4219977855682373
0.5224275588989258
0.7068030834197998
0.628774881362915
0.08288264274597168
0.28837013244628906
0.35364270210266113
0.10566592216491699
0.6024599075317383
0.2696418762207031
0.4023311138153076
0.07657742500305176
0.8685580492019653
-0.14880061149597168
-0.8257421255111694
-0.39876365661621094
0.3844752311706543
0.4228696823120117
0.5509891510009766
0.5929217338562012
0.5840682983398438
0.6836614608764648
0.2653350830078125
0.1055295467376709
0.413257360458374
-0.4210083484649658
0.492236852645874
-0.051381587982177734
0.04549002647399902
0.08752584457397461
0.8113110065460205
0.04797077178955078
0.6331510543823242
-0.3671705722808838
0.19610285758972168
0.7947196960449219
0.4898838996887207
0.6045372486114502
0.6536486148834229
0.28026485443115234
0.9110740423202515
-0.24441242218017578
-0.7005606889724731
0.5689852237701416
0.18443989753723145
-0.38373494148254395
1.0618928670883179
1.0416431427001953
0.2975337505340576
0.5399348735809326
0.6675081253051758
0.5178591012954712
0.4711267948150635
0.7656511068344116
0.4635152816772461
0.1731100082397461
0.7627990245819092
0.47403454780578613
0.6112031936645508
0.98838210105896
0.6418707370758057
0.3927185535430908
-0.16390538215637207
0.5127036571502686
-0.010797619819641113
-0.1411069631576538
0.2116912603378296
0.4657270908355713
0.20225024223327637
0.3670766353607178
0.3766155242919922
0.8871045112609863
0.3617994785308838
0.33905673027038574
0.6615967750549316
0.5742340087890625
-0.027890682220458984
1.0211024284362793
0.480288028717041
0.20504188537597656
0.14820170402526855
0.7256559133529663
0.19541001319885254
-0.005632877349853516
0.4383702278137207
0.25423264503479004
0.1682896614074707
0.8249317407608032
0.5877519845962524
0.8634870052337646
0.4403163194656372
0.6519870758056641
0.6080827713012695
0.7058968544006348
0.21735000610351562
-0.2893848419189453
0.8247495889663696
0.11787605285644531
0.7763385772705078
0.5994586944580078
1.0677945613861084
0.3804941177368164
0.03922116756439209
0.3463928699493408
0.4013326168060303
0.37969017028808594
0.9066081047058105
0.19136977195739746
-0.14636826515197754
0.7260158061981201
0.06731271743774414
-0.22657811641693115
0.08481669425964355
1.2827435731887817
0.5003242492675781
-0.3426206111907959
0.9150935411453247
-0.002045869827270508
0.2938671112060547
0.49832916259765625
0.7212371826171875
0.7321785688400269
0.15141677856445312
0.15331745147705078
0.3341999053955078
-0.09837865829467773
0.08751749992370605
-0.4408721923828125
0.5947909355163574
-0.48310232162475586
0.12649798393249512
0.7870876789093018
0.40167713165283203
0.17114543914794922
0.5647261142730713
0.02962779998779297
0.2565581798553467
0.5554640293121338
1.4640851020812988
0.6794915199279785
0.6117905378341675
1.1376593112945557
0.06836080551147461
0.10007822513580322
0.5310482978820801
0.6109707355499268
0.43514251708984375
0.7618792057037354
-0.030493736267089844
0.39072275161743164
0.7024831771850586
-0.10281658172607422
0.5131144523620605
0.22994542121887207
0.3870861530303955
0.41588568687438965
0.2962918281555176
0.8387318849563599
0.6093692779541016
0.4624946117401123
0.45320069789886475
0.3285198211669922
0.2078179121017456
0.7913393974304199
-0.03366279602050781
0.5326926708221436
-0.13794374465942383
-0.04628121852874756
0.5144948959350586
0.4206341505050659
0.07956123352050781
0.5773375034332275
0.3168916702270508
0.26886415481567383
0.29808521270751953
0.6250336170196533
-0.7431560754776001
0.5500190258026123
0.2679096460342407
0.7253681421279907
0.34425973892211914
0.49936532974243164
0.4498617649078369
0.21674466133117676
-0.49504876136779785
0.2152721881866455
0.5238738059997559
0.6275558471679688
0.2647895812988281
0.792465090751648
0.3154592514038086
0.5404772758483887
0.7123616933822632
0.47147631645202637
0.42934954166412354
0.39418697357177734
0.40399742126464844
1.094312310218811
0.3840305805206299
0.14768648147583008
0.36741209030151367
0.6984496116638184
0.42107248306274414
-0.39000511169433594
0.22949767112731934
0.8734579086303711
0.46279239654541016
0.39290714263916016
0.47785353660583496
0.16452813148498535
0.41494297981262207
0.2747197151184082
1.0014488697052002
0.33629095554351807
0.15005016326904297
0.4523138999938965
0.23131775856018066
0.47862040996551514
0.45888209342956543
0.08445119857788086
0.10411286354064941
-0.07415318489074707
0.25207972526550293
-0.08153986930847168
0.19064855575561523
0.32793402671813965
0.07876443862915039
0.0797877311706543
0.20111823081970215
0.5698870420455933
0.4267774820327759
0.6002800464630127
0.2331852912902832
0.4160912036895752
0.7339489459991455
0.6380167007446289
0.8979592323303223
0.6315300464630127
-0.43207454681396484
0.3832070827484131
0.19424772262573242
0.7055964469909668
0.43714451789855957
0.37596940994262695
0.13655734062194824
0.160364031791687
0.05497431755065918
0.39909493923187256
0.5506026744842529
0.49577856063842773
0.32451391220092773
0.43781590461730957
0.45501911640167236
-0.009054183959960938
0.20021510124206543
0.5909192562103271
0.4489011764526367
0.5358884334564209
0.15366148948669434
-0.19341182708740234
0.8213032484054565
0.6551022529602051
0.3612004518508911
0.2562084197998047
0.4947361946105957
0.038893938064575195
0.4883153438568115
0.5289077758789062
0.3970578908920288
0.7026567459106445
0.6406574249267578
0.47783899307250977
0.4608278274536133
0.6124926805496216
1.6735424995422363
0.5943527221679688
1.0163582563400269
0.31295156478881836
0.8857254981994629
0.8232672214508057
0.5920685529708862
0.7425829172134399
0.45443129539489746
0.5974941253662109
0.08700370788574219
0.33890843391418457
0.656287431716919
0.2156984806060791
0.09261047840118408
0.15173101425170898
0.3847973346710205
0.6899769306182861
0.7254276275634766
0.5989861488342285
0.3672318458557129
0.38945698738098145
0.8463296890258789
0.42079877853393555
0.39972567558288574
0.4212496280670166
0.24019241333007812
0.5355620384216309
0.5811755657196045
0.5363965034484863
0.46591997146606445
0.4938652515411377
0.8951547145843506
0.4690873622894287
0.5764645338058472
0.38247156143188477
0.08510279655456543
0.014756917953491211
-0.011849164962768555
0.10838770866394043
0.4280586242675781
0.36544692516326904
0.38643336296081543
0.22954654693603516
0.27766919136047363
0.5728874206542969
0.35495662689208984
0.9300644397735596
0.42989397048950195
0.7634060382843018
0.3640151023864746
-0.03410661220550537
0.406582236289978
1.0035173892974854
0.31467199325561523
0.3869490623474121
0.4829597473144531
0.541745662689209
1.042921781539917
0.30641937255859375
0.3732476234436035
0.41416239738464355
0.493605375289917
0.14051461219787598
0.3977375030517578
0.4188878536224365
-0.0879812240600586
0.2750108242034912
0.13992047309875488
1.0042285919189453
-0.18802380561828613
0.40880513191223145
0.5965607166290283
0.3743574619293213
-0.17783260345458984
0.2576577663421631
0.2364208698272705
0.1866166591644287
-0.2627100944519043
-0.2974216938018799
0.49614381790161133
0.12838411331176758
0.30481231212615967
0.585334062576294
0.3790881633758545
0.5053538084030151
0.08506941795349121
0.28008317947387695
0.6884558200836182
0.6361780166625977
-0.2673988342285156
-0.2726830244064331
0.7716517448425293
0.07714033126831055
0.8695344924926758
0.19531488418579102
0.7466058731079102
0.3278920650482178
0.170623779296875
-0.2949798107147217
0.5373399257659912
-0.16478228569030762
0.49002957344055176
0.3302626609802246
0.12070631980895996
0.28940415382385254
0.4717216491699219
0.15633153915405273
0.9514822959899902
-0.25534844398498535
0.31714963912963867
0.7174201011657715
0.36495447158813477
0.7877233028411865
-0.1195516586303711
0.00014495849609375
0.5039973258972168
1.0214459896087646
0.636489748954773
0.6464107036590576
0.321242094039917
0.31935596466064453
0.3540186882019043
0.5406858921051025
0.2853975296020508
0.2381429672241211
0.6758561134338379
0.7299615144729614
0.2365100383758545
0.7787399291992188
0.027357101440429688
0.23700737953186035
0.6438940763473511
0.39868760108947754
0.3370940685272217
0.2701125144958496
0.24596929550170898
0.3345050811767578
-0.041458845138549805
0.4477856159210205
0.49357175827026367
0.15946435928344727
0.21718120574951172
0.22948241233825684
0.39968442916870117
0.8199725151062012
0.4545106887817383
0.2688751220703125
0.5700992345809937
0.6925678253173828
0.07076406478881836
1.0165334939956665
0.019077062606811523
0.35419678688049316
-0.03701949119567871
0.2255110740661621
0.5412687063217163
0.4861259460449219
0.3444058895111084
0.9676251411437988
0.6066170930862427
0.24265551567077637
0.43776941299438477
0.008625268936157227
0.3650766611099243
0.15131735801696777
0.43730998039245605
0.49714183807373047
0.6271202564239502
0.1733412742614746
0.15176153182983398
0.3804280757904053
0.520503044128418
1.259052038192749
-0.1165165901184082
0.1098930835723877
1.0884977579116821
0.17194318771362305
0.7529263496398926
0.2565805912017822
0.30418527126312256
0.053670406341552734
0.48863983154296875
0.5959253311157227
0.3505439758300781
0.3222355842590332
0.6678528785705566
-0.0061719417572021484
1.0390452146530151
0.6083157062530518
0.23870515823364258
-0.020316600799560547
-0.13982701301574707
0.32338595390319824
0.7403972148895264
-0.10124444961547852
0.27204132080078125
-0.010262489318847656
0.4222155809402466
0.8615865707397461
0.2111508846282959
0.6474831104278564
0.4340531826019287
0.15607047080993652
0.3660445213317871
0.5144617557525635
0.5147314071655273
0.8199470043182373
0.37768030166625977
0.07691335678100586
0.7445856332778931
0.5341527462005615
0.11648273468017578
0.3716772794723511
0.5685789585113525
1.2997156381607056
-0.5126749277114868
0.06652617454528809
0.4163496494293213
0.5606896877288818
0.5268851518630981
0.47855472564697266
0.414752721786499
0.3803396224975586
0.14789795875549316
0.4703354835510254
0.3077203035354614
0.16510987281799316
0.6369037628173828
-0.007632017135620117
0.4786338806152344
0.3842540979385376
0.42220473289489746
0.4405186176300049
0.5584063529968262
-0.12586760520935059
0.3633754253387451
0.42061495780944824
0.17413091659545898
0.2900552749633789
-0.12395119667053223
0.822490930557251
-0.196996808052063
0.28415465354919434
0.5229958295822144
0.021960020065307617
0.8796854019165039
0.3133988380432129
0.5434988737106323
0.009025096893310547
0.2787057161331177
0.25960850715637207
0.5207984447479248
0.5938636064529419
-0.11911594867706299
0.47070980072021484
0.24674534797668457
1.239250659942627
0.5978622436523438
-0.23877549171447754
0.7705814838409424
0.32414376735687256
0.7218871116638184
0.7324950695037842
0.31344687938690186
1.3153903484344482
0.6788840293884277
0.5749163627624512
0.5499706268310547
0.3001655340194702
0.44501566886901855
0.8554413318634033
-0.06704926490783691
0.07657885551452637
0.5387365818023682
0.5029463768005371
0.30968642234802246
-0.049353837966918945
0.5927798748016357
-0.5450868606567383
0.4693586826324463
-0.13411235809326172
0.6763803958892822
0.3430516719818115
0.12020206451416016
0.29375290870666504
0.2592334747314453
0.3319833278656006
-0.041434288024902344
0.8528352975845337
0.6189181804656982
0.28997302055358887
0.39456701278686523
0.14723730087280273
0.6871360540390015
0.3792555332183838
0.00029015541076660156
0.19982576370239258
0.53144371509552
0.7423926591873169
0.2552541494369507
0.7203168869018555
0.15150141716003418
0.34583044052124023
-0.0007002353668212891
0.283022403717041
0.2438030242919922
0.867800235748291
0.21398687362670898
0.2072896957397461
0.7979414463043213
0.025699615478515625
0.7304311990737915
0.15748238563537598
0.46753251552581787
0.7610480785369873
0.7393530607223511
0.46788322925567627
0.5112195014953613
1.4197973012924194
0.6124176979064941
0.4672524929046631
0.20408892631530762
-0.10295414924621582
0.5174045562744141
0.30925512313842773
0.44251465797424316
1.1433185338974
0.34537577629089355
0.2530210018157959
0.19122052192687988
0.5528117418289185
0.05375385284423828
0.4956679344177246
0.4825882911682129
0.4964611530303955
0.4509696960449219
0.5170464515686035
0.4919626712799072
0.9223482608795166
0.6117455959320068
0.5986367464065552
0.48693037033081055
0.03951311111450195
0.5756919384002686
0.1418600082397461
0.7029434442520142
0.823431134223938
0.05440664291381836
-0.07410430908203125
0.3984568119049072
0.3062574863433838
0.20168066024780273
0.8154164552688599
0.4997985363006592
0.015134096145629883
-0.23714756965637207
0.2898118495941162
0.35976243019104004
-0.051668643951416016
0.7162625789642334
0.10933530330657959
0.33329200744628906
0.36444568634033203
-0.7003127932548523
-0.08170604705810547
0.15140223503112793
0.07625818252563477
-0.0005941390991210938
0.043646812438964844
-0.10244512557983398
0.4275641441345215
0.8449406623840332
0.198089599609375
0.8318631649017334
0.3632967472076416
0.365506649017334
0.1831653118133545
0.34934496879577637
0.705460786819458
0.22370576858520508
0.36649322509765625
0.284008264541626
0.232171893119812
0.5361489057540894
-0.16956448554992676
0.3012733459472656
0.3986368179321289
0.6583719253540039
0.36693263053894043
0.611980676651001
-0.037421226501464844
0.4275944232940674
0.44669318199157715
0.5227696895599365
0.2476789951324463
0.14890456199645996
0.6695468425750732
0.015505790710449219
0.08806729316711426
0.20540571212768555
0.7490644454956055
0.8816201686859131
0.2465038299560547
0.1630992889404297
-0.28876543045043945
0.8882060050964355
0.7828595638275146
0.19240903854370117
0.31781506538391113
0.782581090927124
0.47118258476257324
0.40370702743530273
0.18132317066192627
0.7960283756256104
-0.3013712167739868
0.026800155639648438
0.6834414005279541
0.4659698009490967
0.16296625137329102
0.6378839015960693
-0.2577059268951416
0.4353811740875244
0.41826891899108887
0.39498448371887207
0.1387629508972168
0.42637109756469727
0.691112756729126
0.22825980186462402
0.2196667194366455
0.375622034072876
0.697756290435791
-0.06280100345611572
0.6818772554397583
0.472944974899292
0.14615583419799805
-0.02570366859436035
-0.4805307388305664
-0.13028573989868164
1.3655215501785278
0.059565067291259766
-0.010432720184326172
0.012915611267089844
0.1312565803527832
0.48636603355407715
0.6469781398773193
-0.23489999771118164
0.08901119232177734
0.08636689186096191
0.5725517272949219
0.6186220645904541
0.8079733848571777
-0.09196925163269043
0.2042863368988037
0.6133778095245361
0.36359238624572754
0.9148740768432617
0.8247718811035156
-0.011298656463623047
0.4466361999511719
0.1287825107574463
0.0019769668579101562
-0.04893231391906738
-0.3466334342956543
0.06561565399169922
0.09666299819946289
0.9437680244445801
0.37442445755004883
0.11017489433288574
0.15644550323486328
-0.6287881135940552
0.47061705589294434
-0.09005308151245117
-0.19448554515838623
0.67972731590271
0.3676269054412842
0.30527186393737793
0.7091445922851562
0.36445438861846924
0.3814046382904053
0.017769813537597656
0.28502774238586426
0.3069629669189453
0.08406400680541992
0.5344995260238647
0.010682821273803711
0.31813502311706543
0.12765979766845703
0.1994764804840088
-0.2391664981842041
0.7859815359115601
0.30341649055480957
0.6054121255874634
0.6479442119598389
0.03206300735473633
0.7633635997772217
0.5554746389389038
0.1202012300491333
0.14604616165161133
0.2282109260559082
0.5577530860900879
0.45470404624938965
0.9850044250488281
0.07956218719482422
-0.1892409324645996
1.003193974494934
0.5855131149291992
0.8602950572967529
-0.32646775245666504
0.08011150360107422
0.8634248971939087
-0.06704282760620117
-0.8406533002853394
0.6174221038818359
0.8417723178863525
0.3963751792907715
0.35719990730285645
1.1405524015426636
0.029712200164794922
0.6960242986679077
0.40473461151123047
0.029896259307861328
0.7327824831008911
1.1924506425857544
-0.12588000297546387
-0.06840896606445312
0.1757652759552002
0.20204806327819824
0.08692574501037598
0.14116239547729492
1.522206425666809
0.5736969709396362
-0.10933709144592285
-0.028603315353393555
-0.05472517013549805
0.48509681224823
-0.35417795181274414
0.2618744373321533
0.433746337890625
0.20700740814208984
-0.5710097551345825
0.2919938564300537
0.6492631435394287
0.747586727142334
0.5892491340637207
0.3371570110321045
0.44204163551330566
0.4949760437011719
0.46883320808410645
0.38402867317199707
-0.026853322982788086
0.2669651508331299
0.8026561737060547
0.4622969627380371
0.23043584823608398
-0.03524518013000488
0.6481783390045166
0.5711132287979126
0.017989158630371094
0.35443854331970215
0.9254872798919678
0.08750176429748535
0.37006068229675293
0.515434980392456
0.8288755416870117
0.01803112030029297
0.4400908946990967
0.566226601600647
0.33490443229675293
0.9459015130996704
-0.1433568000793457
-0.02265167236328125
0.5303139686584473
0.08336877822875977
0.1578216552734375
0.6385722160339355
0.5134931802749634
0.13433289527893066
0.32492637634277344
0.271709680557251
0.3603217601776123
-0.00964498519897461
0.9142811298370361
0.5576183795928955
0.16601204872131348
0.20282363891601562
0.24382996559143066
0.04981708526611328
0.5331186056137085
0.3794865608215332
-0.045946598052978516
0.314988374710083
-0.46669721603393555
0.21884465217590332
-0.33656108379364014
0.46063995361328125
0.15067791938781738
0.6122374534606934
0.54833984375
0.6040964126586914
0.7631185054779053
0.36194944381713867
0.6491210460662842
0.3415374755859375
0.14827680587768555
0.23424792289733887
0.1559739112854004
-0.07357239723205566
1.1635816097259521
0.6594979763031006
1.3037186861038208
0.6435558795928955
0.042330026626586914
0.5622408390045166
0.5506186485290527
0.34523701667785645
0.6134015321731567
0.05961251258850098
-0.4355285167694092
0.21319007873535156
0.3954761028289795
-0.013599157333374023
0.1250317096710205
0.3112754821777344
0.46354055404663086
0.43483591079711914
0.39867138862609863
0.25214505195617676
-0.4822303056716919
0.7804551124572754
0.31673574447631836
0.6505110263824463
0.5824778079986572
0.07462286949157715
0.3980334997177124
0.12913942337036133
0.6312541961669922
0.8863778114318848
0.4541875123977661
0.26672983169555664
0.17909836769104004
0.5358264446258545
0.4812357425689697
0.07819712162017822
0.8067638874053955
0.37382984161376953
0.4725761413574219
-0.09019875526428223
0.7204817533493042
0.43358922004699707
0.11984419822692871
0.11885571479797363
0.5681672096252441
0.6641714572906494
0.5595736503601074
0.5256264209747314
0.3522987365722656
1.0174766778945923
0.2866349220275879
0.5166107416152954
0.7442455291748047
0.48730993270874023
0.013427495956420898
0.3933861255645752
0.05163776874542236
-0.040956974029541016
1.4496990442276
0.2166285514831543
0.49538373947143555
0.059598684310913086
1.0328052043914795
0.9689435958862305
0.6039102077484131
-0.023238182067871094
0.15206408500671387
-0.35113000869750977
0.5615789890289307
0.9975684881210327
0.24338102340698242
0.12439346313476562
0.4615132808685303
0.14590978622436523
-0.127821683883667
0.37642741203308105
0.9265422821044922
0.8940818309783936
0.8789546489715576
1.3276100158691406
0.20450997352600098
3.314018249511719e-05
0.5102393627166748
0.5952126979827881
0.3044469356536865
0.26973390579223633
0.729076623916626
-0.4867691993713379
0.5988509654998779
-0.09757661819458008
0.23827338218688965
0.4374591112136841
0.9584345817565918
0.15844464302062988
0.5612287521362305
1.1426515579223633
0.6518840789794922
0.05696535110473633
-0.027081966400146484
0.4886507987976074
0.9270944595336914
0.14133000373840332
-0.26872801780700684
0.24892115592956543
0.8601300716400146
0.5971803665161133
1.1890583038330078
0.9256436824798584
0.3196141719818115
0.34728312492370605
0.14676427841186523
0.26279139518737793
0.2395554780960083
0.6889748573303223
0.3701744079589844
0.7848633527755737
0.23221349716186523
0.459328293800354
-0.1535961627960205
0.7036168575286865
0.3089170455932617
0.5751638412475586
0.6280152797698975
-0.22219347953796387
0.9028511047363281
-0.1463315486907959
0.3379373550415039
0.30781352519989014
0.41249728202819824
0.4450409412384033
0.40422558784484863
-0.0499424934387207
0.481860876083374
0.7078511714935303
0.9489591121673584
0.10277462005615234
0.7624064683914185
1.0889447927474976
1.0659244060516357
0.3875305652618408
0.3524966239929199
1.2991337776184082
0.12985849380493164
0.8930656909942627
-0.23750591278076172
0.34224557876586914
0.30957794189453125
0.31478118896484375
0.6428542137145996
0.44025540351867676
-0.06914210319519043
0.22441387176513672
0.6427836418151855
1.0564459562301636
0.13255643844604492
0.07480216026306152
0.4847679138183594
0.12536382675170898
-0.05568718910217285
0.6232908964157104
0.20264744758605957
0.34626007080078125
0.196380615234375
0.46288585662841797
0.4681251049041748
0.4773554801940918
0.12616634368896484
0.5030585527420044
0.8974899053573608
0.31910133361816406
0.7000811100006104
0.44875192642211914
0.333385705947876
0.5207645893096924
0.2801978588104248
-0.03722488880157471
-0.048087120056152344
0.4927220344543457
0.2866091728210449
0.1602482795715332
0.4073512554168701
-0.07525992393493652
0.11945629119873047
0.6466023921966553
0.8236978054046631
0.3860127925872803
0.5618174076080322
0.2609539031982422
0.09956717491149902
0.254636287689209
1.302449107170105
0.44804883003234863
0.5112525224685669
0.6895542144775391
0.8234226703643799
0.5842649936676025
0.6121804714202881
0.2985159158706665
0.2822471857070923
0.3424711227416992
0.18509435653686523
0.2763235569000244
0.31430768966674805
0.5148749351501465
0.15256857872009277
0.3568863868713379
0.8772296905517578
0.7212371826171875
-0.608680248260498
-0.24473237991333008
-0.13401103019714355
0.8059604167938232
0.25603771209716797
-0.28191709518432617
0.8777953386306763
0.27088236808776855
0.9228696823120117
0.40230441093444824
0.24983739852905273
0.3936336040496826
0.1308743953704834
0.5910539627075195
0.01765894889831543
1.1358213424682617
0.4502575397491455
0.4259045124053955
0.45267534255981445
0.3803091049194336
0.2690718173980713
0.039537668228149414
-0.06852602958679199
0.26082849502563477
0.3146960735321045
-0.4675009250640869
0.45926880836486816
0.700186014175415
0.6041569709777832
0.9946619272232056
-0.16361546516418457
0.2587544918060303
0.7193014621734619
0.1036231517791748
-0.4264965057373047
0.023102641105651855
-0.05438804626464844
0.45615410804748535
0.9137533903121948
0.1009061336517334
0.2544393539428711
0.29064297676086426
0.08962953090667725
0.6673781871795654
0.598339319229126
-0.025813817977905273
0.3669627904891968
0.15427923202514648
0.11303138732910156
0.7010960578918457
0.6225545406341553
-0.2485826015472412
-0.1642005443572998
0.1334235668182373
0.3579981327056885
0.23931145668029785
0.5266873836517334
-0.04025149345397949
-0.37882256507873535
0.476049542427063
0.6863939762115479
0.49674248695373535
0.2786521911621094
0.11661338806152344
0.5312516689300537
0.06485724449157715
0.19723916053771973
0.8172671794891357
0.2702443599700928
-0.19652247428894043
0.8321306705474854
0.5850793123245239
0.9251997470855713
0.7329480648040771
0.20130610466003418
0.8558437824249268
1.1677472591400146
1.1063883304595947
0.00790858268737793
0.15468823909759521
-0.3952827453613281
0.10872292518615723
0.9816653728485107
0.7677097320556641
0.9481556415557861
0.4076242446899414
1.1988465785980225
1.000680923461914
0.7150702476501465
0.028847694396972656
0.6716461181640625
0.36934804916381836
0.15346503257751465
0.09748053550720215
0.4918696880340576
0.6052839756011963
0.2259913682937622
0.5554705858230591
-0.14414620399475098
0.3487436771392822
0.9576606750488281
0.5662140846252441
0.34729743003845215
0.04310441017150879
0.5787904262542725
0.05972099304199219
0.20808076858520508
0.30803990364074707
0.6421644687652588
0.9096806049346924
0.5003728866577148
0.5571209192276001
0.2933359146118164
0.2579822540283203
0.42942798137664795
-0.3452262878417969
0.4557701349258423
0.28760480880737305
0.5086853504180908
0.1710948944091797
0.14182591438293457
-0.27379870414733887
0.31885600090026855
0.14441227912902832
0.0348358154296875
0.3185391426086426
0.17414331436157227
0.35844922065734863
0.5150432586669922
0.748220682144165
0.17526841163635254
0.3075699806213379
0.48340892791748047
0.274294376373291
-0.1460590362548828
0.9464770555496216
0.1612551212310791
0.407853364944458
0.008286237716674805
0.08120083808898926
0.21695518493652344
0.008169889450073242
0.1754307746887207
0.6015423536300659
0.2594935894012451
0.27285611629486084
0.4474184513092041
1.4423766136169434
0.2090463638305664
0.46427464485168457
0.5080115795135498
0.3550238609313965
0.1534872055053711
0.5663049221038818
-0.10785341262817383
-0.25127148628234863
0.9754989147186279
1.0897367000579834
0.3814995288848877
-0.0011229515075683594
0.36618900299072266
0.13971257209777832
0.3773353099822998
0.4376084804534912
0.5684452056884766
0.5146801471710205
0.6227726936340332
0.46851468086242676
0.4432861804962158
0.27340126037597656
0.26899147033691406
1.247658133506775
0.4785139560699463
0.07287335395812988
0.6504437923431396
0.5733253955841064
0.22237181663513184
0.5953526496887207
0.12130904197692871
0.4173402786254883
-0.11297726631164551
0.5007839202880859
0.9714617729187012
0.25332021713256836
0.10764932632446289
0.10810303688049316
0.43558692932128906
0.37475156784057617
0.876502275466919
0.8849531412124634
-0.1949310302734375
0.5586724281311035
0.24408221244812012
0.6873464584350586
0.4267001152038574
0.21960711479187012
0.1736598014831543
0.5332746505737305
0.8819506168365479
0.38695740699768066
0.92340087890625
0.3145475387573242
0.715954065322876
-0.36524224281311035
0.09530925750732422
0.12336182594299316
0.07036232948303223
-0.3414037227630615
1.0250158309936523
0.36310505867004395
0.7097315788269043
0.25386476516723633
0.4130856990814209
0.9456064701080322
0.16887807846069336
0.9597115516662598
0.019145488739013672
-0.03500199317932129
0.3941609859466553
1.5755589008331299
0.7659859657287598
0.7295442819595337
0.10705304145812988
0.6428630352020264
0.3698413372039795
0.5653526782989502
0.30138278007507324
0.008641958236694336
0.8751833438873291
-0.18137383460998535
0.1174015998840332
0.7988858222961426
1.0469740629196167
0.8208532333374023
0.36536097526550293
-0.004556775093078613
0.31453633308410645
-0.29957032203674316
0.5402650833129883
0.6110544204711914
-0.23507475852966309
0.4519765377044678
-0.28252673149108887
0.22482085227966309
-0.15529608726501465
-0.672637939453125
-0.37655186653137207
1.275681495666504
0.09131264686584473
-0.0827791690826416
0.5360488891601562
1.0693674087524414
0.5045967102050781
1.0278747081756592
0.4213886260986328
0.12761998176574707
0.7644481658935547
-0.2419753074645996
0.38504600524902344
0.15304064750671387
0.6557974815368652
0.5041930675506592
0.665041446685791
0.037558555603027344
0.5522853136062622
0.7406623363494873
0.06132936477661133
0.4676213264465332
0.4547574520111084
-0.24723470211029053
0.577965259552002
1.2109220027923584
0.745100736618042
0.5199434757232666
0.8231552839279175
0.36416149139404297
-0.25455808639526367
0.42423343658447266
0.5844471454620361
0.20712542533874512
0.08554792404174805
0.6043055057525635
0.8964438438415527
0.09510946273803711
0.20688128471374512
0.2832660675048828
0.5281853675842285
-0.1304163932800293
0.12644076347351074
0.30718994140625
0.5990574359893799
0.3818693161010742
0.4590291976928711
0.5569920539855957
0.5113303661346436
0.4500010013580322
0.12153077125549316
0.6687490940093994
0.6697969436645508
0.13671875
0.26206254959106445
0.214705228805542
0.4387543201446533
0.6441988945007324
0.1402268409729004
0.9600226879119873
0.055606842041015625
0.6369777917861938
0.8613455295562744
0.38865160942077637
0.1789567470550537
-0.02343463897705078
0.3897649049758911
-0.08216381072998047
0.15174484252929688
0.3778371810913086
0.3217658996582031
0.5778510570526123
-0.01372981071472168
0.8379539251327515
0.059305787086486816
0.26842498779296875
0.4403243064880371
0.050507545471191406
-0.021707773208618164
0.6010940074920654
0.6700599193572998
1.0714589357376099
-0.43259620666503906
0.2482607364654541
0.49288737773895264
0.056401968002319336
-0.22346258163452148
0.3458364009857178
0.6610651016235352
-0.027344822883605957
0.5270678997039795
0.19091224670410156
0.4921152591705322
0.09114265441894531
0.3286404609680176
0.37449347972869873
0.23283839225769043
0.41657209396362305
0.22635746002197266
-0.1643543243408203
0.46457958221435547
0.49771976470947266
0.5221405029296875
0.2753913402557373
1.1702260971069336
0.49845099449157715
0.24001240730285645
0.47314000129699707
0.4571988582611084
0.21269702911376953
-0.4764094352722168
0.17812252044677734
0.11822390556335449
0.5938975811004639
0.1812189817428589
0.23162364959716797
0.09830594062805176
0.049445509910583496
-0.03204178810119629
0.2300269603729248
0.0791163444519043
0.1600801944732666
0.46116864681243896
0.016405820846557617
0.17024767398834229
-0.2375016212463379
-0.20876383781433105
0.35460567474365234
0.2970452308654785
0.17030119895935059
0.071533203125
0.9381470680236816
0.8778018951416016
0.4316823482513428
1.3320467472076416
-0.027451753616333008
-0.5465691089630127
0.5456216335296631
0.5603644847869873
0.5080947875976562
0.34505748748779297
-0.6671053171157837
0.4367213249206543
0.9355794191360474
0.829765796661377
-0.15094542503356934
0.5043303966522217
0.2566370964050293
0.47123098373413086
0.5761594772338867
0.5372409820556641
0.14360857009887695
-0.21414637565612793
0.24132192134857178
0.4675142765045166
-0.055330753326416016
0.22783350944519043
0.3889496326446533
-0.11354613304138184
0.238633394241333
0.0559234619140625
-0.0946192741394043
0.5553364753723145
0.42685532569885254
0.5269981622695923
-0.08074593544006348
0.6815149784088135
0.8053056001663208
0.9830460548400879
0.10414576530456543
0.33138370513916016
0.5035514831542969
0.6026630401611328
0.8777461051940918
-0.08943724632263184
0.1629180908203125
0.9782657623291016
0.05888664722442627
0.23836135864257812
0.41001200675964355
0.0009772777557373047
0.5691589117050171
0.647266149520874
0.7097277641296387
0.03401994705200195
0.5044786930084229
0.07315373420715332
0.9075510501861572
-0.7968828678131104
-0.015438199043273926
0.7355365753173828
0.45377111434936523
0.8192472457885742
0.15549755096435547
0.4077397584915161
0.8119993209838867
1.1966804265975952
0.3085665702819824
-0.009041309356689453
0.17612195014953613
-0.058126211166381836
1.0502008199691772
-0.10167312622070312
0.5048072338104248
0.08924531936645508
0.37303948402404785
0.2644169330596924
0.6495100259780884
-0.09825873374938965
0.23332428932189941
0.7388336658477783
0.2918863296508789
0.43183255195617676
0.789793848991394
0.19061899185180664
0.2114396095275879
0.003422975540161133
-0.01995539665222168
0.023056507110595703
0.3684720993041992
0.6206498146057129
0.40576159954071045
0.2900514602661133
0.6166722774505615
0.7525384426116943
0.2042539119720459
0.23385906219482422
0.3687751293182373
1.4620192050933838
0.3996429443359375
0.5644619464874268
0.18335914611816406
0.26430177688598633
0.06771039962768555
0.4707728624343872
0.1721360683441162
0.6651678085327148
0.4796161651611328
0.605263352394104
-0.2111349105834961
1.1445353031158447
0.7164686918258667
0.26619958877563477
0.17453861236572266
0.29222750663757324
0.7898154258728027
0.17887139320373535
0.5150613784790039
0.09561657905578613
0.6556926965713501
0.42810654640197754
0.30249738693237305
0.3332204818725586
0.4142324924468994
0.47634077072143555
0.3885841369628906
0.8240077495574951
0.3266127109527588
0.7417521476745605
0.6674885749816895
0.7230136394500732
0.4259214401245117
0.3899238109588623
0.5138988494873047
-0.042996883392333984
0.2546052932739258
0.8793118000030518
0.7650268077850342
0.2787742614746094
0.09857034683227539
0.7144808769226074
0.012249231338500977
0.647456169128418
0.6886563301086426
0.24615979194641113
0.09432864189147949
-0.06539726257324219
0.8628425598144531
0.5157678127288818
0.6036356687545776
0.4249434471130371
0.7578775882720947
0.7435635328292847
0.7347044944763184
0.6095834970474243
0.29561328887939453
0.7915350198745728
0.3856384754180908
0.6798844337463379
0.34253382682800293
0.16352438926696777
0.012548446655273438
0.2805314064025879
0.32923388481140137
0.3720153570175171
0.08176016807556152
0.15883445739746094
0.1547834873199463
0.08274543285369873
0.14269161224365234
0.5054054260253906
0.4396395683288574
0.30554938316345215
0.6930482387542725
-0.14262700080871582
-0.5480556488037109
0.15519976615905762
0.316648006439209
0.3103368282318115
0.08854985237121582
0.042986154556274414
0.68941330909729
0.6745493412017822
0.18401026725769043
0.1692197322845459
0.22350549697875977
0.2332468032836914
0.4010286331176758
0.36388468742370605
0.19867348670959473
0.33404016494750977
0.23346149921417236
1.6566909551620483
0.36819958686828613
0.4050304889678955
0.27227020263671875
0.3173959255218506
0.1438302993774414
0.21605253219604492
0.41732144355773926
-0.02065896987915039
-0.001451253890991211
0.6152372360229492
-0.2606910467147827
0.7767741680145264
0.25139594078063965
0.6074216365814209
0.0810537338256836
0.01929450035095215
-0.18959259986877441
-0.14257752895355225
0.23115909099578857
0.2631814479827881
0.5082223415374756
0.3120408058166504
-0.10064232349395752
0.5640618801116943
-0.2183704376220703
-0.11504077911376953
0.6058487892150879
0.9816040992736816
0.08512473106384277
0.07350802421569824
0.6419297456741333
0.2059650421142578
1.1557705402374268
0.5950019359588623
0.08169198036193848
-0.07973027229309082
-0.09291410446166992
0.2336103916168213
0.16179752349853516
0.08961009979248047
0.4749455451965332
0.1006002426147461
0.11207866668701172
0.06683135032653809
1.0887808799743652
0.4943511486053467
0.9255290031433105
0.7537603378295898
-0.03366279602050781
-0.030493736267089844
0.3731245994567871
0.6490552425384521
0.2300119400024414
0.2644808292388916
0.5629676580429077
0.7156894207000732
0.9842382669448853
0.5861899852752686
0.648078203201294
0.3764955997467041
-0.002430438995361328
0.7239463329315186
0.869019627571106
0.6177724599838257
0.431257963180542
0.3607368469238281
0.017183303833007812
0.8798907995223999
0.4636852741241455
0.13116955757141113
0.13461613655090332
0.3001147508621216
1.6819519996643066
0.15226149559020996
0.8833136558532715
-0.2954152822494507
0.2246086597442627
0.5528569221496582
0.4734475612640381
0.46408843994140625
0.6245615482330322
0.35105061531066895
0.19678735733032227
0.4454169273376465
0.33742380142211914
0.2957648038864136
-0.03497576713562012
0.30348992347717285
0.45189356803894043
0.6632283926010132
0.4607810974121094
-0.18721473217010498
0.4259011745452881
0.622255802154541
0.31435179710388184
0.3305075168609619
0.5846610069274902
0.8664896488189697
0.17824292182922363
1.1323267221450806
-0.3576169013977051
0.42928946018218994
-0.685895562171936
-0.17862653732299805
0.18952584266662598
0.21060872077941895
0.3276026248931885
0.18330121040344238
0.5413105487823486
0.34696197509765625
0.7660126686096191
0.3075239658355713
0.021742820739746094
0.37103891372680664
0.8861937522888184
0.5018157958984375
0.34120678901672363
0.54756760597229
0.18215036392211914
0.6558842658996582
1.002133846282959
0.15212678909301758
0.1928110122680664
0.4013335704803467
0.09335732460021973
1.0312976837158203
0.8518996238708496
0.2792919874191284
0.2025771141052246
0.4454519748687744
0.15898489952087402
0.3405015468597412
0.5810168981552124
0.2653777599334717
0.006061077117919922
0.5631511211395264
0.2648351192474365
-0.2602245807647705
0.4955148696899414
0.2110351324081421
-0.10778522491455078
0.23316287994384766
0.4389469623565674
0.8872802257537842
0.5647567510604858
0.339153528213501
0.38431215286254883
-0.1396346092224121
0.01555013656616211
0.46297430992126465
1.3815982341766357
-0.19551968574523926
0.46369612216949463
1.3084449768066406
0.4811079502105713
0.1576993465423584
0.18834853172302246
0.5872011184692383
0.03127312660217285
0.4173402786254883
0.19449806213378906
0.993433952331543
0.35675573348999023
0.0553591251373291
0.6454288959503174
0.3045675754547119
-0.24382233619689941
-0.30313849449157715
0.46549415588378906
0.22617316246032715
0.3099536895751953
0.12253499031066895
0.6071820259094238
0.24741601943969727
1.0300562381744385
-0.10112118721008301
0.5927563905715942
0.8025432825088501
-0.14740753173828125
-0.16588592529296875
0.415388822555542
0.6417891979217529
0.6585443019866943
0.4110679626464844
0.20294523239135742
-0.17187833786010742
-0.11677002906799316
0.29371190071105957
0.46608972549438477
0.22612357139587402
0.05198168754577637
1.0176488161087036
-0.29086971282958984
-0.08390069007873535
1.6161116361618042
0.2209618091583252
0.38538527488708496
0.39712703227996826
0.3945143222808838
0.31771421432495117
0.9296061992645264
0.18465232849121094
0.2907404899597168
0.11991429328918457
0.5112309455871582
0.4483449459075928
0.34085893630981445
0.14638924598693848
0.08639359474182129
0.03838205337524414
-0.13914918899536133
0.8162014484405518
0.930649995803833
0.8464369773864746
0.10390162467956543
0.3637455701828003
1.8407899141311646
0.7105855941772461
0.7375386953353882
0.31203770637512207
0.7284145355224609
0.6250029802322388
0.6130297183990479
-0.7613682746887207
0.3189094066619873
0.08840000629425049
0.6205922365188599
0.49534058570861816
0.5450649261474609
0.23908352851867676
0.7405366897583008
0.1244804859161377
0.2527048587799072
0.42624402046203613
0.36766505241394043
0.20691895484924316
0.1438593864440918
0.7168295383453369
-0.03865623474121094
0.329315185546875
0.010276556015014648
0.30999040603637695
0.4512960910797119
0.489316463470459
0.8135628700256348
-0.25325798988342285
0.22913074493408203
0.6055687665939331
-0.12683486938476562
-0.06892728805541992
0.3099536895751953
0.3536393642425537
-0.0043523311614990234
1.0034534931182861
-0.21883940696716309
0.9082759618759155
0.5674577951431274
-0.3347475528717041
0.14664077758789062