0.05189371109008789
-0.10709214210510254
-0.31758010387420654
-0.13930630683898926
-0.09031903743743896
-0.13083398342132568
0.06390643119812012
-0.11706602573394775
-0.15651488304138184
0.2922166585922241
0.026680827140808105
0.0022644996643066406
0.0571444034576416
-0.4063814878463745
0.523082971572876
0.10375547409057617
-0.07244491577148438
-0.36310601234436035
-0.23296093940734863
0.10199546813964844
-0.0938878059387207
0.11032605171203613
-0.36455869674682617
0.23794221878051758
0.0046977996826171875
-0.7540996074676514
0.23081660270690918
0.22629070281982422
-0.3348804712295532
-0.31972575187683105
-0.059771180152893066
0.09601116180419922
0.10574746131896973
0.042027831077575684
-0.08858656883239746
-0.501142144203186
0.3505326509475708
0.09218323230743408
-0.2183135747909546
-0.02459573745727539
0.48900675773620605
0.12789785861968994
-0.26988351345062256
-0.1760540008544922
0.0647127628326416
-0.09793448448181152
0.05956542491912842
-0.35595428943634033
0.16971755027770996
0.27325165271759033
-0.10905599594116211
0.009760856628417969
0.3491882085800171
0.18767762184143066
0.16346454620361328
-0.3643101453781128
0.0031903982162475586
0.10416078567504883
0.19251751899719238
-0.3512742519378662
-0.2460010051727295
0.37452924251556396
0.07724380493164062
-0.23003888130187988
-0.05452370643615723
0.12914109230041504
-0.1044611930847168
0.10358750820159912
0.011092662811279297
-0.1694716215133667
0.07720685005187988
0.22188282012939453
-0.33736205101013184
0.05781078338623047
-0.48682355880737305
-0.04355466365814209
0.06659746170043945
0.273364782333374
0.22583794593811035
0.21475481986999512
-0.385878324508667
-0.12862396240234375
-0.3200852870941162
0.15765976905822754
-0.31083059310913086
0.022783398628234863
0.20574307441711426
0.1931389570236206
-0.10289573669433594
-0.03368330001831055
-0.4248988628387451
-0.13771915435791016
-0.3478238582611084
0.07252132892608643
-0.16877388954162598
0.1728520393371582
-0.6026355028152466
0.5923151969909668
0.16521954536437988
0.09125709533691406
-0.34789717197418213
-0.19204366207122803
0.2468430995941162
-0.37330400943756104
0.3393704891204834
0.018773317337036133
0.06223797798156738
-0.17490410804748535
-0.17821645736694336
-0.19140958786010742
-0.14570116996765137
0.2113478183746338
-0.031922101974487305
0.3254373073577881
0.09804129600524902
0.10429000854492188
-0.03129684925079346
0.13922691345214844
-0.3117179870605469
-0.2574894428253174
0.09707152843475342
-0.05671346187591553
-0.2407541275024414
0.16502952575683594
-0.16041803359985352
0.23853230476379395
-0.3694732189178467
-0.3487367630004883
0.10444033145904541
-0.5441230535507202
0.1402190923690796
-0.1827174425125122
-0.13357245922088623
-0.003409862518310547
-0.14557528495788574
-0.08182322978973389
-0.632909893989563
0.10813522338867188
0.060930609703063965
-0.14911901950836182
0.04661417007446289
-0.0030226707458496094
-0.1126629114151001
0.6356348991394043
0.03987932205200195
0.28215742111206055
0.11352038383483887
0.23062455654144287
0.04632866382598877
-0.10331082344055176
-0.3317263126373291
-0.1315772533416748
-0.21392405033111572
0.02368474006652832
-0.2292649745941162
-0.25401031970977783
0.045594215393066406
-0.2426903247833252
0.14725208282470703
-0.04829764366149902
0.21236443519592285
0.2628747224807739
0.058948397636413574
-0.30098795890808105
-0.11672627925872803
0.04311776161193848
-0.16419243812561035
0.49189889430999756
-0.1010582447052002
-0.10425567626953125
-0.4061692953109741
0.1736825704574585
0.22108793258666992
-0.22255182266235352
0.3355602025985718
-0.4901154041290283
-0.4398297071456909
0.0014801025390625
-0.22287344932556152
0.14990973472595215
-0.43500471115112305
0.11741471290588379
-0.12415027618408203
-0.19158267974853516
-0.24332165718078613
0.07851660251617432
-0.17288684844970703
0.034999728202819824
0.26151609420776367
-0.0573575496673584
-0.12312877178192139
0.253312349319458
-0.09147405624389648
-0.16878247261047363
-0.2393127679824829
-0.21500802040100098
0.2563471794128418
-0.08556675910949707
-0.2692190408706665
-0.21364820003509521
0.37784481048583984
-0.17379379272460938
-0.0658271312713623
-0.28483760356903076
-0.12684297561645508
-0.012739062309265137
-0.4037165641784668
-0.06662189960479736
0.3648827075958252
0.0021437406539916992
0.5562958717346191
-0.5710070133209229
-0.10959386825561523
0.028272628784179688
-0.3020765781402588
-0.38028764724731445
-0.13049232959747314
0.12550461292266846
-0.07116127014160156
0.07676303386688232
-0.07782340049743652
0.24867379665374756
0.0658731460571289
-0.4546016454696655
-0.00965118408203125
-0.026006460189819336
-0.21083486080169678
0.30712175369262695
0.508784294128418
0.2871243953704834
-0.24280762672424316
-0.10557997226715088
-0.03552651405334473
0.13893890380859375
-0.13861727714538574
-0.12283444404602051
-0.7926716804504395
0.054946064949035645
-0.021328210830688477
0.011449933052062988
0.048134446144104004
0.07882440090179443
-0.5454503297805786
-0.29428696632385254
-0.24210941791534424
0.13189733028411865
0.15395259857177734
0.5026156902313232
-0.26269030570983887
-0.010605573654174805
0.14765286445617676
0.16097843647003174
-0.3294631242752075
-0.19885587692260742
0.47448205947875977
-0.35443246364593506
-0.1883624792098999
0.45238494873046875
0.09314846992492676
-0.20001220703125
-0.5589990615844727
-0.4419463276863098
0.1930675506591797
0.020243406295776367
0.2468700408935547
0.10800778865814209
-0.2388935089111328
0.2213214635848999
-0.33461642265319824
-0.07486915588378906
0.0005834102630615234
-0.03743112087249756
-0.01776123046875
0.11779975891113281
0.15628111362457275
-0.21143198013305664
-0.09811997413635254
-0.007171154022216797
0.015823841094970703
0.16406965255737305
-0.18249118328094482
0.03678739070892334
0.10757791996002197
-0.04382491111755371
0.1882920265197754
0.19457006454467773
-0.09879064559936523
-0.3237113952636719
-0.02102518081665039
-0.30630290508270264
-0.10682952404022217
0.027987957000732422
0.06104576587677002
-0.18436968326568604
0.2781186103820801
0.2163606882095337
-0.06823921203613281
0.0004640817642211914
-0.13871169090270996
0.29154419898986816
-0.41126203536987305
0.45829761028289795
-0.1625462770462036
-0.10961794853210449
-0.06226372718811035
-0.015072822570800781
0.2988318204879761
-0.09916770458221436
-0.06289851665496826
-0.20299279689788818
-0.24574553966522217
-0.16870951652526855
0.12840533256530762
-0.21960985660552979
-0.0005220174789428711
-0.33857131004333496
-0.14675390720367432
0.1509265899658203
-0.14588236808776855
0.23414742946624756
-0.1365664005279541
0.47294437885284424
0.5372283458709717
0.1103062629699707
-0.09755468368530273
0.08952295780181885
0.0387188196182251
0.44766783714294434
0.41866540908813477
0.005024909973144531
0.2735159397125244
-0.11566793918609619
0.10632896423339844
0.15438318252563477
-0.36567258834838867
0.13085579872131348
0.19448399543762207
0.3437652587890625
-0.44790947437286377
-0.3134572505950928
-0.5221705436706543
0.3961458206176758
-0.013124346733093262
0.3740353584289551
0.07860732078552246
0.10883927345275879
0.3849998712539673
0.5096346139907837
-0.23569107055664062
-0.00519251823425293
0.26207637786865234
-0.4996079206466675
0.059094905853271484
-0.027475476264953613
0.5200634002685547
0.21279561519622803
-0.1102914810180664
-0.08218729496002197
0.06026268005371094
-0.4779585599899292
0.20443475246429443
-0.7100304365158081
-0.22188150882720947
-0.1493523120880127
0.18753504753112793
0.030129194259643555
0.05457794666290283
-0.20722079277038574
0.12089478969573975
0.031137704849243164
-0.5101182460784912
0.08024024963378906
-0.42660439014434814
-0.31120550632476807
0.2656276226043701
-0.08992910385131836
-0.04076838493347168
0.43991708755493164
0.1321049928665161
0.26880574226379395
-0.21351313591003418
0.003044724464416504
-0.007917165756225586
0.0858149528503418
0.05541419982910156
-0.3239438533782959
-0.18499386310577393
0.23428845405578613
-0.13971447944641113
0.19173288345336914
0.36809873580932617
-0.10827279090881348
0.11751079559326172
-0.027306795120239258
-0.2379441261291504
0.012776851654052734
-0.025191068649291992
0.026580333709716797
-0.15214014053344727
-0.3659050464630127
-0.27355289459228516
0.08246314525604248
0.11481499671936035
0.04435312747955322
-0.304030179977417
-0.11486005783081055
0.15874755382537842
-0.20546293258666992
-0.02492690086364746
0.2358684539794922
0.17720580101013184
-0.24721646308898926
0.1641608476638794
0.3771822452545166
0.31683099269866943
-0.06490480899810791
0.1448981761932373
-0.022927284240722656
-0.027738451957702637
-0.1746729612350464
-0.05521285533905029
0.16626465320587158
-0.3111233711242676
-0.20005249977111816
0.023636341094970703
-0.09203815460205078
-0.33396196365356445
-0.4949052333831787
-0.4162524938583374
0.4365640878677368
-0.19109487533569336
0.10204935073852539
-0.19821035861968994
-0.31653785705566406
0.13943064212799072
0.2665442228317261
-0.21314823627471924
-0.2087005376815796
-0.3771880269050598
0.008268356323242188
-0.04301941394805908
0.09274530410766602
-0.36033308506011963
0.013110756874084473
-0.05022621154785156
-0.08797311782836914
0.3239041566848755
0.27785730361938477
-0.0182114839553833
-0.13872551918029785
-0.17070329189300537
0.4225122928619385
-0.19309699535369873
-0.303499698638916
-0.03342580795288086
0.41458451747894287
-0.28634023666381836
-0.2228175401687622
-0.41135549545288086
-0.1739802360534668
-0.15820527076721191
0.0672142505645752
0.7953271865844727
0.18500542640686035
-0.23953521251678467
-0.12550413608551025
-0.18566691875457764
-0.1381514072418213
0.16439247131347656
-0.29070019721984863
-0.06566774845123291
0.09525883197784424
0.04141104221343994
0.23476040363311768
0.05380368232727051
0.03822314739227295
0.5917845964431763
-0.10513782501220703
-0.052255868911743164
0.5143754482269287
0.32816553115844727
-0.034372806549072266
-0.13872146606445312
-0.23527348041534424
0.13639914989471436
0.07542920112609863
0.3287525177001953
0.1884469985961914
-0.17965972423553467
-0.38082563877105713
0.27961254119873047
-0.1722559928894043
-0.06511545181274414
0.019736528396606445
-0.1761704683303833
-0.353122353553772
0.30395984649658203
0.0873875617980957
-0.35791099071502686
0.009668231010437012
0.06819963455200195
-0.08582985401153564
0.1024928092956543
-0.32140135765075684
-0.16936302185058594
-0.15727519989013672
-0.16478419303894043
-0.05802440643310547
0.25516724586486816
0.11286365985870361
-0.6064696311950684
0.16535329818725586
-0.41679298877716064
0.266279935836792
0.48320770263671875
0.09662866592407227
0.0006501674652099609
-0.27078115940093994
0.22418498992919922
0.4505913257598877
0.2135334014892578
-0.27741003036499023
-0.32486534118652344
-0.4327821731567383
-0.07726168632507324
-0.12933599948883057
0.23926329612731934
0.12854647636413574
-0.1455845832824707
-0.5555788278579712
0.0055637359619140625
0.4230368137359619
-0.04920697212219238
-0.19818782806396484
0.21229112148284912
0.4086008071899414
0.2075291872024536
-0.31409692764282227
0.3684225082397461
0.4604536294937134
0.04114723205566406
-0.10634052753448486
0.22775053977966309
0.17723846435546875
0.03967273235321045
0.31681931018829346
-0.31066346168518066
0.09815919399261475
0.0418088436126709
0.0641171932220459
0.1407461166381836
0.47066640853881836
-0.5609008073806763
0.21651315689086914
-0.49542534351348877
0.09188032150268555
-0.08600437641143799
-0.2681093215942383
0.0367511510848999
-0.4133901596069336
-0.05679976940155029
0.555058479309082
0.3875539302825928
0.17749428749084473
0.11333096027374268
-0.4452563524246216
-0.15036416053771973
-0.0706472396850586
0.27354001998901367
-0.1182243824005127
-0.1328575611114502
-0.04877161979675293
-1.8596649169921875e-05
-0.36881768703460693
0.18384945392608643
0.1868116855621338
-0.20839834213256836
0.433241605758667
-0.0889885425567627
-0.19360661506652832
-0.030152559280395508
-0.08477234840393066
0.13605666160583496
-0.41332316398620605
0.20250391960144043
0.16588854789733887
0.3185458183288574
-0.3182474374771118
-0.3464313745498657
-0.16562247276306152
-0.34921467304229736
0.23447751998901367
-0.15030336380004883
0.09110569953918457
-0.5008411407470703
0.41224563121795654
-0.09826314449310303
-0.2517904043197632
0.23269474506378174
-0.5361210107803345
-0.006827354431152344
-0.3469083309173584
-0.051905155181884766
0.47445011138916016
-0.23643624782562256
-0.05094337463378906
0.0239332914352417
-0.07283973693847656
0.05083584785461426
-0.0843806266784668
0.3974266052246094
0.29135286808013916
-0.003733396530151367
0.010947465896606445
0.1161341667175293
-0.1474606990814209
-0.1015782356262207
0.21399140357971191
-0.10898399353027344
-0.026241064071655273
-0.09381651878356934
-0.14564085006713867
0.07936298847198486
-0.45878517627716064
-0.18578529357910156
0.2998776435852051
-0.03795599937438965
0.02202129364013672
0.21126174926757812
0.02008235454559326
-0.14440810680389404
0.3025122880935669
0.2185457944869995
0.13273859024047852
0.302598237991333
-0.16682660579681396
-0.04767918586730957
-0.38770925998687744
0.059863924980163574
0.17873620986938477
0.0074073076248168945
0.059917330741882324
0.13586032390594482
-0.06267619132995605
0.18403446674346924
-0.0839923620223999
0.08119821548461914
-0.07802224159240723
-0.13669466972351074
0.3626992702484131
-0.057572007179260254
0.28647637367248535
-0.12725090980529785
0.1469515562057495
0.3798431158065796
-0.1611475944519043
0.08415007591247559
-0.11083340644836426
0.08665204048156738
-0.05115032196044922
0.36609959602355957
0.12515485286712646
0.09515953063964844
-0.2511405944824219
0.07684493064880371
-0.21564245223999023
0.08341944217681885
0.3753998279571533
-0.11307096481323242
-0.12815213203430176
0.21756243705749512
-0.4227861166000366
0.5827188491821289
-0.03645193576812744
0.013450145721435547
-0.2582892179489136
-0.1483902931213379
0.32002151012420654
-0.1344776153564453
-0.2461026906967163
-0.3466547727584839
0.23561573028564453
-0.07872891426086426
0.15953898429870605
0.3151324987411499
0.057977914810180664
-0.09564638137817383
-0.11871826648712158
0.06446206569671631
-0.04758560657501221
0.1708592176437378
-0.0975351333618164
0.18555784225463867
-0.35862135887145996
-0.5839617252349854
0.18522047996520996
0.2875335216522217
0.16929054260253906
0.029032468795776367
0.1583869457244873
0.07210707664489746
0.14661943912506104
-0.1933307647705078
0.14943265914916992
0.5613224506378174
-0.369335412979126
-0.09370303153991699
-0.1181797981262207
-0.2546048164367676
-0.09160375595092773
0.3672143220901489
-0.20068705081939697
-0.06260156631469727
0.0037800073623657227
0.13266634941101074
-0.33319664001464844
-0.13795435428619385
-0.6002899408340454
0.3045806884765625
0.0018029212951660156
0.056748032569885254
-0.406902551651001
0.1091388463973999
-0.23583745956420898
0.0028171539306640625
0.08002471923828125
-0.17143940925598145
-0.20228075981140137
0.18203496932983398
0.058617353439331055
-0.04444098472595215
-0.2813835144042969
-0.29882383346557617
0.05642199516296387
0.40183353424072266
0.22180020809173584
-0.35798048973083496
-0.004735231399536133
-0.19811463356018066
-0.07598209381103516
0.08649587631225586
-0.11743879318237305
-0.21239817142486572
-0.004331707954406738
0.6463093757629395
-0.45998895168304443
0.756080150604248
0.17316722869873047
0.24823522567749023
-0.24158287048339844
0.005668044090270996
0.3956751823425293
-0.10713577270507812
0.3083416223526001
-0.03736531734466553
-0.15643572807312012
0.19643962383270264
-0.19500470161437988
-0.009937524795532227
-0.2682141065597534
0.10112953186035156
0.09088742733001709
-0.16614282131195068
-0.5004047155380249
0.17779624462127686
0.048989057540893555
-0.2526991367340088
0.28596627712249756
-0.2093508243560791
-0.07909965515136719
-0.056356191635131836
0.35356831550598145
-0.027989864349365234
0.207169771194458
0.3240640163421631
0.24373388290405273
-0.08700132369995117
-0.056154489517211914
-0.48404228687286377
0.3000810146331787
0.29099881649017334
-0.35990583896636963
-0.03217196464538574
0.09447836875915527
-0.005029082298278809
0.3491882085800171
0.026048779487609863
0.14177680015563965
0.04541349411010742
0.018036484718322754
0.15500426292419434
-0.17244863510131836
0.23778343200683594
0.07187700271606445
0.13118600845336914
0.13587450981140137
-0.20583820343017578
0.3673064708709717
0.10884177684783936
-0.6154090166091919
-0.11626160144805908
0.29471874237060547
-0.17219185829162598
-0.03919363021850586
0.006868243217468262
-0.08468210697174072
-0.08589792251586914
-0.36272668838500977
0.1494048833847046
0.005931735038757324
-0.25296807289123535
0.6879773139953613
0.03042018413543701
0.2895026206970215
-0.3114513158798218
0.179518461227417
0.18635118007659912
-0.24715054035186768
0.05086946487426758
0.22646796703338623
-0.12373471260070801
0.08084416389465332
0.05882740020751953
-0.14203417301177979
-0.3022942543029785
-0.1701112985610962
-0.08246469497680664
0.38231849670410156
-0.0689091682434082
0.06728637218475342
-0.04318404197692871
0.18203139305114746
0.3247939348220825
0.15490591526031494
0.17243218421936035
-0.07012748718261719
-0.1264631748199463
0.16826164722442627
-0.27082085609436035
0.14943313598632812
-0.09590721130371094
-0.09046483039855957
-0.18285143375396729
0.6766312122344971
-0.01842522621154785
-0.08088970184326172
-0.4603390693664551
0.1151590347290039
-0.4671136140823364
-0.013467550277709961
-0.3010239601135254
0.03643500804901123
0.030255436897277832
-0.10892605781555176
0.5922945737838745
0.14463484287261963
-0.19177424907684326
-0.21048372983932495
-0.2828648090362549
-0.17372465133666992
0.27184319496154785
-0.09608328342437744
-0.2512108087539673
0.18295073509216309
-0.07375741004943848
0.020028114318847656
-0.08448243141174316
0.19228506088256836
0.3039807081222534
-0.22678589820861816
0.5301463603973389
-0.09439361095428467
-0.012145757675170898
-0.04971575736999512
-0.11823081970214844
-0.15904998779296875
0.1910773515701294
0.1742861270904541
0.003246307373046875
0.26636803150177
0.11500585079193115
0.01313471794128418
-0.44130706787109375
-0.04095649719238281
-0.32226693630218506
-0.5293054580688477
0.23513579368591309
0.0968780517578125
-0.08295607566833496
0.21024763584136963
0.20601236820220947
0.1388559341430664
0.3445279598236084
0.03607177734375
-0.2427300214767456
-0.07391607761383057
0.06449460983276367
0.06719493865966797
-0.13350439071655273
-0.23636770248413086
0.21985197067260742
0.2042630910873413
-0.2533743381500244
-0.16655921936035156
0.15195727348327637
-0.5432623624801636
-0.2063387632369995
-0.5686927437782288
-0.404147744178772
-0.19228720664978027
-0.0016063451766967773
0.559714674949646
-0.06401276588439941
-0.37393486499786377
0.15181505680084229
-0.17073750495910645
-0.07424652576446533
-0.0009430646896362305
-0.421169638633728
0.03383004665374756
0.575056791305542
-0.05133163928985596
-0.19333887100219727
-0.03269803524017334
0.009409904479980469
0.0992879867553711
0.32605063915252686
-0.12047076225280762
-0.03265023231506348
0.1344301700592041
-0.25084102153778076
0.30908679962158203
-0.19771647453308105
-0.12620806694030762
-0.48429322242736816
0.10506546497344971
-0.21614611148834229
0.10764789581298828
0.012093067169189453
0.14783728122711182
0.1664496660232544
0.21424639225006104
-0.38555753231048584
0.03993666172027588
-0.010684490203857422
0.2250807285308838
0.08931922912597656
-0.706586480140686
-0.36093759536743164
0.21690702438354492
0.13219141960144043
-0.02513599395751953
-0.2908601760864258
0.07446944713592529
0.14753341674804688
-0.18575990200042725
-0.20761454105377197
0.2771817445755005
0.2669483423233032
-0.24077236652374268
0.3352336883544922
-0.1501075029373169
-0.32952558994293213
-0.09001457691192627
0.0778203010559082
-0.669668436050415
-0.1417781114578247
0.46472299098968506
-0.34109604358673096
-0.28075289726257324
-0.05554485321044922
-0.13979697227478027
-0.2944444417953491
0.08646726608276367
-0.22666895389556885
0.40364646911621094
0.16933858394622803
-0.25624632835388184
-0.06916570663452148
-0.23144924640655518
-0.10620641708374023
0.13390278816223145
0.0890507698059082
-0.2515817880630493
-0.18072938919067383
-0.36292243003845215
-0.5306107997894287
0.13470959663391113
-0.18070578575134277
0.2174985408782959
0.2545698881149292
-0.1795821189880371
0.09066605567932129
-0.1359177827835083
-0.13853740692138672
0.1156545877456665
0.17239069938659668
0.14176297187805176
0.11329329013824463
0.04362654685974121
0.028877615928649902
0.1668558120727539
0.2027496099472046
0.3974266052246094
0.005175590515136719
0.04108071327209473
0.11608576774597168
-0.054717302322387695
0.27321529388427734
0.1575789451599121
-0.35058724880218506
-0.4142090082168579
-0.7292705774307251
-0.13626575469970703
0.4052619934082031
0.29304802417755127
-0.08965086936950684
-0.05487370491027832
0.2895970344543457
0.0734565258026123
0.020299077033996582
-0.19852936267852783
0.05272865295410156
-0.15605449676513672
-0.12687504291534424
0.06466484069824219
-0.04749774932861328
0.23510456085205078
-0.37191152572631836
0.6777216196060181
-0.01655888557434082
0.662785530090332
0.08091855049133301
-0.4351598024368286
-0.7232383489608765
0.03974497318267822
0.007807731628417969
-0.01081085205078125
0.18567705154418945
-0.23785936832427979
0.30713343620300293
0.12706398963928223
0.27400243282318115
-0.01088869571685791
-0.13477110862731934
-0.016736865043640137
-0.10834801197052002
-0.15566277503967285
0.22831153869628906
0.06558346748352051
0.08784246444702148
0.2232985496520996
0.0688638687133789
0.3102395534515381
-0.2248685359954834
-0.20119118690490723
-0.17736363410949707
-0.221083402633667
0.19947099685668945
0.03379487991333008
-0.34482359886169434
0.2593264579772949
-0.00033462047576904297
-0.232712984085083
0.3228950500488281
0.2996518611907959
0.36514878273010254
0.15056490898132324
0.05730772018432617
0.6921324729919434
-0.2431086301803589
0.05826711654663086
-0.10586881637573242
0.5952893495559692
0.42652082443237305
0.03930163383483887
-0.053061485290527344
0.2578623294830322
0.055982112884521484
0.13654816150665283
0.03782820701599121
0.4054853916168213
0.2429255247116089
0.11479878425598145
-0.06708693504333496
-0.07105839252471924
-0.14407765865325928
-0.33143186569213867
0.06628751754760742
-0.03714895248413086
0.3465116024017334
0.21307671070098877
-0.0293043851852417
-0.2268366813659668
-0.21939897537231445
-0.10520339012145996
-0.04338479042053223
-0.12623083591461182
-0.21619248390197754
-0.11183822154998779
-0.46090245246887207
0.08332705497741699
-0.016568779945373535
0.23149371147155762
0.6200077533721924
-0.15269732475280762
-0.29283714294433594
0.3001217842102051
-0.16973638534545898
-0.03474748134613037
-0.13001811504364014
-0.5914286375045776
-0.2311779260635376
-0.09652984142303467
-0.1819518804550171
-0.4347255229949951
-0.04349923133850098
-0.09168148040771484
-0.20297837257385254
0.3605680465698242
0.0680243968963623
-0.27853691577911377
-0.028662919998168945
0.09595787525177002
0.014442086219787598
0.4638059139251709
0.41199827194213867
0.07810711860656738
0.07217025756835938
0.23702073097229004
0.08058631420135498
-0.09747111797332764
0.2384955883026123
0.06609809398651123
0.11692452430725098
-0.059255242347717285
-0.29168379306793213
-0.1168142557144165
0.18671202659606934
0.6347290277481079
0.138985276222229
-0.43940186500549316
0.21146202087402344
0.3326385021209717
0.24235796928405762
0.1579904556274414
-0.13822317123413086
0.027794957160949707
-0.308577299118042
-0.46478939056396484
0.24239742755889893
-0.024693846702575684
0.03968453407287598
-0.2108602523803711
-0.12044155597686768
-0.15650546550750732
-0.32690906524658203
0.221360445022583
-0.11065530776977539
0.0039757490158081055
-0.1494903564453125
-0.271564245223999
-0.3055877685546875
-0.19042861461639404
-0.15068423748016357
0.2163071632385254
0.0921248197555542
0.19228875637054443
0.18397879600524902
-0.29206955432891846
-0.18944048881530762
0.10662329196929932
0.09688687324523926
-0.005052089691162109
0.008399128913879395
-0.381766676902771
0.06608963012695312
-0.022417187690734863
-0.11814355850219727
-0.02125692367553711
-0.2443850040435791
0.3009984493255615
0.23781251907348633
0.09386396408081055
0.051662445068359375
0.2701878547668457
0.07030260562896729
0.10433077812194824
0.22146892547607422
-0.08782422542572021
0.03208136558532715
-0.571089506149292
-0.3656928539276123
-0.1872633695602417
-0.22971701622009277
-0.32581818103790283
-0.12324237823486328
-0.023579001426696777
-0.38845014572143555
0.3462071418762207
-0.2195371389389038
-0.2834862470626831
0.09162735939025879
0.00024902820587158203
0.357316255569458
0.209275484085083
0.5479211807250977
-0.2867889404296875
-0.40500330924987793
-0.12177503108978271
0.3948986530303955
-0.24761676788330078
-0.09131884574890137
0.40978991985321045
0.07541108131408691
-0.4118185043334961
-0.22611510753631592
0.40072107315063477
-0.12384593486785889
-0.24226057529449463
-0.17136120796203613
0.12549877166748047
-0.3017127513885498
-0.20304298400878906
0.14619219303131104
-0.2231743335723877
-0.6125005483627319
-0.18723225593566895
-0.11931920051574707
0.15352308750152588
-0.022887706756591797
0.24127769470214844
-0.2014918327331543
-0.3130244016647339
-0.03256678581237793
-0.01453244686126709
-0.3093528747558594
0.26570701599121094
-0.2736659049987793
0.03667128086090088
-0.3501729965209961
-0.6405750513076782
-0.005702972412109375
-0.0367274284362793
-0.23873186111450195
0.1937321424484253
0.25135529041290283
0.010436177253723145
-0.18914461135864258
0.4132671356201172
0.2774238586425781
0.14009833335876465
-0.012040376663208008
-0.06581497192382812
-0.06162106990814209
0.4212733507156372
0.06340289115905762
-0.13046908378601074
-0.03868293762207031
0.09144270420074463
-0.05056416988372803
0.6927152872085571
-0.3516148328781128
0.3774991035461426
-0.13861703872680664
-0.06198751926422119
-0.3244297504425049
-0.012271404266357422
-0.1541374921798706
0.04670119285583496
-0.3142528533935547
0.12171483039855957
0.1595773696899414
0.08232831954956055
-0.3439192771911621
-0.05955839157104492
-0.04885375499725342
-0.6687655448913574
0.3666198253631592
0.6515202522277832
0.3297041654586792
-0.40403902530670166
0.016260147094726562
0.014939546585083008
0.3106698989868164
-0.2044600248336792
0.04726862907409668
0.3616030216217041
0.06494855880737305
0.17138493061065674
-0.15289020538330078
-0.702979326248169
-0.3310120105743408
0.07591915130615234
0.09458422660827637
1.009695053100586
0.3204672336578369
-0.07830643653869629
-0.07404208183288574
0.007843613624572754
0.245202898979187
-0.07749545574188232
-0.37661826610565186
0.030265092849731445
0.276952862739563
-0.09705245494842529
-0.11393415927886963
0.410053014755249
-0.31176769733428955
-0.6095126867294312
-0.19846093654632568
-0.12077498435974121
-0.2600524425506592
-0.016296029090881348
0.470623254776001
0.38422906398773193
-0.05878627300262451
0.21617794036865234
-0.05280482769012451
0.23639917373657227
-0.17410683631896973
0.05691933631896973
0.07099175453186035
-0.02343273162841797
0.0509333610534668
0.3476827144622803
-0.0488663911819458
-0.351848840713501
-0.171553373336792
-0.07572638988494873
-0.04542064666748047
0.0016329288482666016
-0.12753057479858398
0.253379225730896
-0.0510709285736084
-0.22043728828430176
-0.062107205390930176
-0.16815531253814697
0.15754127502441406
0.08301818370819092
-0.15432369709014893
-0.3306314945220947
-0.18093562126159668
-0.4192187786102295
-0.03685963153839111
0.09912848472595215
0.3184250593185425
-0.15290307998657227
-0.0063250064849853516
0.35782885551452637
0.06224489212036133
0.19197630882263184
0.3845181465148926
0.3480556011199951
-0.034256696701049805
0.18527746200561523
0.27730822563171387
0.21416330337524414
0.00012433528900146484
-0.20249950885772705
0.005890011787414551
-0.13548612594604492
-0.0799558162689209
-0.33159899711608887
0.30598902702331543
0.057880401611328125
-0.04729318618774414
-0.01733076572418213
0.10646438598632812
-0.005951046943664551
-0.0543900728225708
-0.0890357494354248
0.03096616268157959
-0.3710676431655884
-0.2872962951660156
-0.30645596981048584
-0.5206866264343262
-0.015224933624267578
-0.35793817043304443
0.12254214286804199
0.1981651782989502
0.05538928508758545
-0.011927604675292969
-0.1442936658859253
-0.09784173965454102
-0.5469803810119629
-0.27858424186706543
0.3712444305419922
0.20324993133544922
0.16995680332183838
-0.10121893882751465
-0.0569307804107666
0.0004696846008300781
-0.2037285566329956
-0.346280574798584
0.0279538631439209
0.10366880893707275
0.01508474349975586
-0.3642237186431885
-0.256702184677124
-0.40453505516052246
-0.2927875518798828
0.09168815612792969
-0.22355616092681885
-0.04344439506530762
0.08400118350982666
0.17321979999542236
0.01721477508544922
0.2130650281906128
0.07790553569793701
-0.2923622131347656
0.29221034049987793
0.1884828805923462
-0.16642379760742188
0.23991656303405762
-0.47826671600341797
0.23189043998718262
-0.26758527755737305
-0.3847973346710205
0.1055142879486084
-0.13239336013793945
-0.10399627685546875
-0.2882993221282959
0.3739403486251831
0.4726341962814331
-0.17699456214904785
-0.23782992362976074
-0.11317777633666992
0.23501014709472656
-0.06734228134155273
0.034124135971069336
-0.2336500883102417
0.5080239772796631
0.10195982456207275
-0.07179844379425049
-0.32118237018585205
-0.32038259506225586
0.10937166213989258
-0.11198091506958008
0.3937777280807495
0.025245070457458496
0.3173220157623291
0.14453983306884766
-0.09360134601593018
0.21944832801818848
0.40801334381103516
-0.3001136779785156
0.11604094505310059
0.5440073013305664
0.2852344512939453
0.05421710014343262
0.29687047004699707
0.33677875995635986
-0.11009705066680908
-0.10509288311004639
-0.2573448419570923
-0.4154733419418335
-0.1759946346282959
0.4548659324645996
-0.27442634105682373
0.25047028064727783
0.10006332397460938
-0.08620429039001465
0.3368189334869385
-0.10812783241271973
0.1310441493988037
-0.07269227504730225
-0.1635059118270874
0.10040903091430664
-0.05605912208557129
0.21157300472259521
0.11006808280944824
0.038863420486450195
-0.734674334526062
0.2479008436203003
-0.04539179801940918
0.06701922416687012
0.11894357204437256
0.3639497756958008
-0.6687028408050537
-0.18892979621887207
-0.08886826038360596
-0.18223357200622559
-0.17835259437561035
-0.2557492256164551
0.03549361228942871
0.18497014045715332
0.13413405418395996
-0.2369152307510376
-0.12275052070617676
-0.09322619438171387
-0.0059735774993896484
-0.4353046417236328
-0.3124347925186157
-0.08278846740722656
-0.18203973770141602
-0.22413456439971924
-0.1509532928466797
0.4487192630767822
-0.18492841720581055
-0.350801944732666
0.4312998056411743
-0.3224771022796631
-0.4980142116546631
0.20092356204986572
-0.1306232213973999
0.013759374618530273
-0.19787871837615967
-0.31076765060424805
0.26905155181884766
0.3276090621948242
-0.29518258571624756
0.5548949241638184
0.23874306678771973
-0.39879345893859863
-0.35413217544555664
-0.19386076927185059
-0.30237770080566406
-0.07023262977600098
-0.4823615550994873
-0.27819764614105225
-0.2594325542449951
0.10235738754272461
-0.05079793930053711
-0.2147911787033081
0.6875302791595459
-0.04639357328414917
-0.017349600791931152
0.1584416627883911
-0.09335184097290039
-0.25250959396362305
-0.1696484088897705
-0.38686561584472656
0.07320523262023926
0.07105481624603271
-0.032678842544555664
0.07634389400482178
-0.03860151767730713
-0.3562425374984741
0.11256814002990723
0.248565673828125
-0.1018596887588501
-0.3410623073577881
-0.3999124765396118
-0.07506465911865234
-0.2962453365325928
0.0662534236907959
0.02852010726928711
-0.492098331451416
-0.1095120906829834
-0.06871724128723145
-0.1437215805053711
-0.1801060438156128
0.14750409126281738
-0.19819819927215576
0.1800781488418579
-0.39982759952545166
-0.3218495845794678
0.05848360061645508
-0.13960182666778564
0.1075354814529419
0.015244722366333008
-0.21441400051116943
-0.149161696434021
0.02053236961364746
-0.2749999761581421
0.10183000564575195
-0.32350707054138184
-0.19055509567260742
0.29734373092651367
-0.23306643962860107
-0.015529513359069824
-0.0037370920181274414
-0.7687699794769287
-0.22555851936340332
0.028191328048706055
-0.03571474552154541
0.23401689529418945
-0.03078317642211914
-0.009127974510192871
-0.4155571460723877
0.058426499366760254
0.10145306587219238
0.10215532779693604
0.4761981964111328
0.31410419940948486
0.3356466293334961
-0.2884784936904907
0.27357304096221924
-0.12373709678649902
0.31508302688598633
0.09114193916320801
0.17241859436035156
0.03196358680725098
-0.1635754108428955
0.4728047847747803
-0.05945253372192383
-0.26880645751953125
-0.22723019123077393
0.22154247760772705
0.00995016098022461
-0.0028181076049804688
-0.2768282890319824
-0.032705068588256836
0.6129465103149414
-0.029234766960144043
0.05535578727722168
0.223657488822937
-0.49796390533447266
0.1393376588821411
-0.33289825916290283
0.23331689834594727
0.00972890853881836
-0.4849119186401367
0.24436283111572266
0.12033164501190186
-0.30215275287628174
-0.0523148775100708
0.40621089935302734
-0.39747071266174316
-0.022341012954711914
-0.2317444086074829
0.6166913509368896
-0.11829304695129395
-0.4006681442260742
0.50173020362854
0.0565640926361084
0.06502139568328857
0.4425160884857178
-0.08706927299499512
0.3501591682434082
0.13158881664276123
-0.19743680953979492
-0.07987546920776367
0.12925231456756592
0.3468892574310303
0.23292827606201172
-0.19870531558990479
0.011609911918640137
-0.33253931999206543
-0.3100842237472534
-0.32309168577194214
0.16214227676391602
0.1889127492904663
-0.20540785789489746
0.12499642372131348
0.06715250015258789
-0.30063796043395996
-0.3177849054336548
-0.2075338363647461
-0.5528441667556763
0.01045691967010498
-0.10111427307128906
-0.4725205898284912
-0.11379659175872803
0.09361743927001953
0.24903416633605957
-0.5260341167449951
-0.3294949531555176
0.13127660751342773
-0.4397752285003662
0.03881096839904785
-0.128243088722229
-0.028103113174438477
0.1544480323791504
-0.33060526847839355
-0.1273491382598877
-0.015367865562438965
0.2876899242401123
-0.1550893783569336
-0.24886178970336914
0.6320159435272217
-0.6993522644042969
0.1205974817276001
-0.30716419219970703
-0.04801225662231445
-0.08835148811340332
0.3244445323944092
0.06577658653259277
-0.060034990310668945
-0.2603778839111328
0.03776383399963379
-0.253695011138916
0.18027174472808838
0.02014482021331787
0.2569141387939453
0.644486665725708
-0.019924283027648926
-0.31027448177337646
-0.028345346450805664
-0.06742370128631592
-0.10547912120819092
0.24701881408691406
-0.21025800704956055
0.12874960899353027
-0.006738066673278809
0.2874051332473755
-0.06836140155792236
0.09221160411834717
0.29590296745300293
-0.008502006530761719
0.1965932846069336
0.0038247108459472656
0.013946056365966797
0.05566573143005371
0.05597519874572754
0.26327216625213623
0.16680777072906494
-0.22428929805755615
-0.4456692934036255
-0.4649702310562134
-0.0551680326461792
-0.27113842964172363
0.1857919692993164
0.009206891059875488
-0.2437964677810669
-0.27234530448913574
-0.19184434413909912
0.16797947883605957
0.019833803176879883
-0.0891730785369873
0.05230438709259033
0.42019379138946533
0.029776692390441895
-0.0006785392761230469
-0.2029958963394165
-0.10290122032165527
0.11684608459472656
0.23012351989746094
0.004579067230224609
0.39335882663726807
0.09722030162811279
-0.6600377559661865
0.08419764041900635
0.18786311149597168
0.09301614761352539
0.05739998817443848
0.25348615646362305
0.24029541015625
-0.14473307132720947
0.05264914035797119
0.07002520561218262
-0.1981722116470337
-0.0010223388671875
-0.00831294059753418
-0.2513502836227417
0.24878406524658203
0.3601425886154175
0.3419191837310791
0.16066372394561768
0.2355036735534668
-0.13894128799438477
0.3090040683746338
0.2254108190536499
-0.39531660079956055
-0.8216451406478882
0.26339173316955566
0.039914608001708984
-0.38175666332244873
-0.3297708034515381
0.5724774599075317
0.0809706449508667
-0.23785924911499023
0.2530078887939453
-0.26561248302459717
0.16021454334259033
-0.3631913661956787
0.4296703338623047
-0.3273439407348633
0.015854477882385254
-0.010043144226074219
-0.0392611026763916
-0.09899842739105225
-0.6684095859527588
-0.8043397665023804
0.5925867557525635
-0.2792578935623169
0.12493491172790527
-0.030441641807556152
-0.12913990020751953
0.02493882179260254
0.0670158863067627
-0.049991607666015625
-0.11894822120666504
0.2844867706298828
-0.16448593139648438
0.1801614761352539
-0.07889652252197266
0.1400357484817505
0.16266906261444092
0.01489269733428955
0.1608973741531372
-0.03777956962585449
-0.27523839473724365
0.0421525239944458
-0.05461400747299194
0.1779407262802124
0.3408803939819336
-0.1822187900543213
0.22887825965881348
-0.22741961479187012
0.1185457706451416
-0.2525930404663086
-0.08109390735626221
0.2724543809890747
0.22072017192840576
-0.14429163932800293
-0.36439061164855957
0.2661123275756836
-0.021545052528381348
-0.38608789443969727
0.06524801254272461
-0.017323017120361328
-0.8558037281036377
0.19784903526306152
0.12444329261779785
-0.008174777030944824
-0.12271595001220703
-0.393481969833374
-0.33611762523651123
0.0810704231262207
-0.23057878017425537
0.3231031894683838
-0.32462620735168457
0.29307448863983154
-0.012762069702148438
0.5263372659683228
0.19973433017730713
-0.18471074104309082
0.17523610591888428
0.03351449966430664
-0.0033048391342163086
0.08440208435058594
-0.3330904245376587
-0.04923391342163086
-0.15608525276184082
-0.14185452461242676
0.6091271638870239
0.284895658493042
-0.13669633865356445
0.08025431632995605
0.036008358001708984
0.28379368782043457
0.3233630657196045
0.24164390563964844
0.1285388469696045
0.29600727558135986
0.05022621154785156
0.1469283103942871
-0.24744665622711182
-0.5373003482818604
-0.634600043296814
0.07019352912902832
-0.20215237140655518
0.02603590488433838
0.4375373125076294
0.2436589002609253
-0.23875093460083008
0.07536399364471436
0.0012472867965698242
0.002899765968322754
0.028896331787109375
0.1634058952331543
-0.0506436824798584
-0.09360122680664062
0.13289904594421387
-0.45232176780700684
0.20019161701202393
-0.0736846923828125
-0.1734943389892578
-0.07187497615814209
-0.3376424312591553
0.0004372596740722656
0.17594385147094727
-0.2066349983215332
-0.1657325029373169
-0.04867124557495117
-0.01475679874420166
0.1205439567565918
-0.029500842094421387
-0.08818066120147705
0.002822399139404297
0.25002622604370117
0.2902696132659912
-0.1452782154083252
0.46983563899993896
0.0208665132522583
0.40383338928222656
0.17235684394836426
-0.037990570068359375
-0.17224836349487305
-0.46001672744750977
0.19254016876220703
-0.4189862012863159
0.2907249927520752
-0.020915865898132324
-0.03759908676147461
0.31377553939819336
-0.4712839126586914
0.11187148094177246
-0.07903587818145752
-0.36956310272216797
-0.1040809154510498
0.2571706771850586
0.030837297439575195
-0.141321063041687
0.28557705879211426
0.04397010803222656
0.1114969253540039
-0.0765078067779541
-0.1403820514678955
0.1416621208190918
-0.13242173194885254
-0.2120528221130371
-0.1623445749282837
-0.2201736569404602
0.08788096904754639
0.1225137710571289
0.05394279956817627
-0.17215538024902344
0.07664144039154053
0.7670092582702637
-0.15045106410980225
0.37452149391174316
-0.09762370586395264
-0.22969675064086914
0.10088956356048584
-0.20464086532592773
0.16049611568450928
-0.05957067012786865
-0.5546308755874634
0.5635862350463867
0.013515591621398926
-0.04892241954803467
-0.1994178295135498
0.09610331058502197
0.11002802848815918
0.2134411334991455
0.1632981300354004
-0.1941983699798584
-0.06853795051574707
0.010532736778259277
0.3180832862854004
0.017167091369628906
-0.23220980167388916
0.06653177738189697
0.23554158210754395
0.17499291896820068
-0.17204523086547852
0.06833004951477051
0.1661914587020874
0.18476557731628418
-0.06928277015686035
0.20833289623260498
0.23068594932556152
-0.033480048179626465
0.22284317016601562
-0.08184516429901123
0.008266925811767578
-0.0007952451705932617
0.27292561531066895
0.41224563121795654
0.02999556064605713
-0.12398505210876465
-0.018830060958862305
0.2011706829071045
0.2542816400527954
-0.30709171295166016
-0.08505690097808838
-0.00901651382446289
-0.10076344013214111
0.35840916633605957
-0.14849436283111572
-0.2718040943145752
-0.013689994812011719
0.20807361602783203
0.3774385452270508
-0.35692644119262695
-0.23844540119171143
0.6041488647460938
-0.1034315824508667
0.15096986293792725
0.0638127326965332
0.007854461669921875
-0.10366940498352051
0.25944995880126953
0.06442141532897949
-0.08066153526306152
0.47308671474456787
0.26572442054748535
-0.09127318859100342
-0.008627176284790039
-0.48568809032440186
0.11873626708984375
0.05412936210632324
-0.14327526092529297
-0.11737442016601562
-0.3813573122024536
0.005017518997192383
-0.6149250268936157
-0.9436060190200806
0.20607149600982666
0.3526942729949951
-0.05465137958526611
-0.1762704849243164
-0.2691032886505127
-0.14073145389556885
0.15948033332824707
-0.18026745319366455
0.4185445308685303
-0.08602321147918701
-0.09997725486755371
0.405997633934021
0.24013328552246094
-0.009235858917236328
0.0049152374267578125
-0.3089864253997803
0.10403239727020264
-0.1253352165222168
0.22871243953704834
-0.09989440441131592
0.032985687255859375
0.09716129302978516
-0.1710820198059082
0.23324871063232422
-0.29782867431640625
0.25248074531555176
0.3522212505340576
-0.12036967277526855
-0.12016177177429199
-0.22623443603515625
0.02128159999847412
0.2747044563293457
-0.11280238628387451
-0.2604638338088989
-0.344724178314209
-0.1718769073486328
0.3639897108078003
0.08222877979278564
0.13918793201446533
0.008869409561157227
-0.303775429725647
-0.21762728691101074
-0.07501935958862305
-0.38121211528778076
0.10944962501525879
-0.5428304672241211
0.16334235668182373
0.024237394332885742
-0.24974370002746582
-0.009714484214782715
-0.03580212593078613
-0.3793452978134155
0.164253830909729
-0.13784539699554443
-0.12625575065612793
0.27080976963043213
0.08014130592346191
0.06749415397644043
-0.27271926403045654
-0.06740343570709229
0.29439377784729004
0.036788225173950195
-0.22619128227233887
0.002621889114379883
0.23018312454223633
-0.1554429531097412
0.1455322504043579
0.20303106307983398
0.3070117235183716
0.4263962507247925
-0.048259735107421875
0.11722266674041748
0.03851461410522461
-0.1493229866027832
0.04665577411651611
0.0960686206817627
0.14269590377807617
-0.06711781024932861
-0.4248383045196533
0.05743718147277832
-0.15452849864959717
-0.2363797426223755
-0.4080970287322998
-0.1086810827255249
-0.09439802169799805
-0.24007296562194824
-0.07564830780029297
-0.021550893783569336
0.46871984004974365
0.12905514240264893
-0.010796070098876953
0.2540867328643799
0.06513166427612305
0.15770745277404785
-0.045577049255371094
-0.10325503349304199
0.3750581741333008
0.08620381355285645
0.016134262084960938
0.28811752796173096
-0.1340773105621338
-0.05747246742248535
-0.15281212329864502
0.16163182258605957
0.06236863136291504
-0.34526336193084717
-0.36766576766967773
-0.11819219589233398
0.4997626543045044
0.2857797145843506
-1.1111063957214355
-0.14449679851531982
0.0720376968383789
-0.08702635765075684
0.05095863342285156
0.1797182559967041
0.002503514289855957
-0.12997674942016602
0.37949395179748535
0.1293320655822754
-0.047904372215270996
-0.20826876163482666
-0.12507128715515137
0.17535972595214844
-0.3854330778121948
0.044706106185913086
-0.1688251495361328
0.044988155364990234
0.29841601848602295
0.029267430305480957
0.2408531904220581
-0.28602445125579834
0.15501046180725098
-0.163316011428833
-0.17151856422424316
0.3188132047653198
-0.7321958541870117
-0.3273411989212036
-0.048499107360839844
0.10512757301330566
-0.007173299789428711
0.24473679065704346
0.4567563533782959
-0.11532974243164062
-0.04267573356628418
-0.3672182559967041
-0.1839599609375
-0.0013911724090576172
-0.05379152297973633
0.0939486026763916
0.31893599033355713
-0.14781510829925537
-0.047930240631103516
0.21643662452697754
-0.0822303295135498
-0.34798741340637207
0.03912794589996338
0.1805105209350586
-0.13327956199645996
-0.25943100452423096
-0.19597363471984863
0.12547653913497925
-0.47880589962005615
0.46210336685180664
0.4237257242202759
-0.39977145195007324
0.06024169921875
-0.3308149576187134
0.014954566955566406
-0.4330848455429077
-0.14101958274841309
0.47715914249420166
0.17043161392211914
-0.33903634548187256
0.125465989112854
-0.2417834997177124
0.07120347023010254
0.33832311630249023
-0.064674973487854
0.35373449325561523
0.35814571380615234
-0.06908965110778809
-0.07811379432678223
-0.26339447498321533
0.3441520929336548
0.5891945362091064
-0.16355443000793457
-0.3193107843399048
0.09456324577331543
-0.2237163782119751
0.007471919059753418
0.11292505264282227
0.11786115169525146
-0.2766820192337036
-0.2109060287475586
-0.047319889068603516
-0.3506373167037964
0.3032562732696533
0.16168808937072754
-0.13968324661254883
0.13002729415893555
0.09471440315246582
-0.13647174835205078
-0.4579734802246094
-0.2536581754684448
-0.35072195529937744
0.13108789920806885
0.09934282302856445
0.41222918033599854
0.14163672924041748
0.09480392932891846
-0.33525097370147705
-0.04334819316864014
0.05414628982543945
-0.14664244651794434
-0.13263940811157227
-0.08265960216522217
-0.24780762195587158
0.13408875465393066
-0.01736307144165039
-0.011382102966308594
-0.18603193759918213
-0.10967743396759033
0.12708091735839844
-0.08752799034118652
0.2677333354949951
0.2052011489868164
0.008051872253417969
-0.36296653747558594
0.1258831024169922
0.1545933485031128
0.01770162582397461
0.01407015323638916
-0.2897055149078369
0.11820423603057861
0.7251172065734863
0.05476272106170654
-0.22109758853912354
-0.0756903886795044
0.2401655912399292
0.43921661376953125
-0.03766059875488281
-0.05827057361602783
-0.12892889976501465
0.13306117057800293
0.2997734546661377
-0.045131802558898926
0.016790390014648438
-0.17892038822174072
-0.023665308952331543
-0.42018651962280273
-0.11074793338775635
-0.28834569454193115
-0.14684128761291504
-0.04283010959625244
0.08020401000976562
-0.23579680919647217
-0.27062273025512695
-0.41595888137817383
0.12780404090881348
0.37803423404693604
0.014140486717224121
0.37788140773773193
0.21947801113128662
0.00284731388092041
-0.14114439487457275
-0.1294999122619629
0.011813640594482422
0.3888561725616455
0.029478073120117188
0.02742457389831543
0.060176730155944824
0.18797242641448975
-0.12576591968536377
0.19312059879302979
-0.0138092041015625
0.040016889572143555
0.06295943260192871
0.27394044399261475
-0.4165191650390625
0.18785548210144043
0.1213986873626709
0.042763710021972656
0.3796755075454712
-0.5080314874649048
0.07298707962036133
-0.08311986923217773
-0.04984104633331299
0.31083643436431885
-0.12988007068634033
-0.08419883251190186
0.20982873439788818
-0.07109451293945312
0.17517447471618652
0.24142229557037354
-0.16250109672546387
-0.0994025468826294
0.22611558437347412
-0.37180018424987793
-0.24122047424316406
0.061156511306762695
-0.16780340671539307
-0.09666705131530762
-0.5177041292190552
-0.3831380605697632
-0.26022815704345703
-0.10329937934875488
-0.3700871467590332
0.1736663579940796
0.062187790870666504
0.45787501335144043
-0.25440430641174316
0.014562726020812988
-0.22888493537902832
0.09863686561584473
-0.11863791942596436
0.23473525047302246
0.2859044075012207
-0.19411146640777588
-0.40214037895202637
-0.015895366668701172
-0.15426552295684814
0.1282942295074463
0.2918510437011719
0.16904795169830322
-0.18607807159423828
0.10866808891296387
-0.2222144603729248
-0.32131779193878174
-0.45412933826446533
-0.11552000045776367
0.08973968029022217
-0.2485198974609375
0.17295300960540771
0.15611481666564941
-0.45248281955718994
-0.08339130878448486
0.07317054271697998
-0.38154590129852295
-0.38750123977661133
-0.13603389263153076
-0.09473395347595215
0.26855188608169556
0.046274662017822266
-0.04200315475463867
-0.3640131950378418
0.2331986427307129
0.14815598726272583
-0.058016061782836914
0.3557840585708618
0.46155738830566406
-0.1585397720336914
-0.27100884914398193
-0.4213750958442688
0.3925968408584595
0.016108036041259766
-0.062395334243774414
0.09791159629821777
-0.29462313652038574
0.29022884368896484
0.09383249282836914
-0.06889104843139648
-0.02503836154937744
0.14481139183044434
-0.296191930770874
0.11834859848022461
-0.018229365348815918
0.47902989387512207
0.07454323768615723
0.03223443031311035
0.2950310707092285
0.08998584747314453
-0.0765918493270874
-0.0951690673828125
0.05839061737060547
0.09517860412597656
0.0833885669708252
0.18052852153778076
-0.012574553489685059
0.26316070556640625
-0.19509649276733398
-0.2740311622619629
0.20319175720214844
0.07654774188995361
-0.21231329441070557
-0.338392972946167
0.4544544219970703
0.2004539966583252
-0.1759941577911377
-0.834211528301239
-0.9034633636474609
0.27017736434936523
-0.02768087387084961
0.14694738388061523
0.048020243644714355
-0.20017218589782715
0.07181882858276367
-0.05456948280334473
0.24298584461212158
-0.10841965675354004
-0.33344197273254395
-0.09787261486053467
-0.30734968185424805
0.17674529552459717
0.13096046447753906
0.09556126594543457
0.12292516231536865
-0.12818658351898193
-0.013103246688842773
-0.3288440704345703
0.24858999252319336
0.27777230739593506
0.2528862953186035
0.178818941116333
-0.046028971672058105
0.13981175422668457
0.2529250383377075
-0.14859402179718018
0.06366586685180664
0.008740425109863281
0.18545866012573242
-0.1340949535369873
0.4923408031463623
-0.2514711618423462
-0.012358427047729492
-0.12323153018951416
0.6125221252441406
0.023024797439575195
0.45948827266693115
0.10447943210601807
0.20923519134521484
-0.22031855583190918
-0.031159162521362305
-0.5163607597351074
0.10074710845947266
-0.02883315086364746
-0.2050168514251709
-0.27012336254119873
-0.1541147232055664
0.2213001251220703
0.050188302993774414
0.06366312503814697
0.24821245670318604
0.17591679096221924
-0.5143080949783325
-0.13010501861572266
0.08176195621490479
-0.32010412216186523
0.01031041145324707
-0.03688347339630127
0.10550844669342041
0.1583324670791626
-0.5514248609542847
-0.5665470361709595
-0.36944687366485596
0.1015545129776001
0.09733951091766357
-0.5697875022888184
0.1286482810974121
-0.5266566276550293
-0.3665046691894531
0.07062053680419922
-0.29019689559936523
0.4002981185913086
-0.23671555519104004
-0.2658764123916626
0.17698431015014648
-0.5352281332015991
-0.005004405975341797
-0.21565818786621094
-0.0784311294555664
-0.46802401542663574
0.27939629554748535
-0.19739103317260742
0.00014197826385498047
-0.3776092529296875
0.2641531229019165
-0.3555572032928467
-0.13854384422302246
-0.015376806259155273
0.5397210121154785
-0.07483077049255371
0.09034514427185059
-0.21525466442108154
0.277998685836792
0.08681190013885498
0.01989436149597168
0.16753864288330078
0.3216053247451782
-0.25570034980773926
0.042221784591674805
-0.7679141759872437
-0.020730257034301758
0.05189371109008789
-0.015107393264770508
-0.15610885620117188
-0.08219301700592041
-0.014063596725463867
-0.2666804790496826
0.1060037612915039
0.3750619888305664
-0.36665308475494385
0.12094271183013916
0.2742511034011841
-0.07529628276824951
-0.10617709159851074
-0.03760504722595215
-0.283136248588562
0.4506341218948364
0.19617152214050293
-0.2393333911895752
0.30346107482910156
-0.07610595226287842
0.2962629795074463
-0.43353307247161865
0.10307157039642334
-0.32298827171325684
-0.19995367527008057
0.06023859977722168
0.1938343048095703
-0.4802086353302002
-0.01747441291809082
0.027466773986816406
0.27969157695770264
-0.07469356060028076
0.3145860433578491
0.08813035488128662
-0.21523678302764893
0.16779696941375732
-0.18582892417907715
-0.1863497495651245
0.1506805419921875
0.19780361652374268
0.06667828559875488
-0.23194551467895508
0.05382871627807617
0.3111872673034668
-0.10587024688720703
-0.06395971775054932
-0.04966866970062256
-0.30785977840423584
-0.0007898807525634766
-0.022547245025634766
-0.14060521125793457
-0.22674453258514404
-0.3506648540496826
0.27867770195007324
-0.37850987911224365
-0.07499217987060547
-0.3320579528808594
-0.14959609508514404
0.009039044380187988
-0.39741063117980957
0.22371649742126465
0.10723268985748291
-0.31841588020324707
-0.02553105354309082
0.3368370532989502
0.542073130607605
0.06439435482025146
0.16348528861999512
-0.05910229682922363
0.15513062477111816
0.16040337085723877
0.0360255241394043
0.1699683666229248
0.057347655296325684
-0.5923894643783569
0.27268683910369873
-0.3692668676376343
-0.07094967365264893
-0.5507572889328003
0.5313448905944824
-0.024384140968322754
0.12604868412017822
0.22030138969421387
-0.07426190376281738
0.12525641918182373
-0.1844867467880249
-0.5000687837600708
0.21637392044067383
0.6992065906524658
-0.5152915716171265
-0.31378495693206787
0.028572559356689453
0.06213068962097168
0.29421520233154297
-0.463029146194458
-0.1986079216003418
0.23812460899353027
0.6699428558349609
-0.1277453899383545
-0.1704961061477661
-0.06935334205627441
0.18581140041351318
-0.41873621940612793
0.33640289306640625
-0.057064175605773926
-0.588526725769043
-0.2211310863494873
-0.030349254608154297
-0.09336447715759277
-0.1774280071258545
-0.10189425945281982
0.09671378135681152
0.0199812650680542
0.012117981910705566
-0.08498740196228027
-0.17908930778503418
0.13801395893096924
-0.04022526741027832
0.05088973045349121
-0.23849177360534668
0.14979588985443115
0.009630441665649414
-0.12639892101287842
-0.07456338405609131
-0.6284153461456299
0.3930584192276001
-0.0731818675994873
0.11904096603393555
-0.09494471549987793
0.027212858200073242
0.3643612861633301
0.2319546937942505
-0.1840496063232422
0.07058525085449219
-0.3209872245788574
0.46498990058898926
-0.1643909215927124
-0.17094039916992188
-0.09271693229675293
-0.09043073654174805
0.07769978046417236
0.31432437896728516
0.3817495107650757
0.3632904291152954
-0.09239637851715088
-0.19863152503967285
-0.015787839889526367
-0.027746200561523438
0.14065146446228027
0.25168514251708984
0.2642972469329834
-0.42040443420410156
0.06947219371795654
0.09655570983886719
0.18609118461608887
-0.35407745838165283
0.12630653381347656
-0.13587260246276855
-0.09881973266601562
0.08138203620910645
-0.06941258907318115
0.2220168113708496
-0.1299511194229126
-0.2931934595108032
0.2462921142578125
0.4011404514312744
-0.052738189697265625
0.015213727951049805
0.48310112953186035
0.5977768898010254
-0.3769432306289673
-0.31898248195648193
-0.038108110427856445
-0.12213850021362305
-0.3660024404525757
0.21632170677185059
0.14661359786987305
0.12827301025390625
0.5030877590179443
-0.2315312623977661
0.35059988498687744
-0.24103248119354248
-0.03908431529998779
-0.052094221115112305
0.030518770217895508
-0.06582999229431152
0.02925586700439453
0.013187527656555176
0.2503858804702759
-0.15015828609466553
-0.19637906551361084
-0.14847159385681152
-0.48040270805358887
-0.1543971300125122
0.2495630979537964
-0.11664867401123047
-0.21657228469848633
0.10230326652526855
0.1011197566986084
-0.29675590991973877
-0.003963112831115723
-0.3013707399368286
0.2491973638534546
0.10248422622680664
-0.3930851221084595
-0.1558629274368286
-0.32241368293762207
-0.07159590721130371
-0.04989194869995117
-0.15357136726379395
-0.3130309581756592
-0.2934824228286743
-0.1885662078857422
-0.1335049867630005
0.21690702438354492
0.08268880844116211
-0.06448984146118164
0.1462235450744629
0.22711634635925293
0.49079036712646484
0.31021809577941895
0.1509265899658203
-0.27252888679504395
-0.041501402854919434
0.11873853206634521
0.5025225877761841
-0.24029505252838135
0.25468218326568604
0.2860325574874878
-0.3730567693710327
0.07213258743286133
0.20445609092712402
0.25214338302612305
0.16556239128112793
0.3811964988708496
-0.23491132259368896
0.021405816078186035
-0.0971214771270752
-0.11465144157409668
-0.004015564918518066
-0.24084007740020752
-0.10988569259643555
0.4296703338623047
-0.4243067502975464
0.04605913162231445
-0.04343748092651367
-0.17543315887451172
-0.4593161344528198
-0.3046189546585083
0.03475844860076904
0.13418221473693848
0.2829000949859619
-0.045609235763549805
-0.45185530185699463
0.16934609413146973
-0.04349398612976074
-0.2677997350692749
-0.09672045707702637
0.6301538944244385
-0.1461416482925415
-0.22090470790863037
-0.1278393268585205
-0.05200767517089844
-0.24090170860290527
-0.6588735580444336
-0.16723036766052246
0.0952308177947998
-0.23761093616485596
-0.31291770935058594
-0.016005635261535645
-0.013051867485046387
-0.3792240619659424
0.5374903678894043
-0.0890815258026123
-0.062380194664001465
0.09163093566894531
0.018975257873535156
-0.08949518203735352
0.36173999309539795
-0.06533050537109375
0.17689871788024902
0.24172675609588623
-0.3102360963821411
-0.15862584114074707
0.3336455821990967
-0.0015087127685546875
0.21773648262023926
0.1353672742843628
-0.10082221031188965
-0.26642751693725586
-0.10280561447143555
-0.29527032375335693
0.05575895309448242
0.02900242805480957
-0.2261674404144287
-0.04727649688720703
0.07371103763580322
0.36919915676116943
-0.10597348213195801
0.006767749786376953
-0.6200191974639893
-0.4755312204360962
0.19331395626068115
-0.21944904327392578
-0.034200429916381836
-0.12168633937835693
-0.32922685146331787
-0.2316913604736328
-0.14213323593139648
-0.49358129501342773
-0.2673838138580322
0.08946812152862549
-0.30076074600219727
0.16687560081481934
-0.14466381072998047
0.0354619026184082
0.23868393898010254
0.05370652675628662
-0.08189988136291504
0.38654983043670654
0.0718768835067749
-0.20226311683654785
-0.3473163843154907
-0.7793440818786621
-0.2828332185745239
0.19141852855682373
-0.14603519439697266
-0.06756699085235596
0.35662221908569336
-0.249830961227417
-0.07495772838592529
-0.2692528963088989
0.16818487644195557
0.1341845989227295
0.09215188026428223
0.054285526275634766
0.025699615478515625
0.22011566162109375
-0.13958740234375
0.1947392225265503
-0.2860996723175049
-0.470836877822876
0.15370631217956543
0.17435240745544434
-0.07271182537078857
-0.06308579444885254
-0.07541120052337646
-0.47873616218566895
-0.26320433616638184
0.05698871612548828
0.2423083782196045
-0.008399605751037598
0.29054880142211914
-0.08388972282409668
-0.1663902997970581
0.3048880100250244
-0.021611928939819336
0.07132875919342041
0.18889665603637695
-0.09289824962615967
0.30965089797973633
-0.0636143684387207
0.18334412574768066
-0.13840031623840332
-0.5581686496734619
-0.612187385559082
-0.07486319541931152
0.06772994995117188
0.3308086395263672
0.02836751937866211
0.05791938304901123
0.1929488182067871
-0.08439254760742188
-0.15370643138885498
-0.16506505012512207
-0.03117537498474121
0.24463045597076416
-0.1891850233078003
0.6891984939575195
0.14893388748168945
-0.17444682121276855
0.1879281997680664
0.10837411880493164
0.000885009765625
-0.634316086769104
-0.12018442153930664
0.5670284032821655
0.12656807899475098
0.13387322425842285
0.17781639099121094
-0.33671247959136963
-0.23401224613189697
-0.18352866172790527
0.08430397510528564
-0.057546019554138184
-0.2623084783554077
0.19095468521118164
-0.6260166168212891
-0.27186882495880127
-0.01762676239013672
0.42777442932128906
0.32869601249694824
-0.3739023208618164
-0.43286657333374023
-0.22423315048217773
-0.12848126888275146
0.014152050018310547
-0.3288661241531372
-0.10316765308380127
0.05127215385437012
0.21038079261779785
0.10049796104431152
-0.14492595195770264
-0.15799331665039062
0.4028637409210205
0.03167593479156494
-0.02767503261566162
0.3891853094100952
-0.3163642883300781
0.21389532089233398
-0.0854414701461792
0.030817270278930664
-0.36966264247894287
-0.12872886657714844
-0.02615189552307129
0.025274991989135742
0.04282104969024658
-0.23993325233459473
-0.5002294778823853
-0.34921693801879883
-0.08947563171386719
0.2572106122970581
0.16623973846435547
0.14869344234466553
0.012561321258544922
0.03756403923034668
-0.34781014919281006
0.05548286437988281
0.021880507469177246
0.10817933082580566
0.25884950160980225
0.2793736457824707
-0.18288004398345947
-0.15530544519424438
-0.0009131431579589844
0.34328794479370117
0.07547903060913086
-0.5196875333786011
0.12901639938354492
-0.026189327239990234
0.3041449785232544
0.321622371673584
-0.1208876371383667
0.2939772605895996
-0.15845680236816406
0.316481351852417
0.3954482078552246
-0.23592889308929443
-0.08565914630889893
-0.04379475116729736
-0.5657403469085693
0.011063098907470703
0.3947257995605469
0.2336794137954712
-0.20023322105407715
0.0030679702758789062
-0.07731115818023682
0.21671736240386963
0.18105363845825195
0.04278922080993652
0.14043891429901123
0.23556435108184814
-0.1557610034942627
-0.22150778770446777
-0.29780495166778564
0.19568490982055664
-0.10175561904907227
0.0515599250793457
-0.12261509895324707
0.31263113021850586
-0.6703478097915649
-0.05695652961730957
-0.04328882694244385
-0.09090209007263184
0.15060210227966309
-0.225602388381958
-0.09094536304473877
-0.49647021293640137
-0.4519098997116089
0.015021085739135742
0.7666888236999512
-0.09122371673583984
-0.36455583572387695
0.2052239179611206
0.6216742992401123
-0.10796546936035156
0.5201070308685303
-0.4430915117263794
-0.25829625129699707
0.2617683410644531
-0.09513688087463379
0.17152738571166992
0.2276698350906372
0.20100349187850952
0.0716545581817627
-0.11815154552459717
0.1332777738571167
-0.45385468006134033
-0.2822672128677368
0.046625614166259766
-0.011930346488952637
-0.07680857181549072
-0.04208672046661377
0.29915952682495117
0.03858673572540283
0.28436899185180664
-0.22747230529785156
-0.07238221168518066
-0.312003493309021
0.14211654663085938
0.2333698272705078
0.28631269931793213
0.028259634971618652
0.06629395484924316
0.724895715713501
0.5161094665527344
-0.3345332145690918
0.030506134033203125
0.20434558391571045
-0.22163021564483643
-0.2318439483642578
-0.0686178207397461
0.2696782350540161
-0.22055649757385254
0.23017525672912598
-0.0690680742263794
-0.07931327819824219
0.17465472221374512
0.006572365760803223
0.1430356502532959
-0.5353943109512329
-0.21306347846984863
-0.4574776887893677
-0.3435784578323364
0.1290494203567505
-0.29965901374816895
0.1900484561920166
0.04814648628234863
0.5040531158447266
0.43160831928253174
0.13934600353240967
-0.10319805145263672
-0.41091179847717285
-0.3017932176589966
0.16156220436096191
0.08118855953216553
-0.047376036643981934
-0.12105846405029297
0.06656277179718018
-0.34292489290237427
-0.1817227602005005
0.02822589874267578
0.1175384521484375
-0.004766106605529785
-0.1459798812866211
-0.11531221866607666
0.1050255298614502
-0.20459365844726562
0.34853172302246094
0.24810123443603516
0.27052366733551025
-0.6515666246414185
0.4653656482696533
-0.16497206687927246
0.0908670425415039
-0.21868371963500977
0.3829495906829834
0.13028275966644287
0.025994062423706055
-0.4481853246688843
-0.11093175411224365
-0.02418529987335205
-0.38159799575805664
0.23139500617980957
-0.0718224048614502
-0.1932370662689209
-0.45088672637939453
0.10113775730133057
-0.4862821102142334
0.06471598148345947
-0.04023420810699463
-0.3438591957092285
-0.0973825454711914
0.4350433349609375
0.019763946533203125
0.08983922004699707
-0.26930999755859375
-0.46445417404174805
-0.34548187255859375
-0.36065948009490967
-0.20357728004455566
0.19330501556396484
0.4342355728149414
0.2989548444747925
0.1355745792388916
-0.2389512062072754
-0.32142746448516846
-0.24818706512451172
0.39028072357177734
-0.0451359748840332
-0.130149245262146
0.03324079513549805
0.25433409214019775
0.02762317657470703
-0.01600515842437744
-0.32325613498687744
-0.18748438358306885
0.12119317054748535
-0.15806424617767334
0.010832548141479492
0.6043652296066284
-0.320695161819458
0.15367507934570312
0.22779321670532227
0.0884934663772583
-0.06787419319152832
0.13141000270843506
-0.33819806575775146
-0.0068836212158203125
0.18187952041625977
0.0850609540939331
0.29372644424438477
0.3184163570404053
0.01928424835205078
-0.09630227088928223
0.17322027683258057
0.06550228595733643
0.1260383129119873
-0.31209564208984375
-0.023482084274291992
0.5443534851074219
0.0344691276550293
-0.17248797416687012
0.027626991271972656
-0.19631314277648926
0.6487679481506348
0.0064280033111572266
-0.6108458042144775
-0.007402777671813965
-0.12612175941467285
-0.0463261604309082
-0.15757739543914795
-0.21439337730407715
0.13500773906707764
0.02097940444946289
-0.11309969425201416
0.054763078689575195
0.07238590717315674
0.05601704120635986
-0.05392956733703613
-0.19834327697753906
-0.11080443859100342
0.2953472137451172
-0.3619663715362549
0.23636209964752197
0.3266730308532715
-0.03603160381317139
0.13446557521820068
-0.22266173362731934
0.24455475807189941
0.05328476428985596
0.019136786460876465
-0.1439756155014038
0.1033625602722168
0.020791053771972656
-0.06469869613647461
0.06879472732543945
-0.20643019676208496
-0.026694536209106445
0.15671133995056152
0.2481064796447754
0.335590124130249
-0.14921021461486816
0.10269308090209961
0.3565058708190918
0.7543280124664307
0.5543994903564453
-0.1383455991744995
-0.4387732744216919
0.018881797790527344
-0.010208725929260254
0.20441484451293945
-0.24477696418762207
0.2489011287689209
-0.22281479835510254
-0.33544254302978516
0.22405898571014404
-0.3532825708389282
-0.2574269771575928
0.2994643449783325
0.09087157249450684
-0.09216785430908203
0.3475949764251709
0.2032477855682373
0.47735512256622314
-0.19278335571289062
0.07351386547088623
-0.18107187747955322
-0.03783261775970459
0.3468426465988159
-0.1047062873840332
-0.18199825286865234
0.26209521293640137
-0.060343265533447266
0.031113386154174805
-0.44716525077819824
-0.22790813446044922
0.3614116907119751
-0.10980045795440674
-0.04250144958496094
-0.09540224075317383
0.17476534843444824
0.09527897834777832
-0.07279014587402344
-0.15689921379089355
-0.3493494987487793
0.2449018955230713
-0.47874438762664795
-0.021481990814208984
-0.19407308101654053
-0.15650832653045654
-0.03456878662109375
-0.32037806510925293
-0.45306503772735596
-0.34156692028045654
-0.2432713508605957
-0.2456822395324707
-0.49770474433898926
-0.02670764923095703
-0.31386542320251465
0.3978259563446045
-0.3588484525680542
-0.18553638458251953
0.10960996150970459
0.4111804962158203
-0.09481155872344971
0.2733478546142578
0.11501502990722656
0.011081933975219727
0.07316267490386963
-0.32006072998046875
0.11498761177062988
0.23625707626342773
-0.21245455741882324
0.1694331169128418
0.2084345817565918
-0.039504408836364746
0.061748385429382324
0.21929454803466797
0.31464505195617676
-0.26223576068878174
0.11766195297241211
-0.3303643465042114
-0.30320990085601807
0.09950089454650879
-0.0760047435760498
0.09070181846618652
-0.06022000312805176
0.10893714427947998
0.42127537727355957
-0.3226797580718994
0.08825957775115967
0.2271735668182373
0.17127227783203125
-0.15053272247314453
0.19077670574188232
0.24695491790771484
0.07730090618133545
0.052327871322631836
-0.017401456832885742
0.07199645042419434
0.030984163284301758
-0.05924880504608154
0.08650732040405273
0.03858828544616699
-0.4215703010559082
-0.06894445419311523
0.05909621715545654
-0.10205984115600586
0.20249080657958984
0.11770868301391602
0.22784090042114258
-0.41550111770629883
-0.33417701721191406
-0.6851204633712769
0.02368474006652832
-0.09150171279907227
-0.09094953536987305
0.17492902278900146
-0.11331963539123535
-0.15088891983032227
-0.26257193088531494
-0.18980193138122559
0.0366213321685791
0.24806618690490723
-0.4542808532714844
0.3786071538925171
0.044269561767578125
-0.3467385768890381
0.07287335395812988
0.15182220935821533
0.34270036220550537
0.28131604194641113
-0.0015004873275756836
-0.2532850503921509
-0.5236737728118896
-0.10394024848937988
-0.30900752544403076
0.2315007448196411
-0.33508551120758057
0.4820207357406616
-0.10907262563705444
-0.10616886615753174
-0.1818833351135254
-0.06032299995422363
0.11186385154724121
0.09565544128417969
0.0912623405456543
-0.03422141075134277
-0.1988213062286377
-0.038567185401916504
-0.3764733076095581
-0.1460813283920288
-0.07388436794281006
-0.01949489116668701
-0.1656627655029297
0.044281005859375
-0.08355200290679932
0.5238265991210938
0.3658379316329956
0.1226201057434082
-0.18512225151062012
0.3057163953781128
0.09810924530029297
0.33649468421936035
-0.03996109962463379
-0.060491323471069336
0.21958506107330322
-0.6533342599868774
0.04978203773498535
-0.08977878093719482
0.07931840419769287
0.10587215423583984
0.3164064884185791
-0.26603174209594727
-0.1803264617919922
0.1525346040725708
-0.14793109893798828
0.07472527027130127
-0.5892733335494995
0.06524801254272461
0.30407607555389404
0.17075228691101074
-0.06245100498199463
-0.4817490577697754
-0.049584388732910156
0.749781608581543
-0.046614646911621094
0.31601572036743164
0.36852777004241943
0.2452477216720581
0.21094143390655518
-0.17409658432006836
-0.33811116218566895
0.2258373498916626
0.07544243335723877
-0.21107065677642822
0.08824467658996582
-0.1721031665802002
0.16597843170166016
0.004113197326660156
-0.16695332527160645
0.15937483310699463
0.1713777780532837
0.7244954109191895
-0.19395315647125244
0.1903930902481079
-0.22675669193267822
0.1934293508529663
0.4245870113372803
0.23868608474731445
0.0774998664855957
-0.0665135383605957
0.1411149501800537
-0.3311960697174072
-0.23701810836791992
-0.2159191370010376
-0.09479570388793945
-0.41623401641845703
0.14004778861999512
0.5353118181228638
0.04541349411010742
-0.15257549285888672
-0.17424464225769043
-0.1759812831878662
-0.0853574275970459
-0.00023567676544189453
0.3797706365585327
0.2246112823486328
-0.235457181930542
-0.2176661491394043
0.2276289463043213
-0.02946341037750244
0.25602829456329346
-0.10776078701019287
-0.3453633785247803
-0.09906840324401855
0.012896895408630371
-0.10152029991149902
-0.27406537532806396
0.34232914447784424
-0.04409909248352051
-0.0052405595779418945
0.09315896034240723
0.1567387580871582
0.02921009063720703
0.030819416046142578
-0.4563082456588745
0.22590339183807373
0.06939816474914551
-0.2019439935684204
0.19175982475280762
0.28335022926330566
-0.25423526763916016
-0.05541670322418213
0.16510248184204102
-0.13436555862426758
0.1302925944328308
-0.07130229473114014
0.05936920642852783
0.3211507797241211
-0.10332596302032471
-0.13119900226593018
0.2795623540878296
-0.24799156188964844
-0.007693052291870117
0.0033234357833862305
0.042836785316467285
-0.08267807960510254
-0.20987391471862793
-0.1401822566986084
-0.4758610725402832
-0.005371689796447754
-0.26062309741973877
-0.08792775869369507
0.5893080234527588
0.5040364265441895
-0.43193793296813965
0.010747909545898438
-0.318603515625
-0.20880866050720215
-0.016371488571166992
-0.04879951477050781
-0.09410202503204346
0.03386199474334717
0.04104948043823242
0.4955925941467285
-0.16513442993164062
-0.4760640859603882
0.02395343780517578
-0.7019942998886108
-0.36966264247894287
-0.10186910629272461
0.3045015335083008
-0.17708897590637207
-0.0952913761138916
0.07840299606323242
0.08642888069152832
-0.4598480463027954
-0.46765053272247314
0.18015825748443604
-0.048644065856933594
-0.5186150074005127
0.32460737228393555
0.25856471061706543
0.33230090141296387
0.4466031789779663
-0.35082852840423584
0.1857750415802002
0.3518402576446533
-0.1614471673965454
-0.3606853485107422
0.20964980125427246
0.07364106178283691
-0.03242945671081543
-0.26972711086273193
0.42784392833709717
-0.32396399974823
-0.4837266206741333
-0.12462854385375977
0.4874839782714844
-0.0007805824279785156
-0.35011887550354004
0.011262893676757812
-0.2476736307144165
-0.330216646194458
0.03670644760131836
-0.19498467445373535
0.2075502872467041
-0.3894716501235962
0.15529513359069824
-0.2389814853668213
-0.01995086669921875
-0.7042235136032104
-0.11262214183807373
-0.1282588243484497
-0.006484627723693848
-0.29921936988830566
0.19268512725830078
-0.020577073097229004
-0.09343957901000977
-0.20028018951416016
0.12225532531738281
0.1865004301071167
0.28905487060546875
0.1402496099472046
0.17311036586761475
-0.03355133533477783
0.5054018497467041
0.05462336540222168
0.19157767295837402
-0.3926539421081543
0.1445140838623047
0.4721791744232178
0.15253973007202148
-0.4587063789367676
0.1182394027709961
0.06457960605621338
0.13601398468017578
-0.0637969970703125
0.0987086296081543
0.04189431667327881
-0.16495251655578613
-0.1630314588546753
-0.21362388134002686
-0.10190653800964355
-0.1288902759552002
-0.5410386323928833
-0.07772970199584961
0.5845972299575806
0.3860914707183838
-0.220412015914917
0.09444546699523926
-0.1484842300415039
-0.4508349895477295
0.24721860885620117
-0.29554247856140137
-0.16112852096557617
0.4853161573410034
0.38664841651916504
-0.5765165090560913
-0.9896581172943115
-0.5186150074005127
0.25961923599243164
-0.16260409355163574
0.3118431568145752
-0.2685682773590088
-0.16394150257110596
0.1703404188156128
0.23715662956237793
-0.09522700309753418