-0.5178680419921875
-0.49529457092285156
-0.07866847515106201
-0.33086490631103516
-0.5209383368492126
-0.5001994371414185
-0.05358314514160156
-0.32731008529663086
-0.8950830698013306
-0.42748093605041504
-0.46974503993988037
-0.3513447046279907
-0.6393750905990601
-0.5143371820449829
-0.2098081111907959
-0.5375152826309204
-0.4748185873031616
-0.6674938201904297
-0.5040856599807739
-0.35093963146209717
-1.1459213495254517
-0.8338634967803955
-0.6197502613067627
-0.545279860496521
0.07395219802856445
-0.8894832134246826
-0.15130114555358887
-0.04416608810424805
-0.391900897026062
-0.45870721340179443
-0.11120778322219849
-0.3496100902557373
-0.4469943046569824
-0.23456823825836182
-0.11855340003967285
-0.5502312183380127
-0.055295705795288086
-0.27871155738830566
-0.772066593170166
-0.19976377487182617
-0.29068613052368164
-0.07508516311645508
-0.3945903778076172
-0.12696588039398193
-0.4336012601852417
-0.8051620721817017
-0.31839120388031006
-0.23354899883270264
0.04222071170806885
-0.3371906280517578
-0.637069582939148
-0.19009578227996826
-0.2890005111694336
-0.3731914758682251
-0.21482717990875244
-0.85448157787323
0.07713055610656738
-0.025258421897888184
0.018973588943481445
-0.7107895612716675
-0.382412314414978
0.07861018180847168
0.25868260860443115
-0.6346622705459595
-0.34404826164245605
-0.20748603343963623
-0.9740383625030518
0.07500183582305908
-0.44041144847869873
-0.42491698265075684
-0.39198219776153564
0.01611471176147461
-0.8996092081069946
-0.5940209627151489
-1.782275766134262
0.09483957290649414
-0.47300827503204346
-0.27348005771636963
-0.1286996603012085
0.2724287509918213
-0.39175891876220703
-0.7081199884414673
-0.8439681529998779
0.12672913074493408
-0.20258140563964844
-0.887692391872406
0.1346219778060913
-0.07061243057250977
0.09222853183746338
-0.38943231105804443
-0.08063876628875732
-0.29249513149261475
-0.427451491355896
-0.03813302516937256
-0.3650505542755127
-0.3322826623916626
-0.3507751226425171
-0.5523474216461182
-0.6770472526550293
-0.42392146587371826
-0.6144260168075562
-0.5804048776626587
-0.03837120532989502
-0.5527682304382324
-0.44681215286254883
-0.41591382026672363
-0.11671912670135498
-0.36705100536346436
-0.3851736783981323
0.07235574722290039
-0.7165422439575195
-0.09715235233306885
-0.4312171936035156
-0.6500241756439209
-0.7145278453826904
0.18576431274414062
-0.35183393955230713
-0.2895578145980835
-0.10609686374664307
-0.10876822471618652
-0.3548867702484131
-0.15044891834259033
-0.47306549549102783
-0.10374891757965088
-0.3777351379394531
-0.19901633262634277
-0.6432642936706543
-0.631293773651123
-0.09139490127563477
-0.40634214878082275
-0.34188663959503174
-0.6690191030502319
-0.3360048532485962
-0.5863710641860962
-0.39039933681488037
-1.0002930164337158
-0.8068161010742188
-0.19663941860198975
-0.036025285720825195
-0.4919548034667969
-0.9676029682159424
0.10646176338195801
-0.5203051567077637
0.09539127349853516
-0.4732605218887329
-0.1410081386566162
-0.7531517744064331
-0.5324958562850952
-0.1795976161956787
0.03906881809234619
-0.6496762037277222
-0.45950615406036377
-0.25815069675445557
-0.45176851749420166
-0.21402442455291748
-0.3874640464782715
-0.35113537311553955
-0.6078025102615356
0.00833582878112793
-0.7305251359939575
-0.08085036277770996
-0.06028950214385986
0.05245327949523926
-0.3127882480621338
-0.1230461597442627
0.4492300748825073
-0.39345836639404297
-0.46652770042419434
0.08223414421081543
-0.41401445865631104
-0.3209691047668457
-0.2575101852416992
0.0073359012603759766
-0.39197492599487305
-0.31420063972473145
-0.9338465929031372
-0.6793755292892456
-0.521125078201294
-1.0566455125808716
-0.2557770013809204
-0.2494487762451172
-0.5690982341766357
-0.029424071311950684
-0.3182872533798218
-0.5513259172439575
0.01029515266418457
-0.6852577924728394
-0.34589165449142456
-0.3620328903198242
-0.32070231437683105
-0.6899218559265137
-0.13063645362854004
-0.441051721572876
-0.5053634643554688
-0.5053524971008301
-0.6282346248626709
0.08304548263549805
-0.6105644702911377
-0.3168219327926636
-0.1925896406173706
-0.4244370460510254
-0.5272408723831177
-0.5336308479309082
-0.4077615737915039
-0.6293430328369141
-0.025690078735351562
-0.05495476722717285
-0.39946115016937256
0.43210506439208984
-0.5536785125732422
-0.36031436920166016
-0.9995546340942383
-0.31616461277008057
-0.5230183601379395
-0.5279972553253174
-0.7092832326889038
-0.045400261878967285
-0.25416505336761475
-0.0035523176193237305
-0.17314600944519043
-0.2989625930786133
0.2593376636505127
-0.7422977685928345
-0.6249433755874634
-0.5456223487854004
-0.34939098358154297
-0.5215458869934082
-0.2200303077697754
-0.2167370319366455
-0.18751680850982666
0.014036417007446289
-1.121763825416565
-0.33293163776397705
-0.32613444328308105
-0.673521876335144
-0.4064432382583618
-1.0553072690963745
-0.8161764144897461
-0.3309929370880127
-0.3156481981277466
0.051370978355407715
-0.08310556411743164
-0.2209402322769165
-0.21629691123962402
-0.5310641527175903
-0.4517498016357422
-0.4498509168624878
-0.8758535385131836
-0.7313650846481323
-0.2919144630432129
-0.1027909517288208
0.32064855098724365
-0.7228090763092041
-0.3106875419616699
-0.19141912460327148
-0.516677737236023
-0.23427414894104004
-0.20021986961364746
-0.8831096887588501
-0.19148492813110352
-0.3547239303588867
-0.38069939613342285
-0.17952179908752441
-0.5535725355148315
-0.03643918037414551
0.2986419200897217
0.19920384883880615
-0.33712148666381836
-0.6187852621078491
-0.7351877689361572
-0.5318905115127563
-0.5123947262763977
-0.710802435874939
-0.5558968782424927
-0.17130672931671143
-0.5808980464935303
-0.45586109161376953
-0.2167069911956787
-0.6052036285400391
-0.07061529159545898
-0.47829413414001465
-0.4730616807937622
-0.49713653326034546
-0.782355546951294
0.190132737159729
-0.21958041191101074
-0.6223134994506836
-0.5586072206497192
-0.33748602867126465
-0.2951103448867798
-0.03770124912261963
-0.23284912109375
-0.15858900547027588
-0.7850276231765747
-0.12368595600128174
-0.03480982780456543
-0.35194194316864014
-0.2792015075683594
-0.48523831367492676
-0.2813863754272461
-0.3284337520599365
-0.5729657411575317
-0.602986216545105
0.33001863956451416
-0.42805802822113037
-0.31365537643432617
0.20367252826690674
0.0035439729690551758
-0.2093731164932251
-0.27979373931884766
-0.30586153268814087
0.18922686576843262
-0.20541977882385254
-0.5869773626327515
0.14718472957611084
-0.1972484588623047
-0.31361961364746094
-0.6041568517684937
-0.8124951124191284
-0.07619583606719971
-0.780043363571167
-0.1807386875152588
0.4396796226501465
-0.6634341478347778
-0.28003889322280884
-0.26009613275527954
-0.40692901611328125
-0.2897549867630005
0.12430870532989502
-0.6188399791717529
0.10053324699401855
-0.2568882703781128
-0.021681666374206543
-0.2090435028076172
-0.539533257484436
-0.21894633769989014
-0.6369718313217163
-0.37540245056152344
-0.11840903759002686
-0.5049115419387817
-0.7598121166229248
0.12429392337799072
-0.3746408224105835
0.3043783903121948
-0.3862128257751465
0.043128132820129395
0.6735868453979492
-0.24683070182800293
-0.0909111499786377
-0.06260716915130615
-0.6574498414993286
-0.6125600337982178
-0.4193713665008545
-0.3360428810119629
0.4998565912246704
-0.038144707679748535
-0.22780930995941162
-0.24564838409423828
-0.2877715826034546
-0.5078019499778748
0.006833076477050781
-1.0020122528076172
-0.34528565406799316
-0.5194898843765259
-0.31747961044311523
0.034911274909973145
-0.38255614042282104
-0.34534764289855957
-0.292802095413208
-0.9748038649559021
-0.6948219537734985
0.2533987760543823
-0.37008535861968994
-0.2847630977630615
0.19405603408813477
-0.6390073299407959
-0.11544597148895264
0.5092583894729614
0.1454981565475464
-0.5289823412895203
-0.5360715389251709
-0.21578967571258545
-0.1940978765487671
-0.49219417572021484
-0.7455779314041138
-0.19145965576171875
-0.5482126474380493
-0.09642529487609863
-0.5178862810134888
-0.4925117492675781
-0.2978004813194275
-0.49857044219970703
-0.05836522579193115
-0.11940228939056396
-1.2952651977539062
-0.25089597702026367
-0.31862151622772217
-0.27167069911956787
-0.5007013082504272
-0.5377981662750244
-0.08501827716827393
-0.5410826206207275
-0.41996145248413086
-0.10896050930023193
-0.6864787340164185
0.13089728355407715
-0.4477813243865967
-0.20991945266723633
-0.44501209259033203
-0.06146728992462158
-0.2863249182701111
-0.3586759567260742
-0.5357059240341187
0.25190556049346924
0.10153138637542725
-0.4622148275375366
-0.5435584783554077
-0.16366934776306152
-0.16153550148010254
-0.7661198973655701
-0.23565268516540527
-0.49473392963409424
-0.5605617761611938
-0.49921882152557373
-0.1523875594139099
-0.5835543870925903
0.011076092720031738
-0.9223262071609497
-0.49719274044036865
-0.5784718990325928
-0.5692777633666992
-0.14567852020263672
-0.5896292924880981
-0.2480936050415039
-0.4522451162338257
-0.40303581953048706
-0.4831392765045166
-0.3361598253250122
-0.1994929313659668
-0.33767855167388916
-0.008688092231750488
0.22619664669036865
-0.40484678745269775
-0.20295178890228271
-0.18026912212371826
-0.357796311378479
0.012685775756835938
0.1869363784790039
-0.008859992027282715
-0.6003738641738892
-0.6473668813705444
0.8173316717147827
-0.2622948884963989
-0.538486123085022
-0.3436400890350342
-0.14927709102630615
-0.17141878604888916
-0.2669323682785034
-0.6640779972076416
-0.6973283290863037
-0.4181777238845825
-0.30885612964630127
-0.02473461627960205
-0.6450692415237427
-0.5438060760498047
-0.2064955234527588
-0.3611001968383789
-0.37047088146209717
-0.3179638385772705
-0.5766581296920776
-0.3257254362106323
-0.16864240169525146
-0.36882948875427246
-0.253420352935791
-0.003448009490966797
0.00982964038848877
-0.4000115394592285
-0.2624480724334717
-0.05101203918457031
-0.2281482219696045
-0.4090723991394043
-0.2846757173538208
-0.4132564067840576
-0.45510733127593994
0.02322530746459961
-0.39518189430236816
-0.3456277847290039
-0.43049192428588867
-0.10828864574432373
-0.7407870292663574
-0.1901761293411255
-0.5526236295700073
-0.3783782720565796
-0.27570056915283203
0.06944608688354492
-0.3252905607223511
0.03792405128479004
-0.37492549419403076
-0.4146336317062378
-0.3813222646713257
-0.5255124568939209
-0.283510684967041
-0.26366281509399414
-0.7949132919311523
-0.3422665596008301
-0.405468225479126
-0.5312902927398682
-0.295945405960083
-0.4423792362213135
-0.21385407447814941
-0.7728439569473267
0.04489469528198242
-0.3310343027114868
-0.61698317527771
0.12097156047821045
-0.3276853561401367
-0.45246315002441406
-0.4007284641265869
-0.4342062473297119
-0.6666915416717529
-0.3163111209869385
-0.1851741075515747
-0.3453887701034546
-0.32753753662109375
-0.36506426334381104
-0.11394357681274414
-0.3524501323699951
-0.3511279821395874
-0.2149745225906372
-0.7241121530532837
-0.07101988792419434
0.24621129035949707
-0.5550689697265625
-0.2802530527114868
-0.36824262142181396
-0.3001614809036255
0.027362585067749023
-0.35175883769989014
-0.9707355499267578
-0.17308974266052246
-0.8047119379043579
-0.2136399745941162
0.03033137321472168
-0.33843231201171875
-0.13556838035583496
-0.34677791595458984
-0.5021228194236755
0.15790152549743652
-0.7136033773422241
-0.7322027087211609
-0.3550366163253784
-0.7461738586425781
-0.15110111236572266
-0.32711172103881836
-0.4094085693359375
-0.5983821153640747
-0.2075897455215454
-0.48844707012176514
-0.06203758716583252
0.07038235664367676
0.10120368003845215
0.04511535167694092
0.19003987312316895
-0.02753603458404541
0.08400189876556396
-0.529251217842102
-0.6440958976745605
-0.36707305908203125
0.03461134433746338
-0.3817741870880127
-0.2011939287185669
-0.3801441192626953
-0.6512722969055176
-0.3204115629196167
-0.28666985034942627
-0.3463035821914673
-0.9328137636184692
-0.7253148555755615
-0.2111363410949707
-0.06997966766357422
-0.749602198600769
-0.4374903440475464
-0.30169403553009033
-0.1897670030593872
0.00688779354095459
-0.0338970422744751
-0.3772066831588745
-0.3451493978500366
-0.15101051330566406
-0.38179445266723633
-0.1429274082183838
-0.3432413339614868
-0.6884806156158447
-0.6902934312820435
-0.5194962024688721
-0.14967966079711914
0.09646070003509521
-0.3485821485519409
-0.3021630048751831
-0.6500109434127808
-0.6764898300170898
-0.9499260187149048
-0.5689815282821655
-0.5146350860595703
-0.34648144245147705
-0.3465532064437866
-0.30247771739959717
0.2789132595062256
-0.6931275129318237
-0.5233144760131836
0.029308795928955078
0.09847724437713623
-0.4313037395477295
-0.18488001823425293
-0.12483084201812744
-0.8883070945739746
-0.30619823932647705
-0.12991821765899658
-0.7228212356567383
-0.020624995231628418
0.0009459257125854492
-0.5286217927932739
-0.19831591844558716
-0.6784586906433105
-0.44184863567352295
0.30407238006591797
-0.7552491426467896
0.02461540699005127
-0.10982811450958252
-0.5259560346603394
-0.6683286428451538
-0.14713788032531738
-0.1354994773864746
-0.24971258640289307
0.21001219749450684
-0.40919047594070435
0.1324462890625
-0.633234977722168
-0.504808783531189
-0.3112964630126953
-0.1678391695022583
-0.40600132942199707
0.1918177604675293
-0.20246386528015137
-0.29755473136901855
-0.36052775382995605
-0.5294030904769897
-0.42440342903137207
-0.18201184272766113
-0.48066556453704834
-0.06526839733123779
0.18951964378356934
-0.4582674503326416
-0.03704214096069336
-0.30592989921569824
-0.19923830032348633
-0.5295553207397461
-0.03020632266998291
-0.4829055070877075
-0.31037890911102295
-0.42349815368652344
-0.3626190423965454
-0.07909798622131348
-0.07352399826049805
-0.03455841541290283
-0.8189817667007446
-0.108193039894104
-0.26569390296936035
-0.5793421268463135
-0.30371856689453125
-0.2817575931549072
-0.5228054523468018
-0.013074636459350586
-0.495998740196228
-0.19115865230560303
-0.22625422477722168
-0.759032130241394
-0.37975430488586426
-0.20725798606872559
-0.4502265453338623
-0.24412131309509277
0.0238192081451416
-0.0988616943359375
0.020586490631103516
-0.6083228588104248
-0.26457762718200684
-0.07352650165557861
-0.342897891998291
-0.15279889106750488
0.05098867416381836
-0.2940518856048584
-0.2219940423965454
-0.2265763282775879
-0.6637945175170898
-0.08302640914916992
-0.09765422344207764
-0.07220196723937988
-0.22886300086975098
-0.42184650897979736
0.07175958156585693
-0.3202091455459595
-0.04200446605682373
-0.3534867763519287
-0.17458033561706543
-0.19778752326965332
-0.49181103706359863
-0.5159752368927002
-0.11050701141357422
-0.1433882713317871
-0.1582270860671997
-0.1518925428390503
-0.3409069776535034
0.02153623104095459
-0.2127143144607544
-0.24221312999725342
-0.3734389543533325
-0.3117225170135498
-0.6251336932182312
-0.08182001113891602
-0.30114829540252686
-0.15608131885528564
-1.0166772603988647
-0.45976585149765015
-0.9384894371032715
-0.7180545330047607
-0.4034460783004761
-0.3346761465072632
-0.3071521520614624
-0.12131190299987793
-0.4162869453430176
-0.48424363136291504
-0.49297428131103516
-0.24727940559387207
-0.9990087747573853
0.18613290786743164
-0.151694655418396
-0.484963059425354
-0.4764385223388672
-0.30728018283843994
-0.19896042346954346
-0.3593783378601074
-0.6930063962936401
-0.2601900100708008
-0.35797977447509766
0.22636640071868896
-0.23237168788909912
-0.32573413848876953
-0.22639787197113037
0.024088025093078613
-0.1995563507080078
0.20078694820404053
-0.38653624057769775
-0.19968891143798828
-0.2676079273223877
0.03402996063232422
-0.5197044610977173
-0.37786614894866943
-0.19717371463775635
-0.5125848054885864
-0.41380977630615234
-0.372117280960083
0.044066548347473145
-0.3615446090698242
-0.4448282718658447
-0.21638774871826172
-0.3201870918273926
-0.1802222728729248
0.06614255905151367
-0.6372561454772949
-0.017537951469421387
-0.46263158321380615
-0.10733151435852051
-0.26348066329956055
-0.9760375022888184
-0.41429567337036133
-0.38805675506591797
-0.5901587009429932
-0.49817317724227905
-0.252177357673645
-0.78375244140625
-0.3595879077911377
-0.30095767974853516
-0.48894834518432617
-0.46642041206359863
-0.5563619136810303
-0.2890005111694336
-0.843785285949707
-0.28843843936920166
0.23199129104614258
-0.6498594284057617
-0.4155205488204956
-0.5742104649543762
0.10882830619812012
-0.21304023265838623
-0.10837531089782715
-0.22177636623382568
-0.32159650325775146
-0.29127442836761475
-0.24054193496704102
-0.5474932193756104
-0.41986167430877686
-0.820681095123291
-0.5555472373962402
-0.5627390146255493
0.06714236736297607
-0.07422900199890137
-0.6332921981811523
-0.3131798505783081
-0.2199479341506958
0.25085902214050293
0.002779245376586914
-0.1081855297088623
-0.0803976058959961
-0.4070289134979248
-0.3455544710159302
-0.5475072860717773
-0.11172246932983398
-0.47965550422668457
-0.06137120723724365
0.09803581237792969
-0.614018440246582
0.2456505298614502
-0.5561559200286865
-0.5432312488555908
-0.2870481014251709
-0.05003786087036133
-0.7182410955429077
0.32119619846343994
-0.1833113431930542
-0.18117117881774902
-0.4361494779586792
-0.154677152633667
-0.40008312463760376
0.014760136604309082
0.2745462656021118
-0.13737082481384277
-0.16881418228149414
-0.19018495082855225
-0.8453624248504639
0.06543385982513428
-0.38846349716186523
-0.044167399406433105
-0.8143278360366821
0.3672374486923218
-0.47118592262268066
-0.241446852684021
-0.5407091379165649
-0.8020009994506836
-0.24126863479614258
-0.32375144958496094
0.05230093002319336
-0.252468466758728
-0.49359989166259766
-0.3453117609024048
0.08978331089019775
-0.2861438989639282
-0.292199969291687
0.3565077781677246
-0.8541024923324585
0.08683145046234131
-0.026935935020446777
-0.1985710859298706
-0.2528681755065918
-0.19952118396759033
-0.324448823928833
-0.6392360925674438
-0.5358399748802185
-0.5653189420700073
-0.34598278999328613
-0.7531068325042725
0.0011767148971557617
-0.2504117488861084
-0.09228241443634033
-0.6723462343215942
0.1986253261566162
-0.3615744113922119
-0.4153834581375122
-0.7117558717727661
-0.590225338935852
-0.07810735702514648
-0.3065875768661499
-0.313474178314209
-0.35790157318115234
-0.008475303649902344
-0.578507661819458
-0.8126412630081177
-0.538284420967102
-0.17285239696502686
-0.533409595489502
-0.09434044361114502
-0.47729790210723877
-0.17930614948272705
0.27934134006500244
-0.11145186424255371
-0.19676411151885986
-0.17863798141479492
-0.3474675416946411
0.009000062942504883
-0.7468538284301758
-0.7871047258377075
-0.39843034744262695
0.24425208568572998
-0.49922603368759155
-0.46839654445648193
-0.3621363043785095
-0.16699516773223877
-0.13597631454467773
-0.2533740997314453
-1.0114989280700684
-0.0358051061630249
-0.19235968589782715
-0.3642541170120239
0.011044859886169434
-0.3886146545410156
0.017239689826965332
-0.4094696044921875
-0.3661158084869385
0.024256229400634766
-0.055853962898254395
-0.024695158004760742
-0.28482723236083984
-0.4123523235321045
-0.3386251926422119
-0.005630373954772949
-0.21136128902435303
-0.7738343477249146
-0.14027535915374756
-0.4140951633453369
-0.5418115854263306
-0.36639487743377686
-0.5543495416641235
0.3763517141342163
0.22520625591278076
-0.546766996383667
-0.8612178564071655
-0.2701793909072876
-0.3821530342102051
-0.29987895488739014
-0.3453946113586426
0.033800482749938965
-0.5367507934570312
-0.3140999674797058
-0.310153603553772
-0.08190524578094482
-0.17843174934387207
-0.5299862623214722
-0.3124755620956421
-0.3919682502746582
-0.2076919674873352
-0.1756899356842041
-0.5051487684249878
-0.35626089572906494
0.14385688304901123
-0.09668600559234619
-0.7104982137680054
-0.4832848310470581
-0.8078152537345886
-0.23939335346221924
-0.13156616687774658
-0.42574071884155273
-0.38687682151794434
-0.10785210132598877
-0.4677165746688843
-0.6689345836639404
-0.5993244647979736
-0.6469227075576782
-0.3429112434387207
-0.05485045909881592
-0.23487985134124756
-0.2300194501876831
-0.210271954536438
-0.05021464824676514
-0.4052619934082031
-0.036588430404663086
-0.17685425281524658
0.19053363800048828
0.0572514533996582
-0.09468460083007812
-0.12443947792053223
-0.5597918629646301
-0.627753496170044
-0.37295472621917725
-0.11306536197662354
-0.07620525360107422
-0.363506555557251
-0.3456331491470337
-0.6683111190795898
-0.2495250701904297
-0.07015347480773926
0.2533491849899292
-0.11256909370422363
-0.042493224143981934
0.1282494068145752
-0.5698012113571167
-0.6809307336807251
-0.3130679130554199
-0.23062002658843994
-0.3293743133544922
-0.48942482471466064
-0.27680504322052
-0.8854689598083496
0.006432533264160156
-0.485349178314209
0.029308795928955078
-0.2566099166870117
0.1640084981918335
-0.062261343002319336
-0.26070475578308105
-0.23063576221466064
-0.4103800058364868
-0.2881584167480469
-0.852771520614624
-0.8289889097213745
-0.07571589946746826
-0.5851033926010132
-0.30723702907562256
-0.8767846822738647
-0.2752370834350586
-0.15417230129241943
-0.40291649103164673
-0.40771567821502686
-0.20826935768127441
-0.3695899248123169
-0.4108182191848755
-0.4457820653915405
-0.334011435508728
-0.3618025779724121
0.062422871589660645
-0.6759370565414429
0.20242953300476074
-0.02737903594970703
-0.10188508033752441
-0.09801054000854492
-0.24660956859588623
-0.6262876987457275
-0.49418938159942627
-0.5953676700592041
-0.4860386848449707
-0.04199039936065674
-0.31534504890441895
-0.18824326992034912
-0.6933945417404175
-0.010871648788452148
-0.36735546588897705
-0.3083764314651489
-0.3833118677139282
-0.6716457605361938
-0.2687438726425171
-0.3919295072555542
-0.3190500736236572
-0.2972186803817749
-0.28850603103637695
-0.3688129186630249
-0.23591232299804688
-0.3934671878814697
-0.40298545360565186
-0.23143130540847778
-0.4053676128387451
-0.5930057764053345
-0.24866771697998047
-0.66325843334198
-0.060909152030944824
-0.48476386070251465
-0.4166635274887085
-0.02493870258331299
-0.13292789459228516
-0.4066665768623352
-0.35852479934692383
-0.698167085647583
-0.2717028260231018
-0.5611141920089722
-0.02212691307067871
-0.5126557350158691
0.07169878482818604
-0.42084574699401855
-0.3684927225112915
-0.38029807806015015
0.06032419204711914
-0.3824537992477417
-0.10135006904602051
-0.48243117332458496
0.371382474899292
0.04581773281097412
-0.8701381683349609
-0.7599489688873291
-0.3304544687271118
-0.07591629028320312
-0.5312899351119995
-0.012060403823852539
-0.14651083946228027
-0.2625516653060913
-0.20760416984558105
-0.2870471477508545
0.176294207572937
-0.002029895782470703
-0.04771018028259277
-0.5334171056747437
-0.4798457622528076
-0.18829631805419922
-0.5948115587234497
-0.8512846231460571
-0.26767075061798096
-0.7714200615882874
-0.468891978263855
-0.38535118103027344
-0.03161358833312988
0.0682603120803833
-0.09956955909729004
-0.5002113580703735
-0.06069660186767578
-0.2583009600639343
0.0692223310470581
-0.31057989597320557
0.06173408031463623
-0.1293560266494751
-0.5572426319122314
-0.32583463191986084
-0.42330408096313477
-0.017839789390563965
0.2293543815612793
-1.2591021060943604
-0.7337996959686279
-0.34852325916290283
-0.357607364654541
-0.2900881767272949
-0.3865997791290283
0.059623003005981445
-0.39346426725387573
-0.39378517866134644
-0.4516218900680542
-0.7041760683059692
-0.5882232189178467
-0.3646128177642822
-0.07191050052642822
-0.6306380033493042
-0.5590337514877319
-0.6046878099441528
0.005353212356567383
-0.4609183073043823
-0.007625699043273926
-0.2846665382385254
-0.13883447647094727
-0.41565442085266113
0.0791243314743042
-0.06293189525604248
-0.20412611961364746
-0.18030548095703125
-0.030575275421142578
-0.013743996620178223
-0.5742514133453369
-0.4331410527229309
0.08118414878845215
-0.8196598291397095
-0.6229124069213867
-0.8034602403640747
-0.46550261974334717
-0.4090251922607422
-0.5003265142440796
-0.3735167980194092
-0.6859753131866455
-0.04136335849761963
-0.5815857648849487
-0.22507083415985107
-0.3179103136062622
0.14100229740142822
0.026167631149291992
-0.634671688079834
-0.27356791496276855
-0.012283682823181152
-0.4268451929092407
-0.37733304500579834
-0.198891282081604
-0.3424990177154541
-0.579430103302002
0.06155681610107422
-0.8447887301445007
-0.08210277557373047
-0.21008849143981934
-0.9459208250045776
-0.5754636526107788
-0.6264654397964478
0.1989126205444336
0.007376432418823242
0.09029150009155273
-0.3783642053604126
-0.0695652961730957
-0.24895596504211426
-0.3762134313583374
-0.19821739196777344
-0.5371067523956299
-0.21716177463531494
-0.2883734703063965
-0.4128676652908325
-0.2995412349700928
-0.2993263006210327
-0.4102572202682495
-0.2005380392074585
-0.3699941635131836
-0.6348834037780762
-0.23469126224517822
-0.21718788146972656
-0.6489028930664062
-0.33581411838531494
0.042206525802612305
-0.10171329975128174
-0.05788731575012207
-0.09905838966369629
-0.13390088081359863
-0.1754605770111084
-0.5594570636749268
-0.3895573616027832
-0.45299386978149414
-0.13323724269866943
-0.042818665504455566
-0.7693784236907959
-0.802077054977417
-0.10000276565551758
-0.3398250341415405
-0.633493185043335
-0.33589208126068115
-0.017037153244018555
-0.4089672565460205
-0.3289179801940918
-0.849040150642395
-0.22732841968536377
-0.8916168212890625
-0.8005481958389282
-0.22458338737487793
-0.41212987899780273
0.4334852695465088
-0.2930988073348999
-0.252834677696228
-0.15837383270263672
-0.699034571647644
-0.60595703125
-0.08296513557434082
-0.21681725978851318
-0.32899773120880127
-0.5323675870895386
-0.48049449920654297
-0.8786358833312988
-1.1180258989334106
-0.8428606986999512
-0.25636768341064453
-0.08553707599639893
0.16937696933746338
0.11682486534118652
-0.373248815536499
-0.5002009868621826
-0.18315958976745605
0.11520171165466309
-0.024703502655029297
-0.08459866046905518
0.1808326244354248
-0.7743263244628906
0.03364431858062744
-0.20828688144683838
-0.7106965780258179
-0.07654595375061035
-0.4911367893218994
-0.4223928451538086
-0.02492380142211914
-0.6981172561645508
0.0062408447265625
-0.31059062480926514
-0.34558308124542236
-0.07027649879455566
-0.5692671537399292
-0.04569590091705322
-0.20683050155639648
-0.43605494499206543
-0.2024538516998291
-0.22050583362579346
-0.3235585689544678
-0.45557689666748047
-0.6731580495834351
-0.19366955757141113
-0.37630486488342285
-0.5532348155975342
0.25949597358703613
0.1385267972946167
-0.36892902851104736
0.010762333869934082
-0.49094700813293457
-0.3374834656715393
-0.9726934432983398
-0.3333151340484619
-0.4959070682525635
-0.5040619373321533
-0.09809982776641846
-0.3531421422958374
-0.8333368301391602
-0.33713269233703613
-0.22259068489074707
0.075103759765625
0.01967465877532959
-0.30525195598602295
-0.026865482330322266
-0.3946831226348877
0.0166933536529541
-0.27279043197631836
-0.331373929977417
-0.2633248567581177
-0.9465106725692749
-0.04847300052642822
-0.2354222536087036
-0.21446287631988525
-0.13407433032989502
-0.3733621835708618
-0.36447572708129883
-0.334370493888855
-0.5647791624069214
-1.0010350942611694
-0.4383455514907837
0.0739586353302002
-0.3540421724319458
-0.390857458114624
-0.1346191167831421
-0.5059903860092163
-0.18864071369171143
-0.12416863441467285
-0.021719813346862793
0.1612253189086914
-0.21986639499664307
-0.2314286231994629
-0.7957972288131714
-0.12332069873809814
-0.4516901969909668
-0.40345776081085205
-0.050356388092041016
-0.15142583847045898
-0.02779698371887207
-0.1750471591949463
0.19323468208312988
-0.5554349422454834
-0.7708418369293213
-0.21415817737579346
0.428547739982605
-0.1923459768295288
-0.08770203590393066
-0.8010052442550659
-0.36797797679901123
0.38704240322113037
-0.7063498497009277
-0.3605070114135742
-0.22415471076965332
-0.07743513584136963
-0.8029999732971191
-0.4904252290725708
-0.1759781837463379
-0.33750760555267334
-0.24769842624664307
-0.03515934944152832
-0.24611639976501465
-0.6027003526687622
-0.11821019649505615
-0.28276634216308594
-0.3921393156051636
-1.0897268652915955
-0.29283034801483154
-0.08943498134613037
-0.256239652633667
-0.47539472579956055
-0.29189062118530273
0.054883718490600586
-0.038542747497558594
-0.3362085819244385
-0.8485854268074036
-0.05968344211578369
-0.3219940662384033
-0.2802899479866028
0.07039082050323486
-0.04835832118988037
-0.12668538093566895
-0.22425949573516846
-0.7467565536499023
-0.8462644815444946
0.028510570526123047
-0.3598443269729614
-0.3896148204803467
-0.2451077699661255
-0.05278217792510986
-0.23541998863220215
-0.10712611675262451
-0.11907589435577393
-0.5409226417541504
-0.2367382049560547
-0.07846498489379883
0.016025185585021973
-0.5321648120880127
-0.3785841464996338
-0.3606400489807129
-0.3501002788543701
-0.21602940559387207
-0.4424421787261963
-0.4741182327270508
-0.6675106287002563
-0.29680609703063965
-0.18496739864349365
-0.36367368698120117
-0.45984530448913574
-0.4371758699417114
-0.32999420166015625
-0.49660682678222656
-0.16296684741973877
-0.2295231819152832
-0.3862781524658203
-1.1531364917755127
-0.22347795963287354
0.10980856418609619
-0.3982425928115845
-0.338901162147522
-0.08605611324310303
-0.5685833692550659
0.10059213638305664
-0.555590033531189
0.007114291191101074
-0.8653463125228882
-0.2056598663330078
-0.25389420986175537
-0.6312724351882935
-0.39421844482421875
-0.8731269836425781
-0.232840895652771
0.43602609634399414
-0.3693009614944458
-0.2316417694091797
-0.23575365543365479
-0.13660037517547607
-0.2884558439254761
-0.48407530784606934
-0.3635345697402954
0.01832103729248047
-0.3123435378074646
0.03440260887145996
-0.296352744102478
-0.6953600645065308
-0.3838397264480591
-0.7428215742111206
-0.06776529550552368
-0.8439587354660034
-0.37973225116729736
0.32184386253356934
-0.33126115798950195
-0.5445972681045532
-0.44034242630004883
-0.1559370756149292
0.024269700050354004
0.0786895751953125
-0.1668025255203247
-0.26710832118988037
0.31645119190216064
-0.7653101682662964
-0.26684343814849854
-0.3419835567474365
-0.4431408643722534
-0.4907855987548828
-0.3407849073410034
-0.24071753025054932
-0.7725780010223389
-0.15959715843200684
-0.35084307193756104
-0.40135645866394043
-0.3858070373535156
-0.22628313302993774
0.08717679977416992
-0.2718379497528076
-0.1975311040878296
-0.33544647693634033
-0.521415114402771
-0.1089777946472168
-0.30047106742858887
-0.2864624261856079
-0.9545875787734985
-0.42237746715545654
0.12286221981048584
-0.6906275749206543
-0.27182674407958984
-0.3572971820831299
-0.18277430534362793
-0.7965313196182251
0.06560492515563965
-0.6710551977157593
-0.6552925109863281
-0.28516972064971924
-0.4090520143508911
-0.2547428607940674
-0.014404654502868652
-0.28845417499542236
-0.3265434503555298
-0.40222692489624023
-0.4515676498413086
-0.7917780876159668
-0.7887376546859741
-1.126402735710144
-0.9239780902862549
-0.22181546688079834
-0.20673727989196777
-0.42078733444213867
-0.5987657308578491
-0.3800532817840576
-0.03460097312927246
-0.9223968982696533
-0.9758994579315186
-0.17364352941513062
-0.037754058837890625
-0.37282371520996094
-0.26818323135375977
-0.4175454378128052
-0.5807883739471436
-0.6271843910217285
-0.22510850429534912
0.168687105178833
0.05338644981384277
-0.308956503868103
-0.585222065448761
-0.21282613277435303
-0.6997218132019043
-0.13378679752349854
-0.04376840591430664
-0.1626673936843872
-0.18719613552093506
-0.6600617170333862
0.4503955841064453
-0.3838322162628174
-0.16917377710342407
-0.12062954902648926
-0.060694098472595215
-0.2609379291534424
-0.3342478275299072
-0.3293846845626831
-0.3407595157623291
-0.26992714405059814
-0.24343502521514893
-0.22154033184051514
-0.1526249647140503
-1.054267406463623
-0.4136470556259155
-0.12005496025085449
-0.03972315788269043
-0.24775302410125732
-0.47954195737838745
-1.104477047920227
-0.5611883401870728
-0.7078500986099243
-0.11563777923583984
-0.5568716526031494
-0.28356075286865234
-0.7513716220855713
-0.3804003596305847
0.050984978675842285
-0.3067561388015747
-0.6396583318710327
-0.0934375524520874
-0.3484703302383423
-0.2305927276611328
-0.5517157316207886
-0.5201452970504761
-0.07944369316101074
-0.27659547328948975
-0.13335657119750977
-0.39042508602142334
-0.4949716329574585
-0.32560980319976807
-0.5985642671585083
-0.47293341159820557
-0.1686854362487793
-0.5750607252120972
-0.9724769592285156
-0.375821590423584
-0.9423177242279053
-0.13924002647399902
-0.25601065158843994
-0.6589070558547974
-0.14183151721954346
-0.37304866313934326
0.15122449398040771
-0.23247957229614258
-0.19862031936645508
-0.20127224922180176
-0.28791940212249756
-0.23265564441680908
-0.4540456533432007
0.045769333839416504
0.0043201446533203125
0.020472288131713867
-0.19839787483215332
-0.31026673316955566
-0.11580300331115723
-0.12530910968780518
-0.1510559320449829
-0.5247244834899902
-0.20683836936950684
-0.47712695598602295
-0.17597198486328125
-0.3470494747161865
-0.32629120349884033
0.4265475273132324
-0.04006481170654297
-0.24754810333251953
-0.029001355171203613
-0.5202507972717285
-0.8805719614028931
-0.14679491519927979
-0.08295202255249023
-0.23725497722625732
-0.002148747444152832
-0.7145305871963501
0.10968613624572754
-0.9212075471878052
-0.6318032741546631
0.29883110523223877
-0.1756746768951416
-0.915279746055603
-0.1599661111831665
-0.23220622539520264
-0.8397612571716309
-0.4859732389450073
-0.32055389881134033
-0.409623384475708
-0.7846542596817017
-0.7311654090881348
0.134468674659729
-0.6584792137145996
-0.4388226270675659
-0.2807425260543823
-0.34682798385620117
0.0593181848526001
-0.23849427700042725
-0.2039346694946289
-0.34094226360321045
-0.8662409782409668
0.10589599609375
-0.43523693084716797
0.0898202657699585
0.03637957572937012
-0.5558710098266602
-0.14898312091827393
-0.10140132904052734
-0.08397328853607178
-0.5945464372634888
-0.45849597454071045
-0.846237063407898
-0.01341104507446289
-0.05974853038787842
-0.37958264350891113
-0.2541193962097168
0.23321127891540527
-0.35028064250946045
0.0028574466705322266
-0.22025597095489502
-0.581084132194519
-0.42996931076049805
-0.5541187524795532
-0.41752946376800537
-0.16543161869049072
-0.46003615856170654
-0.5729304552078247
-0.5815238952636719
0.08861732482910156
-0.6168184280395508
-1.0468407273292542
-0.6866648197174072
-0.19819331169128418
-0.10141408443450928
-0.29486191272735596
-0.03402578830718994
-0.48783087730407715
-0.2938007116317749
-0.2654658555984497
-0.5758320093154907
-0.32814061641693115
-0.9636390209197998
-0.17400634288787842
-0.9577317237854004
-0.3657485246658325
-0.45730721950531006
-0.02952730655670166
-0.6942769289016724
-0.2276756763458252
-0.9372848272323608
-0.30213820934295654
0.2687830924987793
-0.09918296337127686
-0.3005046844482422
0.011893868446350098
-0.5993890762329102
0.00946033000946045
-0.725860595703125
-1.166702926158905
-0.0896226167678833
-0.5100836753845215
-0.8579387664794922
0.4036952257156372
-0.03381931781768799
-0.28245484828948975
-0.05071401596069336
-0.04236733913421631
-0.10340011119842529
-0.21111643314361572
-0.09705543518066406
-0.040387511253356934
-0.5365822315216064
-0.3735940456390381
-0.3666219711303711
-0.06723940372467041
0.1987760066986084
-0.029036283493041992
-0.1544046401977539
-0.6306307315826416
-0.4622504711151123
-0.37549352645874023
-0.47192811965942383
-0.3686932325363159
-0.4308273196220398
-0.6708148717880249
-0.5001139640808105
-0.2955167293548584
0.22785449028015137
-0.5540663003921509
-0.6637043952941895
0.1255171298980713
-0.30337655544281006
-0.8647124171257019
0.1707909107208252
-0.08562088012695312
-0.28323471546173096
-0.2685009241104126
-0.02848660945892334
-0.2925983667373657
-0.3339579105377197
-0.32363343238830566
-0.4896275997161865
-0.47890782356262207
0.2855430841445923
-0.050789833068847656
0.2294561266899109
-0.13194429874420166
-0.09062027931213379
-0.1250929832458496
-0.0753546953201294
-0.46884334087371826
-0.8659553527832031
0.08964788913726807
-0.2858750820159912
0.0320894718170166
-0.12917137145996094
0.1417369842529297
-0.4148290157318115
-0.30429935455322266
-0.2888389825820923
-0.0061119794845581055
-0.41152286529541016
0.18217504024505615
-0.4797569513320923
-0.7530975341796875
-0.13772249221801758
-0.7331948280334473
-0.5062164664268494
-0.9500037431716919
0.3036540746688843
-0.37438976764678955
-0.8758821487426758
0.07686233520507812
-0.7116028070449829
-0.19065940380096436
-0.4429047107696533
-0.1641709804534912
-0.051696062088012695
-0.578132688999176
-0.35817408561706543
-0.2010420560836792
-0.7981711626052856
-0.7052769660949707
-0.9889523983001709
-0.5330871343612671
-0.898337721824646
-0.8027068376541138
-0.12617242336273193
-0.32195770740509033
-0.6821306943893433
-0.2298649549484253
-0.4962245225906372
-0.5109082460403442
-0.028434038162231445
0.29991936683654785
-0.13323616981506348
-0.0665745735168457
0.24137699604034424
-0.4928706884384155
-0.5067934989929199
-0.33376455307006836
-0.3537214994430542
-0.3660471439361572
0.1363053321838379
-0.2506493330001831
-0.26647841930389404
-0.1099855899810791
-0.7650554776191711
-0.21149492263793945
-0.39822232723236084
-0.26001203060150146
-0.2845700979232788
-0.3165159225463867
0.051628708839416504
-0.1679224967956543
-0.34573423862457275
-0.17762696743011475
-0.35222792625427246
-0.17930448055267334
-0.22311604022979736
-0.4656646251678467
-0.42593300342559814
-0.8343168497085571
-0.3226141929626465
-0.193922758102417
-0.24313974380493164
-0.35571908950805664
-0.10623025894165039
-0.278775691986084
-0.3601795434951782
-0.3071976900100708
-0.1779102087020874
-0.9750556945800781
-0.24250245094299316
-0.24085426330566406
-0.036591172218322754
-0.5758445262908936
-0.1020805835723877
-0.359454870223999
-0.24363982677459717
-1.2335151433944702
-0.3415689468383789
-0.2835651636123657
-0.3205791711807251
-0.35653841495513916
0.04577958583831787
-0.3285095691680908
-0.15475666522979736
-0.049141526222229004
-0.034654974937438965
-0.1430453062057495
-0.581170916557312
-0.3558748960494995
0.3037269115447998
-0.00875866413116455
-0.40223515033721924
-0.7343326807022095
0.020059704780578613
-0.32918763160705566
-0.9679468870162964
-0.273179292678833
0.19933032989501953
-0.0743483304977417
-0.08434104919433594
-0.19591796398162842
-0.38066744804382324
-0.35247528553009033
-0.18389761447906494
0.29629242420196533
-0.33095479011535645
-0.6268966197967529
-0.15641045570373535
-0.38336873054504395
-0.24485182762145996
-0.27857160568237305
-0.6299488544464111
-0.4137459993362427
-0.44762349128723145
-0.334810733795166
-0.5101684331893921
-0.32265591621398926
-0.6013882160186768
-0.36090588569641113
-0.4878183603286743
-0.25221800804138184
-0.027606964111328125
-0.25650840997695923
-0.08564484119415283
-0.4911915063858032
-0.07260000705718994
-0.033904075622558594
-0.21145737171173096
5.924701690673828e-05
-0.21800243854522705
-0.832067608833313
-0.2225360870361328
-0.4319647550582886
-0.2199305295944214
-0.7955995798110962
-0.4873429536819458
-0.8284158706665039
-0.39214468002319336
-0.7093619108200073
-0.08907961845397949
-0.4234440326690674
-0.25769543647766113
-0.2573380470275879
-0.19960713386535645
-0.2011622190475464
-0.790967583656311
-0.3972998857498169
-0.2778317928314209
-0.7451004981994629
-0.35881221294403076
-0.6417620182037354
-0.7041269540786743
-0.03659689426422119
-0.06067168712615967
-0.22154784202575684
-0.19454193115234375
-0.3056967258453369
-0.5822181701660156
-0.21515095233917236
-0.13035404682159424
-0.24163377285003662
-0.10899198055267334
-0.15758061408996582
-0.09869217872619629
-0.06080222129821777
-0.3285236358642578
0.3037745952606201
-0.047629356384277344
0.20335900783538818
-0.3835028409957886
-0.04625070095062256
-0.16016244888305664
-0.33943915367126465
0.011333823204040527
-0.16882705688476562
-0.016397714614868164
-0.5216680765151978
-0.17261922359466553
-0.2013634443283081
-0.12574660778045654
-0.28817176818847656
-0.26986145973205566
-0.3051098585128784
-0.10405981540679932
-0.03399300575256348
-0.22564756870269775
-0.298936128616333
-0.4289395809173584
0.18267959356307983
-0.3010295629501343
-0.23209810256958008
-0.3637707233428955
-0.3302648067474365
-0.35434067249298096
-0.1443006992340088
-0.171514630317688
-0.06277692317962646
-0.6958777904510498
0.06148648262023926
-0.32869040966033936
-0.004998683929443359
-0.2557508945465088
-0.32782113552093506
-0.34521734714508057
-0.3500252962112427
-0.5139138698577881
-0.14967966079711914
-0.27502620220184326
-0.48483431339263916
-0.36548662185668945
-0.2004915475845337
-0.0017511844635009766
-0.7456549406051636
0.06787300109863281
-0.34274113178253174
0.1992572546005249
-0.33033275604248047
-0.3898484706878662
-0.3769427537918091
0.11965692043304443
-0.35572874546051025
-0.376143217086792
-0.6130691766738892
-0.2210785150527954
0.11290669441223145
-0.22126352787017822
-0.17746055126190186
-0.13587987422943115
-0.20713746547698975
-0.6246392726898193
-0.2656046152114868
-0.22549903392791748
-0.7159779071807861
-0.4305706024169922
-0.3724706172943115
0.001611948013305664
-0.5279216766357422
-0.49338865280151367
0.10649275779724121
-0.2845726013183594
-1.0974761247634888
-0.6055577993392944
-0.3875652551651001
-0.691853404045105
-0.9814466238021851
-0.9631586074829102
-0.093147873878479
-0.8565903902053833
-0.36932826042175293
-0.4491133689880371
-0.4264615774154663
-0.13603878021240234
-0.15998899936676025
-0.35312318801879883
-0.17818617820739746
-0.33761394023895264
-0.8160204887390137
-0.6758788824081421
0.012445569038391113
-0.4162360429763794
0.32142460346221924
-0.5042577981948853
-0.0613405704498291
-0.11659777164459229
-0.43252062797546387
-0.5448764562606812
-0.3334845304489136
-0.5169572830200195
-0.18335354328155518
-0.3430858850479126
-0.3960155248641968
-0.5725582242012024
-0.31634604930877686
-0.32500171661376953
0.13323652744293213
-0.6435227394104004
-0.18113422393798828
-0.02157902717590332
-0.19014549255371094
0.0060577392578125
-0.4208395481109619
-0.551527738571167
-0.039194583892822266
0.029713749885559082
-0.16400766372680664
-0.09522509574890137
-0.22338593006134033
-0.44016003608703613
-0.4261302947998047
-0.08674955368041992
-0.38233041763305664
-0.4356917142868042
-0.21914958953857422
0.1505296230316162
-0.4011422395706177
0.010032176971435547
-0.5908647775650024
-0.3437635898590088
-0.12956535816192627
-0.37152421474456787
-0.21422028541564941
-0.32761454582214355
-0.7022184133529663
-0.5552150011062622
-0.3807663917541504
-0.18242597579956055
-0.026624441146850586
-0.6182633638381958
-0.34418392181396484
-0.6191045641899109
-0.3736546039581299
-0.2340487241744995
-0.32895803451538086
-0.11411821842193604
-0.07764005661010742
0.0288846492767334
-0.3290959596633911
0.10932290554046631
-0.40101003646850586
-0.23273277282714844
-0.47118592262268066
-0.4823418855667114
-0.1050952672958374
-0.06450915336608887
-0.5309973955154419
0.03608131408691406
-0.14778602123260498
-0.5772302150726318
-0.41614747047424316
-0.3938366174697876
-0.171522855758667
-0.4392315149307251
-0.24802231788635254
-0.3421255350112915
-0.06897890567779541
-0.27832597494125366
-0.3515794277191162
-0.7309123277664185
-0.17311084270477295
0.19289565086364746
-0.42342984676361084
-0.5537772178649902
0.1054999828338623
-0.22055590152740479
-0.4745560884475708
-0.5704101324081421
-0.2646627426147461
-0.40255701541900635
-0.19098007678985596
-0.29977142810821533
-0.5047155618667603
-0.39506614208221436
-0.25157630443573
-0.6306931972503662
0.285369873046875
-0.36388683319091797
-0.6950361728668213
-0.4645015001296997
-0.5557057857513428
-0.21666574478149414
-0.17966556549072266
-0.5603517293930054
-0.25495272874832153
-0.7342113852500916
-0.29764997959136963
0.06775379180908203
-0.15570306777954102
-0.32302170991897583
-0.31777524948120117
-0.3289244771003723
-0.6155223846435547
-0.41862034797668457
-0.14108431339263916
-0.3017655611038208
-0.1888827085494995
-0.43189120292663574
-0.17506039142608643
-0.3054846525192261
-0.5937964916229248
-0.3334544897079468
-0.7178113460540771
0.2440333366394043
-0.6912527680397034
-0.5333477258682251
-0.3047243356704712
-0.061913490295410156
-0.15409445762634277
0.0981898307800293
-0.1696711778640747
-0.31328094005584717
-0.5080748796463013
-0.23583984375
-0.40980470180511475
-0.25910818576812744
-0.004859566688537598
-0.6258800625801086
-0.26819419860839844
-0.34305620193481445
-0.22620689868927002
-0.49088335037231445
-0.30508506298065186
-0.5652546882629395
-0.3879047632217407
-0.14284288883209229
-0.567866325378418
-0.2547382116317749
-0.8107438087463379
0.04698944091796875
-0.5195397138595581
-0.5436172485351562
-0.13975811004638672
-0.9140727519989014
0.024153470993041992
-0.6768045425415039
-0.22062921524047852
-0.8158073425292969
-0.2532985210418701
-0.3789072036743164
-0.5053586959838867
0.0075719356536865234
-0.6313782930374146
-0.2706437110900879
-0.44173574447631836
0.23190975189208984
-0.01419830322265625
-0.813239336013794
0.008175849914550781
-0.37503838539123535
0.01909792423248291
-0.31356167793273926
-0.19328123331069946
0.2678180932998657
-0.32110774517059326
-0.058176279067993164
-0.04240691661834717
-0.15566158294677734
-0.2899402379989624
0.0619816780090332
-0.7412923574447632
-0.6378989219665527
-0.49050843715667725
-0.3087468147277832
-0.3685758113861084
-0.47008371353149414
-0.4508863687515259
-0.7715087532997131
-0.2848764657974243
-0.5152508020401001
-0.4557156562805176
-0.19466865062713623
-0.5176013708114624
-0.6185091733932495
-0.5671801567077637
-0.13346314430236816
-0.49419546127319336
0.070587158203125
-0.08310675621032715
-0.30629682540893555
-0.3728877305984497
-0.37313389778137207
-0.21824872493743896
-0.4436829090118408
-0.5262964963912964
-0.2072148323059082
-0.06071150302886963
-0.1382969617843628
-0.2660626173019409
-0.29433465003967285
-0.4005321264266968
-0.5489073991775513
-0.7222186326980591
-0.41710078716278076
-0.8305196762084961
-0.3864733576774597
-0.18258917331695557
-0.3439105749130249
-0.15513288974761963
-0.5356549024581909
-0.16998350620269775
-0.3361605405807495
-0.11645472049713135
0.019135713577270508
0.04526972770690918
-0.03710806369781494
-0.3143739700317383
0.1709272861480713
-0.08110380172729492
-0.17774462699890137
-0.388608455657959
-0.8998260498046875
-0.3864344358444214
-0.4216649532318115
0.009832978248596191
0.2204664945602417
-0.4152916669845581
-0.2263861894607544
-0.2448199987411499
-0.1547682285308838
-0.3966487646102905
-0.387096643447876
-0.3749736547470093
-0.19680333137512207
-0.16835534572601318
-0.04367673397064209
-0.5239659547805786
0.06048703193664551
-0.21143043041229248
-0.13511812686920166
-0.047870755195617676
-0.44214749336242676
0.07002592086791992
-0.4817776679992676
0.06336474418640137
-0.008549094200134277
-0.4378112554550171
-0.37941741943359375
-0.0862736701965332
-0.20922327041625977
-0.2410902976989746
-0.044279515743255615
-0.24617767333984375
-1.0503196716308594
-0.7970081567764282
-0.636742353439331
-0.2863481044769287
-0.8349368572235107
-0.016219496726989746
-0.22056293487548828
-0.18224799633026123
-0.5740537643432617
-0.9759317338466644
-0.8605886697769165
-0.06389892101287842
-0.5665949583053589
-0.5437712669372559
-0.48739755153656006
-0.40570688247680664
-0.46196460723876953
-0.01639258861541748
-0.6148086786270142
0.017477750778198242
-0.3293863534927368
-0.3630427122116089
-0.18854141235351562
-0.5015337467193604
0.04774820804595947
-0.3316066265106201
-0.280958890914917
-0.24306964874267578
-0.4551515579223633
-0.1525287628173828
-0.8240222930908203
-0.5735411643981934
-0.7075377702713013
-0.07340598106384277
-0.24043428897857666
-0.1028752326965332
-0.43357014656066895
-0.5661277770996094
-0.414883017539978
-0.025246024131774902
-0.29127395153045654
-0.7605447769165039
-0.20412218570709229
-0.32891738414764404
-0.5410945415496826
-0.3710743188858032
0.22972989082336426
-0.11251509189605713
-0.2626916170120239
-0.40285468101501465
-0.6257599592208862
0.2459101676940918
-0.1279757022857666
-0.35142946243286133
-0.2380925416946411
0.058390021324157715
-0.07009458541870117
-0.36250245571136475
-0.4622335433959961
-0.17973661422729492
-0.659994900226593
-0.4599505662918091
0.013840436935424805
-0.130629301071167
-0.49282121658325195
-0.11150813102722168
-1.1153583526611328
-0.33450841903686523
-0.21052289009094238
-0.07726895809173584
-0.3361022472381592
-0.2476102113723755
-0.017185330390930176
-0.38300788402557373
-0.40495848655700684
-0.12377512454986572
0.08448606729507446
-0.3485523462295532
-0.08089888095855713
-0.28327202796936035
-0.6772632598876953
-0.528668999671936
-0.7848464250564575
-0.8693019151687622
0.03404521942138672
-0.2997257709503174
-0.7756377458572388
-0.4713313579559326
-0.4766356945037842
-0.11034631729125977
-0.2784234285354614
-0.8434937000274658
-0.7503588199615479
-0.31160247325897217
-0.16090059280395508
-0.1378803253173828
-0.10427737236022949
-0.6215677261352539
-0.5113339424133301
-0.012199163436889648
-0.2262507677078247
-0.04457283020019531
0.05266153812408447
-0.5403288006782532
-0.6217601299285889
-0.6567983627319336
-0.431679368019104
-0.48027169704437256
-0.8991968631744385
-0.5743064880371094
-0.730104923248291
0.027632951736450195
-0.8532612323760986
-0.22558194398880005
-0.4137716293334961
-0.9453796148300171
-0.305234432220459
-0.4108774662017822
-0.6063135862350464
-0.07725489139556885
-0.5872451066970825
-0.1419837474822998
-0.21578598022460938
-0.22031688690185547
-0.3148881196975708
-0.5184301137924194
-0.5002701282501221
-0.8434704542160034
-0.38869547843933105
-0.13402414321899414
-0.37486732006073
-0.25130796432495117
-0.3230147361755371
-0.8142669200897217
-0.6793414354324341
-0.028905153274536133
-0.3258836269378662
0.049251675605773926
-0.16248106956481934
-0.3551584482192993
-0.0960468053817749
-0.2196260690689087
-0.4645615816116333
-0.7884172201156616
-0.37849509716033936
-0.21989530324935913
-0.6077638864517212
-0.16001713275909424
-0.5939599275588989
-0.40424370765686035
0.39336156845092773
-0.21053123474121094
0.08613741397857666
-0.7531096935272217
-0.3040670156478882
0.1092524528503418
-0.549877405166626
-0.8499887585639954
0.023400068283081055
0.3900262117385864
-0.34869444370269775
-0.2571594715118408
0.31389284133911133
-0.3643183708190918
0.047213077545166016
-0.18241190910339355
-0.824607253074646
0.19101691246032715
0.4175128936767578
-0.6876194477081299
-0.4357171058654785
-0.440826952457428
-0.4466285705566406
-0.7921282052993774
-0.552976131439209
0.2692469358444214
-0.23085439205169678
-0.7580776214599609
-0.6926935911178589
-0.7161462903022766
0.08860915899276733
-0.5455772876739502
-0.45692741870880127
-0.49573051929473877
-0.4594336748123169
-0.6915807127952576
-0.3159831762313843
-0.08285367488861084
0.012657642364501953
-0.2610759735107422
-0.4348030090332031
-0.22069883346557617
-0.1535494327545166
-0.37115681171417236
-0.17329347133636475
-0.8108545541763306
-0.385056734085083
-0.09089720249176025
-0.3873029947280884
-0.1444946527481079
-0.5384248495101929
-0.042732954025268555
-0.19863438606262207
-0.8662533760070801
-0.11870384216308594
-0.017506837844848633
-1.0142223834991455
-0.478969931602478
-0.2694242000579834
-0.1632465124130249
-0.6054136157035828
-0.43707895278930664
-0.48569202423095703
-0.38221561908721924
0.10649561882019043
-0.8841986656188965
-0.6650735139846802
-0.42809438705444336
-0.5178680419921875
-0.3838684558868408
-0.43731844425201416
0.05055403709411621
-0.4495021104812622
-0.44575047492980957
-0.4062199592590332
-0.492148756980896
-0.4903937578201294
0.3032357692718506
-0.3502206802368164
-0.40342259407043457
-0.8058699369430542
-0.6487772464752197
-0.5235165357589722
-0.04084599018096924
-0.4123297929763794
-0.6923700571060181
-0.08006012439727783
-0.9769442081451416
-0.28428423404693604
-0.5352817177772522
-0.06076252460479736
-0.5686948299407959
-0.1802445650100708
-0.4728773832321167
0.061563849449157715
-0.02148139476776123
-0.16080987453460693
-0.3163512945175171
-0.1577167510986328
-0.42927682399749756
-0.12990665435791016
-0.2713397741317749
-0.5775915384292603
0.19473493099212646
0.14707624912261963
0.328277587890625
0.005597114562988281
-0.27680516242980957
-0.3345266580581665
-0.3124866485595703
-0.31385815143585205
-0.16531944274902344
-0.6108090877532959
-1.12372887134552
-0.24129700660705566
-0.1659940481185913
-0.5238463878631592
-0.5071520805358887
-0.6091228723526001
-0.31612730026245117
-0.43006742000579834
-0.03788042068481445
-0.5919554233551025
-0.6259235143661499
0.0737377405166626
-0.5556442737579346
-0.13676321506500244
-0.08199632167816162
-0.6149226427078247
-0.17264902591705322
-0.49143385887145996
-0.38751065731048584
0.05061352252960205
-0.2604489326477051
-0.2555558681488037
-0.10950958728790283
-0.21624970436096191
-0.0924452543258667
-0.41886770725250244
0.26420295238494873
-0.5091019868850708
-0.19078922271728516
-0.7344274520874023
0.18104231357574463
-0.020248770713806152
-0.32635295391082764
-0.6735247373580933
-0.510265588760376
-0.2515031099319458
-0.4853858947753906
0.11246252059936523
-0.28838253021240234
0.02438950538635254
-0.15414607524871826
-0.02057623863220215
-0.3401627540588379
-0.08962297439575195
-0.7538028955459595
-0.1770613193511963
-0.4311666488647461
-0.3493756651878357
0.624284029006958
-0.5757848024368286
-0.44217002391815186
-0.6319375038146973
0.16453492641448975
0.491851806640625
-0.05169320106506348
-0.8144780397415161
-0.19143891334533691
-0.7078390121459961
-0.2694990634918213
0.14863967895507812
-0.8303710222244263
-0.4187474250793457
-0.21090483665466309
-0.3719155788421631
-0.6891511678695679
-0.25932109355926514
-0.1813565492630005
0.21062755584716797
-0.1440523862838745
-0.18304991722106934
-0.8552770614624023
-0.6116424798965454
-0.42657995223999023
-0.15328800678253174
-0.45692014694213867
-0.2891148328781128
-0.3455958366394043
-0.584539532661438
-0.049719810485839844
-0.7073198556900024
-0.19331347942352295
-0.05204451084136963
0.18432962894439697
-0.4253051280975342
-0.16250503063201904
0.23651564121246338
-0.10536384582519531
-0.5540595054626465
-0.555721640586853
-0.16491520404815674
0.18187487125396729
-0.3782205581665039
-0.8747597932815552
-0.6328479051589966
-0.047802090644836426
-0.23597490787506104
0.24115204811096191
0.18334341049194336
-0.239912748336792
-0.2326415777206421
-0.2091677188873291
-0.42124199867248535
-0.20008909702301025
-0.17537331581115723
-0.39114630222320557
0.008791208267211914
-0.3787170648574829
-0.8335294723510742
-0.7061389684677124
-0.0453493595123291
-0.381567120552063
-0.36441993713378906
-0.39934277534484863
-0.8608100414276123
0.06422042846679688
-0.6442040205001831
-0.18671870231628418
-0.18848717212677002
-0.08671081066131592
-0.1692267656326294
-0.259232759475708
-0.7471901178359985
-0.08541214466094971
0.09300458431243896
-0.01306140422821045
-0.629084050655365
0.03364098072052002
0.13637149333953857
0.11777114868164062
-0.368847131729126
-0.4796944856643677
0.448128342628479
-0.32196831703186035
-0.13021469116210938
-0.5312501192092896
-0.358151912689209
-0.2558739185333252
-0.26972973346710205
-0.20704710483551025
-0.292488694190979
-0.9862625598907471
-0.37534403800964355
-0.2636997699737549
0.02356243133544922
-0.6857285499572754
-0.16255104541778564
-0.17071032524108887
-0.39838337898254395
-0.4938546419143677
-0.0876312255859375
-0.821415901184082
-0.632632851600647
-0.24661493301391602
-0.30882859230041504
-0.38588201999664307
-0.3449646234512329
-0.4180169105529785
-0.2012549638748169
0.20201826095581055
-0.5441133975982666
0.027133941650390625
-0.2490980625152588
-0.44286787509918213
-0.349629282951355
-0.5971183776855469
-0.4610750675201416
-0.6162148714065552
-0.234765887260437
-0.3054009675979614
-0.1756899356842041
-0.44614100456237793
-0.6692611575126648
-0.45183438062667847
-0.09410607814788818
0.12608909606933594
-0.3987842798233032
-0.2855569124221802
-0.4743105173110962
-0.2295306921005249
-0.40421903133392334
0.23486900329589844
-0.29864299297332764
-0.07816565036773682
-0.1836376190185547
-0.0809551477432251
-0.18614327907562256
-0.19855284690856934
-0.26585423946380615
-0.09423363208770752
-0.3181769847869873
-0.5459727048873901
-0.4599241018295288
-0.28290295600891113
-0.1919020414352417
-0.3636448383331299
-0.5950624942779541
-0.2299659252166748
-0.1641709804534912
-0.8718169927597046
-0.776150107383728
-0.7594044208526611
-0.026311278343200684
-0.44776010513305664
-0.7921239137649536
-0.09468662738800049
-0.5275630950927734
-0.12696099281311035
-0.0632561445236206
-0.5520127415657043
-0.26786673069000244
-0.36091411113739014
-0.3201029300689697
-0.8057094812393188
0.3475337028503418
-0.24971842765808105
-0.15271437168121338
-0.3797016143798828
-0.6531281471252441
-0.3762263059616089
-0.6142040491104126
-0.4902859926223755
-0.45258164405822754
-0.23403191566467285
-0.7558286190032959
0.06373298168182373
-0.04078853130340576
-0.09027326107025146
0.12738823890686035
-0.8422996997833252
-0.16882288455963135
-0.11440682411193848
-0.48793768882751465
-0.5229628682136536
-0.4002199172973633
-0.48217737674713135
-0.3663274049758911
0.06928491592407227
-0.37638282775878906
-0.46552908420562744
-0.4081467390060425
-0.2103734016418457
-0.01002514362335205
-0.00684666633605957
-1.0645408630371094
-0.2970081567764282
-0.24114584922790527
-0.34839165210723877
-0.30706024169921875
0.08196902275085449
-0.7554142475128174
-0.7211028337478638
-0.5681895017623901
-0.47478556632995605
-0.39518511295318604
-0.4026365280151367
-0.8063886165618896
-0.6363102197647095
-0.0758625864982605
-0.3363306522369385
-0.6246634721755981
-0.2750241756439209
-0.5613622665405273
0.012480735778808594
-0.8246983289718628
-0.5561738014221191
-0.08082926273345947
-0.41577136516571045
-1.0157572031021118
0.12558841705322266
-0.1920701265335083
0.050102829933166504
-0.23525619506835938
-0.2695084810256958
0.013055682182312012
0.15574777126312256
0.2846122980117798
-0.7062404155731201
-0.2992737293243408
-1.1668938398361206
-0.41956591606140137
0.10774075984954834
-0.05362808704376221
0.24184787273406982
-0.4860365390777588
0.5386165380477905
0.14267206192016602
-0.24736464023590088
-0.5375368595123291
-0.030037999153137207
-0.5512315034866333
-0.46450185775756836
-0.40132951736450195
-0.3091251850128174
-0.15626239776611328
-0.2088509202003479
-0.20114803314208984
-0.41742396354675293
-0.2019287347793579
-0.02691185474395752
0.04670536518096924
-0.2074671983718872
-0.716185450553894
-0.0932161808013916
-0.5447260141372681
-0.28602373600006104
-0.40060579776763916
-0.18313932418823242
-0.1633235216140747
-0.36152756214141846
-0.13825714588165283
-0.3928816318511963
-0.4868805408477783
-0.3051565885543823
-0.7501988410949707
-0.13106834888458252
-0.34802377223968506
-0.0694655179977417
-0.5215667486190796
-0.30738329887390137
-1.2854158878326416
-0.4820448160171509
-0.5235416889190674
-0.5496618747711182
-0.3918006420135498
-0.695228099822998
0.05968797206878662
-0.5216631889343262
-0.21565985679626465
-0.4096336364746094
-0.3993570804595947
-0.47511398792266846
-0.31062209606170654
-0.8865892291069031
0.2767057418823242
-0.12400126457214355
-0.17182457447052002
-0.2917133569717407
-0.19751369953155518
-0.5255353450775146
-0.8171026706695557
-0.3039489984512329
0.23145949840545654
-0.2529486417770386
-0.08357608318328857
-0.16870617866516113
0.4343578815460205
-0.4900404214859009
-0.13400506973266602
-0.29340147972106934
-0.14476728439331055
-0.461850643157959
0.07845151424407959
-0.643172025680542
-0.7546364068984985
0.09249460697174072
0.13900983333587646
0.011207103729248047
-0.3526160717010498
-0.6015069484710693
-0.5891658067703247
-0.508353590965271
-0.29907357692718506
-0.07656979560852051
-0.2613401412963867
-0.056732892990112305
-0.01780378818511963
-0.3795820474624634
-0.7341376543045044
-0.37278449535369873
0.37457984685897827
-0.18819761276245117
-0.7417092323303223
-0.10115325450897217
-0.11891937255859375
-0.3054605722427368
-0.2710472345352173
-0.6281960010528564
-0.09367823600769043
-0.7919374704360962
-0.36048293113708496
0.34912431240081787
-0.5742936134338379
-0.7907305955886841
-0.7839338779449463
-0.008790016174316406
-0.2677963972091675
0.057587385177612305
-0.12400782108306885
-0.4469611644744873
-0.5773409605026245
-0.5157384872436523
-0.01485443115234375
-0.09041082859039307
-0.5025441646575928
-0.7650696039199829
-0.019943833351135254
0.09650290012359619
-0.3089181184768677
-0.06435251235961914
-0.32390832901000977
-0.045232534408569336
-0.6820774078369141
-0.7824167013168335
-0.48909735679626465
-0.3527623414993286
-0.8402301073074341
0.1599024534225464
-0.5331148505210876
-0.17980384826660156
-0.6332142353057861
-0.18632137775421143
-0.012328386306762695
-0.16904377937316895
0.20684170722961426
-0.5572059750556946
-0.6308569312095642
-0.26165854930877686
0.15398705005645752
0.19654738903045654
0.03792309761047363
-0.8417407274246216
-0.07265043258666992
-0.37084901332855225
-0.0056667327880859375
-0.24858605861663818
-0.5113344192504883
-0.035118818283081055
-0.5029900074005127
-0.5066232681274414
0.29566824436187744
0.40933752059936523
-0.0979081392288208
-0.34457123279571533
-0.5272396802902222
-0.7571591138839722
-0.7205078601837158
-0.35575950145721436
-0.04216265678405762
-0.8026131391525269
-0.08505678176879883
-0.8642970323562622
-0.4626927375793457
-0.5881611108779907
-0.8943774700164795
-0.602982759475708
0.24941325187683105
-0.8276901245117188
-0.8998980522155762
-0.34248924255371094
0.4288761615753174
-0.0669783353805542
0.1486353874206543
-0.2563215494155884
-0.3617669343948364
-0.19320082664489746
-0.5457624197006226
-0.16927111148834229
-0.6252269148826599
-0.11067056655883789
-0.485492467880249
-0.042946696281433105
-0.6486930847167969
0.11756372451782227
0.06546199321746826
-0.3964425325393677
-0.2799474000930786
-0.20450997352600098
-0.3691728115081787
-0.33674168586730957
0.33647286891937256
-0.019956231117248535
-0.37081921100616455
0.13023090362548828
-0.41506361961364746
-0.9645966291427612
-0.3107181787490845
0.014243841171264648
-0.22980117797851562
-0.40278398990631104
-0.12014615535736084
-0.0936276912689209
-0.7608176469802856
-0.35133838653564453
-0.07179152965545654
-0.13768601417541504
-0.62596595287323
-0.49784910678863525
-0.23704075813293457
-0.4756730794906616
-0.36584532260894775
-0.3933905363082886
-0.21361684799194336
-0.08476889133453369
-0.16041100025177002
-0.43187570571899414
-0.3224571943283081
-0.038707613945007324
-0.5193517208099365
-0.2451845407485962
-0.45910322666168213
-0.45424532890319824
-0.16905856132507324
-0.5036783218383789
0.35653674602508545
-0.3156111240386963
-0.19936585426330566
-0.03727531433105469
-0.2266678810119629
-0.4291268587112427
-0.768765926361084
-0.19793939590454102
-0.7476223707199097
-0.2835773229598999
-0.6265026330947876
-0.23215413093566895
-0.17316555976867676
-0.8121702671051025
0.28053438663482666
-0.12983453273773193
-0.5012843608856201
-0.24084413051605225
-0.6444677114486694
-0.600177526473999
-0.3775871992111206
0.001206517219543457
0.2020472288131714
-0.8162860870361328
-0.5549923181533813
-0.05315065383911133
-0.6148533821105957
-0.8300639390945435
-0.37372350692749023
0.16188442707061768
-0.3792310953140259
-0.008397817611694336
-0.23412179946899414
0.011580705642700195
-0.6721819639205933
-0.2561551332473755
-0.18813252449035645
-0.46512770652770996
-0.3529636859893799
-0.3210862874984741
-0.8888721466064453
-0.1616758108139038
-0.06519079208374023
-0.12906253337860107
-0.35902833938598633
0.09914577007293701
-0.20898747444152832
-0.21081113815307617
-0.4052293300628662
-0.4221968650817871
-0.2345198392868042
-0.9392246007919312
-0.5102193355560303
-0.522503137588501
-0.039096951484680176
-0.54371178150177
-0.7541245222091675
-0.8634798526763916
-0.2945786714553833
-0.7304421663284302
-0.26268792152404785
-0.5435925722122192
-0.5188977718353271
-0.26238107681274414
-0.45309555530548096
-0.33934855461120605
-0.5461347103118896
-0.5539379119873047
-0.3161885142326355
-0.39863109588623047
-0.24306845664978027
-0.42474567890167236
-0.11817705631256104
-0.04894709587097168
-0.28524887561798096
0.5288395881652832
-0.5461989641189575
-0.8771060705184937
-0.1637558937072754
-0.050502896308898926
-0.09525120258331299
-0.7118359804153442
-0.8409487009048462
-0.23466145992279053
0.127363920211792
0.12378263473510742
-0.7791644334793091
-0.2534792423248291
-0.5123355388641357
-0.20545268058776855
-0.2585608959197998
0.06860029697418213
-0.6876949071884155
-0.5544708967208862
-0.04679393768310547
-0.16739165782928467
-0.7632708549499512
-0.8079037666320801
-0.33799612522125244
-0.8716893196105957
-0.2832760810852051
-0.5059683918952942
-0.506798505783081
-0.19876372814178467
-0.4914538860321045
-0.1876131296157837
-0.7441428899765015
-0.08777248859405518
0.11702406406402588
-0.06134510040283203
-0.18756890296936035
-0.24084842205047607
-0.4930133819580078
0.015344738960266113
0.13196253776550293
-0.6713395118713379
-0.2850397825241089
0.05696713924407959
-0.39978575706481934
-0.45659005641937256
-0.12581908702850342
-0.7352699041366577
-0.07596194744110107
-0.09095633029937744
-0.050186872482299805
-0.44067442417144775
-0.3531951904296875
-0.6538110971450806
-0.18544793128967285
-0.9708261489868164
-0.36453700065612793
-0.0150221586227417
-0.15649783611297607
-0.18604803085327148
-0.6338943243026733
-0.1459728479385376
0.22228455543518066
0.2774010896682739
-0.5731586217880249
-0.7582480907440186
-0.4741097688674927
-0.681484580039978
0.24669873714447021
-0.36299455165863037
-0.23526370525360107
-0.6448749303817749
-0.7040046453475952
-0.6880737543106079
-0.12764477729797363
-0.7240140438079834
-0.5080527067184448
0.26151204109191895
-0.25924205780029297
-0.2899845838546753
-0.10412871837615967
-0.7438939809799194
-0.35851407051086426
-0.5859702825546265
-0.5520520210266113
-0.7081297636032104
-0.2886699438095093
-0.060256361961364746
-0.22529315948486328
-0.30815255641937256
-0.20566928386688232
-0.09970617294311523
-0.33599281311035156
-0.7327170372009277
-0.32800376415252686
0.5740576982498169
-0.23993021249771118
-0.14334487915039062
-0.5824193954467773
-0.39527249336242676
-0.36774277687072754
-0.24089479446411133
-0.3813915252685547
0.013590335845947266
-0.432428240776062
-0.02242136001586914
-0.7956411838531494
0.34020161628723145
0.019546151161193848
-0.25989603996276855
-0.46600139141082764
-0.16114211082458496
-0.42716073989868164
-0.4660625457763672
-0.31008219718933105
-0.5014215707778931
-0.3548920154571533
-0.2638285160064697
-0.2645425796508789
-0.23041534423828125
-0.5195305347442627
-0.23202025890350342
-0.5902974605560303
-0.023747920989990234
-0.08274900913238525
-0.41983282566070557
-0.026290059089660645
0.045498013496398926
-0.660366415977478
-0.4794943332672119
-0.3873465061187744
-0.6583268642425537
-0.7830986976623535
-0.00022530555725097656
0.1343390941619873
-0.5547325611114502
-0.3716181516647339
-0.12514925003051758
-0.26279783248901367
-0.2974139451980591
-0.05848205089569092
-0.21912038326263428
-0.8716733455657959
-0.4710814952850342
0.022791147232055664
-0.11465752124786377
-0.2653224468231201
-0.2071458101272583
-0.028378009796142578
-0.11612117290496826
-0.004365444183349609
0.15057730674743652
-0.41351306438446045
-0.00749814510345459
-0.2923305034637451
0.051540493965148926
-0.3034895658493042
-0.5711290836334229
-0.3593510389328003
-0.5127291679382324
-0.13389301300048828
-0.5689694285392761
-0.5078544616699219
-0.7300137281417847
-0.42802006006240845
-0.3251814842224121
-0.7049329280853271
-0.12952971458435059
-0.21650075912475586
-0.124550461769104
-0.005747079849243164
-0.5082629919052124
-0.8789661526679993
-0.45176851749420166
-0.2847912311553955
-0.6358048915863037
-0.34052181243896484
-0.40714406967163086
-0.040165066719055176
-0.2657594680786133
-0.6439844369888306
-0.6090430021286011
-0.5675544738769531
-0.3499472141265869
-0.2274627685546875
-0.31384479999542236
-0.41857028007507324
-0.5844703912734985
-0.15795743465423584
0.7527950406074524
-0.5371812582015991
-0.24722719192504883
-0.5057060718536377
-0.3329732418060303
-0.19577431678771973
-0.5939289331436157
-0.13284015655517578
-0.41649699211120605
-0.45293980836868286
0.042125821113586426
-0.4289206266403198
-0.20357799530029297
-0.5391525030136108
-0.562609076499939
-0.6359490156173706
-0.6744000911712646
-0.5190857648849487
-0.6065983772277832
-0.43072640895843506
-0.3139857053756714
-0.2056257724761963
-0.23991823196411133
-0.7490881681442261
-0.23257529735565186
-0.8365167379379272
-0.7709149122238159
-0.17779600620269775
0.06166243553161621
-0.47661709785461426
-0.07842016220092773
-0.09990119934082031
-0.10973834991455078
0.35669004917144775
0.016461849212646484
-0.6269367933273315
-0.41083216667175293
-0.6435492038726807
-0.3936138153076172
-0.3385159969329834
-0.3167840242385864
-0.37671542167663574
-0.4478832483291626
-0.6568162441253662
-0.5539225339889526
0.4385039806365967
-0.17728972434997559
-0.03560912609100342
-0.06708276271820068
-0.4656646251678467
-0.3779085874557495
-0.24210035800933838
-0.01338040828704834
-0.5202914476394653
-0.8089914321899414
-0.1742112636566162
-0.0380016565322876
0.30017006397247314
0.0018149614334106445
0.007046341896057129
-0.2149641513824463
-0.6324816942214966
-0.36848366260528564
0.16013062000274658
-0.015774667263031006
-0.5312033295631409
-0.4381833076477051
-0.662639856338501
-0.03758847713470459
-0.392078161239624
-0.7074737548828125
-0.47613203525543213
-0.3475090265274048
0.7841918468475342
-0.5070153474807739
0.006027102470397949
-0.9581573605537415
-0.2230926752090454
-0.274499773979187
-0.29406213760375977
-0.30598902702331543
-0.3721233606338501
-0.20364582538604736
-0.38966894149780273
-0.38891029357910156
-0.24109816551208496
-0.19072651863098145
-0.5181368589401245
-0.3557267189025879
0.06079673767089844
0.03134191036224365
-0.3604283928871155
-0.3040459156036377
-0.2207411527633667
0.052024245262145996
-0.4517019987106323
-0.23657488822937012
-0.09804117679595947
0.09924721717834473
-0.404244065284729
0.3883301019668579
-0.7871724367141724
-0.2563819885253906
-0.800891101360321
-0.8359404802322388
-0.7678772211074829
-0.6127258539199829
-0.3396996259689331
-0.6076983213424683
-0.23931729793548584
-0.31938600540161133
0.02273082733154297
-0.28299832344055176
-0.4392598867416382
-0.0996178388595581
-0.05556917190551758
-0.14625346660614014
-0.22047197818756104
-0.28636717796325684
-0.34338581562042236
-0.2448742389678955
0.29408037662506104
-0.3452039957046509
-0.26112866401672363
-0.26423025131225586
-0.8480434417724609
0.16875207424163818
0.13323438167572021
-0.10422027111053467
-0.2317718267440796
-0.19466614723205566
-0.5567278861999512
-0.481400728225708
-0.18627262115478516
-0.3511308431625366
-0.4681248664855957
-0.09040117263793945
-0.36849939823150635
-0.4792027473449707
-0.27220308780670166
-0.34680867195129395
-0.5364383459091187
-0.546654462814331
0.05996966361999512
-0.1778959035873413
-0.11778533458709717
-0.4387427568435669
0.06338703632354736
-0.7403842210769653
-0.4855785369873047
-0.12003481388092041
0.5150488615036011
-0.8067466020584106
-0.015720009803771973
0.3759646415710449
-0.40077245235443115
-0.7271757125854492
-0.3656419515609741
-0.07326173782348633
-0.5698847770690918
-0.09367823600769043
-0.20600628852844238
-0.07376384735107422
-0.42349082231521606
-0.5046534538269043
-0.03769659996032715
-0.3162950277328491
-0.9989852905273438
-0.33552229404449463
-0.25359559059143066
-0.5802325010299683
-0.3766059875488281
-0.0883340835571289
-0.024637460708618164
-0.4529135227203369
0.0696479082107544
-0.6507940292358398
-0.06001555919647217
0.05395674705505371
-0.33798742294311523
-1.3395049571990967
-0.5728089809417725
-0.0866537094116211
-0.127935528755188
-0.25586187839508057
-0.5339151620864868
-0.8320426940917969
-0.8238415122032166
-0.5651362538337708
-0.13373315334320068
-0.30224621295928955
-0.9724277257919312
0.4298437833786011
-0.8083274364471436
-0.5148599147796631
1.0351934432983398
-0.43201613426208496
-0.46322929859161377
0.00018298625946044922
-0.15896546840667725
-0.3729383945465088
0.10910487174987793
-0.38606786727905273
-0.14876234531402588
-0.560097336769104
-0.2829477787017822
-0.4131777286529541
-0.304815411567688
-0.39772021770477295
-0.5093033313751221
-0.7753722667694092
-0.9635934829711914
0.0822756290435791
-0.29203176498413086
0.036867380142211914
-0.6781481504440308
-0.13800036907196045
0.6070396900177002
-0.43862080574035645
0.03237199783325195
-0.29550695419311523
-0.013200521469116211
-0.01896965503692627
-0.323330283164978
-0.7904614806175232
-0.5064074993133545
-0.4657353162765503
-0.07794833183288574
-0.165716290473938
-0.25595641136169434
-0.12574684619903564
-0.19665133953094482
-0.48634767532348633
-0.22525715827941895
-0.44757187366485596
-0.26032471656799316
-0.34325408935546875
-0.46621155738830566
0.009815573692321777
-0.30163443088531494
-0.3583143949508667
-0.8547976016998291
-0.7665057182312012
-0.12680518627166748
-0.5885509252548218
0.03360867500305176
-0.8577827215194702
-0.21015703678131104
-0.20728296041488647
-0.7752120494842529
-0.7554943561553955
-0.3766059875488281
-0.5188835859298706
-0.3095576763153076
0.21915578842163086
-1.336045503616333
0.19993817806243896
-0.12292599678039551
-1.0033700466156006
-0.5250440835952759