0.5366567969322205
1.2670456767082214
0.4559185206890106
0.22685569524765015
0.2622314691543579
0.5902414917945862
0.5960354208946228
0.5463455021381378
0.6569485664367676
0.3961307406425476
0.527980238199234
0.4530811309814453
0.6849489212036133
0.3738654553890228
0.8449262976646423
0.9330525398254395
0.4992973208427429
0.4435218572616577
0.4018591642379761
0.964104413986206
0.24871444702148438
0.5578567385673523
0.6222696602344513
0.8501942753791809
0.8477232158184052
0.23841673135757446
0.777220606803894
0.5806143283843994
0.5735551714897156
0.6422280073165894
0.4223768711090088
0.7218478918075562
1.0137020349502563
0.3006516695022583
0.7978127002716064
0.3759607970714569
0.8528581857681274
1.0075564980506897
0.08805996179580688
0.44654130935668945
1.0695286989212036
0.3881649374961853
0.803938239812851
1.1339053213596344
0.3856504559516907
0.6713258624076843
0.5678631067276001
0.6145793199539185
0.8072546124458313
0.780995786190033
0.4694364666938782
0.6180272102355957
0.8200881481170654
0.5422657132148743
0.6280176639556885
-0.4941122531890869
1.0180913507938385
0.9592561423778534
0.6494143009185791
0.9462800621986389
0.564608633518219
1.2442394495010376
0.6921465992927551
0.7737016975879669
0.913578063249588
0.5466097593307495
0.3672415614128113
0.7916774153709412
0.6754696369171143
0.3682948350906372
0.7081282734870911
0.5160870552062988
0.3290160894393921
0.3762531876564026
-0.3071252703666687
1.1733790636062622
0.20166367292404175
0.8440887331962585
0.5799948871135712
0.9565060138702393
0.5951511263847351
0.4094620943069458
0.46219298243522644
0.8628071546554565
0.873845249414444
0.30904990434646606
0.4992595314979553
-0.024991750717163086
0.7473838031291962
0.441520631313324
0.4847394824028015
0.4836236834526062
0.5142688751220703
0.4809344410896301
0.569730281829834
0.9047961831092834
0.31229203939437866
0.6113118529319763
0.7280852794647217
0.9275078773498535
0.2848474979400635
0.3384592533111572
0.9044201374053955
0.28345876932144165
0.5547586679458618
0.5764656662940979
0.7787919640541077
0.47744864225387573
0.714611828327179
0.6807794272899628
0.5697612762451172
0.7252722978591919
0.902307391166687
0.5909463763237
0.6764833033084869
0.7937068343162537
0.2997516095638275
0.4815891981124878
0.4471127986907959
0.3988833427429199
0.40369027853012085
0.2810428738594055
0.7226062417030334
0.7527519166469574
0.20336970686912537
0.6630253195762634
0.7441486716270447
0.6347944140434265
0.8848507404327393
0.931484043598175
0.6935931444168091
0.21513307094573975
0.8867124617099762
0.5788880288600922
0.5244716703891754
0.29854023456573486
-0.00750279426574707
0.28907501697540283
0.8621244430541992
0.8413975834846497
0.48904597759246826
1.023226022720337
0.7151443362236023
1.1570017635822296
0.6457165479660034
0.7422956824302673
0.04439884424209595
0.6025640070438385
0.4287545084953308
1.1997136771678925
0.24311935901641846
0.5879846215248108
0.3732454776763916
0.8054037094116211
0.4762831926345825
0.803678572177887
0.8339846134185791
0.14498338103294373
0.60322505235672
0.7646802067756653
0.5305008292198181
0.7822400033473969
1.3344651460647583
0.14569658041000366
0.5915942490100861
1.390272080898285
0.5298886895179749
0.5698168873786926
0.9443250894546509
0.5930823683738708
0.815034419298172
0.5095401406288147
0.6459717154502869
0.7027133405208588
0.44093698263168335
0.3192622661590576
0.4323938488960266
0.7475979924201965
0.13450384140014648
0.2945185899734497
0.6541387438774109
0.4696958065032959
0.8675945103168488
0.2474333643913269
0.5958830118179321
0.49335095286369324
0.7126154005527496
0.15506362915039062
0.8753587603569031
0.5498967170715332
0.13699352741241455
0.7925284802913666
0.30946779251098633
0.6429378986358643
0.4989551305770874
-0.06595373153686523
0.7809929847717285
0.4208366870880127
0.43485027551651
0.7194469273090363
0.7589744925498962
0.5590544939041138
0.5836015343666077
0.6895197927951813
0.28263217210769653
0.7916719913482666
0.7613696455955505
0.05388706922531128
0.6519818007946014
0.38102200627326965
0.721665620803833
-0.09799021482467651
0.6715408563613892
0.4820683002471924
0.21983486413955688
0.51214998960495
0.7069018483161926
0.6310853958129883
0.6634809970855713
0.20233052968978882
0.6527642607688904
0.7445048093795776
0.37916356325149536
0.2523319125175476
0.4293293356895447
0.7263391613960266
0.49262529611587524
0.8326833248138428
0.8819042444229126
0.8463507890701294
0.697189211845398
0.30307918787002563
0.7508973479270935
1.0728124380111694
0.28691381216049194
0.9205664098262787
0.3488484025001526
0.4426252245903015
0.9118417501449585
0.4779829978942871
0.8315020203590393
0.9692650735378265
0.1395803689956665
0.5256010890007019
0.2338082194328308
0.5193429589271545
0.42832833528518677
0.5607679486274719
0.40624284744262695
0.8605266213417053
0.5909737646579742
1.1460398137569427
0.4434875249862671
0.31743359565734863
0.5233472585678101
0.3216755986213684
0.9132022857666016
0.1208224892616272
0.5382431149482727
0.6562184393405914
0.19550246000289917
0.4976571500301361
0.9404177665710449
0.5053313374519348
0.9486421346664429
1.312622457742691
0.9196513891220093
0.49959421157836914
0.5654460191726685
0.4672069549560547
0.7587538063526154
0.7149357199668884
0.9531604647636414
0.3303969204425812
0.8403041958808899
-0.07721635699272156
0.35930758714675903
0.600468635559082
0.4722689986228943
0.7282923460006714
0.6166463792324066
1.0619803667068481
0.791821151971817
0.21315252780914307
0.8170453310012817
0.6347562074661255
0.6373440623283386
0.12879455089569092
0.1540045142173767
0.8623608946800232
0.18321222066879272
0.4867348074913025
-0.09982246160507202
0.5761383473873138
0.9623077511787415
0.9120641946792603
0.10292255878448486
0.713855504989624
0.9455676674842834
0.715994656085968
0.5600960850715637
0.5658808946609497
0.73359015583992
0.474778950214386
0.6203325688838959
0.7671329379081726
1.3388969898223877
0.6193054914474487
0.797617495059967
0.5461165606975555
0.31361833214759827
0.9268841743469238
0.36853957176208496
0.14766180515289307
0.7000100612640381
0.608008861541748
1.06589275598526
0.8159811496734619
0.7594786286354065
0.5805941224098206
0.5480561256408691
0.8304475545883179
0.8987153172492981
0.41533225774765015
1.0883651375770569
0.49623650312423706
0.8793729543685913
0.9043554663658142
1.101830631494522
0.15998858213424683
0.8995399475097656
0.9838684797286987
0.9155391156673431
0.7825738787651062
0.5799136757850647
0.3215094804763794
0.7805129289627075
0.3290814161300659
0.20784896612167358
0.6052371263504028
0.6744438111782074
0.9862898588180542
0.8939260244369507
1.2916021049022675
0.32246410846710205
0.6526892781257629
1.1415004432201385
0.8242498636245728
0.2982187867164612
0.5925347805023193
0.8577574491500854
-0.0772930383682251
0.6036732494831085
0.16838133335113525
0.9111372530460358
0.5391576290130615
0.9489692151546478
0.584760308265686
0.6535294651985168
0.2375909686088562
0.5504392385482788
0.099057137966156
0.390988290309906
0.2732253074645996
1.1484324038028717
0.6887520253658295
0.4990922212600708
-0.047894418239593506
0.5291079878807068
0.4669148921966553
0.3679501414299011
0.6243222951889038
0.6116568446159363
0.49100130796432495
1.0771921575069427
0.5103545188903809
0.749406635761261
1.0928695797920227
1.1016763150691986
0.3984086513519287
0.4704706072807312
0.005791455507278442
0.9195235371589661
0.8331729173660278
0.5512721836566925
0.35224175453186035
0.29331496357917786
0.4026087522506714
0.5872483253479004
0.39293402433395386
0.702446699142456
0.8346912562847137
0.5353070497512817
1.0563173294067383
0.7818679809570312
0.8728021085262299
0.6676045656204224
0.6780189275741577
0.7658494710922241
0.6510409116744995
0.7476232051849365
0.5212527215480804
0.7017314434051514
0.7305352091789246
0.23315101861953735
0.598975658416748
0.8933268189430237
0.416887104511261
0.686141312122345
0.9829291701316833
0.37493234872817993
0.21415352821350098
0.6848777532577515
0.6955480873584747
0.7098764777183533
0.11400383710861206
0.4993510842323303
0.5141326189041138
0.564971923828125
0.045680224895477295
0.6827525198459625
0.6143919825553894
0.6267097592353821
0.23872750997543335
0.8100145757198334
0.6383881270885468
0.5382488369941711
-0.003764033317565918
0.280678391456604
1.0766392946243286
0.3568216562271118
0.8177108764648438
0.7302833795547485
0.4900243282318115
0.5402769446372986
0.5560866594314575
0.7560219168663025
0.9808661937713623
0.6536508798599243
0.7143082618713379
0.6478243172168732
0.6713884472846985
0.46466144919395447
0.3513471484184265
0.7326255142688751
0.6865857541561127
0.9601234197616577
0.8235241174697876
0.9226330518722534
0.5276127457618713
0.13600200414657593
1.3638306558132172
0.6675523519515991
0.4328387379646301
0.38605624437332153
0.8393332958221436
0.4935774803161621
0.5145629346370697
0.6984709203243256
0.05763041973114014
0.6522229313850403
0.5659050941467285
0.6336653828620911
0.7964205741882324
0.5377153754234314
0.636300265789032
0.8833378255367279
0.6499295234680176
0.48497217893600464
0.43170416355133057
0.7328736782073975
0.38066789507865906
0.4896196722984314
0.9571098685264587
0.5890742838382721
0.48988181352615356
0.6686494052410126
0.5559419393539429
0.8036922812461853
0.6268467307090759
1.1281791925430298
-0.05090254545211792
0.2429524064064026
0.583026111125946
0.6037979125976562
0.34563112258911133
0.19920188188552856
0.689417839050293
0.20350593328475952
0.5957649350166321
0.8401095867156982
0.6906973123550415
0.5477144122123718
0.7404675483703613
0.45012009143829346
0.31709229946136475
1.0021366477012634
0.69309002161026
0.48888659477233887
0.04419964551925659
0.8143966794013977
0.6424868702888489
0.7236470580101013
0.45327699184417725
1.0568590462207794
0.6926588416099548
0.32111233472824097
0.4791923761367798
0.834160327911377
0.8453409075737
0.7109968960285187
0.728133887052536
0.6950677037239075
1.2032002210617065
1.1687022745609283
0.4115649461746216
0.42084282636642456
0.7722666561603546
0.7488437294960022
0.6370760798454285
0.1757603883743286
0.6529534161090851
0.8965668976306915
0.6617927849292755
0.6793062686920166
0.5019276738166809
0.8525927066802979
0.7750884890556335
0.5788160860538483
0.5842098295688629
0.6799337565898895
1.2114218473434448
0.49465852975845337
0.4731706380844116
0.5821746587753296
0.7243340611457825
0.09568613767623901
0.6009413599967957
0.7025915086269379
0.7841886579990387
0.16128456592559814
0.7813881635665894
0.7424792051315308
0.6711772680282593
0.5458095669746399
0.8756663799285889
0.5150078535079956
0.9698768258094788
0.5439875721931458
0.49529796838760376
0.7104327380657196
0.28654909133911133
0.5437925457954407
0.9218395948410034
0.3459533751010895
0.5728498697280884
0.6476478278636932
0.559170126914978
0.986577570438385
0.17709237337112427
0.7507991194725037
1.3971216976642609
0.7888287007808685
1.1288269758224487
0.8204058408737183
0.42653363943099976
0.8833925127983093
-0.11187082529067993
0.5024263262748718
0.28747010231018066
0.5487883687019348
0.33805328607559204
0.30042433738708496
0.5796874761581421
0.9104969799518585
0.871799647808075
0.0638575553894043
0.5717858672142029
0.8958090543746948
0.9840370118618011
0.64939284324646
0.6478484272956848
0.7137291431427002
0.6709121465682983
0.8068085014820099
0.5601673424243927
1.0653756260871887
0.13936001062393188
0.6781088411808014
0.6701616644859314
0.5830075144767761
1.0589441061019897
0.5458675026893616
0.7500880360603333
-0.00112074613571167
0.34337306022644043
0.8231887221336365
0.3430963456630707
0.5199729204177856
0.3366737365722656
0.7022775709629059
0.36861246824264526
0.19118261337280273
0.5774973630905151
0.5103884339332581
0.3216177225112915
0.8693307638168335
0.6372189521789551
0.7747951149940491
0.8551688194274902
0.6594489812850952
0.7956629991531372
0.9439530968666077
0.36927396059036255
0.7983034253120422
0.49846774339675903
0.9088311195373535
0.921053022146225
0.4724441170692444
0.9237803220748901
0.4772096872329712
0.7583714723587036
0.3215314745903015
0.17808425426483154
0.6802497506141663
0.7628988027572632
-0.005905330181121826
0.7530535757541656
1.0001903772354126
0.25746142864227295
0.2670938968658447
1.038948118686676
0.6837142407894135
0.5533355474472046
1.1117216348648071
0.1789916753768921
0.7378337979316711
0.26832115650177
0.46349382400512695
1.0271644294261932
0.9713454842567444
0.6144616901874542
0.6571577787399292
0.8739323019981384
0.22391074895858765
0.34651249647140503
0.9778389930725098
0.5640063881874084
0.8445271253585815
0.8981040120124817
0.05416297912597656
0.33061712980270386
0.4936702847480774
0.9441817998886108
0.7806289792060852
0.31473487615585327
0.12847059965133667
0.9582008719444275
0.5591436624526978
0.8267821073532104
0.6770126223564148
0.2086479663848877
0.1992221474647522
0.8099877536296844
0.2281477451324463
0.6382208466529846
0.7386096119880676
0.8758506178855896
0.29655879735946655
0.941952258348465
0.5853927731513977
0.22880536317825317
1.099448710680008
0.4254593253135681
0.354156494140625
0.505286306142807
0.667390912771225
0.47352761030197144
0.3152667284011841
0.37466567754745483
0.3134848177433014
0.8591648638248444
0.9875763356685638
0.8144835829734802
0.8320081233978271
0.9179280996322632
0.6195464134216309
0.4339900612831116
0.28752610087394714
1.2060774266719818
0.6609827876091003
0.38993752002716064
0.7392005920410156
0.2744140028953552
0.39142611622810364
0.469124972820282
0.719433605670929
0.6358935832977295
0.688615620136261
1.021915078163147
0.8279493451118469
0.6677005290985107
0.3642362952232361
1.0574049651622772
0.7601612210273743
-0.19059312343597412
0.8513841927051544
0.604885071516037
0.8353958129882812
0.8359991312026978
0.6409642696380615
0.7365551590919495
0.962070107460022
0.761155903339386
0.44808948040008545
0.4161871373653412
0.3806082010269165
0.6378509402275085
0.8140064477920532
0.33608317375183105
0.4118271470069885
0.5907270312309265
0.4170655608177185
0.309817373752594
0.39893674850463867
0.740204930305481
0.5763538479804993
0.27005109190940857
0.4435189366340637
0.7778841257095337
0.5078743994235992
0.9367929100990295
0.5222479999065399
0.1844525933265686
1.1741800904273987
1.1660721898078918
0.6533441543579102
0.5166751742362976
0.6415843963623047
0.9485508799552917
-0.12017428874969482
0.43311411142349243
0.3484231233596802
0.5187444090843201
1.20057874917984
0.2115430235862732
0.8625122308731079
0.6636027097702026
0.6317824125289917
0.31994307041168213
1.0330522656440735
0.6490511298179626
0.7208563387393951
0.38215768337249756
1.1196331679821014
0.45842432975769043
0.6147441267967224
0.5729228258132935
0.8188663423061371
0.26128557324409485
0.77618807554245
0.6675903797149658
0.2755866050720215
0.6582225561141968
0.5298284888267517
0.17792266607284546
0.45247435569763184
1.027135819196701
0.5026682019233704
0.7130540609359741
0.40982258319854736
0.647406816482544
0.8991844952106476
0.4612615704536438
0.9074373245239258
0.995864987373352
0.3958813548088074
0.9204756021499634
0.8583241105079651
0.5461657047271729
0.6490328311920166
0.6477374136447906
-0.08773148059844971
0.46926742792129517
0.6335998475551605
0.8200881481170654
0.32926619052886963
0.921202540397644
0.9730552434921265
0.6835660338401794
0.9294310212135315
0.425805926322937
0.6275533139705658
0.8118253946304321
0.759796679019928
0.40627509355545044
0.24235188961029053
0.9334158003330231
0.5007721781730652
0.5004702210426331
0.4332793354988098
0.5301765203475952
0.1698848009109497
0.4731197953224182
1.4104316532611847
0.4617576599121094
0.26143503189086914
0.23633930087089539
0.6339205503463745
1.337723970413208
0.6327354907989502
0.7303828001022339
0.585982084274292
0.5847110152244568
0.13630473613739014
0.7135901153087616
0.6635687351226807
0.44574815034866333
0.6972925662994385
0.8043653964996338
0.36406275629997253
1.1044929921627045
-0.006960153579711914
0.5272413492202759
0.5379307568073273
0.7583272159099579
0.19582340121269226
0.8983838856220245
1.1501145362854004
0.7159330248832703
1.0005667209625244
1.164199411869049
0.25351691246032715
0.4434932470321655
0.7455568909645081
0.8587186932563782
1.00819930434227
0.43855929374694824
0.4004662036895752
0.8637770414352417
0.8397668898105621
0.5137478113174438
0.44800078868865967
1.2926269471645355
1.0623659789562225
0.5331097543239594
0.49707984924316406
0.5020084381103516
0.5796982645988464
0.9612661004066467
0.7593079209327698
0.6321569085121155
0.43595412373542786
0.4626133441925049
0.9057132601737976
0.3356366455554962
0.4103012681007385
0.791732132434845
-0.1430819034576416
0.7430684268474579
0.8976227641105652
1.0579859912395477
0.5266771912574768
0.49437186121940613
0.4697111248970032
0.8524559736251831
0.5898401141166687
-0.1288011074066162
0.7293693125247955
0.16493922472000122
1.033871054649353
0.6820600628852844
0.8565211892127991
0.3469945788383484
0.7816420197486877
0.7140749990940094
-0.33582091331481934
0.3534511625766754
0.6423323750495911
0.5550791621208191
0.08156812191009521
0.738737165927887
0.552850216627121
1.0668556690216064
0.7203439176082611
0.49006029963493347
0.9277091920375824
0.5764485895633698
0.5167511105537415
0.692041277885437
0.23602283000946045
0.7470665574073792
1.1844947338104248
0.4764699935913086
0.3845967650413513
0.754135251045227
0.637574315071106
0.7868389785289764
-0.12201029062271118
0.6331881880760193
0.5419200658798218
0.27850770950317383
0.3337458372116089
1.0522480905056
0.1803826093673706
0.49149084091186523
0.6758639514446259
0.7342738807201385
0.2024589478969574
0.6942811608314514
0.6923730373382568
0.5417569279670715
0.5618232786655426
0.4321793019771576
0.9346383213996887
0.5981165766716003
0.544259250164032
1.0817759037017822
0.529086709022522
0.4354778528213501
0.618012011051178
0.24689877033233643
0.2475849986076355
1.0581024289131165
0.6621556282043457
0.4485660791397095
0.8471065759658813
0.24133136868476868
0.6115437150001526
0.8316528797149658
0.48443830013275146
0.9546108841896057
0.7560865879058838
0.1653081774711609
0.34568995237350464
0.6326257884502411
0.47847306728363037
0.35772043466567993
0.5449770092964172
0.8471085727214813
0.352356493473053
0.5444021821022034
0.9108701050281525
0.5079928636550903
1.0157728493213654
0.9567822515964508
0.4173322319984436
0.06079435348510742
0.4423385262489319
0.4696096181869507
0.5006242990493774
0.7047407329082489
0.9981472492218018
0.474293053150177
0.6736300587654114
1.092249557375908
0.48469841480255127
1.0945340991020203
0.7263441979885101
0.469359427690506
0.8842497766017914
0.7790343463420868
0.5108204483985901
0.7827879786491394
0.4976799786090851
0.25773024559020996
0.5437494516372681
1.0173666179180145
0.6339382529258728
0.372822105884552
0.48416078090667725
1.14439457654953
0.6681192815303802
0.5420249104499817
0.33990222215652466
0.8177804052829742
1.0299558639526367
1.0211741924285889
1.1018852591514587
0.4478782117366791
0.10356831550598145
1.0135254263877869
0.8940210342407227
0.11329770088195801
0.4787595272064209
0.3876003623008728
0.46644914150238037
0.8095333278179169
1.3559227585792542
1.0588599145412445
0.5945542454719543
0.5326918363571167
1.0707500874996185
0.10178238153457642
0.2791828513145447
0.6712439060211182
0.6245488822460175
0.6577181220054626
0.5600473582744598
1.0825711488723755
0.0450059175491333
1.1317872405052185
0.6703935861587524
0.6594489812850952
0.7121714353561401
1.3980096578598022
0.5670294463634491
0.19438201189041138
1.1147450804710388
0.5900641679763794
0.5394354164600372
0.2333253026008606
0.46388083696365356
0.71942538022995
0.5991731286048889
0.3808368444442749
-0.02231830358505249
0.5730068683624268
0.43481093645095825
0.8956027328968048
1.2995654344558716
0.33619821071624756
0.009842872619628906
0.605974018573761
0.7468665242195129
0.6592472791671753
0.48144298791885376
0.5719209015369415
0.265572190284729
0.915522962808609
0.8161700665950775
0.9020178318023682
0.6752555072307587
0.5294479727745056
0.5149899423122406
0.43990325927734375
0.7034066915512085
0.6544172167778015
0.5029767751693726
0.8110260963439941
0.9057434499263763
-0.03447437286376953
0.8236001133918762
0.17383313179016113
0.9465678930282593
0.14026427268981934
0.47576919198036194
0.28055131435394287
0.8312560617923737
0.16568222641944885
0.795371413230896
0.3635491132736206
0.20309674739837646
0.677195131778717
0.6652576923370361
0.4829270541667938
0.9113775491714478
0.7087135314941406
0.5837198495864868
0.7851284742355347
0.6108264625072479
0.14468306303024292
0.45528239011764526
0.6423448026180267
0.6477302610874176
0.9867346286773682
0.8213774561882019
0.5807117521762848
0.24708592891693115
0.44106167554855347
0.7328165173530579
0.715843141078949
0.7084670066833496
0.5638660192489624
0.559457540512085
0.461497962474823
0.6390102505683899
0.6606405973434448
0.6259264945983887
0.49910008907318115
0.5875154137611389
1.1531848311424255
0.9446741938591003
0.40103405714035034
0.5235380530357361
0.5172581076622009
1.0663850903511047
0.3203742504119873
0.53136146068573
1.0068846344947815
0.5501314699649811
0.5711989402770996
0.5301413536071777
0.7137520909309387
0.8825823366641998
0.6217756271362305
0.4746492803096771
0.701862633228302
0.48901909589767456
0.2513366937637329
0.19388794898986816
0.4066391587257385
1.1179002225399017
1.0078910887241364
0.9507282376289368
0.19799870252609253
0.7947609424591064
0.4677470326423645
0.3529093861579895
0.8165900707244873
0.6247896552085876
0.9075827300548553
0.7032530605792999
1.3204192221164703
0.5141640901565552
0.5345374047756195
0.9218117892742157
0.23487728834152222
0.7955052554607391
0.5506662726402283
0.5779785811901093
0.17468059062957764
0.4798359274864197
0.08606147766113281
0.3318084180355072
0.8413304686546326
0.7960688471794128
0.5694187879562378
0.8024799227714539
0.2274785041809082
0.37760958075523376
0.5844041109085083
0.8954387903213501
0.3888735771179199
0.41320547461509705
0.5806086361408234
0.515269935131073
0.7170450687408447
0.5861117839813232
0.8381860852241516
0.37797361612319946
0.6629325449466705
1.1108981668949127
0.921859860420227
0.5708427429199219
0.5704464018344879
0.7814208269119263
0.8009516000747681
0.6510241627693176
0.2674989402294159
0.8473427295684814
0.8442834913730621
0.13663238286972046
0.24223005771636963
-0.004070580005645752
0.33123260736465454
0.3103507459163666
0.7927480340003967
0.5563765168190002
0.8470228016376495
0.5138302743434906
0.387937068939209
0.37157297134399414
0.8628087639808655
0.96349236369133
0.5923613905906677
0.4026361107826233
0.8238103091716766
0.7816956639289856
0.5411389172077179
0.4696427881717682
0.596120297908783
0.5874574184417725
0.708407461643219
0.3183642029762268
-0.32501304149627686
0.24853098392486572
0.9503803253173828
-0.03597074747085571
0.5377596616744995
0.6192889213562012
1.2282689213752747
0.786586344242096
0.9806068241596222
0.7620369791984558
0.7498382329940796
0.7392146587371826
0.5497861504554749
0.3667560815811157
0.8980936408042908
0.8306757211685181
0.5618763864040375
0.21400529146194458
0.5859552621841431
0.725210577249527
0.750812828540802
0.5190593004226685
0.7281466424465179
0.4457232356071472
0.815802276134491
0.3535021245479584
0.445348858833313
0.7780613899230957
0.9828616380691528
0.8783560395240784
0.9048700034618378
0.15399962663650513
0.3772056996822357
0.6276900172233582
0.6478719711303711
0.5320829749107361
0.8625810444355011
0.915594220161438
0.5536830425262451
0.38284769654273987
0.41881632804870605
0.7888084650039673
0.3138236403465271
0.19916242361068726
0.41839176416397095
0.8504568636417389
0.910966545343399
0.719830721616745
-0.03149056434631348
1.0624844133853912
0.34878009557724
0.23053628206253052
0.7349445223808289
0.24490410089492798
0.667578399181366
0.44183069467544556
0.8057054877281189
0.4394037127494812
0.6172986924648285
0.5628975629806519
0.7200437188148499
0.8425547480583191
0.7963178157806396
0.8494817912578583
0.8417823016643524
0.40459853410720825
0.3557325005531311
0.17651039361953735
0.6942426860332489
0.7626088857650757
0.8019386529922485
1.06552192568779
0.4183802604675293
0.4813377261161804
1.1030777096748352
0.24768853187561035
1.0601882934570312
0.6757960319519043
0.8202182650566101
0.7449309825897217
0.7924282550811768
0.30507713556289673
0.0010218024253845215
0.4624476432800293
0.46233996748924255
0.6617605090141296
0.6865078508853912
0.40050607919692993
0.8460097312927246
0.6737686395645142
0.08856391906738281
0.7972546517848969
0.4938940405845642
0.4550617039203644
0.33942675590515137
0.6949416995048523
0.8765684962272644
0.6732215881347656
0.4527762532234192
0.17127853631973267
0.8234694600105286
0.8349961042404175
0.568047046661377
0.9037848114967346
1.3582193851470947
0.7314956784248352
0.5006789267063141
0.7828546762466431
0.45089590549468994
0.7014674544334412
0.6199352741241455
0.4284459054470062
0.5294210910797119
0.39818161725997925
0.5485067367553711
0.45979034900665283
0.1839689016342163
0.32866567373275757
0.8293155431747437
0.5134108066558838
1.2303407788276672
0.5650873482227325
0.9652385711669922
0.7500930428504944
0.9128506779670715
0.8653624951839447
0.7184934020042419
0.5486185848712921
0.26831990480422974
0.810407280921936
0.6472349762916565
0.5564666986465454
0.8465332388877869
0.8668659925460815
0.17063778638839722
0.7967710196971893
0.2661338448524475
-0.07405954599380493
0.3706962466239929
1.0615549683570862
0.6783143281936646
0.6345776915550232
0.7667618691921234
0.4989360570907593
0.7301821708679199
0.8135748505592346
0.76312455534935
0.8406976163387299
0.5377530455589294
1.0312933325767517
0.6740901470184326
0.3663453459739685
0.27401190996170044
0.3197546601295471
0.7746924161911011
0.26605314016342163
0.8435057401657104
0.2936384081840515
0.4195871949195862
0.41094905138015747
0.6704092621803284
0.4381020665168762
0.5751034319400787
0.9359980821609497
0.8076322674751282
0.6274569034576416
0.32113921642303467
0.7020978331565857
0.44901716709136963
0.2627720236778259
0.5358693599700928
0.8660976886749268
0.1663329005241394
0.21689212322235107
0.9604263007640839
0.8894621133804321
0.64944988489151
0.6649422347545624
0.9673673510551453
0.596042811870575
0.8797411024570465
0.6838745474815369
0.8570749759674072
-0.09442251920700073
0.5861251056194305
0.7792940139770508
0.8696020841598511
0.6943788528442383
0.6869952976703644
0.6884744763374329
0.5909917056560516
0.44484102725982666
0.4514669179916382
0.7008048295974731
0.6960161924362183
0.7554337382316589
0.556909441947937
0.6696049571037292
0.5326628088951111
0.5550610423088074
0.4704350233078003
0.330885648727417
1.2003708481788635
0.0222453773021698
0.41383785009384155
0.33505886793136597
0.7395501732826233
0.47368133068084717
0.49319976568222046
0.1271953582763672
0.6734270453453064
0.9227681756019592
0.7140625715255737
1.0816839337348938
0.40865957736968994
0.46132612228393555
0.7990373373031616
0.5288988351821899
0.6147177219390869
0.9245333671569824
0.6205707490444183
0.48643243312835693
0.6868181228637695
0.8945901393890381
0.5762924551963806
0.3563218116760254
0.6303407847881317
0.6523789167404175
0.608915388584137
0.6908816397190094
0.41742849349975586
0.5179314613342285
-0.035888731479644775
0.4258204698562622
0.8724785447120667
0.2721328139305115
0.4078648090362549
0.3942453861236572
0.6665301024913788
1.0377126336097717
0.5189383327960968
0.3739168047904968
0.5214150846004486
0.47882330417633057
0.8674569725990295
0.4567440152168274
0.7900907397270203
0.5618556141853333
0.40273600816726685
1.2283559143543243
1.0226142406463623
0.7823642492294312
0.8501076102256775
0.9804570078849792
0.7376303374767303
0.2704358994960785
0.3585989475250244
0.7599804997444153
0.6332482099533081
0.7718690633773804
0.6721625924110413
0.5899257957935333
0.8165077567100525
0.22344321012496948
0.6692551374435425
0.07725948095321655
0.6739662289619446
0.9929401874542236
0.07251054048538208
0.6963698267936707
0.5263868272304535
0.06307059526443481
0.5575047135353088
1.2919131219387054
0.6964246034622192
0.5820789337158203
0.5918853878974915
0.35905033349990845
0.7551499903202057
0.473671019077301
0.06478577852249146
0.6939370036125183
0.306318461894989
0.5983038544654846
0.31373998522758484
0.16014760732650757
1.2881025075912476
0.6977725923061371
1.3817853927612305
0.2325686812400818
1.0975091457366943
0.991581380367279
0.7013278901576996
0.5334472060203552
0.3997310996055603
1.029211163520813
0.5908333659172058
0.7256739437580109
0.3792828917503357
0.934770941734314
0.6271661520004272
0.5723673105239868
0.35269904136657715
1.101834386587143
0.12033337354660034
0.4900586009025574
0.6004140079021454
0.642725795507431
0.5980565547943115
0.32636696100234985
0.5523126125335693
0.7214585542678833
0.4333953261375427
0.7941211462020874
0.2628071904182434
0.8569315075874329
-0.03609001636505127
0.21699941158294678
0.6052436828613281
0.01999223232269287
0.4366282820701599
0.6337236762046814
0.6269733607769012
0.7200039625167847
0.3653574287891388
0.3508008122444153
0.4735492467880249
0.16448938846588135
0.16460329294204712
0.7989246249198914
0.6329608261585236
0.33972078561782837
0.7134296596050262
0.6911885142326355
0.6011810898780823
0.22003483772277832
0.6191447079181671
1.231072872877121
0.8887596726417542
0.5932923853397369
0.2572174072265625
0.6253686249256134
-0.1653127372264862
0.9393451809883118
0.8155128359794617
0.8197324275970459
0.6044912338256836
0.6714418828487396
1.426113873720169
0.38172149658203125
0.9272407293319702
-0.05323648452758789
0.7859641909599304
0.27809274196624756
0.10037505626678467
0.4126579761505127
0.6693945527076721
0.5162891149520874
0.7238264679908752
0.894728034734726
0.7759158909320831
0.34917688369750977
0.26128101348876953
0.32453465461730957
0.7143595218658447
0.9918550550937653
0.35137152671813965
0.29352784156799316
0.3100418150424957
0.7562273144721985
0.3798590302467346
0.3662450313568115
0.2689855098724365
0.2312292456626892
0.6943809390068054
0.4102784991264343
0.3510725498199463
0.6808395981788635
0.8897347450256348
0.6338027715682983
0.5213052928447723
0.5045888125896454
0.2683079242706299
0.8017519116401672
0.5292077660560608
0.9218764305114746
0.25035959482192993
0.6054940223693848
0.30407771468162537
0.6745792031288147
0.45711642503738403
0.7811941802501678
0.595407247543335
0.3889041543006897
0.7276752591133118
0.7340700924396515
0.5345158278942108
0.5068807601928711
0.40744632482528687
0.6466583609580994
0.7500090003013611
0.8139327168464661
0.8448265790939331
0.45515161752700806
0.9297738373279572
0.9015589952468872
0.5738749504089355
0.5707747936248779
0.18729352951049805
0.8943195939064026
0.8027677536010742
0.8253917098045349
0.5626838505268097
0.9523236155509949
0.8567133843898773
0.9405747652053833
0.2352762222290039
1.019367903470993
0.6179398894309998
0.36124706268310547
0.7045689225196838
0.7936153709888458
0.971242755651474
1.2155628502368927
0.7366558909416199
1.0576183199882507
0.3180084824562073
0.3719378709793091
0.7720276713371277
0.9313158988952637
0.5639620423316956
0.19136780500411987
0.48884183168411255
0.4430173933506012
0.2030172348022461
0.3158109188079834
1.0757570266723633
0.9946503341197968
0.5797024369239807
0.4672325849533081
0.37766462564468384
0.3382819890975952
0.47285163402557373
0.7253509759902954
0.8694214522838593
0.7272963225841522
0.10997265577316284
0.694887101650238
0.858990490436554
0.31198927760124207
0.5002942085266113
0.8726134896278381
0.3945435881614685
0.7695443034172058
0.668147087097168
0.2639325261116028
0.5431845188140869
0.7139686644077301
0.34410572052001953
0.7779110670089722
0.5875298976898193
0.5318266153335571
0.7229284346103668
0.7671926617622375
0.8468406200408936
0.40784144401550293
0.606476753950119
0.42239493131637573
0.6396091282367706
1.0131453275680542
0.7746692895889282
0.749687910079956
0.6280084550380707
0.8420796692371368
0.5059534907341003
0.6974333822727203
0.441386342048645
0.8548620343208313
-0.25735825300216675
0.44157326221466064
0.8099259734153748
0.5908660292625427
0.5799819827079773
0.2387925386428833
0.8953439295291901
0.355579137802124
0.04701638221740723
0.061324477195739746
0.9240815043449402
0.9706873893737793
0.2934470772743225
1.0559859573841095
0.6645264029502869
0.6737765073776245
0.83550626039505
0.38804930448532104
0.28853166103363037
0.04076814651489258
0.6450353264808655
0.44594693183898926
0.17237693071365356
0.25874537229537964
0.8051328063011169
0.11924445629119873
0.513121634721756
0.19452661275863647
0.7409782409667969
0.8102386891841888
0.8850342035293579
0.9328055679798126
0.7551363110542297
0.8558250367641449
0.944549560546875
-0.0386616587638855
0.047654688358306885
0.9275497794151306
0.5157409310340881
0.03594011068344116
1.1190545856952667
0.9688844680786133
0.788367748260498
0.5195512175559998
0.8471629619598389
0.6588480472564697
1.1818687319755554
0.8035700023174286
0.6212520003318787
0.41691356897354126
0.8976501226425171
0.8242432177066803
0.4809057116508484
0.49254167079925537
0.9033718705177307
0.1923576295375824
0.4186999201774597
0.522743284702301
0.564117431640625
0.454304963350296
0.5594471096992493
0.7591152787208557
0.17154812812805176
0.7893112897872925
0.7690994739532471
0.886938214302063
0.5225097835063934
0.7132723331451416
0.47910287976264954
0.6625424027442932
0.3724650740623474
1.2852304875850677
0.511051595211029
0.4560089111328125
0.39591240882873535
0.8713473081588745
1.1705013811588287
0.4175601005554199
0.8141869902610779
0.3808816075325012
0.22630220651626587
1.035560965538025
0.23723971843719482
0.7432798147201538
0.5777902603149414
0.7790359854698181
0.7408456802368164
1.4720101058483124
0.8858194351196289
0.7939616441726685
1.2437432706356049
0.5686779022216797
0.7231488227844238
0.8275308907032013
1.2862422168254852
0.49678605794906616
0.5400371551513672
0.48292624950408936
0.8248487710952759
0.5947895646095276
1.050394594669342
0.37287604808807373
0.1439160704612732
0.2737811803817749
0.7872270345687866
0.08607429265975952
0.29716718196868896
0.9312967658042908
0.227386474609375
0.26084238290786743
0.9752573370933533
0.3305875062942505
0.24815577268600464
0.7236606478691101
0.5109910368919373
0.9851586818695068
0.47063055634498596
0.47222214937210083
0.5201762914657593
0.6291272044181824
0.06739795207977295
0.08683690428733826
0.9239832758903503
-0.17901039123535156
0.8891879320144653
0.8833207190036774
0.40443819761276245
0.5423188805580139
0.7864252328872681
0.8212226331233978
0.7734784781932831
0.5004175901412964
0.7560319304466248
0.7231789827346802
0.43854886293411255
1.0700473487377167
0.43678492307662964
0.5906262993812561
-0.2330276370048523
0.7838187217712402
0.11107277870178223
0.4166957139968872
0.13077926635742188
0.40462207794189453
1.2298465967178345
0.47129327058792114
0.5227279663085938
0.5813362896442413
0.7974236905574799
0.4181101620197296
0.5882514715194702
0.6147301197052002
1.0107820630073547
0.47277718782424927
0.9116441607475281
0.6479377746582031
0.13577747344970703
0.6723738312721252
0.4103504419326782
0.7418935000896454
0.03926926851272583
-0.03735029697418213
0.7412785887718201
0.8460192978382111
0.4142497181892395
0.49864086508750916
0.6655849516391754
0.8424942791461945
0.37744104862213135
1.0689550638198853
0.3162035346031189
0.7158171534538269
0.7426390051841736
0.8312311768531799
0.49245545268058777
0.5897071957588196
0.872094988822937
0.2676165699958801
0.028682470321655273
0.5521572828292847
0.5785216093063354
0.594787061214447
0.3110225796699524
0.7373127937316895
1.1498045921325684
0.7901150286197662
0.6979129910469055
0.6795936226844788
0.7009249627590179
0.7203801274299622
0.6516814827919006
1.13327956199646
0.5592110753059387
0.7176049649715424
0.8240770697593689
1.0089419186115265
0.7113816142082214
-0.02444213628768921
0.47350066900253296
1.046396255493164
0.6685098707675934
0.7774081826210022
0.5884132981300354
0.8967061638832092
0.7436541318893433
0.29321056604385376
0.879142552614212
0.5042636394500732
0.519412100315094
0.4012080430984497
0.29189643263816833
0.36340999603271484
0.894450843334198
0.3407363295555115
1.096626192331314
0.10082608461380005
0.5923454761505127
0.616167277097702
0.39958488941192627
0.5760327875614166
0.43783313035964966
0.4296395480632782
0.1468600034713745
0.7984492182731628
0.6728571653366089
0.522226870059967
0.47162625193595886
0.5398727655410767
1.166201889514923
0.7001321315765381
0.9611253142356873
0.5098654627799988
0.2866458296775818
0.44946908950805664
0.527548611164093
0.7659521400928497
0.2017701268196106
0.11479330062866211
0.1511790156364441
0.4690397083759308
0.3125305771827698
0.4385265111923218
0.6997329592704773
0.5725215077400208
0.6882851123809814
0.5934538841247559
0.4673147201538086
0.5301882028579712
0.5503320097923279
0.511667400598526
0.8308404982089996
0.8260548114776611
0.552635133266449
0.17487984895706177
0.5262241363525391
0.9989130198955536
0.3425355553627014
0.6707191169261932
0.47785621881484985
0.7753195762634277
0.8116158843040466
0.5493289232254028
0.69881671667099
0.6039441227912903
0.7559621930122375
0.8002313673496246
0.5623261332511902
0.5354336500167847
1.471619427204132
0.6617518663406372
0.40440672636032104
0.49691906571388245
0.5301346182823181
0.9177065193653107
1.1692928075790405
0.7942967712879181
0.6699416935443878
0.48056110739707947
0.7172575891017914
0.8929031491279602
0.9841215014457703
0.4758760333061218
0.0832107663154602
0.9022573232650757
0.7045590281486511
0.7578791379928589
0.5682844519615173
0.6561981439590454
0.45014166831970215
0.8650659620761871
0.628201961517334
0.6064088344573975
0.8112613558769226
0.8271180391311646
0.844362199306488
0.5379434823989868
0.9779081046581268
0.9491381645202637
0.2822606563568115
0.4827936887741089
0.9581858515739441
0.5764747262001038
0.6658550500869751
1.0675870478153229
0.4897662401199341
0.21605455875396729
0.773851752281189
0.5652790665626526
0.34337306022644043
0.8609715104103088
0.4226052761077881
0.649712085723877
0.7026110291481018
1.1845518946647644
0.45551902055740356
0.6531389355659485
1.0220928192138672
0.6590559482574463
0.802259624004364
0.47917044162750244
0.9047266244888306
0.4409983158111572
0.6656115055084229
0.7809762954711914
0.9213768839836121
0.7783277034759521
0.5794568657875061
0.6378804445266724
0.5841522216796875
0.5182225704193115
0.31394171714782715
0.5504459142684937
0.776057243347168
1.0628893673419952
0.5051202178001404
0.7400773167610168
0.6918399930000305
1.0320089757442474
0.5375083088874817
0.5812630653381348
0.6229124665260315
0.7578662633895874
0.4098825454711914
0.7140700817108154
0.43885207176208496
0.6509628891944885
0.5360209345817566
0.34082460403442383
0.7089666128158569
0.7227681279182434
0.4914216995239258
0.6409556269645691
0.5803701281547546
0.6854397654533386
0.38045620918273926
0.7538520097732544
0.8959676623344421
0.8394972681999207
0.05848729610443115
0.2821711301803589
0.6128700971603394
0.6056368350982666
0.8811600804328918
0.48265814781188965
0.7574946284294128
0.5600614249706268
0.648518979549408
0.16080445051193237
0.532929539680481
0.21556508541107178
0.7113336622714996
0.7639094591140747
0.44937747716903687
0.6271457672119141
0.8252260684967041
0.17249783873558044
0.964733213186264
0.19293370842933655
0.9776832163333893
0.8937287330627441
0.6129383444786072
0.6438632309436798
0.38496655225753784
0.6476984620094299
0.3778945803642273
1.1620162427425385
0.7816647887229919
0.8107501864433289
0.6546860337257385
0.38130903244018555
0.6617580950260162
0.1930145025253296
0.7459268569946289
0.4388699531555176
0.7618919610977173
-0.064145028591156
0.994041919708252
0.9072518348693848
0.3593348562717438
0.48980188369750977
0.473984956741333
0.6761448383331299
0.8085439801216125
0.7858085036277771
0.6186195611953735
0.6195875406265259
0.7385561168193817
0.5426406860351562
0.8888408243656158
1.0331193804740906
-0.03046184778213501
0.6666315197944641
0.6422673463821411
0.47690439224243164
0.32398128509521484
0.23987466096878052
1.039929747581482
0.8292593061923981
0.49471980333328247
0.7501716911792755
0.5208256244659424
0.38883382081985474
0.039430439472198486
1.0032896995544434
0.4693593382835388
0.4692269563674927
0.7627115845680237
0.8176958560943604
0.6087820529937744
0.736049473285675
0.4467040002346039
0.6095189452171326
0.45513713359832764
0.7957636415958405
0.7103466689586639
0.6033021211624146
0.6814699769020081
0.8383496403694153
0.9133824706077576
0.7076714038848877
0.8662580251693726
1.5469723641872406
0.4860035479068756
0.452561616897583
0.5636477470397949
0.834660530090332
0.28250908851623535
0.7492849230766296
0.6434845924377441
0.6412199139595032
0.49059003591537476
0.9502732157707214
0.595610499382019
0.5954667031764984
0.667530357837677
0.7068132162094116
0.962193489074707
1.098444402217865
0.35977137088775635
0.21555757522583008
0.187275230884552
0.2982792258262634
0.9151410460472107
0.4469218850135803
0.43819934129714966
0.8432038128376007
0.8160744309425354
0.7720534205436707
0.5522090494632721
0.7061086893081665
0.5416744351387024
0.855371743440628
0.8336665034294128
0.6422089338302612
0.7188268601894379
0.9579697549343109
0.7736574411392212
0.2652702331542969
0.9683013558387756
0.9678519070148468
0.7765733003616333
0.4939005970954895
0.3628268837928772
0.8042944967746735
-0.5306507349014282
0.4088284969329834
0.6451098620891571
1.160804271697998
0.29187482595443726
0.6128045320510864
0.9631909132003784
0.6834761500358582
0.6217299699783325
0.14984583854675293
0.6859086751937866
0.6272467970848083
0.8856940269470215
0.3865138292312622
0.9296457767486572
0.4958454966545105
0.5068680644035339
0.7374838590621948
0.5044951736927032
0.05532205104827881
0.6990628242492676
0.6001924872398376
0.41693389415740967
0.6379755735397339
0.3104514479637146
0.7688490152359009
-0.08178222179412842
0.4949629306793213
0.6749395728111267
0.6026601195335388
0.9634890556335449
0.17066305875778198
0.8103269040584564
0.31645822525024414
0.16259825229644775
0.6336968541145325
0.6667956113815308
0.5781674087047577
0.2512049078941345
0.8396467864513397
0.562349796295166
1.0844178795814514
0.8371964693069458
0.29913121461868286
0.851912260055542
0.7514725923538208
0.6208370327949524
0.7298726439476013
0.9007240533828735
0.9888592958450317
0.7274333238601685
0.7640656232833862
0.8330299556255341
0.7358001172542572
0.5963345170021057
0.6932195425033569
0.7169958353042603
0.5775474905967712
0.6523090600967407
0.5388754904270172
0.47960352897644043
0.6394447088241577
0.48092901706695557
0.09426552057266235
0.5324503779411316
0.45211726427078247
0.7032919526100159
0.5519020557403564
0.6150895059108734
0.32672935724258423
0.867179811000824
0.4855399429798126
0.366754949092865
0.8946033120155334
0.6126596927642822
0.6187947690486908
0.4222739338874817
0.5778174996376038
0.9931282699108124
1.1325247287750244
0.6959129869937897
0.6845831871032715
1.0360922813415527
0.8309122920036316
0.7287049889564514
0.4439978003501892
0.7866650521755219
0.5703487396240234
0.5592371225357056
0.6388280391693115
0.6317153573036194
0.7507394552230835
0.46991652250289917
0.6190370917320251
0.9331664443016052
0.41773784160614014
0.8935873210430145
0.20434093475341797
0.6975767016410828
0.6238746643066406
0.7254657745361328
1.047120213508606
0.5225536525249481
1.0555743277072906
0.8344583511352539
0.6825065016746521
0.4574398696422577
0.1091240644454956
0.9237405061721802
0.7658034563064575
0.8686200380325317
1.044032484292984
0.7289139926433563
0.6607991755008698
0.4084983468055725
0.7007005512714386
0.33092784881591797
0.7183038294315338
0.7495929896831512
0.4966543912887573
0.4677483141422272
0.8491384983062744
0.9612942934036255
0.8899294137954712
0.6274378299713135
0.7488247752189636
1.1313888132572174
0.1029280424118042
0.4093201160430908
0.5278732776641846
0.24525493383407593
1.1496757864952087
0.3132752776145935
0.2690906524658203
0.16266578435897827
0.6100937724113464
0.5376287698745728
0.5150375366210938
0.4512052536010742
0.7492973804473877
0.33725523948669434
0.5200437307357788
0.3282829523086548
0.45149028301239014
0.643062949180603
0.8817125558853149
0.7448877692222595
0.8626754283905029
-0.3326151371002197
0.2687861919403076
0.5875940918922424
0.6943511664867401
0.47576212882995605
0.8355713188648224
0.26114922761917114
0.47733134031295776
0.7019305229187012
0.8737927973270416
1.127367913722992
0.6436635255813599
0.7919333577156067
0.4090104103088379
0.49088114500045776
0.9678643941879272
0.5519683659076691
0.46370598673820496
0.08474820852279663
0.5392324328422546
0.37450575828552246
0.3632633686065674
0.5334117412567139
0.9506587982177734
0.7410979270935059
0.15464770793914795
0.7670881748199463
0.01814371347427368
0.4396589398384094
0.7978133857250214
0.7981767058372498
0.6970821917057037
0.35452014207839966
0.9168693721294403
0.6770912408828735
0.2294139266014099
0.6435707211494446
0.8690151870250702
0.17303168773651123
0.5960528254508972
0.43884795904159546
0.4408333897590637
1.4343807697296143
0.6770630180835724
0.17123842239379883
0.5860562324523926
1.2921514511108398
1.071996420621872
0.8201760053634644
0.5597760081291199
0.5871961116790771
0.08611488342285156
0.34955495595932007
0.9828264713287354
0.6968813538551331
0.3781067132949829
0.5058333873748779
0.5515351891517639
0.8059225678443909
0.7734929919242859
0.874591201543808
0.3861299753189087
0.9197723269462585
0.3705552816390991
0.45567548274993896
0.30188220739364624
0.6760122179985046
0.7520233392715454
0.4420333504676819
0.4484058618545532
0.8369434475898743
0.3650401830673218
0.6488569378852844
-0.011075019836425781
0.5326595306396484
1.1588751077651978
0.5067474842071533
0.3062450885772705
0.5380031764507294
1.0287092626094818
0.13807570934295654
0.4081791043281555
0.17376357316970825
0.5578824281692505
0.28211814165115356
1.0900486409664154
0.9537778496742249
0.7986662685871124
0.43639469146728516
0.6240589022636414
0.2733777165412903
0.9023173451423645
0.924099326133728
0.7271691560745239
0.6884052753448486
0.3205847144126892
0.8817518949508667
0.27303940057754517
0.47775936126708984
0.353545606136322
0.6006091833114624
0.530235767364502
0.9973457753658295
0.704575777053833
0.29500436782836914
0.6367740631103516
-0.17762625217437744
0.7409623563289642
0.5761857032775879
0.5311307907104492
0.8953044712543488
0.6560758948326111
0.602123349905014
1.0442043542861938
0.8981693387031555
0.9826339185237885
0.39413267374038696
0.7921636402606964
0.17608922719955444
0.33274126052856445
1.0221902132034302
0.291576623916626
0.49410271644592285
0.16051948070526123
-0.04928559064865112
0.3502710461616516
0.5548692941665649
0.8984490036964417
1.0541329979896545
0.7130259275436401
0.432850182056427
0.6836103796958923
0.7746270895004272
0.4065091609954834
0.7371516823768616
0.2934412658214569
0.41945701837539673
0.7905123829841614
1.1489944458007812
0.4319494962692261
0.3646285831928253
0.4550045132637024
0.6769309639930725
0.7335180938243866
0.2959516644477844
0.39620938897132874
0.5902650356292725
0.4586082696914673
-0.48058396577835083
0.6192275583744049
0.6484957337379456
0.9389714598655701
0.8586231172084808
0.580277293920517
0.6950096189975739
0.9026827216148376
0.6489613056182861
0.5077406167984009
0.6928755044937134
1.0603775084018707
0.5061651468276978
0.08426356315612793
0.43695271015167236
0.4197709858417511
0.7461504340171814
0.5402040481567383
1.0643855333328247
0.6779689192771912
0.2749599814414978
0.23460641503334045
0.49847298860549927
0.5876189470291138
0.3532295525074005
0.38612502813339233
0.6003707051277161
0.48837214708328247
-0.21287089586257935
0.6719334721565247
0.775316596031189
0.4533731937408447
0.6410162448883057
0.6592990458011627
0.35155588388442993
0.8084669411182404
0.6243273317813873
0.4830790162086487
0.5890217423439026
0.46528226137161255
0.9533165097236633
0.8552607893943787
0.3344351649284363
0.10985380411148071
0.6923784017562866
1.0329785346984863
0.23638862371444702
0.40052711963653564
1.1280409097671509
0.5573468208312988
0.5699465274810791
1.218719720840454
0.9840055704116821
0.48583701252937317
0.6933322548866272
0.8584623336791992
0.628976047039032
0.5386214852333069
0.6291130781173706
0.4526491165161133
0.6405559182167053
0.5366567969322205
0.6910418272018433
0.63360196352005
0.6821151673793793
0.5841783881187439
0.8628406524658203
0.5616816878318787
0.8028708696365356
0.24146348237991333
0.5424813628196716
0.8752407133579254
0.17757153511047363
0.35680872201919556
0.43322211503982544
0.25775957107543945
0.6578772068023682
0.6678013205528259
0.4190669059753418
0.6411817669868469
0.04502588510513306
0.7726982831954956
-0.49784716963768005
0.5243961215019226
0.49786344170570374
0.5241536200046539
0.43040168285369873
0.8875465989112854
0.6365658044815063
0.626515805721283
0.8491446375846863
0.2823197841644287
0.6998663544654846
0.3918853998184204
0.6874977350234985
0.5234424769878387
0.7575597167015076
0.648804783821106
0.6654747426509857
0.7134223580360413
0.4362146258354187
0.6857669949531555
0.5666044354438782
0.4580499529838562
0.7700414061546326
0.048625826835632324
0.07398337125778198
0.6498653292655945
0.8446840941905975
0.3014058470726013
0.7226169407367706
0.573490560054779
0.6382933259010315
0.44278180599212646
0.4538225531578064
0.05752980709075928
0.013763070106506348
0.9339128136634827
0.690706342458725
0.8090503811836243
0.6840021908283234
0.6884151697158813
0.44438862800598145
-0.04919448494911194
0.5323177874088287
0.9440666437149048
0.9215902090072632
0.28035497665405273
0.5091472864151001
0.8142123222351074
0.8474847078323364
0.3603508770465851
0.24982482194900513
0.8105928301811218
0.8297591805458069
0.2510623335838318
1.123925358057022
0.7619429528713226
0.7197765111923218
0.382781445980072
0.49868708848953247
0.8788324594497681
0.8974313735961914
0.4130985140800476
0.8053443133831024
0.9369867146015167
0.8298949897289276
0.4723849296569824
0.9340912699699402
0.5452334880828857
0.250277042388916
0.25411689281463623
0.5342011451721191
0.2807232141494751
1.2032617926597595
0.2968449294567108
0.5461197197437286
0.8622198700904846
1.2249861657619476
0.6688308715820312
0.8095631301403046
0.42084383964538574
0.5369028449058533
0.42497020959854126
0.622557520866394
1.0580643713474274
0.6027532815933228
0.4760980010032654
1.0272902846336365
0.2986834943294525
0.5188459157943726
0.6970458030700684
0.8547447323799133
0.888049840927124
1.0873089134693146
0.9968615770339966
0.5409368872642517
0.16100573539733887
0.6893832087516785
0.8528287410736084
0.615842878818512
0.4955941438674927
0.8332509994506836
0.011505365371704102
0.3182102143764496
0.5929916203022003
0.6639395356178284
0.5486429929733276
0.6067671179771423
0.285270094871521
0.8904541432857513
1.0855379104614258
0.8379064798355103
0.6594423353672028
1.0053960978984833
0.4617862105369568
0.9067887961864471
0.6499853730201721
0.40667271614074707
0.6688594818115234
0.3634423017501831
0.6207703948020935
0.9009071588516235
0.7744991183280945
0.8150489330291748
0.8431602716445923
0.04021066427230835
0.5993699133396149
0.6050988137722015
0.6888188719749451
0.7716271877288818
0.8087008595466614
0.33195507526397705
0.6449031829833984
0.019687414169311523
0.4383530020713806
0.4969758093357086
1.1460182666778564
0.39003485441207886
0.4084441065788269
0.5856325626373291
0.376008003950119
0.3937864899635315
0.5609846711158752
0.3942602872848511
0.48637211322784424
0.56852787733078
0.20019763708114624
0.7369465827941895
0.6006302237510681
0.8356698751449585
0.31910938024520874
0.7965956926345825
0.7381349205970764
0.630818247795105
0.286283940076828
0.48563075065612793
1.0380269289016724
0.9070191085338593
0.4506506323814392
-0.12850993871688843
0.6697717905044556
0.6054294109344482
0.9510222971439362
0.47816479206085205
0.7582501769065857
0.2439526915550232
0.5743296146392822
0.7648289501667023
0.6482920050621033
0.32708925008773804
-0.05029505491256714
0.7486967742443085
0.2315022349357605
0.16540181636810303
0.9991172552108765
0.31463009119033813
0.28478509187698364
0.7710344791412354
0.44590798020362854
0.812994658946991
1.023400366306305
0.6465796828269958
0.710080623626709
0.9149712324142456
0.6974881291389465
0.16910827159881592
0.19659674167633057
0.5966596603393555
0.5623219609260559
0.2528500556945801
0.13089561462402344
0.4887635111808777
0.8871548175811768
0.5997278094291687
0.4696096181869507
0.7655093669891357
0.6367206573486328
0.746476411819458
0.8492341637611389
0.9965786933898926
0.7409690618515015
0.3958725929260254
0.7155064642429352
0.6030556559562683
0.5732337832450867
1.209069848060608
0.435763955116272
0.7925712466239929
0.923058807849884
0.7725341320037842
0.7117950320243835
0.7810152769088745
0.8609034419059753
0.8609237968921661
0.748449981212616
0.8378762602806091
0.7152189016342163
0.7233972549438477
0.6208470165729523
0.4090881943702698
0.5470902621746063
0.6514264941215515
0.5109910368919373
-0.09838324785232544
0.40082913637161255
0.4484294652938843
0.923766702413559
0.44555020332336426
0.026764392852783203
1.1786605715751648
0.6812284588813782
0.8806999623775482
0.6988345384597778
0.6750203371047974
0.8914116621017456
0.17222458124160767
0.5168176889419556
0.45697271823883057
1.0614116787910461
0.2806403636932373
0.6111755967140198
0.44140082597732544
0.5527755618095398
0.5123533010482788
0.2525849938392639
0.2725983262062073
0.2534940242767334
0.1258600354194641
0.4684523642063141
0.28419435024261475
1.0639841556549072
1.0952925384044647
0.5979705452919006
0.9371967911720276
0.4848574995994568
0.5260574817657471
0.29323089122772217
0.231980562210083
0.4274398684501648
0.33460527658462524
0.5413832664489746
1.0035828351974487
0.7968744933605194
0.5371084809303284
0.7455862462520599
0.7830467224121094
0.6495779156684875
0.8331466615200043
0.6349554061889648
0.4452953636646271
0.7166813910007477
0.65934619307518
0.628230094909668
0.6155617237091064
0.317279577255249
0.3005133271217346
0.349628746509552
0.45879000425338745
0.7871388494968414
0.47659382224082947
0.4092811644077301
-0.042247116565704346
0.8038043975830078
0.5073513388633728
0.694460928440094
0.8236696124076843
0.737443208694458
0.9864384531974792
0.546646773815155
0.11049944162368774
0.9984247088432312
0.6407042741775513
0.4883333146572113
0.8621394634246826
0.41037827730178833
0.9259540140628815
0.9412817656993866
0.42085909843444824
0.7375773787498474
0.8895024061203003
0.8932766914367676
0.35497862100601196
0.550447553396225
-0.17484992742538452
0.11463433504104614
1.2746329605579376
0.5492588579654694
1.021881252527237
0.7768711149692535
0.9428485929965973
1.3411425948143005
0.8538066744804382
0.25657761096954346
0.8272274136543274
0.48413270711898804
0.37334883213043213
0.6762168407440186
0.4751322269439697
0.26196396350860596
0.7219558656215668
0.5197893977165222
0.21839600801467896
0.46593040227890015
0.6741427779197693
0.9033131301403046
0.7798038721084595
0.6206308603286743
0.33633869886398315
0.1459512710571289
0.4068988561630249
1.1207995116710663
0.8183337152004242
0.7852038741111755
0.7074398994445801
0.7190351784229279
0.6708060503005981
0.7367192208766937
1.093486249446869
0.3795926570892334
0.8527599573135376
0.31815963983535767
0.8050854802131653
0.5520204603672028
0.39412522315979004
0.5577705502510071
0.7678412199020386
0.29857075214385986
0.723423421382904
0.7821199893951416
0.7480100989341736
0.7327149510383606
0.7472656965255737
0.6047468185424805
0.5302771627902985
0.2904874086380005
0.6679238677024841
0.37530767917633057
0.6658045053482056
0.9550025761127472
-0.024157166481018066
0.09379172325134277
0.5141777992248535
0.43550676107406616
0.9085366725921631
0.41657739877700806
0.45730355381965637
0.6703902184963226
0.6177095472812653
0.3941754698753357
0.8244209587574005
0.3169304132461548
0.48974472284317017
0.7757258713245392
0.8002006709575653
0.4552985429763794
0.3624454140663147
0.9115405976772308
0.48552682995796204
0.26967012882232666
0.8369802236557007
1.1812140941619873
0.7518466413021088
0.10094034671783447
0.45730942487716675
0.2245916724205017
0.6783763766288757
0.9242880642414093
0.6779970526695251
0.573358029127121
0.5674552917480469
0.6863874197006226
0.7621554136276245
0.4495311975479126
0.4260486960411072
0.9667685031890869
0.6364738047122955
0.17884019017219543
0.9722570776939392
0.5919366180896759
0.5537970066070557
0.7833629250526428
0.7191151976585388
0.5964852273464203
0.3426349461078644
0.8753292262554169
1.1401633620262146
0.6288414597511292
0.6453835964202881
0.5077307522296906
0.507994532585144
0.8186071515083313
0.7817922830581665
1.07985919713974
0.36851340532302856
0.7275784015655518
0.9751103222370148
0.6642757952213287
0.45004481077194214
0.5980063676834106
0.48282551765441895
0.4567992091178894
0.8934821486473083
0.8635402917861938
0.9601391553878784
0.6141229271888733
0.7848895490169525
0.29033899307250977
0.11647984385490417
0.5951839983463287
0.5542981624603271
0.5077399015426636
0.866962194442749
0.6119430661201477
0.47225284576416016
0.7118343710899353
0.6683268547058105
0.5641865134239197
0.6409560739994049
1.3954501152038574
0.14465123414993286
0.2501819133758545
0.7606950402259827
1.0759889781475067
0.8818347454071045
0.681680828332901
0.4496206045150757
0.9600833058357239
0.8864350318908691
0.34257620573043823
0.5369404256343842
0.20158159732818604
0.84722039103508
0.4710557758808136
0.5526957511901855
0.7886907160282135
0.42752426862716675
0.8100332617759705
0.7652857303619385
0.5399361252784729
0.5136464238166809
0.11500948667526245
0.646055281162262
0.7658039331436157
0.2198989987373352
1.0815318822860718
0.4367911219596863
0.7804011106491089
0.21989983320236206
0.12466520071029663
0.052536964416503906
1.4542155861854553
0.6021846532821655
0.3163451552391052
0.9121114015579224
1.0308435261249542
0.7705971002578735
0.7534623146057129
0.750835120677948
0.4564836025238037
0.9531470537185669
0.33213645219802856
1.0229087471961975
0.951106071472168
0.7945883274078369
0.7057178020477295
0.4026125371456146
0.3891187310218811
0.6450940668582916
0.47576504945755005
0.475229948759079
0.7860202193260193
0.26665329933166504
0.16306424140930176
0.7950003743171692
0.8277330994606018
0.7767069637775421
0.6503122448921204
0.8385252356529236
0.7435754537582397
0.6099683344364166
1.0694293081760406
0.7524313628673553
0.38386279344558716
0.2872961163520813
0.7476186752319336
1.3938087224960327
0.28225648403167725
0.7447769343852997
0.31561994552612305
0.7603968381881714
0.4177667498588562
0.45436251163482666
0.8375712633132935
1.0188721418380737
0.6355302631855011
0.8140805959701538
0.7564927935600281
0.6106188893318176
0.377498984336853
0.6917012631893158
0.6261447370052338
0.6383505165576935
0.7162092626094818
0.5259138345718384
0.24727973341941833
0.6355298757553101
0.7796099781990051
0.46337956190109253
1.2839366793632507
0.894573986530304
0.7945848703384399
0.7746035158634186
0.5809299945831299
0.3552374839782715
0.49488598108291626
1.073598027229309
0.48561909794807434
0.4940149188041687
0.4944331645965576
0.38518738746643066
0.48648107051849365
0.43350255489349365
0.8600267767906189
0.30801820755004883
0.801054835319519
0.7738219499588013
0.3338962197303772
0.07177788019180298
0.8857499659061432
0.43535304069519043
1.2885198295116425
0.3607724905014038
0.4584592282772064
0.6519793272018433
0.6887283325195312
0.5448280572891235
0.9306883811950684
0.20518165826797485
0.7911533713340759
0.6013535559177399
0.375291109085083
0.45552152395248413
0.08385229110717773
0.8339962363243103
0.6403700709342957
0.7531586289405823
0.2711448669433594
0.39170974493026733
0.24985557794570923
0.8277210891246796
0.860825777053833
0.6688010692596436
0.37178835272789
1.1357992589473724
0.5235364437103271
0.8361400365829468
0.46381282806396484
0.28428131341934204
0.5345531702041626
-0.07443028688430786
0.7472153007984161
0.7331365346908569
0.7599797248840332
0.17063450813293457
0.5139393210411072
0.08297842741012573
0.30710697174072266
0.3322959542274475
0.8730148673057556
0.7863494455814362
0.7882517576217651
0.7542276382446289
0.6792888641357422
0.33814406394958496
0.3962123394012451
0.1845872402191162
0.35970771312713623
0.46974343061447144
0.5098798274993896
0.5396508574485779
0.8708329200744629
1.034780204296112
0.4670690596103668
1.0746462941169739
0.1737346053123474
0.24562102556228638
0.5190972685813904
0.6218554377555847
0.966063529253006
0.26245933771133423
0.056896090507507324
0.9736036658287048
1.0542875528335571
0.48108065128326416
0.23345047235488892
1.093223363161087
0.7304626107215881
0.7582510411739349
0.345380961894989
0.4441998600959778
0.7774161696434021
0.6250703632831573
0.4630482792854309
0.8751693964004517
0.42171186208724976
0.8807252049446106
0.7256350815296173
0.23794299364089966
0.5567031800746918
0.8155935406684875
-0.051245033740997314
0.7905381321907043
0.9639475047588348
0.6212707161903381
0.5378533005714417
0.6806507110595703
0.8787851333618164
0.887641966342926
0.53813236951828
0.6235064268112183
0.9003293514251709
0.789655864238739
0.7388526201248169
0.28470051288604736
0.5276065468788147
1.2582354545593262
0.4444546103477478
0.3993820250034332
0.708018571138382
0.4453028440475464
0.3111534118652344
1.2014721632003784
0.8487864434719086
0.2734733819961548
1.2224239706993103
0.6444031894207001
0.7913228273391724
-0.3694002628326416
0.7371694445610046
0.6451694369316101
0.6247434616088867
0.6385704278945923
0.7332501411437988
0.8812391757965088
0.7140626311302185
0.8495816588401794
0.6148281693458557
0.6660803556442261
0.6794627606868744
0.48852330446243286
0.7745682299137115
0.6228044331073761
0.6798248291015625
0.6256043314933777
0.19681084156036377
0.5980598330497742
1.0604528784751892
0.2718718647956848
0.32788169384002686
0.8051972985267639
-0.04176419973373413
0.7100513279438019
0.7877154350280762
0.5598119497299194
0.8607265949249268
0.01613837480545044
0.09372055530548096
0.4088703989982605
0.6826536655426025
0.6815655827522278
0.6881774663925171
0.33112913370132446
0.66575026512146
0.8481349050998688
0.3805124759674072
0.44704902172088623
0.5305331945419312
1.1178838014602661
0.5244600176811218
1.2955537140369415
0.37313735485076904
0.49997490644454956
0.7860923409461975
0.7981899380683899
0.8105455338954926
0.3747069835662842
0.5317938327789307
0.7978502213954926
0.4775194823741913
0.9986943900585175
0.7719369828701019
0.5442485809326172
0.7127406001091003
0.5326164662837982
0.5265049338340759
0.4287313222885132
0.716731071472168
0.4671717882156372
0.7047900557518005
0.20617538690567017
0.42344969511032104
0.6468966007232666
0.8631314039230347
0.6669020056724548
0.5201581120491028
0.916099488735199
0.013153433799743652
0.5350050330162048
0.9403271675109863
0.977791428565979
0.2937958240509033
0.6084818840026855
0.7350239157676697
0.5317570567131042
0.5186790823936462
0.9391731917858124
0.4689965844154358
0.8324815630912781
0.8452269434928894
0.7781371474266052
0.3704386353492737
1.112673282623291
0.19991344213485718
0.5844396352767944
0.3328098654747009
0.3152927756309509
0.8412438333034515
0.8084109425544739
0.6771914958953857
0.4890170097351074
0.5051217973232269
0.8562002182006836
0.6488762497901917
0.5023083090782166
0.9333577752113342
1.1230530738830566
1.0188096463680267
0.8914428353309631
0.9515677392482758
0.3745132088661194
0.37111783027648926
0.48445481061935425
0.25972747802734375
0.5563064217567444
0.7854357957839966
0.5480378270149231
0.6560611128807068
0.4190114140510559
0.5180101990699768
0.7396578192710876
0.5662383437156677
0.7684230804443359
0.8184497058391571
0.30837810039520264
-0.11804163455963135
0.8054037094116211
0.4616209864616394
0.6415646076202393
0.3898894190788269
0.3844534158706665
0.6030370593070984
0.4800865650177002
0.6854239702224731
0.8044547140598297
0.3980259299278259
0.4628203511238098
0.6099729239940643
0.41068321466445923
0.6219503283500671
0.5431559681892395
0.6333960294723511
0.7570924758911133
0.5806227922439575
0.3608549237251282
0.17905882000923157
0.4935452342033386
0.7250035405158997
0.5703830420970917
0.7806753516197205
0.6730045080184937
0.46477454900741577
0.32069364190101624
0.4666275382041931
0.8539060950279236
0.5861806273460388
0.49729400873184204
0.46137160062789917
1.0122536420822144
0.045336008071899414
0.26975584030151367
0.5708763599395752
0.041030704975128174
0.7247806191444397
0.5450893044471741
0.33459168672561646
0.918824315071106
0.1977953314781189
0.8214310109615326
1.0135649740695953
0.7137287557125092
0.6600723266601562
0.2102380394935608
1.0686067342758179
0.5335487723350525
1.3739522099494934
0.7490674257278442
0.38302287459373474
0.4597116708755493
0.2646937072277069
0.7785899043083191
0.6139634847640991
0.9088672399520874
1.016668677330017
0.28500205278396606
0.5158331990242004
0.6881136894226074
0.726038932800293
0.9991930425167084
0.546295702457428
0.7065601944923401
0.4103504419326782
0.766382098197937
0.8779444396495819
0.8677470684051514
-0.18255943059921265
0.41251295804977417
0.5813330411911011
0.7290794849395752
0.7463103532791138
0.648971676826477
1.0444784760475159
0.5005841255187988
-0.20387330651283264
0.6332548260688782
1.0731295049190521
0.5859870910644531
0.7119631469249725
0.5198569893836975
0.6720548570156097
0.6992198824882507
0.5365689396858215
0.3191499710083008
0.7695478796958923
0.5596024096012115
1.2383500039577484
0.8281832933425903
0.830121636390686
0.19257217645645142
0.5910577774047852
0.7187700867652893
0.7026641964912415
0.38481125235557556
1.0196238160133362
0.8194665908813477
0.8593400716781616
0.4413548707962036
0.46313270926475525
0.45503485202789307
0.36681532859802246
0.7613287568092346
1.0214619636535645
0.15450656414031982
0.7265902161598206
0.14431405067443848
0.4139646887779236
0.5978636145591736
0.7152463495731354
0.8114187121391296
1.1053938269615173
0.2976551651954651
0.48409995436668396
0.832638144493103
0.24950647354125977
0.6328833699226379
0.038121163845062256
0.609098494052887
0.7456231713294983
0.7169418931007385
0.8536505699157715
0.37361741065979004
0.5876956582069397
0.06963786482810974
0.3720720410346985
0.6747416853904724
0.14376741647720337
0.7591898441314697
0.7004576921463013
0.35938096046447754
0.7940647602081299
0.815374493598938
0.33371034264564514
0.9456679224967957
0.8200874328613281
0.17563241720199585
0.23888981342315674
0.5290873050689697
0.43033504486083984
1.0527350902557373
1.147680401802063
0.4609045386314392
0.3259047269821167
0.7538681328296661
0.4492652714252472
0.7097183465957642
0.7266841530799866
0.813686728477478
0.29586297273635864
0.8434253334999084
0.5680151581764221
0.04353523254394531
0.43557894229888916
0.4726061224937439
0.3548850417137146
0.3457748591899872
0.3193313479423523
1.1648210883140564
0.9735836982727051
0.6418063640594482
0.4037706255912781
0.5390659868717194
0.5841332077980042
0.3680073618888855
0.7840951681137085
0.43120768666267395
1.2158461511135101
0.9720600247383118
0.6260014474391937
0.44543373584747314
0.19101321697235107
0.8125029802322388
0.4717234969139099
0.5964852273464203
0.7801429927349091
0.77848881483078
0.22912192344665527
0.168218195438385
1.3318873643875122
0.834114670753479
0.3189660906791687
-0.2640737295150757
0.41220277547836304
0.5389590859413147
0.3189084827899933
0.22829854488372803
0.6924334764480591
1.2145472764968872
0.7736098170280457
0.19798004627227783
0.4605619013309479
0.6908049583435059
0.14917433261871338
0.5894910097122192
0.8607763051986694
0.8288281857967377
0.9322572350502014
0.7141355276107788
0.5222814679145813
0.4939916431903839
0.422246515750885
0.7799048125743866
0.5325923562049866
0.42628592252731323
0.7213234901428223
1.1658659875392914
0.5472198724746704
0.08583581447601318
1.0507504343986511
0.48551231622695923
0.21636122465133667
0.5700368285179138
0.717592179775238
0.5448727607727051
0.7526397109031677
0.0766339898109436
0.5444858968257904
0.37021660804748535
0.6923009157180786
0.7480371296405792
0.7157333493232727
0.24549216032028198
0.5600671768188477
0.32110267877578735
0.31315696239471436
1.0218546390533447
0.8190929293632507
0.510079562664032
0.5816664695739746
0.5579735636711121
1.4835465550422668
0.7680883407592773
0.7986170947551727
0.43176305294036865
1.0456240475177765
0.8046159148216248
0.8229491710662842
-0.5377079844474792
0.21024170517921448
0.27343493700027466
0.602051317691803
0.7448325753211975
1.1590063273906708
0.29973304271698
0.6527559161186218
0.518281877040863
0.4113661050796509
0.3716537356376648
1.0392781496047974
0.5097439885139465
0.07305765151977539
0.6038330793380737
0.17484700679779053
0.35547733306884766
0.8205716013908386
0.3215327262878418
0.4392753839492798
0.47201091051101685
0.7384927868843079
0.6575152277946472
1.0578845739364624
0.9034046232700348
0.5949817895889282
0.5459876656532288
0.3189084827899933
0.7429347634315491
0.23777025938034058
0.47096383571624756
0.5839340090751648
0.951994001865387
0.48274463415145874
0.552565187215805
0.2875852584838867