0.41005492210388184
0.39753174781799316
0.0937955379486084
-0.00014531612396240234
-0.1601564884185791
0.15156781673431396
0.3920515775680542
0.12283539772033691
0.01712048053741455
0.22004938125610352
0.08866214752197266
0.25261926651000977
0.45084118843078613
-0.10634970664978027
0.5795481204986572
0.4041825532913208
0.06974256038665771
-0.05915045738220215
-0.016190528869628906
0.26195812225341797
-0.018581151962280273
0.40852177143096924
-0.013772964477539062
0.3671550750732422
0.16729748249053955
-0.19999468326568604
0.11211872100830078
0.3482987880706787
-0.059659481048583984
0.14017820358276367
-0.006374478340148926
0.36180126667022705
0.23076283931732178
0.009916424751281738
0.17386925220489502
-0.21595919132232666
0.31050050258636475
0.2130800485610962
-0.013688802719116211
0.14376676082611084
0.6476513147354126
0.17639446258544922
0.34921324253082275
0.12839281558990479
0.35544610023498535
0.23854947090148926
0.1735140085220337
0.2517009973526001
0.31387341022491455
0.45526719093322754
0.18587207794189453
0.17211413383483887
0.46552574634552
0.07638466358184814
0.1950293779373169
-0.0709223747253418
0.4363527297973633
0.2507210969924927
0.5033681392669678
0.12549936771392822
-0.02747178077697754
0.475482702255249
0.24165689945220947
-0.15713918209075928
0.380834698677063
0.3517570495605469
0.3041180372238159
0.22344934940338135
0.3322356939315796
0.02718651294708252
0.39876699447631836
0.2826792001724243
0.0687936544418335
-0.05615890026092529
-0.5727413892745972
0.36100518703460693
0.18218743801116943
0.45531201362609863
0.052608370780944824
0.4843432903289795
-0.03731226921081543
0.33401501178741455
-0.15198838710784912
0.5092796087265015
0.0758289098739624
-0.045546531677246094
0.1635901927947998
0.4625939130783081
0.24396288394927979
0.3009607791900635
0.2393662929534912
-0.13129031658172607
0.17719244956970215
0.15512239933013916
0.10496509075164795
0.41625070571899414
-0.08268153667449951
0.3355071544647217
0.07321131229400635
0.184104323387146
-0.18776333332061768
-0.11650121212005615
0.5036431550979614
-0.11087429523468018
0.4178849458694458
0.009996294975280762
0.5868594646453857
0.10960936546325684
-0.03989052772521973
-0.07332158088684082
-0.08442926406860352
0.24829483032226562
0.6253664493560791
0.23863434791564941
0.3392372131347656
0.2536203861236572
0.16762983798980713
0.1886577606201172
0.016578197479248047
-0.005669832229614258
0.15996098518371582
0.0724186897277832
0.06560218334197998
0.2254788875579834
-0.10737848281860352
0.45468342304229736
0.14822888374328613
-0.016412734985351562
0.3800544738769531
-0.07674384117126465
0.21463429927825928
-0.14403367042541504
0.3431812524795532
0.19518232345581055
-0.0541539192199707
0.028260469436645508
-0.3149198293685913
0.2411651611328125
0.38950788974761963
0.06104326248168945
0.2551724910736084
0.5370420217514038
0.336513876914978
0.8152110576629639
0.032325148582458496
0.6106535196304321
-0.12462639808654785
0.24199843406677246
0.17617225646972656
0.2871279716491699
-0.09122562408447266
0.12524628639221191
0.15831708908081055
-0.02971482276916504
0.1397554874420166
0.043703436851501465
0.3514953851699829
0.016558527946472168
0.5121582746505737
0.13994824886322021
0.4034416675567627
0.011467218399047852
0.31418073177337646
-0.11816656589508057
0.08257639408111572
0.7973955869674683
-0.013365626335144043
0.14105284214019775
0.2549086809158325
-0.16289639472961426
0.2719763517379761
0.18776392936706543
0.4378776550292969
0.2913668155670166
0.1972900629043579
-0.0397796630859375
-0.011976480484008789
0.47654151916503906
-0.1442089080810547
0.27388429641723633
0.052841901779174805
0.31427550315856934
0.23136162757873535
-0.02993643283843994
0.15264439582824707
0.08178186416625977
-0.06509542465209961
0.059972167015075684
0.40774595737457275
0.20262086391448975
-0.26682114601135254
0.49308979511260986
0.03965914249420166
-0.018053412437438965
0.12795329093933105
-0.3764415979385376
0.234228253364563
-0.15637576580047607
0.2549234628677368
0.1407778263092041
0.2511967420578003
0.02174830436706543
0.07388818264007568
-0.05314648151397705
-0.10536444187164307
0.1915888786315918
0.04527425765991211
-0.0835566520690918
0.5747338533401489
-0.17442524433135986
0.47156500816345215
-0.427470326423645
0.30201613903045654
0.06491494178771973
0.05161106586456299
0.13694238662719727
0.19590604305267334
0.23448729515075684
0.3471395969390869
0.10629677772521973
-0.14557206630706787
0.38861894607543945
0.16299331188201904
-0.03717923164367676
-0.040383100509643555
0.1874852180480957
-0.09776699542999268
0.26253652572631836
0.6497451066970825
0.21022439002990723
-0.05920898914337158
-0.09058535099029541
0.21179282665252686
0.6183968782424927
0.17906832695007324
0.11930406093597412
-0.04426419734954834
0.09413325786590576
0.21350038051605225
0.04552102088928223
0.3379920721054077
0.1598505973815918
-0.267486572265625
0.0035200119018554688
-0.14483797550201416
0.11235964298248291
0.3296278715133667
0.46169328689575195
0.14445888996124268
0.20348834991455078
0.36577165126800537
0.5317435264587402
-0.15849578380584717
-0.00024175643920898438
0.3055804967880249
0.04222369194030762
0.21889257431030273
0.25410783290863037
0.3302832841873169
0.14930880069732666
-0.010158896446228027
-0.09537899494171143
0.15949678421020508
-0.01947498321533203
0.7137870788574219
0.8097584247589111
0.27972114086151123
0.05983257293701172
0.18748915195465088
0.16637492179870605
0.13198304176330566
-0.02859950065612793
0.34743785858154297
0.24312186241149902
0.13512730598449707
0.22581171989440918
0.24865400791168213
0.5268449783325195
0.03773963451385498
0.12191319465637207
-0.050801992416381836
0.3079167604446411
0.061493515968322754
0.044127464294433594
0.28732943534851074
0.14168274402618408
-0.009072422981262207
0.02119290828704834
0.09357404708862305
0.158951997756958
0.08464133739471436
0.24543333053588867
0.21003401279449463
-0.19642233848571777
0.22930622100830078
0.36183035373687744
-0.01454174518585205
0.121787428855896
0.340024471282959
0.8731515407562256
0.24695491790771484
0.5309650897979736
-0.07798254489898682
0.16898345947265625
0.3508942127227783
0.06079518795013428
0.1852654218673706
0.20313894748687744
0.46927857398986816
-0.13058006763458252
0.015577197074890137
0.2578926086425781
0.18771231174468994
-0.20158874988555908
0.12274456024169922
0.20432043075561523
0.5667668581008911
0.37669360637664795
0.0844573974609375
0.20372962951660156
0.4068870544433594
0.4813065528869629
0.6482994556427002
0.24862384796142578
-0.0455859899520874
0.16743254661560059
0.24986004829406738
0.4227478504180908
0.5765231847763062
-0.10545504093170166
0.37333405017852783
-0.1275789737701416
0.09403872489929199
0.4073256254196167
0.1417616605758667
0.18720662593841553
0.43575799465179443
0.4514843225479126
-0.10288798809051514
0.10823607444763184
0.11760139465332031
0.5447518825531006
0.4797428846359253
0.7501171827316284
-0.03137671947479248
0.2882053852081299
0.46986687183380127
0.6502846479415894
-0.2532585859298706
0.21312201023101807
0.2585890293121338
-0.04372084140777588
0.21094989776611328
0.02924644947052002
0.6746224164962769
0.3100515604019165
0.26153814792633057
0.07824206352233887
0.16634035110473633
-0.10184299945831299
0.2986142635345459
-0.10126769542694092
0.1366279125213623
0.11207544803619385
0.4516540765762329
0.11113536357879639
0.07247495651245117
-0.23859870433807373
0.387457013130188
0.17246508598327637
-0.0408170223236084
0.10265302658081055
0.11029911041259766
-0.09430325031280518
0.43121135234832764
0.022300004959106445
-0.07613122463226318
0.8503342866897583
0.5088486671447754
0.2390514612197876
-0.14939093589782715
0.2212541103363037
0.2785451412200928
0.19803154468536377
0.2246466875076294
0.23120391368865967
-0.07152152061462402
0.41110754013061523
0.2624492645263672
0.3237907886505127
0.10325288772583008
0.20804893970489502
0.3309723138809204
0.5163096189498901
0.08983170986175537
0.30354583263397217
-0.11782968044281006
0.2249540090560913
0.1790180206298828
-0.3035951852798462
0.3580726385116577
0.08326876163482666
0.34678828716278076
0.2689640522003174
0.1693587303161621
0.28002655506134033
0.37286198139190674
0.09661364555358887
0.22157025337219238
0.6034572124481201
0.09047436714172363
-0.13361692428588867
0.24762475490570068
0.5028374195098877
0.7619850635528564
-0.033211588859558105
0.2342054843902588
0.06004202365875244
0.11584997177124023
-0.05705761909484863
0.08235955238342285
0.3963207006454468
0.12319791316986084
0.044006943702697754
-0.018263816833496094
0.10511517524719238
0.19897246360778809
-0.5669190883636475
-0.07268774509429932
0.5095103979110718
0.20224320888519287
0.142997145652771
0.25633931159973145
-0.06443452835083008
0.3201894760131836
0.3056081533432007
0.10604500770568848
0.14978110790252686
0.07261347770690918
0.26971399784088135
0.17083251476287842
0.39084672927856445
-0.08965408802032471
0.2165205478668213
-0.1439981460571289
0.3732713460922241
0.5001226663589478
0.4833008050918579
0.26066160202026367
0.35711443424224854
-0.12375009059906006
0.9000517129898071
-0.20210671424865723
0.002436518669128418
-0.021973252296447754
0.8140869140625
-0.09106945991516113
-0.15033411979675293
0.12815022468566895
-0.13138079643249512
0.5821760892868042
0.048593759536743164
0.6740200519561768
0.41551780700683594
-0.016739964485168457
0.1516711711883545
0.3063415288925171
0.2502819299697876
0.25126922130584717
0.08466494083404541
0.2481062412261963
0.09883618354797363
0.09626758098602295
0.520289421081543
0.13080406188964844
0.3273351192474365
0.34752559661865234
0.08919656276702881
0.256061315536499
0.6471970081329346
0.8012137413024902
-0.05821573734283447
-0.0021685361862182617
-0.004241585731506348
0.09051716327667236
0.17920172214508057
0.14718413352966309
0.4541490077972412
0.002833724021911621
0.13035380840301514
0.2508152723312378
0.16553235054016113
0.14228391647338867
0.22024965286254883
0.10738492012023926
-0.06052970886230469
0.36579370498657227
0.5349348783493042
0.13016247749328613
-0.039502501487731934
0.3308100700378418
0.06154143810272217
0.18674302101135254
-0.027617335319519043
0.11384105682373047
0.297804594039917
0.20570909976959229
-0.0752565860748291
0.43113481998443604
0.11081540584564209
0.16068029403686523
0.28864383697509766
0.3000904321670532
0.8292602300643921
0.6841553449630737
0.04650914669036865
0.08183050155639648
-0.022167563438415527
0.4023960828781128
0.4024895429611206
0.36552858352661133
0.12862014770507812
0.23621010780334473
0.04072213172912598
0.08222007751464844
0.22829186916351318
0.5130933523178101
0.12836742401123047
0.16349148750305176
-0.2466139793395996
0.375022292137146
0.48560357093811035
0.05747246742248535
0.18342900276184082
0.2542839050292969
0.3526911735534668
0.21229016780853271
0.19710791110992432
0.5203615427017212
0.5323832035064697
0.06044661998748779
0.14671874046325684
0.39151573181152344
0.3393404483795166
0.08884930610656738
0.4519733190536499
-0.11180543899536133
0.24654173851013184
0.33448171615600586
0.044450998306274414
0.023715734481811523
0.3772202730178833
-0.05968940258026123
0.28882038593292236
0.04786849021911621
0.28055667877197266
0.11861133575439453
-0.22037315368652344
0.09548258781433105
0.12550079822540283
0.13064050674438477
0.7078913450241089
0.8608498573303223
0.5513584613800049
0.3263043165206909
-0.08411717414855957
0.2769981622695923
-0.03937482833862305
0.13834643363952637
-0.0026700496673583984
0.4263049364089966
0.312131404876709
-0.010722994804382324
-0.028270840644836426
0.07198643684387207
0.435183048248291
0.11659729480743408
0.5007903575897217
0.18514668941497803
0.2637273073196411
0.19604122638702393
0.10472714900970459
0.2797774076461792
0.3388742208480835
0.127282977104187
0.4344961643218994
0.30713486671447754
-0.05633115768432617
0.13613736629486084
0.29510748386383057
0.075874924659729
0.1817924976348877
0.1746450662612915
0.05027294158935547
-0.026515841484069824
0.08912062644958496
0.023766398429870605
0.09994983673095703
0.2622194290161133
-0.1027606725692749
0.13660085201263428
0.18004333972930908
0.08526051044464111
0.3842344284057617
-0.03333449363708496
-0.3002033233642578
0.39146149158477783
0.29843592643737793
0.3257100582122803
0.010501861572265625
0.4262045621871948
0.43335819244384766
0.2970370054244995
0.1292271614074707
0.3954646587371826
0.13418292999267578
0.24661338329315186
0.4439582824707031
-0.021540045738220215
0.26284945011138916
0.046175599098205566
0.03099071979522705
0.15869760513305664
-0.33311498165130615
0.19348347187042236
0.49551165103912354
-0.1972445249557495
0.23076820373535156
0.36014389991760254
0.1174311637878418
0.0912315845489502
0.5773472785949707
0.4306093454360962
0.2604144811630249
0.3678373098373413
-0.02010500431060791
0.3153979778289795
-0.204545259475708
-0.09634673595428467
0.17013168334960938
0.17356359958648682
0.07782042026519775
0.3308887481689453
0.4984583854675293
0.31464993953704834
-0.02274775505065918
0.3355664014816284
0.08222508430480957
0.2841207981109619
0.4900461435317993
-0.029571175575256348
0.32821786403656006
0.12737798690795898
0.47742414474487305
0.15258455276489258
0.22750544548034668
0.12022733688354492
0.03549635410308838
0.05467653274536133
0.20329570770263672
0.4753333330154419
0.10575127601623535
0.3229250907897949
0.12670481204986572
0.09213221073150635
0.22741305828094482
0.15357577800750732
0.3307359218597412
-0.2174159288406372
0.12209129333496094
0.5039066076278687
-0.06794989109039307
0.24711346626281738
0.1319791078567505
0.3670912981033325
-0.07213819026947021
0.37948310375213623
0.17545592784881592
-0.0478440523147583
0.031012415885925293
0.07422876358032227
0.6419477462768555
0.23202252388000488
0.1456819772720337
0.6089485883712769
0.2506542205810547
0.17304515838623047
0.07075119018554688
-0.015390157699584961
0.0887523889541626
0.2860722541809082
0.1423499584197998
0.40740156173706055
-0.09209191799163818
0.05926334857940674
0.19740891456604004
0.7916830778121948
0.13452506065368652
0.01189267635345459
0.6470078229904175
0.24743282794952393
0.3603329658508301
-0.1036691665649414
0.3334146738052368
0.39651167392730713
0.08398115634918213
0.10362875461578369
0.1401963233947754
0.33738529682159424
0.20876085758209229
0.4446141719818115
0.02881014347076416
0.3136636018753052
0.05909860134124756
0.04894757270812988
-0.05141782760620117
-0.07410311698913574
-0.2008422613143921
0.6705588102340698
-0.06406569480895996
0.22460484504699707
0.23791122436523438
0.25733697414398193
0.4685450792312622
0.2406468391418457
0.15630006790161133
0.10072863101959229
0.19504117965698242
0.051979899406433105
0.41168177127838135
0.2909127473831177
0.09156811237335205
-0.042191386222839355
0.48959779739379883
0.7490290403366089
0.3999425172805786
-0.03112959861755371
0.264784574508667
0.2419675588607788
0.14555072784423828
0.002970099449157715
-0.0071125030517578125
-0.08805227279663086
0.2958184480667114
0.6615235805511475
0.044579267501831055
0.8052992820739746
0.18714642524719238
0.13696277141571045
0.06085491180419922
0.12502038478851318
0.5667867660522461
0.2891206741333008
0.11179101467132568
0.1249469518661499
0.018732786178588867
0.279805064201355
0.14190149307250977
0.1857454776763916
0.07246160507202148
0.23464620113372803
0.15566575527191162
-0.0758514404296875
0.13702654838562012
0.20872747898101807
-0.1544327735900879
-0.06552004814147949
0.6352888345718384
0.09757626056671143
0.3558979034423828
0.0009645223617553711
0.23614609241485596
0.24820423126220703
0.30419492721557617
0.37031471729278564
0.35283732414245605
-0.0015079975128173828
0.3153160810470581
0.4074133634567261
0.3470252752304077
0.0012714862823486328
0.14081799983978271
0.24600696563720703
0.02735316753387451
0.21855294704437256
0.46552574634552
0.22673332691192627
0.2548375129699707
0.2677053213119507
0.3173227310180664
0.3841824531555176
0.11984169483184814
0.2432166337966919
0.1351710557937622
0.4233102798461914
0.06545627117156982
-0.19939970970153809
0.3017929792404175
0.21245014667510986
-0.06697285175323486
0.12025463581085205
0.46091246604919434
-0.12823712825775146
0.20995628833770752
0.36007535457611084
0.21956408023834229
0.10316896438598633
-0.005851864814758301
0.12390518188476562
0.5110530853271484
0.17635035514831543
0.33177828788757324
-0.12486827373504639
0.15159344673156738
-0.1141059398651123
0.3063030242919922
0.17007970809936523
0.2207552194595337
0.04505503177642822
0.027773737907409668
-0.1024090051651001
0.38365650177001953
0.34363818168640137
0.07339942455291748
0.048978209495544434
-0.004415631294250488
0.4561777114868164
0.40325379371643066
0.07832741737365723
0.19248950481414795
0.2393641471862793
0.6427946090698242
0.21903038024902344
0.20234942436218262
0.4879601001739502
0.44061279296875
0.3452340364456177
0.009544134140014648
-0.013703584671020508
0.311237096786499
0.23045265674591064
0.08379578590393066
0.2597869634628296
0.4673614501953125
0.18750739097595215
0.29600632190704346
-0.08788275718688965
0.2532140016555786
0.24009060859680176
0.4110596179962158
0.031160950660705566
-0.03230404853820801
0.186362624168396
0.0612109899520874
0.532916784286499
0.03545796871185303
-0.004675626754760742
0.030680418014526367
-0.28978824615478516
-0.07439053058624268
0.44981443881988525
0.20113813877105713
-0.009325265884399414
0.21232664585113525
0.07534921169281006
0.30359089374542236
0.030673861503601074
-0.06027579307556152
0.04846334457397461
-0.04898488521575928
0.5962623357772827
0.25297343730926514
0.36396193504333496
-0.18370795249938965
0.3160898685455322
0.22785961627960205
-0.045424461364746094
0.3912491798400879
0.06126689910888672
0.04612922668457031
0.054549455642700195
0.14100396633148193
-0.2949334383010864
0.21895134449005127
0.19826984405517578
-0.09172964096069336
0.42838025093078613
0.20417332649230957
0.20520222187042236
0.04738211631774902
0.19064617156982422
0.47875308990478516
0.7472958564758301
0.3045623302459717
-0.03664600849151611
0.2372143268585205
0.31562697887420654
0.19883131980895996
-0.01198732852935791
0.28827452659606934
0.29770612716674805
0.0727764368057251
-0.07275545597076416
0.30402886867523193
-0.03467845916748047
-0.1617645025253296
0.1473855972290039
0.15107858180999756
-0.0036575794219970703
0.2225642204284668
0.3971928358078003
0.27490532398223877
0.049696922302246094
0.0641862154006958
0.29238736629486084
-0.11388564109802246
0.06558799743652344
0.17942214012145996
0.10139703750610352
0.02431321144104004
0.5222700834274292
0.21315979957580566
0.04001593589782715
0.4772528409957886
0.08564269542694092
0.2616736888885498
0.2656978368759155
-0.07500720024108887
0.0673682689666748
0.21971440315246582
0.03703486919403076
0.5324053764343262
0.2114313840866089
0.08661866188049316
-0.028842568397521973
0.18195998668670654
0.04873478412628174
0.14323163032531738
0.07563483715057373
0.4183608293533325
0.36597132682800293
0.2568061351776123
0.07570302486419678
0.3206629753112793
0.38252174854278564
0.5000369548797607
0.16762876510620117
-0.23934674263000488
0.040596604347229004
0.12935137748718262
0.30002737045288086
0.28177475929260254
0.2558633089065552
0.20355379581451416
0.5547066926956177
0.16933894157409668
-0.1417902708053589
0.5946658849716187
0.2597208023071289
0.06502020359039307
0.40191709995269775
-0.019963860511779785
-0.05018949508666992
0.3578742742538452
0.03694343566894531
-0.10237348079681396
0.22315049171447754
0.47689807415008545
0.03209114074707031
-0.10526931285858154
-0.06249535083770752
0.37391841411590576
-0.012114405632019043
0.04552197456359863
-0.05218303203582764
0.565649151802063
0.3212471008300781
-0.04494881629943848
0.8170349597930908
0.21322083473205566
0.06612122058868408
0.6264300346374512
0.3799084424972534
0.10277402400970459
-0.021317601203918457
0.02015089988708496
-0.21284925937652588
0.2775285243988037
0.5219511985778809
0.5715469121932983
0.17924070358276367
0.07197248935699463
0.2351245880126953
-0.00027811527252197266
0.18976032733917236
0.2776780128479004
0.2291088104248047
0.1705474853515625
0.1544111967086792
0.32519257068634033
-0.014422297477722168
0.35434818267822266
0.0921623706817627
0.4262045621871948
0.48006248474121094
0.4977344274520874
0.44847893714904785
0.14319658279418945
0.40540051460266113
0.3798714876174927
-0.12181746959686279
0.015281438827514648
-0.40248262882232666
-0.21136367321014404
0.2813394069671631
0.14562785625457764
-0.1324305534362793
0.12600743770599365
0.28613317012786865
-0.11124122142791748
-0.07690370082855225
-0.041378140449523926
0.18608331680297852
0.18805241584777832
-0.0775529146194458
0.0010943412780761719
-0.08956539630889893
0.4647923707962036
-0.3685191869735718
0.6570401191711426
0.4249112606048584
0.5695223808288574
0.36484551429748535
-0.08928883075714111
0.018027067184448242
0.3932359218597412
0.37879061698913574
0.30879271030426025
0.31429409980773926
0.24910986423492432
0.28711557388305664
-0.18117952346801758
0.2551039457321167
-0.00972592830657959
0.28598177433013916
0.16125500202178955
0.14828550815582275
-0.03377413749694824
0.490131139755249
0.45201921463012695
0.12697076797485352
0.15709376335144043
0.049581170082092285
0.37580442428588867
0.02701246738433838
0.1323145627975464
-0.0766669511795044
0.23263812065124512
0.28257250785827637
0.30775535106658936
0.08982491493225098
0.5199011564254761
0.03918790817260742
0.10531890392303467
0.2350783348083496
0.5615713596343994
0.2991429567337036
0.3239481449127197
-0.11598289012908936
0.12609028816223145
-0.013826847076416016
0.24477410316467285
0.10826420783996582
0.502825140953064
0.28202641010284424
0.36017656326293945
-0.0078963041305542
0.1273125410079956
0.17569983005523682
0.12839293479919434
0.17137539386749268
0.5948153734207153
0.285347580909729
0.23256385326385498
0.17541921138763428
0.12972569465637207
0.29285240173339844
0.044920921325683594
0.11516976356506348
0.06517934799194336
0.22277593612670898
0.09651064872741699
0.0692678689956665
0.11925864219665527
0.20522332191467285
-0.013393163681030273
0.010957956314086914
0.11976706981658936
0.08070027828216553
-0.04164910316467285
-0.3079404830932617
0.4582023620605469
0.15177059173583984
0.4767814874649048
0.6324235200881958
-0.024598121643066406
-0.05339515209197998
0.31912100315093994
-0.1933218240737915
-0.007393360137939453
0.11627364158630371
0.07202136516571045
0.191841721534729
0.5097990036010742
0.1540614366531372
-0.1376885175704956
0.2034134864807129
-0.22651052474975586
0.29981088638305664
0.7515127658843994
0.5642874240875244
-0.21641504764556885
0.22603189945220947
-0.0020002126693725586
0.0004214048385620117
0.7006396055221558
0.8612357378005981
0.07568395137786865
0.3220798969268799
0.19012558460235596
-0.12232422828674316
0.11003708839416504
0.612518310546875
0.12233936786651611
0.15310323238372803
-0.011472225189208984
0.06658732891082764
0.06157076358795166
0.5164003372192383
0.48343169689178467
0.218680739402771
0.1458836793899536
0.2690896987915039
0.4593935012817383
0.01025998592376709
0.2629661560058594
0.036383748054504395
-0.0075185298919677734
0.16318118572235107
0.08529794216156006
0.17225050926208496
0.18783152103424072
-0.10752427577972412
0.16524112224578857
-0.11412692070007324
0.01978600025177002
0.05241513252258301
0.3193701505661011
0.24329650402069092
0.603929877281189
0.12308132648468018
-0.07990241050720215
0.06073641777038574
-0.02940976619720459
0.4702026844024658
0.17944669723510742
0.26591968536376953
0.4363417625427246
0.3330930471420288
0.006964564323425293
-0.0001462697982788086
0.19437623023986816
0.50208580493927
0.35630178451538086
0.012117862701416016
-0.35328543186187744
-0.030919313430786133
0.3923490047454834
-0.1403125524520874
0.10620331764221191
0.13168299198150635
0.5274156332015991
0.43015408515930176
0.25459206104278564
0.43621981143951416
0.349141001701355
0.3801436424255371
0.2119673490524292
0.1902635097503662
0.08367514610290527
0.2885633707046509
-0.01089012622833252
-0.02749621868133545
-0.03734934329986572
0.11890625953674316
-0.10568678379058838
0.07964730262756348
0.26113104820251465
-0.1535930633544922
0.2287461757659912
-0.06459319591522217
-0.1893298625946045
0.01983463764190674
0.14287984371185303
0.3672982454299927
0.5545022487640381
0.4785904884338379
0.07441198825836182
0.05694723129272461
0.19622480869293213
0.38123929500579834
0.12075114250183105
0.36467528343200684
0.4635096788406372
0.0707845687866211
-0.15264785289764404
0.086220383644104
0.6382027864456177
0.18891119956970215
-0.2098219394683838
0.5335593223571777
0.3502424955368042
0.1774214506149292
-0.1532686948776245
0.46084558963775635
-0.20348751544952393
-0.18443334102630615
0.14143359661102295
-0.17810463905334473
0.37324297428131104
0.1300809383392334
0.22064566612243652
0.2854886054992676
0.16977381706237793
0.21760499477386475
0.15615689754486084
-0.033532023429870605
0.36159372329711914
0.02006852626800537
0.03279280662536621
0.14153170585632324
0.03818535804748535
-0.016176700592041016
0.030304789543151855
0.17551493644714355
0.610227108001709
0.475807785987854
-0.03600955009460449
0.21754753589630127
0.39903855323791504
0.10348427295684814
0.2472846508026123
0.2353653907775879
0.2310730218887329
0.06598484516143799
0.573823094367981
0.0529094934463501
-0.292333722114563
0.12710964679718018
0.1095588207244873
0.15254580974578857
0.48310554027557373
0.26535487174987793
0.6187617778778076
0.057319045066833496
0.12704169750213623
0.03158724308013916
0.2833712100982666
0.1540755033493042
0.1443178653717041
0.056725502014160156
0.4943777322769165
0.3259742259979248
0.37536799907684326
-0.2444906234741211
0.15627682209014893
0.30113279819488525
-0.12830603122711182
0.6216127872467041
0.5986933708190918
0.1936718225479126
-0.028818845748901367
-0.02104794979095459
0.20363092422485352
0.35529065132141113
0.2367534637451172
0.20234692096710205
0.4307147264480591
0.12894964218139648
0.16637670993804932
-0.03956758975982666
-0.25449538230895996
0.1507352590560913
0.3700143098831177
0.0899658203125
0.7170405387878418
0.23643088340759277
0.3317747116088867
0.28431057929992676
0.27991628646850586
0.3782203197479248
0.4135925769805908
0.10821676254272461
-0.004417777061462402
0.23563241958618164
0.13461029529571533
-0.07359111309051514
0.42655014991760254
0.2207275629043579
-0.10786926746368408
0.0825657844543457
0.17900288105010986
0.006263256072998047
0.10956966876983643
0.3067746162414551
0.5753707885742188
0.1606428623199463
0.2577235698699951
0.37484896183013916
0.3264995813369751
0.10191726684570312
0.26415491104125977
0.6154671907424927
0.1380244493484497
0.27041399478912354
0.4142131805419922
0.1235659122467041
-0.07967126369476318
-0.10790324211120605
0.2299201488494873
0.035448431968688965
0.2110990285873413
0.04486680030822754
0.37574541568756104
-0.11127781867980957
-0.03435182571411133
0.38253605365753174
0.20921289920806885
0.3782593011856079
0.2787964344024658
0.04880070686340332
-0.03356742858886719
0.16374695301055908
-0.0005556344985961914
0.238794207572937
-0.018178105354309082
0.41862261295318604
0.002565145492553711
0.1792147159576416
0.44857513904571533
0.3821277618408203
0.00302731990814209
0.21885299682617188
0.5317074060440063
0.07989895343780518
0.27181053161621094
0.2504187822341919
0.5021052360534668
-0.1240072250366211
0.06474888324737549
0.3748807907104492
0.19414269924163818
0.13635873794555664
0.11018228530883789
0.3106578588485718
0.23600053787231445
0.05210387706756592
0.04063081741333008
0.23851370811462402
-0.043175578117370605
-0.04761624336242676
0.22292089462280273
0.33534348011016846
-0.11835038661956787
0.03339278697967529
-0.0042877197265625
-0.11097681522369385
0.2571064233779907
-0.11568474769592285
0.32135844230651855
0.19069433212280273
0.04568064212799072
0.23415589332580566
-0.13181304931640625
-0.04610848426818848
0.024925947189331055
0.06404852867126465
0.657723069190979
0.3558826446533203
0.42987358570098877
0.16944658756256104
0.13227534294128418
0.20821619033813477
0.13207793235778809
-0.06191599369049072
-0.013994693756103516
0.32291948795318604
0.02017819881439209
0.16869878768920898
0.12462460994720459
-0.032949090003967285
0.0025463104248046875
0.25104737281799316
0.03422892093658447
0.10981464385986328
-0.06688797473907471
0.36499547958374023
-0.09361815452575684
0.2275221347808838
0.2607898712158203
-0.0009741783142089844
0.3980748653411865
0.0852888822555542
0.13224709033966064
0.2789531946182251
0.08154416084289551
0.33598971366882324
-0.039245009422302246
-0.05779159069061279
0.32779645919799805
0.22893869876861572
0.27460408210754395
0.15584075450897217
0.15438544750213623
0.35334551334381104
0.5236754417419434
0.25000834465026855
0.22136270999908447
0.3234914541244507
0.08521640300750732
-0.02253282070159912
0.035814881324768066
0.45655393600463867
0.10148072242736816
0.00536036491394043
-0.020651698112487793
-0.22494399547576904
0.37498176097869873
0.09004712104797363
0.37260901927948
-0.10713624954223633
0.24149799346923828
0.3260716199874878
-0.009091496467590332
0.3881502151489258
0.5186443328857422
-0.07953798770904541
-0.040140628814697266
0.5787479877471924
0.563728928565979
0.25810062885284424
0.2831178903579712
0.3753167390823364
0.0004456043243408203
0.16671478748321533
-0.0652918815612793
0.02784562110900879
-0.0295107364654541
0.12462019920349121
-0.04524493217468262
0.18298733234405518
0.3935360908508301
0.32869839668273926
0.5005003213882446
-0.013150215148925781
0.2731192111968994
0.07146501541137695
0.33228445053100586
0.41711652278900146
0.1278984546661377
0.23505127429962158
0.21265459060668945
0.3981804847717285
-0.21865534782409668
0.2546670436859131
0.25205814838409424
0.37463414669036865
0.10713684558868408
0.3834265470504761
-0.12736928462982178
0.09040665626525879
0.1053011417388916
0.17153334617614746
0.05745518207550049
0.20778775215148926
0.25322556495666504
0.2748713493347168
0.20756888389587402
0.2834247350692749
0.11169540882110596
0.2912071943283081
-0.03394949436187744
-0.06491827964782715
0.15417790412902832
-0.17488038539886475
0.019257664680480957
0.4242897033691406
0.10290729999542236
0.6292319297790527
-0.08438646793365479
0.15570354461669922
0.3140197992324829
0.19275259971618652
-0.131453275680542
0.13137376308441162
0.19081652164459229
0.2579841613769531
0.06353640556335449
0.04239940643310547
0.1088637113571167
0.5624276399612427
0.10456967353820801
0.659550666809082
0.29177165031433105
-0.09963703155517578
-0.3653010129928589
0.16312503814697266
-0.4221571683883667
0.1657184362411499
0.1854797601699829
0.3465261459350586
0.057062387466430664
0.3134649991989136
0.3515434265136719
-0.09469616413116455
0.2793741226196289
-0.050484657287597656
-0.04553067684173584
-0.035725951194763184
0.01300656795501709
-0.1388533115386963
0.04204607009887695
0.17462921142578125
0.3176920413970947
0.2157735824584961
0.09967398643493652
-0.08119702339172363
0.03969705104827881
0.044329285621643066
0.38818275928497314
0.30175459384918213
0.10642075538635254
-0.14705514907836914
0.07609879970550537
0.44216036796569824
-0.0158768892288208
0.08061373233795166
0.19485485553741455
0.06413471698760986
0.45069754123687744
0.22538304328918457
0.03051912784576416
0.23584389686584473
0.30953657627105713
-0.005185246467590332
0.1429215669631958
0.13189983367919922
0.2978842258453369
0.13818955421447754
-0.004393219947814941
0.2580517530441284
0.04711449146270752
0.15766644477844238
0.08729934692382812
0.11944246292114258
0.07805740833282471
0.13035225868225098
0.4595843553543091
0.3208838701248169
0.21535944938659668
0.03089892864227295
-0.01276540756225586
0.21876776218414307
-0.29127275943756104
-0.13222968578338623
0.23819339275360107
0.24133658409118652
0.2706475257873535
-0.028806686401367188
0.1434110403060913
0.021097540855407715
0.14183199405670166
0.2396402359008789
0.06359720230102539
0.45486605167388916
0.2790733575820923
0.2868138551712036
-0.1381140947341919
0.30862629413604736
0.06106376647949219
0.32958781719207764
-0.002778172492980957
0.17356657981872559
0.0725020170211792
0.08744215965270996
0.40020453929901123
0.15979433059692383
0.04709339141845703
0.36315977573394775
0.1684190034866333
0.49125099182128906
0.24687111377716064
-0.03911900520324707
0.15622282028198242
0.6785403490066528
0.1786196231842041
-0.1142204999923706
0.2796363830566406
-0.31975018978118896
-0.14708220958709717
-0.0858229398727417
0.39258646965026855
0.33537721633911133
0.047020673751831055
0.16038572788238525
0.038503408432006836
-0.07673060894012451
-0.02659320831298828
0.4773831367492676
-0.050087928771972656
0.22490012645721436
-0.1481761932373047
0.5565617084503174
0.36585962772369385
-0.07677137851715088
0.8275272846221924
0.2993358373641968
0.05683791637420654
0.5411196947097778
0.4182065725326538
0.31621241569519043
0.21833741664886475
-0.028761625289916992
0.018501639366149902
0.1298236846923828
0.4477558135986328
0.6766407489776611
0.3352237939834595
0.28866565227508545
0.15353679656982422
-0.4134472608566284
-0.13344717025756836
0.6074537038803101
0.4405437707901001
0.13926947116851807
0.1844860315322876
0.4808400869369507
0.17038607597351074
0.08959698677062988
0.025850296020507812
0.09615087509155273
-0.08350825309753418
0.13572406768798828
-0.21074426174163818
0.15455496311187744
0.3724253177642822
0.3392212390899658
0.2626981735229492
-0.23870694637298584
0.3103041648864746
-0.11242938041687012
-0.03652679920196533
0.09857606887817383
0.18045258522033691
0.24038255214691162
0.37381577491760254
0.10406160354614258
0.08494806289672852
0.21491789817810059
0.28595662117004395
0.11530923843383789
0.42945098876953125
-0.1920853853225708
0.14682376384735107
-0.11578989028930664
0.150986909866333
0.24926185607910156
0.5766468048095703
0.024137258529663086
-0.06599617004394531
-0.10589015483856201
0.2492539882659912
0.19373881816864014
0.12549221515655518
0.36345887184143066
0.200278639793396
0.16877150535583496
0.277201771736145
0.029301047325134277
-0.14300537109375
0.1551905870437622
0.3478569984436035
0.4460723400115967
0.4563394784927368
0.4856405258178711
0.13699042797088623
0.28386926651000977
0.1063457727432251
0.2952108383178711
0.8628947734832764
0.06418335437774658
0.34827959537506104
0.4953552484512329
0.7058322429656982
0.30776655673980713
0.6184588670730591
0.26985037326812744
0.26113033294677734
0.05912208557128906
0.027897000312805176
-0.19093286991119385
-0.004561424255371094
-0.16496729850769043
0.27660465240478516
0.2967923879623413
-0.300636887550354
0.0021142959594726562
0.15045928955078125
0.4567664861679077
-0.03311049938201904
0.3594532012939453
0.03594017028808594
0.369848370552063
-0.07681143283843994
0.3146554231643677
0.20076966285705566
-0.06656467914581299
-0.05379366874694824
0.2211155891418457
0.10444283485412598
0.5870684385299683
0.2655595541000366
0.013929605484008789
0.20050954818725586
0.4769347906112671
0.21437060832977295
0.40818464756011963
0.3225255012512207
0.4463692903518677
0.10192728042602539
0.5094521045684814
0.26834845542907715
0.29975056648254395
0.45159852504730225
0.03405964374542236
0.04028761386871338
0.19943773746490479
0.5200216770172119
0.5684314966201782
0.3986293077468872
0.08712303638458252
0.10561025142669678
0.2763946056365967
0.34006214141845703
-0.15395987033843994
-0.4801802635192871
0.35041344165802
0.3327137231826782
-0.0711280107498169
-0.005449533462524414
0.6588519811630249
0.01888597011566162
0.07753908634185791
0.5397251844406128
-0.04083108901977539
0.2177424430847168
-0.1670006513595581
0.0871129035949707
0.06917500495910645
0.144631028175354
-0.05863308906555176
0.03310549259185791
0.15881741046905518
-0.371113657951355
-0.3265836238861084
0.8925851583480835
-0.3693699836730957
0.19838595390319824
0.11298549175262451
0.18782055377960205
0.22436153888702393
0.295817494392395
0.12216508388519287
0.013158321380615234
0.15400207042694092
0.2641180753707886
0.47296142578125
0.17216753959655762
0.48259782791137695
0.1694577932357788
0.005312323570251465
-0.23311007022857666
0.3615846633911133
-0.17754769325256348
0.050954580307006836
-0.09371566772460938
0.1676948070526123
0.23785841464996338
-0.054538607597351074
0.3130066394805908
0.02554154396057129
0.10920560359954834
0.0376896858215332
0.013777971267700195
0.19723141193389893
0.3534700870513916
0.010631799697875977
0.1015251874923706
0.3108941316604614
0.06859004497528076
0.47084128856658936
0.03396189212799072
0.12842416763305664
-0.5792707204818726
0.10272467136383057
0.4041118621826172
0.3529958724975586
-0.01620769500732422
-0.07827699184417725
-0.015003800392150879
0.05760765075683594
-0.046904921531677246
0.5336099863052368
-0.17122244834899902
0.4040491580963135
0.12421655654907227
0.3603271245956421
0.33561861515045166
-0.05237531661987305
0.49561285972595215
0.1329805850982666
-0.11367630958557129
0.15031301975250244
-0.10060751438140869
0.1765422821044922
-0.1078728437423706
0.17996478080749512
0.4685436487197876
0.0942002534866333
0.08110535144805908
0.029207825660705566
0.1807692050933838
0.3226597309112549
0.3251115083694458
0.5908493995666504
0.17683589458465576
0.13098669052124023
0.46309423446655273
0.3759005069732666
-0.1163414716720581
-0.43160271644592285
-0.03202104568481445
0.7105075120925903
-0.005102038383483887
0.12633264064788818
0.411657452583313
0.680335283279419
0.06547331809997559
0.015010476112365723
0.44713568687438965
0.0305100679397583
0.1308351755142212
0.15676820278167725
0.24900221824645996
-0.09295022487640381
0.34143340587615967
-0.00527036190032959
0.2947964668273926
-0.030434012413024902
0.02865779399871826
0.09353005886077881
-0.03365302085876465
0.13696205615997314
0.16419637203216553
0.22951841354370117
-0.131189227104187
0.10061562061309814
0.1402202844619751
0.2858544588088989
0.21157550811767578
0.10250377655029297
0.23790788650512695
0.282354474067688
0.36860668659210205
0.16019737720489502
0.49071288108825684
0.20290422439575195
0.2150338888168335
0.3603980541229248
0.49917685985565186
0.11849856376647949
-0.2899280786514282
0.06615471839904785
0.015421152114868164
0.04605221748352051
0.2914257049560547
-0.08169817924499512
0.29141008853912354
-0.03942978382110596
0.5247025489807129
0.06113159656524658
0.053756117820739746
0.1906287670135498
0.34657716751098633
0.08144474029541016
0.11697649955749512
0.47173595428466797
0.3637511730194092
0.2382524013519287
0.19406616687774658
-0.01667964458465576
0.264636754989624
0.2784959077835083
0.146453857421875
0.018353700637817383
0.06664121150970459
0.16630852222442627
0.17881882190704346
-0.03149306774139404
0.1387326717376709
0.24390113353729248
0.6991434097290039
0.02814638614654541
-0.015667200088500977
0.02222466468811035
0.050705671310424805
0.2618880271911621
0.3732025623321533
0.23819267749786377
0.06956720352172852
-0.01045536994934082
0.23740267753601074
0.21148145198822021
0.28146374225616455
0.3521261215209961
0.07588005065917969
0.1447293758392334
0.4072842597961426
0.26118481159210205
0.12327384948730469
0.2507917881011963
0.042687177658081055
0.374747633934021
0.06552731990814209
0.030317306518554688
0.16877961158752441
0.01466512680053711
0.2235168218612671
-0.02263462543487549
0.2597733736038208
0.3078782558441162
0.2550792694091797
0.15608954429626465
0.29761695861816406
0.21619141101837158
0.18821561336517334
0.17996227741241455
0.14745080471038818
-0.051114439964294434
-0.13294732570648193
0.2852364778518677
0.08912062644958496
0.07582342624664307
0.01225435733795166
0.1510159969329834
0.20978784561157227
0.2916167974472046
0.09856939315795898
0.1783961057662964
0.3092600107192993
0.2300947904586792
0.3215397596359253
0.07822251319885254
0.21229994297027588
0.19763243198394775
0.371130108833313
0.5027374029159546
0.11787760257720947
0.0039147138595581055
0.37493765354156494
0.09085094928741455
0.07457995414733887
0.2282480001449585
0.04418790340423584
-0.0673067569732666
0.3995189666748047
0.25338494777679443
0.22625982761383057
0.6223950386047363
0.7876541614532471
0.24815940856933594
0.21929407119750977
0.04010617733001709
-0.06409895420074463
0.2791714668273926
0.16833090782165527
0.06383728981018066
0.11078929901123047
0.3633764982223511
-0.22674787044525146
-0.3253152370452881
0.05185246467590332
0.5098912715911865
0.3982243537902832
0.336661696434021
-0.08068573474884033
0.22153210639953613
0.13207721710205078
0.16614460945129395
0.39305150508880615
0.1368180513381958
0.05663645267486572
0.38365936279296875
0.31242477893829346
0.15003836154937744
0.37135303020477295
-0.03796243667602539
0.5375157594680786
0.07991623878479004
0.17881536483764648
-0.17368745803833008
0.41159141063690186
0.027417302131652832
0.22539937496185303
0.3642129898071289
-0.0665123462677002
0.46564531326293945
0.5158919095993042
-0.0931316614151001
0.30272412300109863
-0.05447793006896973
0.19266009330749512
0.3662729263305664
0.07626605033874512
0.07880914211273193
-0.12568354606628418
0.14322292804718018
0.29227519035339355
0.639918327331543
0.32499849796295166
0.08714532852172852
0.18659520149230957
0.4540311098098755
0.09803378582000732
0.10232913494110107
0.534972071647644
0.14448153972625732
0.32022249698638916
0.21960842609405518
-0.12405800819396973
0.10805463790893555
0.05801665782928467
0.03518187999725342
0.20211315155029297
-0.026810526847839355
0.29328620433807373
0.2672520875930786
0.3163261413574219
0.4184032678604126
-0.03967738151550293
0.15050864219665527
0.4618037939071655
0.28524506092071533
-0.41708385944366455
0.39747464656829834
0.3829538822174072
0.14651703834533691
0.3225886821746826
0.11746060848236084
0.3128420114517212
0.3624453544616699
-0.07995951175689697
0.24650204181671143
0.02890169620513916
-0.04779469966888428
0.23195040225982666
0.5104793310165405
0.162375807762146
0.02400064468383789
-0.0156022310256958
0.07263195514678955
0.18161094188690186
0.2053842544555664
0.06072282791137695
0.2519521713256836
0.06392788887023926
-0.06535887718200684
0.04000353813171387
0.11000657081604004
0.3828308582305908
-0.01370549201965332
0.10010850429534912
0.4418175220489502
0.16445398330688477
0.6502255201339722
0.12202942371368408
0.03353524208068848
0.6119788885116577
0.2637968063354492
0.19190561771392822
0.39741837978363037
0.0130232572555542
0.07831728458404541
-0.17719674110412598
0.28048861026763916
0.26083242893218994
0.0472264289855957
0.23180127143859863
-0.04807591438293457
0.6156140565872192
0.5917415618896484
-0.45232653617858887
0.2858161926269531
0.27136683464050293
0.04004538059234619
0.16633093357086182
0.05483078956604004
0.04454672336578369
0.016072392463684082
0.3536876440048218
0.25671350955963135
0.2851308584213257
0.10455656051635742
0.03831982612609863
-0.09305286407470703
0.15437769889831543
0.10393822193145752
0.007522940635681152
0.3157604932785034
0.490264892578125
0.04857158660888672
0.3951767683029175
0.2954263687133789
0.2952498197555542
0.1678379774093628
0.20945286750793457
0.2819688320159912
-0.3768324851989746
-0.09924733638763428
0.06717920303344727
0.12970685958862305
0.2684166431427002
0.3380906581878662
0.2862192392349243
0.24791467189788818
0.11644148826599121
-0.08763539791107178
-0.08308672904968262
0.10183084011077881
0.07434630393981934
0.1346062421798706
0.5731369256973267
0.2162773609161377
0.2280055284500122
0.42417073249816895
0.3152287006378174
-0.17628490924835205
0.23998546600341797
0.3331669569015503
0.08649301528930664
0.140869140625
0.2110656499862671
0.155967116355896
-0.2644549608230591
0.511316180229187
0.36913764476776123
0.19751787185668945
0.41283118724823
-0.14612746238708496
0.15586376190185547
0.07511389255523682
-0.035624027252197266
0.41950297355651855
0.3688979148864746
0.04403388500213623
-0.11654651165008545
0.12034738063812256
0.10580909252166748
0.6382678747177124
0.14257943630218506
0.25097954273223877
0.5234699249267578
0.3352353572845459
0.11896741390228271
0.11876749992370605
0.26704418659210205
0.6028410196304321
0.05350649356842041
-0.020973801612854004
0.279019832611084
0.14230990409851074
0.08847415447235107
0.06435656547546387
0.373934268951416
-0.28487634658813477
0.11815059185028076
-0.05216681957244873
0.21724247932434082
0.3494147062301636
0.37308835983276367
-0.10723268985748291
0.17987728118896484
0.02773892879486084
0.26479601860046387
-0.10076498985290527
-0.0673750638961792
-0.038979291915893555
0.5334352254867554
0.3447788953781128
0.3187286853790283
0.2607841491699219
0.041019439697265625
-0.026946187019348145
0.07148253917694092
0.07103896141052246
0.025586247444152832
0.32547521591186523
0.35708940029144287
-0.09478461742401123
0.14290297031402588
0.16958296298980713
0.5004700422286987
0.014675378799438477
-0.01879751682281494
-0.007367730140686035
0.29695165157318115
0.4455571174621582
0.4775592088699341
0.22287273406982422
0.043245911598205566
0.0060395002365112305
0.29164230823516846
0.26941215991973877
0.3518187999725342
-0.15336358547210693
0.1330265998840332
0.612133264541626
0.005517005920410156
0.08709406852722168
0.1927577257156372
0.33750462532043457
0.5299612283706665
0.11274826526641846
-0.1426403522491455
0.09564757347106934
0.562258243560791
0.2621195316314697
0.13415241241455078
0.33790671825408936
0.194502592086792
0.10562324523925781
0.025661110877990723
0.08840286731719971
0.011827349662780762
0.19140911102294922
0.05074620246887207
0.1001197099685669
-0.16459298133850098
-0.11514830589294434
0.2890993356704712
0.2788132429122925
0.16690528392791748
0.17554831504821777
0.36865556240081787
0.01880061626434326
0.17250096797943115
0.1622713804244995
-0.036287665367126465
0.5476788282394409
0.31057751178741455
0.12642896175384521
0.19320178031921387
0.22303509712219238
0.015318632125854492
0.08457541465759277
0.29992878437042236
0.48586463928222656
-0.16131091117858887
0.34123528003692627
0.22306609153747559
0.028867483139038086
0.4243128299713135
-0.09865784645080566
0.15589356422424316
0.377315878868103
-0.19381189346313477
0.10554051399230957
0.2275327444076538
-0.02021193504333496
0.07425487041473389
0.09598779678344727
-0.042671918869018555
0.2798421382904053
0.35177409648895264
0.35032200813293457
0.345228910446167
0.18539667129516602
0.19458937644958496
0.025498151779174805
0.08073151111602783
0.15877246856689453
0.023888468742370605
0.15884268283843994
0.056827545166015625
0.1077263355255127
-0.06557214260101318
0.03808879852294922
0.3272557258605957
0.4068794250488281
0.2661714553833008
0.06548488140106201
0.5885312557220459
0.08484816551208496
0.346951961517334
0.2971153259277344
0.28967225551605225
0.0989840030670166
0.26273202896118164
0.44204258918762207
-0.10417568683624268
-0.10962653160095215
0.25114572048187256
0.22081232070922852
0.45828306674957275
0.20200979709625244
0.06450414657592773
0.06519019603729248
0.444832444190979
0.08013474941253662
0.09054625034332275
-0.02987194061279297
0.5772417783737183
0.12112975120544434
0.08572328090667725
0.07836949825286865
0.3258630037307739
-0.26627469062805176
0.0374302864074707
0.26635897159576416
0.0528179407119751
-0.06660270690917969
0.2031400203704834
0.4433889389038086
0.12003576755523682
0.24908900260925293
0.1259545087814331
-0.004557967185974121
0.45680320262908936
0.08189117908477783
0.28790533542633057
0.23172211647033691
0.0719982385635376
0.3785015344619751
-0.047002196311950684
0.030913233757019043
0.22231411933898926
0.24813950061798096
0.06327617168426514
0.05096232891082764
0.022434234619140625
0.38523900508880615
0.03452587127685547
0.16507863998413086
-0.05319666862487793
0.23156964778900146
0.20049166679382324
0.5485869646072388
-0.10312628746032715
0.38938140869140625
-0.01651453971862793
0.3495277166366577
0.3199516534805298
0.26111066341400146
-0.04456615447998047
0.17738425731658936
0.26976191997528076
0.13803315162658691
0.4311363697052002
0.3832286596298218
0.20228612422943115
0.4109201431274414
0.30044031143188477
-0.08601582050323486
0.14013826847076416
0.32959043979644775
-0.020496129989624023
0.11019062995910645
0.7937345504760742
0.40566039085388184
-0.00799405574798584
-0.0073604583740234375
-0.5627715587615967
0.47659003734588623
0.24417507648468018
0.15237045288085938
0.24985992908477783
0.1110144853591919
0.30865728855133057
0.2780272960662842
0.4473559856414795
0.3610173463821411
0.16223108768463135
0.2058807611465454
-0.1154409646987915
0.28518784046173096
0.22023653984069824
0.1648019552230835
0.0647122859954834
0.10372960567474365
0.06697297096252441
0.04420936107635498
0.3224928379058838
0.2435985803604126
0.07522892951965332
0.4000152349472046
0.22786033153533936
0.1304335594177246
0.3646583557128906
0.043953895568847656
0.25450384616851807
0.621489405632019
0.39367735385894775
0.36059486865997314
0.7456279993057251
-0.2164306640625
0.17366266250610352
0.07612729072570801
0.48320472240448
0.12651467323303223
0.04157853126525879
-0.01239001750946045
0.03158736228942871
0.18626737594604492
-0.4903891086578369
0.011440277099609375
0.502365231513977
0.40692734718322754
0.21352362632751465
-0.024407148361206055
-6.628036499023438e-05
0.6531556844711304
0.062007784843444824
0.16810894012451172
0.07090568542480469
0.3470405340194702
-0.2639259099960327
-0.045417070388793945
0.23447513580322266
0.010334491729736328
0.19694757461547852
-0.1625678539276123
0.5943329334259033
0.0484844446182251
-0.3245445489883423
0.0012865066528320312
-0.09745943546295166
0.10791969299316406
0.0772860050201416
-0.07390379905700684
0.3510979413986206
-0.07263779640197754
-0.1914520263671875
0.1612546443939209
0.09884560108184814
0.4270557165145874
0.1529076099395752
0.12878727912902832
0.5990642309188843
0.32522082328796387
0.08740520477294922
-0.009585022926330566
0.3075348138809204
0.06812524795532227
0.7661788463592529
0.16908490657806396
0.15077757835388184
-0.20567607879638672
0.41514885425567627
0.3083047866821289
0.18807923793792725
0.23889470100402832
0.9060436487197876
0.513790488243103
0.22617721557617188
0.2141437530517578
0.48412811756134033
0.15252137184143066
0.3030245304107666
0.2316824197769165
0.16703689098358154
0.17946290969848633
0.43352174758911133
-0.22825253009796143
0.20853018760681152
0.41005492210388184
0.1548670530319214
0.22086644172668457
0.28957855701446533
-0.054266929626464844
0.0251922607421875
0.29803335666656494
0.39758849143981934
0.20010483264923096
0.20778262615203857
0.17583096027374268
0.32277894020080566
0.5283186435699463
-0.17040419578552246
-0.34447646141052246
0.222869873046875
0.33099687099456787
-0.03197813034057617
0.3673689365386963
-0.11900949478149414
0.323380708694458
-0.326124906539917
0.09386849403381348
0.07056033611297607
-0.01283884048461914
0.340839147567749
0.39557063579559326
-0.011709332466125488
0.25348782539367676
0.2974717617034912
0.19909882545471191
0.26624155044555664
0.4249035120010376
0.25692784786224365
0.12308728694915771
0.41870665550231934
-0.031068086624145508
0.1477593183517456
0.3482646942138672
0.11202645301818848
0.25953638553619385
-0.009630441665649414
0.19621193408966064
0.2102888822555542
-0.27539193630218506
-0.15470099449157715
0.04643845558166504
0.09300267696380615
0.22749865055084229
0.13594317436218262
0.12333667278289795
0.08622598648071289
-0.1314481496810913
0.20362567901611328
-0.053603172302246094
-0.0955885648727417
0.2582167387008667
0.5341856479644775
0.200342059135437
0.11652266979217529
0.6971945762634277
0.2684057950973511
-0.19246137142181396
0.2337477207183838
0.4052485227584839
0.28844332695007324
0.0020591020584106445
0.17870736122131348
0.21569693088531494
0.4797464609146118
0.13792061805725098
0.22116315364837646
0.3780069351196289
0.06346380710601807
0.005194902420043945
0.22673094272613525
0.20449841022491455
0.05173826217651367
-0.14951801300048828
0.3464014530181885
0.173883318901062
0.6184991598129272
0.12444102764129639
-0.011033415794372559
0.4916132688522339
-0.05470478534698486
-0.07769632339477539
0.666738748550415
0.5322092771530151
0.02633512020111084
0.005571484565734863
0.0473635196685791
0.35912537574768066
0.823914647102356
-0.04456508159637451
0.3016923666000366
0.3434641361236572
0.6871005296707153
0.48090100288391113
0.3847959041595459
0.09283661842346191
0.3912302255630493
0.018461227416992188
0.6107131242752075
0.39206087589263916
-0.035223960876464844
-0.042867302894592285
0.23775291442871094
-0.09447968006134033
0.0536346435546875
0.2110304832458496
0.3118312358856201
0.26293277740478516
0.27450478076934814
0.4631795883178711
0.0540539026260376
0.08740711212158203
0.3885376453399658
0.1347205638885498
0.1874558925628662
0.11457717418670654
0.606447696685791
-0.1695423126220703
0.22976911067962646
-0.18079769611358643
0.06734704971313477
0.1011573076248169
0.3488861322402954
-0.08869922161102295
0.20501947402954102
0.611817479133606
0.21984612941741943
-0.1903674602508545
0.09884583950042725
0.06413078308105469
0.6045995950698853
0.07913351058959961
-0.17416095733642578
0.38290679454803467
0.08799159526824951
0.12800419330596924
0.355707049369812
0.5381038188934326
0.05709993839263916
0.011382818222045898
-0.0129469633102417
0.13885235786437988
0.12729811668395996
0.5338444709777832
0.5501922369003296
0.23237454891204834
-0.19759464263916016
-0.005807280540466309
-0.20816457271575928
0.37076056003570557
-0.01038658618927002
1.0514355897903442
0.14294517040252686
0.14119267463684082
0.36435186862945557
-0.13704276084899902
0.12307429313659668
0.11835753917694092
-0.17214226722717285
0.48781096935272217
0.22186410427093506
-0.11625456809997559
-0.11928749084472656
0.26739609241485596
0.4164630174636841
-0.16774582862854004
0.23864269256591797
0.027539730072021484
0.30919861793518066
0.09544754028320312
0.25799763202667236
0.4465082883834839
0.21116304397583008
0.433931827545166
-0.4185636043548584
0.28780806064605713
0.07648611068725586
0.30509936809539795
0.1728142499923706
0.2931809425354004
-0.11444675922393799
0.1517571210861206
0.3221975564956665
0.23235046863555908
0.09634888172149658
-0.10948395729064941
0.12685489654541016
-0.1720137596130371
-0.07568895816802979
0.3674377202987671
0.08713197708129883
0.12641549110412598
0.17949414253234863
0.2802703380584717
0.22189950942993164
0.21951568126678467
-0.07653319835662842
0.1927933692932129
0.4072028398513794
0.17066097259521484
0.05269312858581543
0.06640326976776123
0.1270996332168579
0.17698311805725098
0.22793424129486084
-0.1926347017288208
0.07270276546478271
0.26752495765686035
0.20065546035766602
0.12935137748718262
0.36340534687042236
0.2150428295135498
0.3065009117126465
0.18498921394348145
0.5941605567932129
0.18407106399536133
0.3122591972351074
0.07967698574066162
0.01697373390197754
0.1917893886566162
0.6221044063568115
0.3508557081222534
0.352944016456604
0.6070458889007568
0.15093672275543213
0.30747246742248535
0.36448562145233154
0.3681570291519165
0.3157399892807007
0.3169131278991699
0.31175756454467773
0.1392909288406372
0.21946728229522705
0.1239631175994873
0.31223058700561523
0.1576613187789917
0.37858402729034424
0.0871129035949707
-0.22025609016418457
0.28089141845703125
0.003466010093688965
0.3078116178512573
0.058763742446899414
-0.21937835216522217
0.47867822647094727
0.48312056064605713
0.34495460987091064
0.13336336612701416
0.06116211414337158
0.3999267816543579
0.2038201093673706
0.04339468479156494
0.319785475730896
0.5807472467422485
0.15245354175567627
-0.002652406692504883
0.17071855068206787
0.18914473056793213
-0.1037665605545044
-0.08862161636352539
0.09506106376647949
0.24713778495788574
-0.04407918453216553
0.15567493438720703
-0.035509586334228516
0.16787326335906982
0.3388434648513794
0.5541529655456543
0.1789919137954712
0.25797033309936523
0.41756486892700195
0.07943105697631836
-0.09894800186157227
0.17833447456359863
-0.006344795227050781
0.3571430444717407
0.4861588478088379
0.20132184028625488
0.2213122844696045
0.2672065496444702
0.17326855659484863
0.2558189630508423
0.04797053337097168
0.4780151844024658
0.07028388977050781
-0.03205370903015137
0.016882896423339844
0.276833176612854
0.453879714012146
0.1676253080368042
-0.021698474884033203
-0.031035661697387695
0.23325049877166748
0.0081557035446167
0.3627171516418457
-0.07495689392089844
-0.2157456874847412
0.2681649923324585
0.26417505741119385
0.4613083600997925
0.09073102474212646
0.16120100021362305
0.3833092451095581
0.10361850261688232
-0.29208385944366455
0.22717201709747314
-0.05896878242492676
0.06013333797454834
0.5138845443725586
0.10706698894500732
0.4378998279571533
0.5319805145263672
0.3074382543563843
0.17527616024017334
0.2946707010269165
0.23599278926849365
0.05708646774291992
-0.028479933738708496
-0.42955994606018066
0.012711644172668457
0.405214786529541
0.5081892013549805
0.31236815452575684
0.5272055864334106
0.18663299083709717
0.2518274784088135
0.30892980098724365
0.4080953598022461
0.05929410457611084
0.23333919048309326
0.04436039924621582
0.1589123010635376
0.12086284160614014
0.10076701641082764
0.22567391395568848
-0.05827689170837402
0.01331627368927002
0.4176286458969116
0.31048905849456787
0.4014008045196533
0.10944032669067383
0.11708557605743408
0.08140754699707031
-0.10961258411407471
0.1290675401687622
0.3025628328323364
0.2043616771697998
0.31852245330810547
0.13402843475341797
0.2536576986312866
0.46060729026794434
0.20784199237823486
0.33759820461273193
0.345981240272522
0.13060486316680908
0.374483585357666
0.2363736629486084
0.020766377449035645
-0.027755379676818848
0.07345771789550781
-0.18810248374938965
0.09309208393096924
0.21929264068603516
0.4485001564025879
0.41919445991516113
-0.025893449783325195
0.33481645584106445
0.2082434892654419
0.03295743465423584
0.19465911388397217
0.3412339687347412
0.1822524070739746
0.026032209396362305
0.6155768632888794
0.24342000484466553
-0.036675214767456055
0.19215917587280273
0.3485076427459717
0.25492143630981445
-0.11214268207550049
-0.06401515007019043
0.1854870319366455
0.08923959732055664
0.13032865524291992
0.17033696174621582
-0.15465068817138672
0.1785374879837036
-0.07505929470062256
0.20947372913360596
0.16579127311706543
-0.11385202407836914
0.5529303550720215
-0.047222137451171875
-0.14853227138519287
0.21420931816101074
0.5737899541854858
0.6009365320205688
-0.10977208614349365
0.31513893604278564
0.3838791847229004
0.10511898994445801
0.129491925239563
0.2072962522506714
0.1787416934967041
0.18775737285614014
0.4425036907196045
0.346771240234375
-0.056168437004089355
0.1182258129119873
0.34054243564605713
0.21101868152618408
-0.040802955627441406
0.41211414337158203
0.17788732051849365
0.3371925354003906
0.3882986307144165
0.1581125259399414
-0.05003952980041504
0.0339207649230957
0.10563111305236816
0.546656608581543
0.1747736930847168
-0.06347358226776123
0.012210965156555176
0.018367886543273926
-0.032412052154541016
0.5204004049301147
0.42565155029296875
0.17095434665679932
0.36018192768096924
0.3135324716567993
0.0999530553817749
0.1136629581451416
0.4402810335159302
0.27268683910369873
0.1964043378829956
0.3126523494720459
0.342592716217041
0.0024939775466918945
0.33182692527770996
0.5319896936416626
0.17810308933258057
-0.28179633617401123
0.288372278213501
0.011432528495788574
0.47516870498657227
0.18800055980682373
0.2081742286682129
0.3793947696685791
0.11125075817108154
0.4567650556564331
0.5181471109390259
0.08535432815551758
0.4380389451980591
-0.08056235313415527
-0.12413251399993896
0.2648501396179199
0.6476438045501709
0.41063761711120605
0.4819211959838867
0.34214627742767334
0.3232768774032593
0.13759243488311768
0.15264999866485596
0.013992547988891602
0.15140247344970703
0.4424382448196411
0.1176455020904541
-0.015924811363220215
0.12107467651367188
0.011805057525634766
0.4515109062194824
0.15250706672668457
0.16765844821929932
0.34847795963287354
-0.3881864547729492
0.11527979373931885
0.17235517501831055
-0.3037714958190918
0.35107970237731934
-0.022002458572387695
0.28286194801330566
-0.23589599132537842
-0.004355430603027344
-0.19524025917053223
0.699612021446228
0.277462363243103
-0.12842047214508057
0.41191935539245605
0.4655848741531372
0.11282169818878174
0.2543952465057373
0.0067642927169799805
-0.04993891716003418
0.3768324851989746
0.15855681896209717
0.24449670314788818
0.3343724012374878
0.18637299537658691
0.4091852903366089
-0.03873586654663086
0.1279439926147461
-0.05182945728302002
0.1137242317199707
-0.048189520835876465
0.2220745086669922
0.0628824234008789
-0.03181636333465576
0.34483063220977783
0.2785986661911011
0.44950175285339355
0.04501461982727051
0.25349581241607666
-0.015845298767089844
0.6211498975753784
0.40240752696990967
0.134194016456604
0.12813949584960938
0.06888651847839355
0.499525785446167
0.7036751508712769
-0.1883481740951538
-0.06595945358276367
0.07741808891296387
-0.006750702857971191
-0.02797675132751465
0.2106553316116333
0.5066215991973877
0.0888667106628418
0.22092628479003906
0.3264281749725342
0.23069655895233154
0.27721118927001953
-0.0743788480758667
0.26111745834350586
0.11213409900665283
0.006496787071228027
-0.13266336917877197
0.16721606254577637
0.09527444839477539
0.04382777214050293
0.36231303215026855
0.4266866445541382
0.47384822368621826
0.20848536491394043
0.14748084545135498
0.25387609004974365
0.10803890228271484
-0.02960813045501709
0.3385303020477295
0.20939505100250244
-0.17852210998535156
0.010709762573242188
-0.0669715404510498
0.17104804515838623
0.17850613594055176
0.05805563926696777
0.5299123525619507
0.23800671100616455
0.1447676420211792
0.1509718894958496
0.32305264472961426
-0.10285520553588867
0.2558870315551758
0.3438049554824829
0.45516490936279297
-0.07265174388885498
0.48016464710235596
0.15996778011322021
0.2288200855255127
0.32772040367126465
0.5626770257949829
0.3451213836669922
-0.10133373737335205
0.09880685806274414
0.1523381471633911
0.0608140230178833
0.027962327003479004
0.24894380569458008
0.1795036792755127
0.16076719760894775
0.03601384162902832
0.30730295181274414
-0.17799150943756104
0.053901076316833496
0.271944522857666
-0.00653684139251709
0.07858943939208984
1.030591607093811
0.2777140140533447
0.2650254964828491
-0.020115256309509277
0.01921403408050537
-0.06570553779602051
-0.26812028884887695
0.09642255306243896
0.2831540107727051
0.33142292499542236
-0.13973760604858398
0.29947221279144287
-0.21617519855499268
-0.2561906576156616
-0.008424997329711914
0.5982840061187744
0.2849705219268799
0.20229649543762207
0.2636256217956543
0.20722639560699463
0.19576168060302734
0.1747351884841919
-0.10867321491241455
-0.08301901817321777
0.2921872138977051
0.09082400798797607
0.07247543334960938
0.5457051992416382
0.6421916484832764
0.631203293800354
0.30357837677001953
-0.15098834037780762
0.2326122522354126
0.3192538022994995
-0.12586581707000732
0.257229208946228
0.42465245723724365
-0.1488717794418335
0.6795852184295654
0.3822500705718994
0.04809010028839111
-0.11824929714202881
0.260351300239563
0.17063593864440918
0.22810018062591553
0.021669626235961914
0.057329773902893066
0.37613213062286377
0.09584510326385498
-0.11890935897827148
0.26831483840942383
0.02705848217010498
0.7468096017837524
0.09234786033630371
-0.48633813858032227
0.2365579605102539
0.11301958560943604
-0.24265587329864502
0.20029997825622559
0.11767292022705078
-0.05812370777130127
0.11339914798736572
0.2855888605117798
-0.010343313217163086
0.11338412761688232
0.18271589279174805
0.09093952178955078
0.11024177074432373
0.07450556755065918
0.12457823753356934
0.22503221035003662
0.09657108783721924
0.4298917055130005
0.11551368236541748
0.2018202543258667
0.18577206134796143
0.4742274284362793
0.3906843662261963
0.19549083709716797
0.3113718032836914
0.31176984310150146
0.4075809717178345
0.29247450828552246
0.45388269424438477
-0.4436309337615967
0.1552412509918213
0.3805820941925049
0.17083251476287842
0.3536001443862915
0.25110924243927
0.25628137588500977
0.310718297958374
0.839645266532898
0.4260150194168091
0.2016233205795288
0.007646322250366211
0.20612585544586182
0.1292651891708374
0.11403000354766846
0.5947843790054321
0.27142345905303955
0.27283966541290283
0.057721495628356934
0.40611517429351807
0.19610381126403809
-0.15578877925872803
0.16806650161743164
0.32728731632232666
0.1343766450881958
0.3177720308303833
0.4550427198410034
0.40009474754333496
-0.1347905397415161
-0.18328380584716797
-0.17936837673187256
-0.0031642913818359375
0.3442535400390625
0.03711748123168945
-0.11675310134887695
0.25708138942718506
0.35517263412475586
0.0921926498413086
-0.175498366355896
0.15191030502319336
0.46510469913482666
-0.006221175193786621
0.30604636669158936
-0.18175888061523438
0.3501704931259155
0.19221735000610352
0.24113857746124268
0.2338351011276245
0.04330456256866455
0.60675048828125
-0.06187701225280762
0.1404433250427246
0.8355495929718018
0.05860626697540283
0.3791086673736572
-0.058917880058288574
-0.09278547763824463
0.2085040807723999
0.010274648666381836
0.492101788520813
-0.0068361759185791016
0.4063384532928467
-0.04517972469329834
0.30353105068206787
0.058147430419921875
0.016474246978759766
0.47564637660980225
0.4886031150817871
0.2999420166015625
0.0004171133041381836
0.5097848176956177
0.308634877204895
0.23716473579406738
-0.004092812538146973
0.22069036960601807
0.24644923210144043
0.013517618179321289
0.42845118045806885
0.5360451936721802
-0.017594218254089355
0.13660335540771484
0.36981797218322754
0.30460453033447266
-0.1406388282775879
0.2249521017074585
-0.1084740161895752
-0.05466794967651367
-0.036849141120910645
-0.11921393871307373
0.2987189292907715
0.37670814990997314
0.332342267036438
0.2076258659362793
0.04973745346069336
0.5548471212387085
0.26275312900543213
0.10196089744567871
0.3033173084259033
0.4355233907699585
0.32972443103790283
0.3024864196777344
0.4925689697265625
-0.09520590305328369
0.014520883560180664
0.31426727771759033
-0.028635859489440918
0.21459555625915527
0.3857649564743042
-0.04074907302856445
0.014071822166442871
0.20802271366119385
0.0965423583984375
0.41732120513916016
0.12374484539031982
0.5049341917037964
0.1300046443939209
-0.09803032875061035
-0.5692881345748901
-0.02971482276916504
0.015523791313171387
0.21687006950378418
0.37512314319610596
-0.02600729465484619
0.27731823921203613
0.1785295009613037
0.010877490043640137
0.41376399993896484
0.2761343717575073
-0.08349323272705078
0.0983513593673706
-0.030510306358337402
-0.173456072807312
0.3191184997558594
0.11082959175109863
0.43031394481658936
0.14626622200012207
0.12074577808380127
-0.1301635503768921
0.15006959438323975
0.003449678421020508
0.23024046421051025
0.24715197086334229
-0.09216201305389404
0.3838646411895752
0.04122281074523926
6.67572021484375e-06
0.2566859722137451
0.22633707523345947
0.33041977882385254
0.3670116662979126
0.29620420932769775
-0.11485099792480469
-0.03294777870178223
0.1513209342956543
0.09675300121307373
0.04576683044433594
0.05637621879577637
-0.2495793104171753
0.32896888256073
0.08304738998413086
0.11470222473144531
0.5599325895309448
0.29436278343200684
-0.04589998722076416
0.1828620433807373
-0.020851492881774902
0.16950201988220215
0.43850481510162354
0.14153099060058594
0.09815609455108643
0.32473599910736084
-0.3767404556274414
0.25599920749664307
0.21766483783721924
0.15134596824645996
0.3706907033920288
0.10322892665863037
0.17140769958496094
0.10585319995880127
0.3060610294342041
0.07752740383148193
0.3733947277069092
0.16310763359069824
0.03396189212799072
0.09621000289916992
0.20473170280456543
0.3752647638320923
-0.300645112991333
0.16706359386444092
0.4921804666519165
0.04920816421508789
0.21950006484985352
0.2835655212402344
0.465395450592041
0.366039514541626
-0.019473671913146973
0.30592167377471924
0.6217797994613647
0.19407975673675537
0.17806494235992432
0.019668936729431152
-0.004593968391418457
0.21905767917633057
0.19524037837982178
0.2082282304763794
0.1302427053451538
0.49654412269592285
0.8697788715362549
0.30132222175598145
0.249137282371521
-0.06942129135131836
0.05006599426269531
0.6095850467681885
0.24079561233520508
0.16473770141601562
0.1035161018371582
0.17283177375793457
0.07150590419769287
0.05718874931335449
-0.16906964778900146
0.19565367698669434
0.13191819190979004
0.4029942750930786
0.32952797412872314
0.14796888828277588
-0.03436696529388428
-0.20302259922027588
0.16566359996795654
0.1367429494857788
0.09921038150787354
0.7964282035827637
0.44278156757354736
0.3109232187271118
-0.025627732276916504
0.29599857330322266
-0.14073920249938965
0.374143123626709
-0.020251750946044922
-0.14079558849334717
0.20275068283081055
0.4298696517944336
0.09667718410491943
0.10663759708404541
0.44880664348602295
0.08787751197814941
0.10297811031341553
0.23556756973266602
-0.1462540626525879
0.18448352813720703
0.3363533020019531
-0.18434083461761475
0.18354272842407227
0.2128129005432129
0.0733637809753418
0.4653390645980835
1.051891565322876
-0.03809964656829834
-0.004456639289855957
0.18165481090545654
-0.014373183250427246
0.13102436065673828
0.22101068496704102
0.25358402729034424
0.013242602348327637
0.226548433303833
0.16059422492980957
0.25219273567199707
0.22943663597106934
-0.18059730529785156
0.04576468467712402
0.10818493366241455
0.29064297676086426
0.010881662368774414
-0.14461076259613037
0.16373991966247559
-0.05954098701477051
-0.2825733423233032
0.06764233112335205
0.48193836212158203
0.4244915246963501
0.18535339832305908
-0.016280174255371094
0.08432984352111816
0.18397128582000732
0.2945270538330078
0.44397592544555664
-0.15683495998382568
0.16301095485687256
0.7717751264572144
0.28980588912963867
0.17372345924377441
-0.15359508991241455
0.3898836374282837
-0.07821321487426758
-0.05003952980041504
0.2716268301010132
0.2891186475753784
0.15066301822662354
0.12627840042114258
0.5100358724594116
0.3062032461166382
-0.1822129487991333
-0.3022202253341675
0.13225150108337402
0.12353348731994629
-0.23942196369171143
-0.005347847938537598
0.12769830226898193
0.8753166198730469
0.48212265968322754
-0.06602680683135986
0.150490403175354
0.45268714427948
-0.1063685417175293
-0.04030203819274902
0.27957630157470703
0.22037863731384277
0.33241379261016846
0.2745168209075928
0.3530292510986328
-0.03637957572937012
-0.19754695892333984
0.11208832263946533
0.21847045421600342
0.09583735466003418
0.31806910037994385
0.3848820924758911
0.293041467666626
-0.16254281997680664
0.5111218690872192
-0.01613795757293701
0.17842137813568115
-0.1037975549697876
0.14212191104888916
0.05873095989227295
0.2780567407608032
-0.12839698791503906
0.1777327060699463
-0.0525585412979126
0.11383593082427979
-0.07920610904693604
0.32097315788269043
-0.009908318519592285
0.028381943702697754
0.01569521427154541
0.0549846887588501
0.6040163040161133
0.5749045610427856
0.24289166927337646
0.3567129373550415
0.04242241382598877
0.7671009302139282
0.2034968137741089
0.32129931449890137
-0.08079862594604492
0.2298647165298462
0.6050765514373779
0.19370543956756592
-0.15959084033966064
0.1737269163131714
-0.09848892688751221
0.0977792739868164
0.2470494508743286
0.4225701093673706
0.060451388359069824
0.19275200366973877
0.02952706813812256
0.15647614002227783
0.15343475341796875
0.22726953029632568
0.09131324291229248
-0.0007051229476928711
0.5284693241119385
0.22453510761260986
0.03612828254699707
0.26606571674346924
-0.20315873622894287
0.010666489601135254
0.4097672700881958
0.515518069267273
0.038312315940856934
0.778876543045044
0.31534552574157715
0.14183127880096436
-0.26508474349975586
-0.23942196369171143
0.5110223293304443
-0.027663707733154297
0.2374897003173828
-0.046449899673461914
0.35046911239624023
0.0568159818649292
0.3002384901046753
0.11755955219268799