0.17011594772338867
-0.004068613052368164
0.07855629920959473
0.006730556488037109
0.025724411010742188
-0.2781250476837158
0.24025559425354004
-0.07016825675964355
-0.2567908763885498
0.2874009609222412
0.07709503173828125
-0.0597834587097168
0.07067465782165527
-0.3822774887084961
0.2644510269165039
0.19804978370666504
-0.11631464958190918
-0.27562928199768066
-0.14172863960266113
0.03174424171447754
-0.033446311950683594
0.3429076671600342
-0.18784236907958984
0.16937255859375
0.1866438388824463
-0.731964111328125
0.1004185676574707
0.3468332290649414
-0.2293393611907959
-0.33899712562561035
-0.07923281192779541
0.07166838645935059
0.16936135292053223
-0.027043581008911133
-0.1220557689666748
-0.6810376644134521
-0.013484954833984375
0.22170686721801758
0.030266284942626953
0.1352086067199707
0.33434510231018066
0.32697510719299316
0.022980928421020508
0.08773326873779297
0.1844158172607422
-0.27862000465393066
0.21998214721679688
0.03724098205566406
0.18440747261047363
0.2042229175567627
-0.04567432403564453
0.0723276138305664
0.5069680213928223
0.20082545280456543
0.18938899040222168
-0.4612727165222168
0.2715470790863037
0.20200133323669434
0.25031566619873047
-0.17224621772766113
0.06086850166320801
0.294907808303833
0.28414058685302734
-0.024999141693115234
0.05063796043395996
0.17166709899902344
-0.3203237056732178
0.273176908493042
0.22544527053833008
0.019139528274536133
0.12487602233886719
0.19781923294067383
-0.4348325729370117
-0.32302403450012207
-0.9031744003295898
0.1817166805267334
-0.13578462600708008
0.20325183868408203
0.198103666305542
0.2562835216522217
-0.22213268280029297
0.07825994491577148
-0.5673184394836426
0.057528018951416016
0.13695001602172852
0.049775004386901855
-0.0013499259948730469
0.13915252685546875
0.06427597999572754
-0.0188295841217041
-0.043012380599975586
-0.06358003616333008
-0.3140876293182373
0.11676216125488281
-0.183854341506958
0.18407106399536133
-0.5245285034179688
0.21161103248596191
0.044672250747680664
0.1526186466217041
-0.5153155326843262
-0.2584822177886963
0.27919578552246094
-0.25058555603027344
0.35046935081481934
0.12803173065185547
0.3634071350097656
0.09100651741027832
-0.2971842288970947
0.19166803359985352
-0.07049703598022461
0.32520079612731934
0.17802667617797852
0.11609125137329102
0.16303634643554688
0.29276323318481445
0.1567840576171875
-0.012688398361206055
-0.14981985092163086
-0.06439900398254395
0.12267279624938965
0.027112483978271484
-0.11427164077758789
0.23167014122009277
0.10070538520812988
0.230224609375
-0.10839557647705078
-0.3006563186645508
0.2414999008178711
-0.5871860980987549
0.0513453483581543
-0.16944336891174316
0.03918910026550293
0.19059062004089355
0.11176609992980957
0.0043392181396484375
-0.35952234268188477
0.15025043487548828
0.1584477424621582
-0.16435623168945312
-0.032700300216674805
0.39400339126586914
0.012065887451171875
0.7416775226593018
0.02650594711303711
0.10908079147338867
-0.02859210968017578
0.24466252326965332
0.06613349914550781
0.17647194862365723
-0.22005438804626465
-0.06405425071716309
-0.085723876953125
0.013696908950805664
-0.006274223327636719
-0.1359410285949707
0.18988370895385742
-0.15340113639831543
0.19411587715148926
-0.22507691383361816
0.1978437900543213
0.10150980949401855
-0.09337329864501953
-0.16235852241516113
0.017238855361938477
0.7485353946685791
-0.060990333557128906
0.09278535842895508
0.008496761322021484
-0.19697237014770508
-0.00875544548034668
0.49635744094848633
0.17171525955200195
0.08287787437438965
0.28368330001831055
-0.5161018371582031
-0.290647029876709
0.14534783363342285
-0.16218161582946777
0.23963308334350586
-0.2561681270599365
0.1868596076965332
0.4025766849517822
-0.11925864219665527
-0.18782424926757812
0.12813985347747803
-0.14669108390808105
-0.10598993301391602
0.32300734519958496
0.20347809791564941
-0.543808102607727
0.23217225074768066
-0.12540555000305176
-0.01911473274230957
0.1900634765625
-0.3218424320220947
0.21932387351989746
-0.3940291404724121
-0.11967062950134277
0.0025942325592041016
0.46274757385253906
-0.4943218231201172
-0.19054484367370605
-0.09820747375488281
-0.14372384548187256
0.12839770317077637
-0.0817575454711914
0.028043746948242188
0.5460026264190674
-0.0440211296081543
0.3031041622161865
-0.7825422286987305
-0.16991066932678223
0.09049153327941895
-0.19961094856262207
-0.32782411575317383
0.17522931098937988
0.29309797286987305
0.24608612060546875
0.1546788215637207
-0.11403155326843262
0.34754037857055664
0.0646219253540039
-0.4381697177886963
-0.32188868522644043
-0.027912139892578125
-0.27472567558288574
0.3438143730163574
0.4201488494873047
0.3335881233215332
-0.15535330772399902
-0.019838571548461914
-0.20839691162109375
0.3361237049102783
-0.026016950607299805
0.011707067489624023
-0.6310021877288818
-0.16446208953857422
0.11518549919128418
-0.20587682723999023
0.3094344139099121
0.21171069145202637
-0.3231372833251953
0.1896272897720337
-0.14902138710021973
0.14969682693481445
0.08716034889221191
0.3871467113494873
-0.2408277988433838
0.04159212112426758
0.5323083400726318
0.29676389694213867
-0.443256139755249
-0.2975738048553467
0.31278276443481445
-0.3015289306640625
-0.1254749298095703
0.10978126525878906
0.1475510597229004
-0.055197954177856445
-0.10033154487609863
-0.3160949945449829
0.23355793952941895
0.14805865287780762
0.5158176422119141
0.7634057998657227
0.14012694358825684
0.16176772117614746
-0.23465275764465332
0.0640108585357666
-0.02391982078552246
0.2848787307739258
0.15869855880737305
-0.008344650268554688
0.03444623947143555
0.20355963706970215
0.1838843822479248
0.3913712501525879
0.05123639106750488
0.1051645278930664
-0.3860173225402832
0.0705556869506836
0.14118123054504395
-0.04217696189880371
0.19180560111999512
-0.17374205589294434
-0.0762028694152832
-0.3899226188659668
-0.03445720672607422
-0.12506818771362305
-0.0029914379119873047
-0.09371495246887207
0.2527437210083008
-0.06924998760223389
0.1368710994720459
0.24418258666992188
0.05394482612609863
0.20600509643554688
-0.052152395248413086
0.4567739963531494
0.05189990997314453
0.41550159454345703
-0.05030369758605957
0.32161736488342285
0.1985912322998047
0.06581735610961914
0.30297279357910156
0.22164130210876465
0.1833791732788086
-0.12103533744812012
-0.07098197937011719
0.39836573600769043
0.15684127807617188
-0.27921247482299805
0.24595141410827637
0.1071631908416748
-0.16173982620239258
0.08077120780944824
-0.24946117401123047
0.17508578300476074
0.1195378303527832
0.5254316329956055
0.4142453670501709
0.07671022415161133
0.082427978515625
0.2277013063430786
0.2752809524536133
0.3141140937805176
0.2512321472167969
0.013798952102661133
0.3526146411895752
0.024652719497680664
0.08981490135192871
0.04074668884277344
-0.11170196533203125
0.21699881553649902
0.07706141471862793
0.27083349227905273
-0.16341662406921387
-0.13944649696350098
-0.3084137439727783
0.2795088291168213
-0.08481192588806152
0.6262450218200684
-0.034154415130615234
0.02339768409729004
0.3918170928955078
0.3816053867340088
-0.3952915668487549
0.10559201240539551
0.10872936248779297
-0.21065497398376465
-0.022956132888793945
-0.14544916152954102
0.4992196559906006
0.21871376037597656
0.14692974090576172
-0.036673545837402344
0.21001219749450684
-0.45456409454345703
0.2854349613189697
-0.7568597793579102
0.05261731147766113
-0.03324604034423828
0.2766249179840088
0.2002718448638916
0.1856764554977417
-0.07787299156188965
0.1823718547821045
-0.18069744110107422
-0.5047128200531006
-0.08187437057495117
-0.2568397521972656
-0.015172243118286133
0.2261214256286621
-0.00064849853515625
-0.021118640899658203
0.3154895305633545
0.2836306095123291
0.07662296295166016
-0.15671896934509277
0.25403618812561035
0.24400687217712402
0.21114110946655273
-0.0023894309997558594
0.13648700714111328
0.02064800262451172
0.06429862976074219
0.0743875503540039
0.07262301445007324
0.11709237098693848
-0.06189775466918945
0.24445509910583496
0.060663461685180664
-0.24492621421813965
0.11410260200500488
-0.0624845027923584
0.05160021781921387
0.055773019790649414
-0.7260518074035645
0.006177186965942383
0.07598328590393066
0.08473873138427734
0.25752997398376465
-0.18442440032958984
0.14469075202941895
0.29981040954589844
-0.04736161231994629
0.03729748725891113
0.1478283405303955
0.05541706085205078
-0.3372166156768799
-0.05591130256652832
0.34103870391845703
0.502100944519043
0.1208338737487793
0.005793333053588867
0.12925386428833008
0.12373232841491699
-0.030715465545654297
0.12166047096252441
0.1039590835571289
-0.08436441421508789
-0.23834490776062012
0.21695518493652344
-0.055945396423339844
-0.028107881546020508
-0.7806921005249023
-0.34694838523864746
0.3493368625640869
-0.07207274436950684
0.18021249771118164
-0.2151808738708496
-0.27765893936157227
-0.09046435356140137
0.3036806583404541
-0.23408722877502441
0.08671045303344727
-0.20831871032714844
0.04435896873474121
0.11305713653564453
0.40224289894104004
-0.31603503227233887
0.046601057052612305
-0.19315576553344727
0.04494476318359375
0.3831806182861328
0.4012792110443115
0.1165621280670166
0.03512144088745117
-0.30844879150390625
0.4827268123626709
-0.22899651527404785
-0.24645256996154785
0.08414602279663086
0.30092668533325195
-0.22765660285949707
-0.06014657020568848
-0.3013789653778076
-0.19687795639038086
0.14026975631713867
-0.018503904342651367
0.3619699478149414
0.2113487720489502
-0.38887786865234375
0.16174030303955078
-0.07260918617248535
-0.10155963897705078
0.21342825889587402
-0.440610408782959
0.18143081665039062
0.058594465255737305
0.08699703216552734
0.23258376121520996
0.0523219108581543
0.2755873203277588
0.37740206718444824
0.08734393119812012
0.25063538551330566
0.3137216567993164
0.5415530204772949
0.05032515525817871
-0.04834175109863281
-0.2885572910308838
0.3401474952697754
0.24594569206237793
0.33974337577819824
0.3713216781616211
0.000396728515625
-0.19751214981079102
0.19035100936889648
0.06099724769592285
0.004658222198486328
0.07953619956970215
0.0368649959564209
-0.518571138381958
0.304323673248291
0.2673635482788086
-0.2735710144042969
-0.007349491119384766
0.2202463150024414
0.2132282257080078
0.1566157341003418
-0.21921277046203613
-0.07007575035095215
-0.21913361549377441
-0.18312835693359375
-0.3199589252471924
0.24853730201721191
0.21180570125579834
-0.7811810970306396
0.33526062965393066
0.10852622985839844
0.46984362602233887
0.5095381736755371
0.04871034622192383
0.034102439880371094
-0.1809384822845459
-0.03776717185974121
0.014445781707763672
0.21637511253356934
-0.061905622482299805
-0.10132098197937012
-0.33310842514038086
0.04853177070617676
-0.2775454521179199
0.2780599594116211
0.17281222343444824
-0.3024280071258545
-0.7717076539993286
0.2112870216369629
0.25185585021972656
0.12844300270080566
-0.24000608921051025
0.23777949810028076
0.25638580322265625
0.30445218086242676
0.07228732109069824
0.08782410621643066
0.38138866424560547
-0.16557550430297852
0.019939899444580078
0.3670690059661865
0.27727484703063965
0.1202085018157959
0.4007716178894043
-0.2970186471939087
0.2314985990524292
0.25551676750183105
0.18367886543273926
0.15345215797424316
0.45099973678588867
-0.3890540599822998
0.26326656341552734
-0.3727588653564453
-0.08776044845581055
0.1803596019744873
-0.387556791305542
0.05787920951843262
-0.4560580253601074
0.26382017135620117
0.4983224868774414
0.4426753520965576
0.307053804397583
0.2661466598510742
-0.5652966499328613
-0.08137035369873047
-0.0308530330657959
0.17693710327148438
0.06511330604553223
0.10859370231628418
-0.15106987953186035
-0.04837465286254883
-0.48989224433898926
0.1622011661529541
0.14079856872558594
-0.25547027587890625
0.10632634162902832
0.1353449821472168
-0.05636715888977051
0.18944454193115234
-0.0791327953338623
0.24342894554138184
0.2857074737548828
0.22509050369262695
0.29044032096862793
0.43046021461486816
-0.12761974334716797
-0.04034614562988281
-0.003004789352416992
-0.07402920722961426
0.13172268867492676
-0.008056879043579102
-0.19273757934570312
-0.3155229091644287
0.1422123908996582
0.26237428188323975
0.04452157020568848
0.07266950607299805
-0.49519824981689453
-0.19011139869689941
-0.24034976959228516
0.09132671356201172
0.3197007179260254
-0.14766502380371094
-0.05677008628845215
0.25356221199035645
0.050113677978515625
0.11743640899658203
-0.1786644458770752
0.49912452697753906
0.4999513626098633
0.06812071800231934
0.07280898094177246
0.24710488319396973
-0.12488245964050293
-0.05015873908996582
0.30953383445739746
-0.06352043151855469
0.11098337173461914
0.23682188987731934
0.29015183448791504
0.13588237762451172
-0.6327986717224121
0.11603212356567383
0.2641885280609131
-0.20366716384887695
-0.15579843521118164
0.14821362495422363
0.20522451400756836
-0.17871975898742676
0.2684643268585205
0.1866455078125
0.09167051315307617
0.12030720710754395
0.08610010147094727
-0.12424135208129883
-0.3494281768798828
0.17554163932800293
0.2584400177001953
0.07292294502258301
-0.0005803108215332031
0.17899227142333984
-0.004492044448852539
0.13915228843688965
0.004053354263305664
0.24402904510498047
0.009410858154296875
-0.052976131439208984
0.17479681968688965
-0.0382843017578125
0.32051682472229004
-0.04866147041320801
0.24013829231262207
0.08910775184631348
0.20148086547851562
0.15186190605163574
0.2522313594818115
0.03738856315612793
0.10761404037475586
0.28038644790649414
0.11233401298522949
0.3633239269256592
-0.1370387077331543
-0.039272308349609375
0.005285739898681641
0.05429410934448242
0.3605940341949463
-0.030959486961364746
0.08502388000488281
0.16573452949523926
-0.3953089714050293
0.3800795078277588
-0.09937644004821777
0.21054768562316895
-0.08899474143981934
-0.04051399230957031
-0.056829214096069336
-0.06725001335144043
-0.029428958892822266
-0.18169522285461426
0.24813342094421387
0.26459288597106934
0.21195363998413086
0.212723970413208
0.22594285011291504
0.1416640281677246
-0.0711820125579834
0.09992504119873047
0.1583397388458252
0.36124444007873535
-0.09323549270629883
0.19861888885498047
-0.3438549041748047
-0.2122938632965088
0.005755901336669922
0.36909055709838867
-0.03571128845214844
0.18548130989074707
0.19899201393127441
0.1597139835357666
0.18435955047607422
-0.13647055625915527
0.2843191623687744
0.46282434463500977
0.029421567916870117
0.008750200271606445
-0.11013412475585938
-0.07277488708496094
0.1638174057006836
0.2875790596008301
-0.1331162452697754
0.11505842208862305
0.05419564247131348
0.16608119010925293
-0.09784150123596191
-0.4812736511230469
-0.6940939426422119
0.3395881652832031
-0.0071485042572021484
-0.11419820785522461
-0.16057848930358887
0.1418776512145996
0.021414756774902344
0.1553363800048828
0.22063493728637695
0.13640427589416504
-0.06512904167175293
0.27567028999328613
0.004291534423828125
0.07868695259094238
-0.3879268169403076
-0.4036588668823242
-0.12937092781066895
0.5435373783111572
0.4397459030151367
-0.2822294235229492
0.12679171562194824
-0.013721942901611328
-0.11056041717529297
0.012014150619506836
-0.0008869171142578125
-0.18466758728027344
0.08577680587768555
0.49819302558898926
-0.0703115463256836
0.5505669116973877
0.2988700866699219
0.2267012596130371
-0.2075204849243164
0.17902326583862305
0.2700157165527344
0.0014085769653320312
0.3260042667388916
0.22005486488342285
0.09611082077026367
-0.01357126235961914
0.10411524772644043
0.00538182258605957
-0.05461859703063965
0.024158716201782227
0.18550825119018555
-0.04505515098571777
-0.4702932834625244
0.2688443660736084
-0.1340188980102539
-0.08904361724853516
0.49188899993896484
-0.11533308029174805
0.2523155212402344
0.0010197162628173828
0.2955620288848877
0.2631652355194092
0.1035764217376709
0.31310558319091797
0.22219061851501465
-0.03160858154296875
0.0700221061706543
-0.2785816192626953
0.28182196617126465
0.11356115341186523
-0.06782889366149902
0.284423828125
0.15640473365783691
-0.06671977043151855
0.5069680213928223
-0.004037141799926758
0.30167365074157715
0.22748231887817383
0.25553011894226074
0.2113485336303711
-0.27741730213165283
0.4484376907348633
0.11046552658081055
0.21349000930786133
0.20942950248718262
-0.04913139343261719
0.20849275588989258
0.10124540328979492
-0.5219628810882568
-0.1836543083190918
0.07448935508728027
-0.22757577896118164
0.1050107479095459
0.23716187477111816
0.1680288314819336
-0.12982583045959473
-0.050786733627319336
0.025961637496948242
0.17579078674316406
0.22003626823425293
0.4984405040740967
0.06297993659973145
0.23810696601867676
-0.16550517082214355
0.16466879844665527
0.11577105522155762
0.11976385116577148
0.10060000419616699
0.254518985748291
0.021238327026367188
-0.1641547679901123
0.3769376277923584
0.20623302459716797
-0.2052077054977417
-0.06573891639709473
0.42298269271850586
0.32962703704833984
0.07443737983703613
0.009471416473388672
0.15763044357299805
0.492983341217041
0.22524714469909668
0.2562417984008789
0.22507286071777344
0.401033878326416
0.02589130401611328
-0.0168759822845459
-0.37372636795043945
0.14330625534057617
-0.30242395401000977
-0.004424095153808594
-0.013254642486572266
0.4568753242492676
-0.07722163200378418
-0.1157369613647461
-0.3249197006225586
-0.11013126373291016
-0.3689239025115967
0.16144084930419922
-0.04550004005432129
-0.06232452392578125
0.15897083282470703
0.0511164665222168
0.6489880084991455
-0.047066688537597656
-0.09855031967163086
-0.10594630241394043
-0.5224840641021729
-0.005606651306152344
0.12763571739196777
0.09977841377258301
-0.05846762657165527
0.20435035228729248
-0.003446340560913086
0.11345243453979492
-0.3431131839752197
0.18467020988464355
0.023589372634887695
-0.23817658424377441
0.3253810405731201
0.16477012634277344
0.08187508583068848
-0.48825812339782715
0.10494256019592285
-0.12265372276306152
0.1938316822052002
0.2630767822265625
0.07217526435852051
0.05755925178527832
-0.09652853012084961
0.17395782470703125
-0.19525647163391113
0.20757389068603516
-0.19023537635803223
-0.6655170917510986
0.17422127723693848
0.1615433692932129
0.0635068416595459
0.2051711082458496
0.18852901458740234
0.3140857219696045
0.21271133422851562
0.29398608207702637
-0.17838621139526367
0.13382744789123535
0.34439635276794434
0.1816270351409912
0.029397249221801758
0.13262319564819336
0.14626646041870117
0.21628570556640625
-0.21123313903808594
0.015042304992675781
-0.08671844005584717
-0.38313961029052734
0.03419971466064453
-0.4127039909362793
-0.5633668899536133
0.058612823486328125
0.24749398231506348
0.41957592964172363
0.3693530559539795
-0.2738502025604248
0.4132699966430664
-0.2426203489303589
0.09374499320983887
-0.09195399284362793
-0.1829988956451416
-0.036064863204956055
0.4155898094177246
-0.10382413864135742
-0.13877487182617188
0.10146379470825195
0.07740950584411621
0.05356407165527344
0.25099873542785645
-0.4195985794067383
-0.08213353157043457
-0.08018755912780762
-0.20568490028381348
0.32959938049316406
0.034810781478881836
-0.146561861038208
-0.34721827507019043
0.09193563461303711
0.06342911720275879
-0.20588064193725586
-0.029584646224975586
0.47866344451904297
0.09846949577331543
0.2502307891845703
-0.3912651538848877
-0.016862154006958008
0.11622190475463867
0.4182915687561035
0.11514472961425781
-0.5492675304412842
-0.09746336936950684
0.27328920364379883
0.17489099502563477
-0.07114124298095703
-0.06384682655334473
0.1448657512664795
0.07329869270324707
-0.10468912124633789
-0.3371192216873169
0.05662417411804199
0.31670260429382324
-0.2033696174621582
0.21182608604431152
0.04781317710876465
-0.09736037254333496
0.12848997116088867
0.31740593910217285
-0.1790328025817871
0.20572662353515625
0.4597928524017334
-0.1402568817138672
-0.3732433319091797
0.10240983963012695
0.05395317077636719
-0.22429990768432617
0.09458661079406738
-0.06297159194946289
0.23863840103149414
0.2458651065826416
-0.1697697639465332
0.39093565940856934
-0.15782976150512695
-0.3529839515686035
0.1709280014038086
0.24478650093078613
-0.021349668502807617
-0.016243934631347656
0.03764820098876953
-0.7782421112060547
0.2080824375152588
0.17212772369384766
0.08096170425415039
0.24123525619506836
0.05888867378234863
0.32863855361938477
0.0418400764465332
-0.01699519157409668
0.2824440002441406
0.049077749252319336
0.10165548324584961
0.10378336906433105
0.24025511741638184
0.12291693687438965
0.35756444931030273
-0.13367700576782227
0.49912452697753906
0.21811509132385254
0.30052900314331055
0.012702226638793945
0.19523286819458008
0.35854530334472656
0.3404691219329834
-0.2416379451751709
-0.41695117950439453
-0.7131435871124268
-0.19369149208068848
0.3189225196838379
0.16267776489257812
-0.011774778366088867
0.2231006622314453
0.2651708126068115
-0.04709923267364502
-0.14120006561279297
-0.03663063049316406
0.189741849899292
0.06279492378234863
-0.16718244552612305
-0.01777338981628418
0.09239530563354492
0.20212197303771973
-0.4034881591796875
0.5624496936798096
0.29065966606140137
0.5063068866729736
0.36168813705444336
-0.08659768104553223
-0.4323139190673828
0.255401611328125
0.020004987716674805
0.20078778266906738
0.2888333797454834
-0.1177515983581543
0.1819438934326172
-0.2054760456085205
0.25316548347473145
-0.04479026794433594
0.1982100009918213
0.16500449180603027
-0.10962843894958496
-0.07931876182556152
0.027337312698364258
0.20025062561035156
-0.03537631034851074
0.14814352989196777
0.05554962158203125
0.17702174186706543
-0.11289024353027344
0.10988020896911621
-0.24300360679626465
0.020210742950439453
0.3445734977722168
0.3716120719909668
-0.053328752517700195
0.3176717758178711
-0.08485794067382812
-0.1589183807373047
0.3509635925292969
0.32119059562683105
0.27445197105407715
0.05462002754211426
0.13253259658813477
0.26808834075927734
-0.11568212509155273
0.13645577430725098
-0.15990114212036133
0.1546010971069336
0.17684340476989746
0.2779722213745117
0.004657745361328125
0.30418992042541504
0.0923464298248291
0.06531429290771484
0.14209818840026855
0.49121880531311035
0.18294048309326172
0.10368847846984863
-0.17249035835266113
0.14234423637390137
-0.25612616539001465
-0.42151308059692383
0.06386590003967285
0.10508275032043457
0.08328819274902344
0.12116503715515137
0.26042795181274414
0.017192363739013672
0.06467437744140625
-0.06592750549316406
0.12390589714050293
0.1612565517425537
-0.17975473403930664
0.04740548133850098
-0.2098691463470459
0.09513664245605469
-0.21566057205200195
0.1309337615966797
0.4228203296661377
-0.19329547882080078
-0.0614924430847168
0.16702032089233398
-0.35071563720703125
0.14207911491394043
0.0516815185546875
-0.12429690361022949
-0.010315656661987305
0.10161781311035156
0.06927871704101562
-0.4176175594329834
0.03908538818359375
-0.5075106620788574
0.12972736358642578
0.49936985969543457
-0.09253191947937012
-0.3102869987487793
0.17348265647888184
-0.0816507339477539
0.08893060684204102
0.44362688064575195
0.5134384632110596
0.07831931114196777
0.07267928123474121
0.2175123691558838
-0.13237857818603516
-0.09591388702392578
0.17291522026062012
-0.060573577880859375
-0.039186954498291016
-0.06815242767333984
-0.027700185775756836
-0.08185672760009766
0.24158239364624023
0.38584423065185547
0.3019692897796631
-0.10515284538269043
0.1668562889099121
0.1922438144683838
0.2762019634246826
0.3016088008880615
-0.13594532012939453
0.10552740097045898
-0.397777795791626
-0.41329383850097656
0.19765591621398926
0.2920258045196533
-0.25249791145324707
0.11422252655029297
-0.3286294937133789
-0.051236629486083984
-0.27713465690612793
-0.05835556983947754
0.0699625015258789
0.04787397384643555
0.057631492614746094
-0.38904905319213867
-0.12712693214416504
0.0030786991119384766
0.11895322799682617
0.15360641479492188
0.18279123306274414
0.015384435653686523
0.3902018070220947
-0.14487433433532715
-0.27871131896972656
0.16323566436767578
0.13184285163879395
0.011203289031982422
0.09887313842773438
-0.6697437763214111
0.04618525505065918
0.35715746879577637
-0.148817777633667
0.04559659957885742
-0.29071617126464844
0.31789636611938477
0.2665283679962158
0.10897445678710938
0.24934148788452148
0.32073163986206055
0.15923452377319336
0.1685473918914795
-0.03350210189819336
0.02116703987121582
0.25034475326538086
-0.028355121612548828
-0.18024277687072754
0.1679985523223877
0.12724542617797852
-0.28693294525146484
0.2824842929840088
0.0073375701904296875
-0.5181429386138916
-0.07590889930725098
-0.2379680871963501
-0.3148200511932373
-0.007632017135620117
0.22800970077514648
0.2537508010864258
0.12193441390991211
0.4998664855957031
-0.1722886562347412
-0.20497894287109375
0.01687765121459961
0.37483835220336914
-0.10934305191040039
0.25215768814086914
0.379993200302124
0.2660501003265381
-0.3569631576538086
-0.06610703468322754
0.4615442752838135
-0.12389802932739258
-0.19991374015808105
-0.07063674926757812
0.11723780632019043
-0.3508188724517822
-0.20497822761535645
0.2595250606536865
-0.3837394714355469
-0.8198742866516113
-0.02736353874206543
-0.09332704544067383
0.19854235649108887
0.017179012298583984
0.28211331367492676
-0.00880742073059082
-0.2592582702636719
-0.16745257377624512
0.06836342811584473
-0.32293081283569336
0.02435469627380371
-0.20686793327331543
0.02930140495300293
-0.3511819839477539
-0.7207765579223633
-0.050832271575927734
0.13192486763000488
-0.18979716300964355
0.3660402297973633
0.36432766914367676
0.06242179870605469
-0.01999068260192871
0.4693427085876465
0.19780325889587402
0.2748408317565918
0.28734827041625977
0.18459486961364746
-0.5134600400924683
0.5956282615661621
0.21889543533325195
-0.5910995006561279
0.055628061294555664
-0.043060302734375
-0.17397570610046387
0.4983394145965576
-0.0870065689086914
0.4017055034637451
0.07356452941894531
0.172637939453125
-0.05082273483276367
0.11101388931274414
0.20376849174499512
0.21161556243896484
-0.2870824337005615
0.3426339626312256
0.11596965789794922
0.39469289779663086
-0.49596571922302246
-0.013537883758544922
0.13638710975646973
-0.4702284336090088
0.4821603298187256
0.4764127731323242
0.23374629020690918
-0.1052708625793457
0.17698025703430176
-0.04216909408569336
0.13610386848449707
-0.4740879535675049
0.07021689414978027
0.12882232666015625
-0.07815718650817871
0.0928030014038086
-0.24278521537780762
-0.8145506381988525
-0.2190554141998291
0.18743562698364258
0.26293015480041504
0.3397853374481201
0.20398640632629395
0.06756329536437988
0.10703778266906738
0.2574803829193115
0.2636457681655884
0.08399486541748047
0.0272214412689209
0.011060237884521484
0.2036607265472412
-0.16893911361694336
0.03281056880950928
0.16337060928344727
-0.006209373474121094
-0.6378881931304932
-0.1819443702697754
-0.04715776443481445
0.07573199272155762
0.14234185218811035
0.33936142921447754
0.5965330600738525
-0.13017559051513672
0.2850983142852783
-0.04509234428405762
0.20470213890075684
0.05882668495178223
0.3264896869659424
0.20555853843688965
-0.2855846881866455
0.2338864803314209
0.30394697189331055
0.02998042106628418
-0.4176173210144043
-0.36292552947998047
0.3536648750305176
-0.001115560531616211
0.20206332206726074
0.10897970199584961
0.23402762413024902
-0.024071693420410156
-0.36684751510620117
0.05684995651245117
0.11649298667907715
0.20878958702087402
0.15451526641845703
0.035774946212768555
-0.2640817165374756
0.13358092308044434
-0.355527400970459
0.23332667350769043
0.13404321670532227
0.5115107297897339
-0.024370908737182617
0.12431836128234863
0.03406667709350586
0.09790945053100586
-0.014124393463134766
0.26860761642456055
0.31603264808654785
-0.25826263427734375
0.05023694038391113
0.2321162223815918
0.3019678592681885
-0.01842212677001953
0.02519965171813965
0.30199456214904785
-0.014279603958129883
-0.1412198543548584
-0.022864103317260742
0.24083352088928223
0.35801053047180176
0.13050413131713867
0.15605974197387695
0.06504964828491211
-0.09498214721679688
-0.02272498607635498
0.0946199893951416
0.0867166519165039
-0.010843992233276367
-0.18543577194213867
-0.4695892333984375
-0.5153372287750244
-0.02858710289001465
-0.3935128450393677
0.1502983570098877
0.2754950523376465
0.10547065734863281
0.2102189064025879
-0.08557248115539551
0.06309294700622559
-0.1359410285949707
-0.051309823989868164
0.3123924732208252
0.40511226654052734
0.2951779365539551
-0.17681050300598145
-0.11516451835632324
-0.12665677070617676
-0.13687562942504883
-0.16611838340759277
0.07257437705993652
0.060256242752075195
0.020236730575561523
-0.31490254402160645
-0.03823399543762207
-0.04007530212402344
0.0940239429473877
0.038628578186035156
-0.0025544166564941406
0.09543752670288086
0.06818962097167969
0.163407564163208
-0.04706120491027832
0.16359639167785645
0.1499776840209961
-0.2315666675567627
0.20027637481689453
0.021212100982666016
-0.32852649688720703
0.13020539283752441
-0.335482120513916
0.0012314319610595703
-0.09941482543945312
-0.02935194969177246
0.14659571647644043
0.13078570365905762
0.2176964282989502
-0.45400428771972656
0.26584410667419434
0.46069014072418213
-0.010778188705444336
0.14679217338562012
-0.06832098960876465
0.2207648754119873
0.022593259811401367
0.061612606048583984
-0.16551542282104492
0.17560648918151855
0.13402295112609863
0.03489327430725098
-0.09880185127258301
-0.7856292724609375
0.11641693115234375
-0.14112234115600586
0.476637601852417
0.01128840446472168
0.3896462917327881
0.45421791076660156
-0.30170392990112305
0.1919996738433838
0.38417911529541016
-0.14344704151153564
0.11206984519958496
0.24068856239318848
0.3469815254211426
0.22136211395263672
0.2952401638031006
0.07617664337158203
-0.05988311767578125
0.08685851097106934
-0.14894604682922363
-0.31319546699523926
-0.15294551849365234
0.12726855278015137
-0.6002230644226074
0.1209862232208252
0.008751630783081055
0.13392281532287598
0.2867424488067627
-0.08249974250793457
0.28916025161743164
-0.022884607315063477
0.23118972778320312
0.15347862243652344
-0.13231563568115234
0.22945237159729004
0.03595685958862305
0.17323732376098633
-0.7590579986572266
0.33483028411865234
0.19871306419372559
0.2182331085205078
0.30256104469299316
0.21085262298583984
-0.38707423210144043
-0.19135165214538574
0.06821799278259277
-0.19677972793579102
-0.22989583015441895
0.04194068908691406
-0.07938218116760254
0.3450131416320801
0.35419774055480957
-0.040678977966308594
0.1133265495300293
-0.10907316207885742
0.19188761711120605
-0.2746622562408447
-0.21831727027893066
-0.0563206672668457
-0.19011759757995605
0.4023933410644531
0.09902548789978027
0.20415854454040527
-0.1348719596862793
-0.2653961181640625
0.5236904621124268
-0.2989537715911865
-0.6369848251342773
0.24387812614440918
0.1548323631286621
-0.08335566520690918
-0.07074141502380371
-0.027738332748413086
0.11831545829772949
0.19140076637268066
0.10467028617858887
0.31598448753356934
0.19336247444152832
-0.013052701950073242
-0.48888707160949707
-0.02062225341796875
-0.642254114151001
-0.21026206016540527
0.025156497955322266
0.22678828239440918
-0.022017240524291992
-0.05210542678833008
0.04822897911071777
0.030008554458618164
0.3791468143463135
-0.05969679355621338
-0.038784027099609375
0.15664219856262207
0.06818962097167969
-0.27553677558898926
-0.08129143714904785
-0.1139078140258789
0.07718658447265625
0.16794371604919434
0.09783267974853516
0.04885435104370117
-0.041353464126586914
-0.00758671760559082
0.08277297019958496
0.3264172077178955
-0.17798352241516113
-0.4118659496307373
-0.40518736839294434
0.04836249351501465
-0.12390494346618652
0.034085988998413086
0.04403805732727051
-0.4101436138153076
0.1316080093383789
0.21315670013427734
0.021853923797607422
-0.01779937744140625
0.26039767265319824
0.06809544563293457
0.2668907642364502
-0.29155707359313965
-0.03986072540283203
0.20122957229614258
0.13393640518188477
0.11451506614685059
-0.018395662307739258
0.13841700553894043
0.006006002426147461
-0.07147502899169922
-0.020603179931640625
0.0678107738494873
0.16174817085266113
-0.07783722877502441
0.29502034187316895
-0.28365373611450195
-0.16006755828857422
0.1709578037261963
-0.2523190975189209
0.018472909927368164
0.10296773910522461
0.2682621479034424
0.11198639869689941
0.0709383487701416
0.03329348564147949
-0.19939613342285156
0.16426682472229004
0.2152714729309082
0.12847256660461426
0.354201078414917
0.41718530654907227
0.3414287567138672
-0.26096487045288086
0.25293946266174316
0.04592776298522949
0.17642927169799805
0.02813243865966797
0.14714813232421875
-0.16244959831237793
0.13994693756103516
0.315598726272583
-0.17470335960388184
-0.1581404209136963
0.16062402725219727
0.296297550201416
0.4174463748931885
0.05791187286376953
-0.18871760368347168
0.16517233848571777
0.47093963623046875
0.14420795440673828
0.010518550872802734
0.09184694290161133
-0.10095787048339844
-0.07668900489807129
-0.40148353576660156
0.5831394195556641
0.27097463607788086
-0.471254825592041
0.2602198123931885
0.15004992485046387
-0.6547932624816895
-0.05346822738647461
0.3909006118774414
-0.7424213886260986
-0.11816644668579102
-0.23359966278076172
0.5502417087554932
0.2306969165802002
-0.36560583114624023
0.4031980037689209
0.06587958335876465
0.14936041831970215
0.7322210073471069
0.18128108978271484
0.19662237167358398
-0.09462547302246094
-0.022716760635375977
-0.06787943840026855
0.23875117301940918
0.33963465690612793
0.5919172763824463
0.11808490753173828
0.4232618808746338
-0.09005045890808105
-0.8028789758682251
-0.4042549133300781
0.2381281852722168
0.22264361381530762
0.29200077056884766
0.2091660499572754
0.27669405937194824
0.13087701797485352
0.03777194023132324
0.023281574249267578
-0.35123300552368164
-0.043732404708862305
-0.10933780670166016
-0.258467435836792
-0.1732332706451416
0.2773559093475342
0.273439884185791
-0.20417261123657227
-0.583824634552002
0.1622629165649414
-0.36389589309692383
0.036147356033325195
-0.24694490432739258
0.15591669082641602
0.14545512199401855
-0.006220340728759766
0.16532349586486816
0.0030760765075683594
0.27014970779418945
0.057778358459472656
-0.05828595161437988
0.6102790832519531
-0.5525674819946289
0.1311028003692627
-0.5328505039215088
0.18889689445495605
-0.01612234115600586
0.38638854026794434
0.1331326961517334
-0.28557515144348145
-0.09514069557189941
0.28672099113464355
-0.008281707763671875
0.1963059902191162
0.3319966793060303
0.12647294998168945
0.2499077320098877
0.2961883544921875
-0.16634130477905273
-0.08453178405761719
0.030416250228881836
-0.14907503128051758
0.19228553771972656
0.2530069351196289
0.09714913368225098
-0.10763835906982422
0.262362003326416
0.20944571495056152
0.14173102378845215
0.1338052749633789
0.1970463991165161
0.3603832721710205
0.1798551082611084
0.3718910217285156
-0.054891109466552734
-0.13290834426879883
0.19406580924987793
0.30652689933776855
-0.17607760429382324
-0.0813143253326416
-0.5905945301055908
-0.01780247688293457
-0.23781180381774902
0.2348496913909912
0.14215469360351562
-0.45429134368896484
-0.2724123001098633
0.07808685302734375
0.4248077869415283
-0.08547425270080566
0.025162220001220703
0.12572026252746582
0.4225807189941406
-0.15488648414611816
0.09169149398803711
0.07884740829467773
-0.18562102317810059
0.002913236618041992
0.21791839599609375
0.058756351470947266
0.2955129146575928
-0.07649898529052734
-0.4011993408203125
-0.05418753623962402
0.4575366973876953
0.3609201908111572
0.18223214149475098
0.17404603958129883
0.047094106674194336
-0.008503913879394531
0.308809757232666
0.031829833984375
-0.2275693416595459
0.3758213520050049
0.16159343719482422
-0.13972210884094238
0.1595914363861084
0.4047830104827881
0.2565333843231201
0.37822675704956055
0.1912539005279541
0.1484510898590088
0.2715108394622803
0.3858377933502197
-0.010187864303588867
-0.7107627391815186
0.256483793258667
0.08762216567993164
-0.5002942085266113
-0.4314107894897461
0.29349660873413086
0.13427734375
-0.2440929412841797
0.36107635498046875
-0.24865126609802246
0.16420221328735352
-0.3378889560699463
0.3915872573852539
-0.19730019569396973
-0.1728990077972412
0.0741424560546875
0.07829618453979492
0.0480496883392334
-0.7520866394042969
-0.8223600387573242
0.7570774555206299
-0.5333328247070312
-0.06450986862182617
0.12136554718017578
0.06870102882385254
-0.14127421379089355
0.14490556716918945
0.16097760200500488
-0.1182701587677002
0.21121931076049805
0.34030938148498535
0.30632638931274414
0.07300615310668945
-0.008487224578857422
0.012046098709106445
-0.11494183540344238
0.036702871322631836
0.1643974781036377
-0.3510630130767822
-0.07332849502563477
-0.12773346900939941
0.20845627784729004
0.27898359298706055
-0.23155426979064941
0.24640250205993652
-0.29260873794555664
0.14514946937561035
-0.07019424438476562
0.07470250129699707
0.3580220937728882
0.4231455326080322
0.07335591316223145
-0.10174727439880371
0.2938683032989502
0.14504098892211914
-0.09961605072021484
-0.07651114463806152
0.15224003791809082
-0.7318520545959473
0.11486959457397461
0.2612473964691162
0.04232454299926758
-0.3060426712036133
-0.22660350799560547
-0.315875768661499
0.033946990966796875
-0.15975165367126465
0.33462071418762207
-0.4566526412963867
0.26247310638427734
-0.13657188415527344
0.1705172061920166
0.2967977523803711
-0.04116201400756836
0.12157630920410156
-0.04839801788330078
-0.035823822021484375
0.03775477409362793
-0.1927661895751953
-0.010439395904541016
-0.03121805191040039
0.09737277030944824
0.42232322692871094
0.36763930320739746
0.0025625228881835938
0.03766942024230957
0.03697919845581055
0.19370293617248535
0.06484270095825195
0.37049150466918945
0.22370624542236328
0.08628273010253906
0.3107798099517822
0.07332205772399902
-0.10731816291809082
-0.88573157787323
-0.2548346519470215
0.28183984756469727
0.1939537525177002
0.2016594409942627
0.19414901733398438
0.29060912132263184
-0.1437675952911377
0.17342853546142578
0.2025158405303955
0.08580613136291504
0.25852131843566895
0.1936326026916504
-0.11473655700683594
-0.060891151428222656
0.38043808937072754
-0.2380685806274414
0.12444710731506348
0.1049184799194336
-0.12414336204528809
0.060410261154174805
-0.244950532913208
0.018406391143798828
0.22930455207824707
-0.23198747634887695
-0.2965693473815918
0.24015045166015625
0.05419182777404785
0.11369895935058594
-0.004656314849853516
0.21707940101623535
0.27838730812072754
0.25649213790893555
0.23151850700378418
0.0636599063873291
0.21759557723999023
0.11142849922180176
0.11666154861450195
0.23038339614868164
0.28699207305908203
-0.019386768341064453
-0.5796291828155518
0.051004648208618164
-0.40465354919433594
-0.05789971351623535
0.36831021308898926
-0.08109402656555176
0.36923980712890625
-0.19918274879455566
0.1260087490081787
0.07848191261291504
-0.20833826065063477
-0.0547480583190918
-0.0511474609375
0.051290273666381836
0.026350736618041992
0.2883036136627197
0.028719186782836914
0.15439748764038086
0.15015101432800293
-0.031542301177978516
0.047772884368896484
0.13886070251464844
0.17028379440307617
0.020282506942749023
-0.17274832725524902
0.12442731857299805
0.04128742218017578
0.06870007514953613
-0.2515380382537842
-0.0049517154693603516
0.46961283683776855
0.07231020927429199
0.08028674125671387
-0.1895458698272705
-0.050922393798828125
0.2915642261505127
-0.03641629219055176
0.25742268562316895
0.09525418281555176
-0.4238433837890625
0.2196342945098877
-0.0847623348236084
-0.0255889892578125
0.07119941711425781
0.07089424133300781
0.13488411903381348
0.20078039169311523
0.05152463912963867
0.010128498077392578
0.026122331619262695
0.15425395965576172
0.4088912010192871
-0.03905320167541504
0.06516194343566895
0.16119909286499023
0.037507057189941406
0.2728080749511719
-0.10504150390625
0.21861481666564941
-0.03186774253845215
0.20873808860778809
0.040018558502197266
0.21094346046447754
0.19403362274169922
0.0836491584777832
0.20969629287719727
0.1748361587524414
-0.20200419425964355
0.09983837604522705
0.09167027473449707
0.1422123908996582
0.20346951484680176
-0.005122661590576172
0.20715045928955078
0.3279116153717041
0.35950589179992676
-0.005896568298339844
0.002258777618408203
0.08303642272949219
0.11184453964233398
0.1637125015258789
-0.2429800033569336
-0.1737067699432373
0.03349184989929199
0.19324731826782227
0.3077683448791504
-0.19466781616210938
0.002065420150756836
0.474825382232666
0.08575320243835449
0.08193397521972656
0.17513203620910645
-0.14454388618469238
0.022750377655029297
0.35246729850769043
0.30067992210388184
0.03228926658630371
0.44164109230041504
0.18141579627990723
-0.15227293968200684
-0.08127903938293457
-0.07375073432922363
0.07553982734680176
0.1707324981689453
-0.29773712158203125
-0.09647989273071289
-0.23357796669006348
0.46991491317749023
-0.45627808570861816
-1.057755947113037
0.20624208450317383
0.2040085792541504
0.23462224006652832
0.021284818649291992
-0.2776610851287842
-0.006781339645385742
0.22884559631347656
0.07713866233825684
0.24684977531433105
0.07023310661315918
-0.05404210090637207
0.2926928997039795
0.3732781410217285
0.15917158126831055
0.13004469871520996
-0.33210980892181396
0.33270978927612305
0.06947112083435059
0.1317601203918457
-0.007553815841674805
0.10434460639953613
0.038720130920410156
-0.021099567413330078
-0.043733835220336914
-0.5866522789001465
0.34456872940063477
0.21635103225708008
-0.16303777694702148
0.03374814987182617
-0.4833228588104248
0.1874840259552002
0.26821303367614746
-0.07644939422607422
0.017039060592651367
-0.2810091972351074
0.1579883098602295
0.42496728897094727
0.366072416305542
0.13342523574829102
-0.1273479461669922
0.0315241813659668
-0.07083487510681152
-0.0026760101318359375
-0.16423702239990234
0.13591766357421875
-0.36852335929870605
0.15052008628845215
-0.01608586311340332
-0.019379138946533203
0.10059738159179688
0.1484079360961914
-0.09840822219848633
0.3492133617401123
-0.13654756546020508
-0.07982778549194336
0.21739625930786133
0.06706571578979492
0.10555315017700195
-0.1833343505859375
0.0054225921630859375
0.2873823642730713
0.1336205005645752
-0.37116432189941406
-0.0031332969665527344
0.296431303024292
-0.18561410903930664
0.10431122779846191
0.2286064624786377
0.3221931457519531
0.12560510635375977
0.011606931686401367
0.25042271614074707
0.16856098175048828
-0.2733266353607178
0.18489289283752441
0.09635448455810547
0.13735580444335938
0.009905099868774414
-0.3048224449157715
0.05679488182067871
0.07894134521484375
0.06424570083618164
0.026767253875732422
0.21473288536071777
0.05222773551940918
-0.18472933769226074
0.02051067352294922
0.13043212890625
0.33296990394592285
0.019316673278808594
-0.08832621574401855
0.25446367263793945
0.25542569160461426
0.27068471908569336
-0.1527547836303711
-0.1603243350982666
0.49651145935058594
0.2430276870727539
0.27254152297973633
0.28379344940185547
0.21793079376220703
0.014168977737426758
-0.37915146350860596
-0.05888772010803223
0.23988080024719238
-0.1351757049560547
-0.23566102981567383
-0.2079484462738037
0.5044138431549072
0.43820953369140625
-0.5611104965209961
-0.014778375625610352
0.23961782455444336
0.055574655532836914
0.12058353424072266
0.09815216064453125
0.14762425422668457
-0.042726755142211914
0.34016966819763184
0.11127567291259766
0.20506858825683594
-0.009938478469848633
0.12101149559020996
-0.0007055997848510742
-0.16492104530334473
-0.10659027099609375
0.05178332328796387
0.14324736595153809
0.2318413257598877
0.06558775901794434
0.4260427951812744
0.035111427307128906
0.1718885898590088
-0.025478363037109375
0.0425114631652832
0.28042125701904297
-0.7967902421951294
-0.45561909675598145
-0.18541336059570312
0.15336847305297852
0.12800884246826172
0.155259370803833
0.4809751510620117
-0.015272855758666992
-0.191910982131958
-0.1432666778564453
-0.17555475234985352
0.20252084732055664
-0.0630793571472168
0.12855839729309082
0.2914566993713379
0.14563918113708496
0.19792652130126953
0.404496431350708
0.08835911750793457
-0.5040810108184814
-0.12957763671875
0.13023686408996582
-0.09402346611022949
-0.10339462757110596
-0.11826586723327637
0.11646926403045654
-0.2926363945007324
0.3188202381134033
0.20183396339416504
-0.40484619140625
0.058008432388305664
-0.17497920989990234
0.09866714477539062
-0.3971719741821289
-0.17166447639465332
0.19398021697998047
0.11567544937133789
-0.09315681457519531
-0.08846497535705566
-0.08389711380004883
0.19167232513427734
0.34728384017944336
0.17139720916748047
0.023013830184936523
0.3858356475830078
0.100830078125
0.08122920989990234
-0.3156247138977051
0.1858525276184082
0.6151742935180664
-0.058287858963012695
-0.1978437900543213
0.21872782707214355
-0.042659759521484375
0.12504816055297852
0.22252678871154785
-0.09253573417663574
-0.6677508354187012
-0.30796265602111816
-0.08881378173828125
-0.04512214660644531
0.2285311222076416
-0.0031938552856445312
-0.3419848680496216
-0.05292248725891113
0.045110225677490234
-0.19522619247436523
-0.5617666244506836
-0.09435224533081055
-0.35808873176574707
0.2658357620239258
0.3655998706817627
0.12466931343078613
0.254072904586792
0.18974995613098145
-0.4923710823059082
0.041349172592163086
-0.20213627815246582
0.15517139434814453
0.27074384689331055
0.06049227714538574
-0.12224197387695312
0.21941566467285156
0.0030307769775390625
0.08807563781738281
0.1051340103149414
-0.06876206398010254
-0.10812687873840332
-0.20724725723266602
0.38904404640197754
0.3242776393890381
-0.13292884826660156
-0.4472827911376953
-0.16153240203857422
0.07240605354309082
-0.1747293472290039
0.0764164924621582
-0.1947004795074463
0.2726407051086426
0.580409049987793
0.1862034797668457
0.16634178161621094
0.033689260482788086
0.23984432220458984
0.11134910583496094
0.11782979965209961
-0.08180904388427734
-0.11483502388000488
0.11773467063903809
0.29318928718566895
0.20214486122131348
0.29486680030822754
0.24181175231933594
0.16836309432983398
-0.22494125366210938
-0.030376911163330078
-0.25497961044311523
0.03650021553039551
-0.2585568428039551
-0.0009729862213134766
-0.20170950889587402
-0.12423896789550781
-0.20744943618774414
0.12922143936157227
0.3800520896911621
0.2658116817474365
0.47968077659606934
0.17414450645446777
0.1770482063293457
-0.25882434844970703
-0.11501169204711914
0.25369882583618164
0.36664772033691406
0.23737716674804688
0.27521228790283203
0.09443211555480957
-0.014622688293457031
0.0027844905853271484
0.08210277557373047
0.0637514591217041
-0.0319666862487793
-0.0012884140014648438
0.12377786636352539
-0.23042988777160645
0.27893805503845215
-0.1639385223388672
0.16932368278503418
0.2422013282775879
-0.47095417976379395
-0.06315112113952637
0.08951544761657715
-0.1944289207458496
-0.03681325912475586
0.08173751831054688
-0.08512425422668457
-0.03698992729187012
0.12557077407836914
0.0772089958190918
0.21922898292541504
0.20373010635375977
0.11868619918823242
0.15879106521606445
-0.37030982971191406
6.127357482910156e-05
0.046958208084106445
0.16199088096618652
0.10477399826049805
-0.1109309196472168
-0.3166615962982178
-0.37876129150390625
-0.026738882064819336
-0.018523216247558594
0.015323162078857422
0.09023356437683105
0.5192770957946777
-0.32103466987609863
0.1365203857421875
0.01351618766784668
0.20942306518554688
0.2715110778808594
0.05720329284667969
0.19003772735595703
-0.20180368423461914
-0.33658576011657715
0.287142276763916
-0.06375646591186523
0.34810662269592285
0.3912031650543213
0.17896389961242676
-0.033368587493896484
0.2829170227050781
-0.04337191581726074
0.0694730281829834
-0.2258608341217041
0.2151501178741455
0.19492173194885254
-0.06414961814880371
0.05305075645446777
0.254406213760376
-0.31560683250427246
-0.09531664848327637
0.2682216167449951
-0.10368847846984863
-0.7363278865814209
0.11249899864196777
0.06482291221618652
0.12506985664367676
0.28174495697021484
0.08774590492248535
-0.1871476173400879
0.21914243698120117
0.13059711456298828
0.12374162673950195
0.12621164321899414
0.262861967086792
0.1614828109741211
-0.5411148071289062
-0.16191864013671875
0.35204315185546875
0.09999823570251465
0.07816815376281738
0.15884947776794434
-0.4963526725769043
0.2548849582672119
-0.22040295600891113
0.0013577938079833984
-0.015163898468017578
0.1981348991394043
-0.26331257820129395
0.14351963996887207
-0.05625104904174805
0.19963717460632324
0.04289603233337402
0.09935855865478516
0.17363476753234863
0.21734619140625
0.009442806243896484
0.12991762161254883
0.2640218734741211
0.19466304779052734
0.2623717784881592
0.25652599334716797
0.21689271926879883
0.13530492782592773
0.12383842468261719
-0.028186321258544922
0.18361926078796387
-0.1337268352508545
0.1593947410583496
-0.41636013984680176
0.5737459659576416
0.015981435775756836
-0.07614779472351074
-0.2806539535522461
-1.2898203134536743
0.40347814559936523
-0.08685016632080078
0.3158714771270752
0.24856948852539062
-0.1218099594116211
0.02730727195739746
0.08556056022644043
0.19091534614562988
-0.08699798583984375
-0.2069559097290039
0.22560572624206543
-0.32669854164123535
0.05421590805053711
0.12770724296569824
0.14190983772277832
0.04670572280883789
0.033679962158203125
-0.16517114639282227
-0.5418171882629395
0.1850261688232422
0.11469411849975586
0.34614086151123047
0.0009801387786865234
0.210357666015625
0.19107568264007568
0.5795712471008301
-0.08189010620117188
0.13459086418151855
0.23570656776428223
0.2875821590423584
0.1543591022491455
0.6008694171905518
-0.3076801300048828
-0.03941512107849121
0.19319772720336914
0.3866853713989258
0.0849924087524414
0.12636041641235352
-0.056081533432006836
0.1612551212310791
0.1033477783203125
-0.5191572904586792
-0.3980717658996582
0.1935288906097412
0.19080209732055664
-0.07250690460205078
-0.07277369499206543
-0.05747103691101074
0.023316383361816406
0.08555746078491211
-0.1506175994873047
0.1657238006591797
0.2853686809539795
-0.857754111289978
-0.06248188018798828
-0.25059986114501953
-0.1649792194366455
0.01114344596862793
-0.19651269912719727
0.34812259674072266
0.2039651870727539
-0.9245754480361938
-0.41945934295654297
-0.2983534336090088
0.17532718181610107
-0.15703082084655762
-0.21878552436828613
0.2353217601776123
-0.2770524024963379
-0.44979095458984375
0.16307520866394043
-0.03861689567565918
0.4560708999633789
0.06312060356140137
-0.2814614772796631
0.15518712997436523
-0.17186260223388672
0.19635796546936035
-0.08721518516540527
-0.07335567474365234
-0.41179895401000977
0.3053097724914551
-0.1931004524230957
0.08102893829345703
-0.22636675834655762
0.18719100952148438
-0.18746161460876465
-0.17266297340393066
0.006986379623413086
0.5746753215789795
0.08949804306030273
0.19462299346923828
0.06641578674316406
0.29894185066223145
-0.02575230598449707
0.1263134479522705
0.1961374282836914
0.22449660301208496
0.07426261901855469
-0.1927483081817627
-0.8958377838134766
-0.016825199127197266
0.17011594772338867
0.14559292793273926
-0.05796670913696289
0.1571061611175537
0.09033846855163574
-0.31047606468200684
0.35294628143310547
0.20213818550109863
-0.061147212982177734
0.11805391311645508
-0.060622453689575195
0.2533376216888428
0.17467069625854492
0.0031626224517822266
-0.6111456155776978
0.18110013008117676
0.24330496788024902
-0.369464635848999
0.11635899543762207
-0.148529052734375
0.28526854515075684
-0.336047887802124
0.15933752059936523
-0.04560208320617676
0.016510963439941406
0.15270113945007324
0.329639196395874
-0.30086350440979004
0.07245421409606934
0.2909390926361084
0.5209372043609619
-0.004799842834472656
0.22365164756774902
0.31785106658935547
-0.30315303802490234
0.22092342376708984
-0.12437963485717773
0.04533720016479492
0.26432347297668457
0.01514136791229248
0.2388772964477539
-0.058106184005737305
0.2543909549713135
0.27744531631469727
-0.15338945388793945
-0.1673285961151123
-0.07253646850585938
-0.3675262928009033
-0.0058040618896484375
0.12981796264648438
0.05383038520812988
0.12364792823791504
-0.12830400466918945
0.14928412437438965
-0.17661380767822266
0.0673208236694336
0.1542835235595703
0.016718149185180664
0.19430160522460938
-0.22574567794799805
-0.04345083236694336
0.2520015239715576
-0.49596667289733887
0.1642167568206787
0.34662890434265137
0.21178698539733887
-0.06200575828552246
0.1960160732269287
-0.07924818992614746
0.14262700080871582
-0.03500247001647949
0.25373125076293945
0.42922091484069824
0.06017899513244629
-0.515324592590332
0.3235769271850586
0.17359089851379395
0.08767247200012207
-0.25240302085876465
0.29703497886657715
0.10827326774597168
0.33559250831604004
0.1959669589996338
0.10725283622741699
0.3041417598724365
-0.1537151336669922
-0.1837635040283203
0.26700806617736816
0.5022842884063721
-0.6087534427642822
-0.19712424278259277
0.19125592708587646
-0.19365334510803223
0.6395843029022217
-0.3538334369659424
-0.028707027435302734
0.3081223964691162
0.5344583988189697
-0.05951833724975586
-0.013402223587036133
-0.36339879035949707
-0.12001919746398926
-0.5791935920715332
0.39431118965148926
0.26931309700012207
-0.48854660987854004
-0.2533760070800781
0.09375262260437012
-0.07704281806945801
-0.15067315101623535
0.0215299129486084
0.03498077392578125
0.06224942207336426
0.024097204208374023
0.31861042976379395
-0.03621530532836914
0.11162900924682617
0.10514211654663086
0.2134416103363037
0.012877702713012695
0.23334813117980957
0.0670936107635498
-0.12804687023162842
0.019886016845703125
-0.6366498470306396
0.1442406177520752
0.11712527275085449
0.4289085865020752
0.05005955696105957
0.06846737861633301
0.4430861473083496
-0.01573038101196289
-0.352017879486084
0.1721663475036621
-0.06046295166015625
0.363112211227417
-0.04421544075012207
-0.35661983489990234
-0.1324145793914795
0.11725306510925293
0.14731264114379883
0.40479612350463867
0.4689621925354004
0.16559410095214844
-0.05780148506164551
-0.0073850154876708984
0.12653470039367676
0.20208024978637695
0.23724031448364258
0.22705435752868652
0.2229478359222412
-0.33946847915649414
-0.35395312309265137
-0.06454873085021973
0.2331385612487793
-0.31340742111206055
0.20862412452697754
0.04695725440979004
-0.1210165023803711
0.14579463005065918
-0.3011953830718994
0.2798128128051758
-0.14363408088684082
-0.3417057991027832
0.3507719039916992
0.005977153778076172
-0.12885499000549316
0.09693276882171631
0.4180936813354492
0.24255776405334473
-0.33953309059143066
-0.06279373168945312
0.14217448234558105
0.07882118225097656
-0.12662124633789062
0.4049503803253174
0.4275248050689697
0.2359158992767334
0.4941713809967041
-0.5886578559875488
0.28929901123046875
-0.16384458541870117
0.1653459072113037
0.14502549171447754
0.1894361972808838
-0.24787378311157227
0.08928036689758301
-0.057846784591674805
0.22896552085876465
-0.08371210098266602
0.04971480369567871
0.011768221855163574
-0.532461404800415
-0.3004567623138428
0.4631032943725586
0.02061629295349121
-0.13637614250183105
0.24785351753234863
0.16295599937438965
-0.14572882652282715
0.1196134090423584
-0.10596418380737305
0.19910836219787598
0.4114105701446533
-0.22356724739074707
-0.12415790557861328
-0.12931442260742188
-0.1400308609008789
0.010105133056640625
-0.08282971382141113
-0.4410163164138794
-0.12498068809509277
0.11371397972106934
0.21313261985778809
0.27328920364379883
-0.03428459167480469
-0.22757863998413086
-0.03846383094787598
0.18176698684692383
0.3690454959869385
0.04496002197265625
0.2621908187866211
-0.19387054443359375
0.2081165313720703
0.18336820602416992
0.5420975685119629
-0.00860905647277832
0.49036073684692383
0.37505149841308594
-0.11332821846008301
0.17381572723388672
0.13426470756530762
0.2556264400482178
0.2845437526702881
0.30304980278015137
0.04435992240905762
0.051030635833740234
-0.08550786972045898
-0.0034646987915039062
0.15118098258972168
-0.23942089080810547
0.28708434104919434
0.3915872573852539
-0.40015339851379395
0.0010409355163574219
-0.15160250663757324
0.15713047981262207
-0.33100080490112305
-0.17406868934631348
0.24428081512451172
0.18936753273010254
0.19330167770385742
0.14642047882080078
-0.13613104820251465
0.11588692665100098
0.09670209884643555
0.08048415184020996
-0.08965826034545898
0.7033452987670898
0.10119056701660156
-0.05165505409240723
-0.068817138671875
0.05820035934448242
-0.3328695297241211
-0.5433242321014404
-0.05652427673339844
0.08109879493713379
-0.12926864624023438
-0.22834444046020508
-0.20234990119934082
0.3069336414337158
-0.01872992515563965
0.24245595932006836
0.03778433799743652
0.12345290184020996
0.4545474052429199
-0.011691093444824219
0.004096508026123047
0.13634562492370605
0.21230196952819824
0.1996746063232422
0.4216315746307373
0.02763509750366211
-0.08366084098815918
0.08611392974853516
0.2414863109588623
0.2508871555328369
0.15251636505126953
-0.24555349349975586
-0.2981843948364258
0.07138752937316895
-0.07077383995056152
0.1255028247833252
0.16003942489624023
-0.12848234176635742
-0.054178476333618164
0.019849538803100586
0.1274399757385254
0.01909017562866211
0.16302204132080078
-0.44617676734924316
-0.5858511924743652
0.33492743968963623
0.13439440727233887
0.23727011680603027
0.03643965721130371
-0.2549417018890381
0.19683098793029785
-0.3529517650604248
-0.317746639251709
0.025763511657714844
-0.08287382125854492
-0.39119529724121094
0.38320422172546387
-0.0009248256683349609
0.20508813858032227
0.1277916431427002
0.1436176300048828
0.2857189178466797
0.19863152503967285
0.22769975662231445
0.044037580490112305
-0.09081530570983887
-0.5511119365692139
-0.34420084953308105
0.5248982906341553
0.3557126522064209
0.1289684772491455
0.5294291973114014
0.0910789966583252
0.22806859016418457
0.15890765190124512
0.2781970500946045
-0.01787734031677246
-0.11122679710388184
0.13565778732299805
0.18337368965148926
0.040875911712646484
0.05778670310974121
0.21565937995910645
-0.004865407943725586
-0.34322476387023926
0.2908022403717041
0.22640562057495117
0.0006086826324462891
0.16209149360656738
-0.15303993225097656
0.1113290786743164
-0.07979035377502441
0.17912697792053223
0.2588334083557129
-8.058547973632812e-05
0.25679874420166016
0.006791591644287109
0.0879058837890625
0.28443360328674316
-0.20916295051574707
0.10624909400939941
0.18158459663391113
-0.07108426094055176
0.47021484375
0.2690541744232178
-0.08819031715393066
0.044687747955322266
-0.5483243465423584
-0.5211315155029297
-0.08864665031433105
0.09250235557556152
0.36347389221191406
0.17392611503601074
0.04821348190307617
0.22896838188171387
0.10023331642150879
0.006722688674926758
0.09239530563354492
0.09929490089416504
0.1160426139831543
0.08609199523925781
0.34461450576782227
0.21589231491088867
-0.08616852760314941
0.24501752853393555
0.3892171382904053
0.07644891738891602
-0.6853470802307129
-0.2668769359588623
0.23299860954284668
0.09927511215209961
0.22772812843322754
0.16299653053283691
-0.318223237991333
-0.17949342727661133
0.03396344184875488
0.10882282257080078
0.23699498176574707
-0.09948945045471191
0.36239051818847656
-0.5070133209228516
-0.35207104682922363
0.1450960636138916
0.4411947727203369
0.2669084072113037
-0.03749728202819824
-0.058702707290649414
-0.10730886459350586
-0.09364676475524902
0.09205794334411621
-0.15561914443969727
-0.024153947830200195
0.10234761238098145
0.40293335914611816
0.05627083778381348
-0.10005044937133789
-0.027798891067504883
0.30858278274536133
0.08510565757751465
-0.29317402839660645
0.4255788326263428
0.0086517333984375
0.13929152488708496
0.20318388938903809
-0.15230011940002441
-0.18480825424194336
-0.3896000385284424
0.03020453453063965
0.6009831428527832
-0.11605644226074219
-0.20578455924987793
-0.45576024055480957
-0.11268973350524902
-0.045189857482910156
0.38890743255615234
0.37961506843566895
0.27385401725769043
0.07604765892028809
0.19150018692016602
-0.046271324157714844
-0.035222530364990234
0.2892138957977295
-0.06857419013977051
0.21919965744018555
0.3345367908477783
0.12232112884521484
0.13096368312835693
-0.022409677505493164
0.24091887474060059
-0.21820902824401855
-0.4480133056640625
0.08403301239013672
-0.19713449478149414
0.011271238327026367
0.19336414337158203
0.04030966758728027
0.16278481483459473
0.05035853385925293
0.36710286140441895
0.3757615089416504
-0.09717679023742676
0.1973552703857422
0.016779422760009766
-0.2550971508026123
0.12493419647216797
0.1906139850616455
0.33307719230651855
0.4185354709625244
-0.10187172889709473
0.14766192436218262
0.21952486038208008
0.0689394474029541
0.042261362075805664
0.033159494400024414
0.29784250259399414
0.1023094654083252
-0.33998775482177734
-0.10075712203979492
0.13304972648620605
0.10678839683532715
0.12543344497680664
0.04101204872131348
0.19899749755859375
-0.7565736770629883
0.02860736846923828
0.03634285926818848
-0.559114933013916
0.31359291076660156
-0.0475161075592041
0.07181739807128906
-0.6760636568069458
-0.5744504928588867
-0.45811915397644043
0.4503026008605957
-0.02654862403869629
-0.3926100730895996
0.2898237705230713
0.40658140182495117
0.07172894477844238
0.3200392723083496
-0.18661391735076904
0.04155588150024414
0.12196063995361328
0.11834263801574707
0.30460262298583984
0.24932575225830078
0.23338043689727783
0.018147706985473633
-0.21793484687805176
0.13521432876586914
-0.1402604579925537
-0.03163909912109375
0.0022509098052978516
-0.03685712814331055
0.033858299255371094
-0.1633157730102539
0.03876447677612305
0.1956418752670288
0.1555922031402588
-0.17861127853393555
0.10567331314086914
-0.31749677658081055
0.01683211326599121
0.28223466873168945
0.13799500465393066
0.18095040321350098
0.08213257789611816
0.4053516387939453
0.5336251258850098
-0.39419031143188477
0.02810978889465332
0.12912631034851074
-0.060048818588256836
-0.4747471809387207
0.14819836616516113
0.2419908046722412
-0.22612261772155762
0.11295557022094727
0.2971031665802002
0.21426939964294434
0.23765873908996582
0.013303399085998535
-0.08310461044311523
0.016717195510864258
-0.23525309562683105
-0.44918036460876465
-0.2643167972564697
0.2732203006744385
-0.18149423599243164
0.28104639053344727
0.2954401969909668
0.3453867435455322
0.12345123291015625
0.19749903678894043
0.11078524589538574
0.07290148735046387
-0.17705512046813965
0.14396119117736816
0.039038896560668945
-0.4919581413269043
0.04385232925415039
-0.06758379936218262
-0.006407499313354492
-0.005526065826416016
0.08856534957885742
0.3318805694580078
0.03876304626464844
0.05079364776611328
0.10649776458740234
-0.03588581085205078
-0.0700685977935791
0.18488764762878418
0.1345374584197998
0.4503295421600342
-0.4295940399169922
0.2816159725189209
0.022559642791748047
0.11952567100524902
-0.0745851993560791
0.32976412773132324
-0.02956676483154297
-0.07782649993896484
-0.03706955909729004
0.08026361465454102
0.04976511001586914
-0.23607945442199707
0.2737894058227539
0.1881392002105713
0.04409027099609375
-0.05254697799682617
0.24967002868652344
-0.34565258026123047
0.09269952774047852
0.09152102470397949
0.06552505493164062
0.2135779857635498
0.43527817726135254
-0.203383207321167
0.16610074043273926
-0.10042452812194824
-0.22049403190612793
-0.2338547706604004
-0.6291927099227905
-0.20602774620056152
0.07877612113952637
0.3339385986328125
-0.05377793312072754
0.06584453582763672
-0.733558177947998
-0.20464825630187988
-0.2663085460662842
0.2076725959777832
-0.12604665756225586
-0.2047579288482666
0.36342287063598633
-0.021874666213989258
0.10704255104064941
0.051010847091674805
-0.015932083129882812
-0.19019484519958496
0.1144571304321289
0.009135007858276367
-0.11762881278991699
0.3996858596801758
0.05473947525024414
0.18509817123413086
0.1474447250366211
-0.06446957588195801
-0.2059636116027832
0.312524676322937
-0.10661435127258301
-0.15732979774475098
0.2644662857055664
0.09639310836791992
0.5094263553619385
0.2937943935394287
0.12155342102050781
-0.08918428421020508
-0.023744583129882812
-0.046913862228393555
0.17920708656311035
-0.12019705772399902
0.26379871368408203
0.35659003257751465
0.057883501052856445
-0.4523627758026123
0.2559959888458252
-0.4145042896270752
0.6210391521453857
0.10434770584106445
-0.5197806358337402
-0.03236746788024902
-0.06231379508972168
-0.25763869285583496
-0.005723714828491211
-0.0955667495727539
0.07579517364501953
-0.1462869644165039
0.18657588958740234
0.07152390480041504
0.10448026657104492
0.26011061668395996
0.17229294776916504
-0.03669619560241699
-0.07255077362060547
0.18377935886383057
-0.31151747703552246
0.1648852825164795
0.3453347682952881
0.05511951446533203
-0.017446279525756836
0.10239768028259277
0.28502559661865234
0.13492131233215332
0.3045995235443115
0.3330879211425781
0.19056344032287598
0.1819915771484375
0.054480552673339844
0.3388710021972656
-0.6769853830337524
0.08404541015625
0.34830474853515625
0.1810305118560791
0.24946069717407227
-0.004758596420288086
0.1901562213897705
0.09648370742797852
0.6341288089752197
0.19160890579223633
-0.06342959403991699
-0.09822368621826172
0.1081383228302002
-0.05809307098388672
0.07001185417175293
0.11798667907714844
0.008061408996582031
0.001781463623046875
-0.18084502220153809
0.3658769130706787
-0.5335607528686523
-0.25173044204711914
0.08764481544494629
0.17472195625305176
-0.07304048538208008
0.12650489807128906
0.22528862953186035
0.3169872760772705
-0.1763772964477539
0.041097402572631836
-0.2259814739227295
0.04395556449890137
0.03873181343078613
0.2725834846496582
-0.14036893844604492
0.08948040008544922
0.0859217643737793
-0.024735450744628906
-0.45861268043518066
0.0672750473022461
0.46483469009399414
0.0036535263061523438
0.19307351112365723
-0.04026675224304199
0.2266683578491211
0.1393117904663086
0.07654047012329102
0.09400367736816406
-0.23470664024353027
0.26235008239746094
-0.12291789054870605
-0.08036208152770996
0.5961039066314697
-0.18198800086975098
0.08794665336608887
-0.1384134292602539
-0.27059030532836914
-0.19145965576171875
-0.011000394821166992
0.09624171257019043
-0.5117325782775879
0.18552422523498535
-0.22610926628112793
0.1625077724456787
-0.3424859046936035
-0.07844805717468262
-0.08600902557373047
0.40323519706726074
0.039856910705566406
0.018548965454101562
0.38753604888916016
0.1363515853881836
0.15015935897827148
-0.28369879722595215
0.22850251197814941
0.2456836700439453
-0.2693319320678711
0.1689140796661377
0.3658766746520996
-0.04116666316986084
0.1316838264465332
0.2546069622039795
0.33411169052124023
-0.2876739501953125
-0.04530644416809082
-0.11661505699157715
-0.2787306308746338
0.043021202087402344
-0.44237565994262695
0.27207398414611816
0.10063958168029785
0.14978957176208496
0.2573676109313965
0.04088401794433594
-0.10738444328308105
0.2913661003112793
0.24650120735168457
0.06411576271057129
0.30269885063171387
0.2761878967285156
0.08078169822692871
0.13760709762573242
-0.04522252082824707
0.11958909034729004
0.18680453300476074
-0.031171321868896484
0.11056399345397949
0.37908434867858887
-0.2306349277496338
-0.09034156799316406
0.0012912750244140625
-0.05299997329711914
0.13471388816833496
0.12957358360290527
0.2962071895599365
-0.14939665794372559
-0.2395944595336914
-0.8575685024261475
0.013696908950805664
0.0768885612487793
-0.15658831596374512
-0.012344598770141602
-0.020174503326416016
0.021613121032714844
-0.03299880027770996
-0.33634352684020996
0.027887582778930664
0.2686779499053955
-0.13542866706848145
0.24256157875061035
0.14243364334106445
-0.4930286407470703
0.2816615104675293
0.14677810668945312
0.2525055408477783
0.10931563377380371
0.08987307548522949
-0.17513704299926758
-0.14125537872314453
0.10959124565124512
-0.07283329963684082
0.20908570289611816
-0.18178439140319824
0.22066140174865723
-0.02331089973449707
-0.034387826919555664
0.03492593765258789
-0.06219172477722168
0.22342419624328613
0.32073068618774414
0.03535652160644531
-0.0037235021591186523
-0.14385199546813965
0.1496262550354004
-0.15004658699035645
0.08774495124816895
0.03426766395568848
-0.5137871503829956
0.10009074211120605
0.0044939517974853516
0.04245758056640625
0.39426231384277344
0.25679779052734375
-0.16100478172302246
-0.15080881118774414
0.10698151588439941
0.20349693298339844
0.32315683364868164
-0.21492815017700195
-0.019632577896118164
0.5074419975280762
-0.7370450496673584
0.06008124351501465
-0.01044011116027832
0.20749831199645996
-0.0077190399169921875
0.2149190902709961
-0.37619519233703613
-0.22819828987121582
0.16957473754882812
-0.12813735008239746
0.1324324607849121
-0.17166852951049805
-0.07651114463806152
0.27173304557800293
0.1333756446838379
0.24349546432495117
-0.5104247331619263
0.1524507999420166
0.4199209213256836
0.030066251754760742
0.2374897003173828
0.29857516288757324
0.3649764060974121
-0.028502941131591797
-0.00993800163269043
-0.011581659317016602
0.1743454933166504
0.1648259162902832
-0.24452710151672363
0.07530641555786133
0.01640915870666504
0.10848259925842285
0.25182247161865234
0.1311025619506836
0.17089247703552246
0.29061174392700195
0.5818395614624023
0.27925825119018555
0.20311236381530762
-0.5965349674224854
0.10105228424072266
0.20075631141662598
0.14101266860961914
0.2227768898010254
0.021930694580078125
0.1200857162475586
-0.20578408241271973
-0.2536044120788574
-0.3626372814178467
0.11619281768798828
-0.3902266025543213
0.2520711421966553
0.26703929901123047
0.16919183731079102
-0.021697282791137695
-0.3398711681365967
0.21561932563781738
-0.07760262489318848
0.11139225959777832
0.3056647777557373
0.1501922607421875
0.12374401092529297
-0.037738800048828125
0.367645263671875
-0.0024216175079345703
0.144700288772583
0.0907965898513794
-0.15335464477539062
-0.19466066360473633
0.019551992416381836
-0.0805060863494873
0.043879032135009766
0.22552204132080078
0.1377701759338379
0.3010869026184082
0.2621800899505615
-0.406050443649292
0.14416098594665527
0.00038433074951171875
-0.0998680591583252
0.33104991912841797
0.07784199714660645
0.005274772644042969
0.055046796798706055
0.7471129894256592
-0.18692445755004883
-0.14180874824523926
0.29238343238830566
-0.19264721870422363
0.16847360134124756
0.11256217956542969
0.44859910011291504
0.1807568073272705
0.09518790245056152
-0.2009143829345703
0.3071322441101074
0.2573068141937256
-0.29064249992370605
0.13875222206115723
0.17945218086242676
0.1617577075958252
-0.14105486869812012
-0.10701131820678711
-0.010216236114501953
-0.16521716117858887
-0.7435407638549805
0.06099832057952881
0.4405860900878906
0.5362012386322021
-0.2018446922302246
-0.13357234001159668
-0.2896718978881836
0.06876206398010254
0.10039997100830078
0.24889206886291504
0.029551029205322266
0.173630952835083
0.14052820205688477
0.3266115188598633
0.03329634666442871
-0.13781046867370605
-0.0015935897827148438
-0.6426351070404053
-0.18480825424194336
0.21774888038635254
0.18027853965759277
0.05263209342956543
0.10777163505554199
0.006120204925537109
0.27153921127319336
-0.5080475807189941
-0.3236730098724365
0.13956260681152344
-0.0015790462493896484
-0.5942583084106445
0.12006735801696777
0.162339448928833
0.13550496101379395
0.3364400863647461
-0.3581874370574951
0.17168951034545898
0.16673946380615234
0.010569334030151367
-0.4218442440032959
0.07713818550109863
0.20684552192687988
0.04845428466796875
0.14914870262145996
0.2746882438659668
-0.40494704246520996
-0.45502257347106934
-0.24209976196289062
0.26093006134033203
-0.035681724548339844
0.040841102600097656
0.16272592544555664
-0.11722970008850098
-0.28638195991516113
0.11783123016357422
-0.4560225009918213
0.04279446601867676
-0.1129908561706543
0.20370721817016602
-0.1329059600830078
0.0797114372253418
-0.4379873275756836
0.13898944854736328
-0.09646892547607422
0.23366069793701172
-0.15515518188476562
0.18385553359985352
-0.0280301570892334
0.025185108184814453
-0.21954584121704102
0.05684995651245117
-0.09823203086853027
0.2244555950164795
0.05558657646179199
0.15997934341430664
0.00966191291809082
0.4116804599761963
0.11195206642150879
0.2638249397277832
-0.14197468757629395
0.21462464332580566
0.3684525489807129
0.3812825679779053
-0.2756619453430176
0.20536112785339355
0.1369643211364746
0.060547828674316406
0.1377866268157959
0.11340117454528809
0.058905839920043945
0.016434907913208008
-0.19382929801940918
0.24463677406311035
0.011355161666870117
0.1258256435394287
-0.33305931091308594
-0.08296632766723633
0.44089698791503906
0.2977595329284668
0.00829935073852539
0.19719672203063965
-0.20394206047058105
-0.08902215957641602
0.03749227523803711
0.4700770378112793
-0.27396726608276367
0.492168664932251
0.315631628036499
-0.44538092613220215
-0.633903980255127
-0.5942583084106445
0.26289987564086914
0.16956067085266113
0.39760398864746094
-0.4374518394470215
0.19980525970458984
0.07232379913330078
0.12497472763061523
-0.2132251262664795