0.2634943723678589
-0.09457159042358398
-0.1964888572692871
0.10344672203063965
-0.011197447776794434
-0.4006023406982422
0.08765935897827148
-0.20773828029632568
-0.36357200145721436
0.18848085403442383
0.0022794008255004883
-0.062177181243896484
-0.022056102752685547
-0.39026689529418945
0.20814645290374756
0.16272282600402832
0.05011475086212158
-0.14328014850616455
-0.025603652000427246
-0.12079799175262451
0.043941497802734375
0.2071073055267334
-0.03810751438140869
0.19192707538604736
0.025446176528930664
-0.6407973766326904
-0.04720437526702881
0.09894263744354248
-0.02715015411376953
-0.2736002206802368
-0.10453295707702637
0.12558603286743164
0.1282280683517456
-0.02092111110687256
-0.27333009243011475
-0.47519755363464355
0.1544191837310791
0.09084367752075195
0.057677626609802246
0.04280519485473633
0.3922771215438843
0.21427667140960693
0.03683042526245117
-0.004160761833190918
0.19079935550689697
-0.14748966693878174
0.06066560745239258
-0.10654699802398682
0.0420839786529541
0.22868120670318604
0.12125158309936523
-0.05521595478057861
0.29955291748046875
0.100119948387146
0.23145508766174316
-0.22281908988952637
0.07304966449737549
0.03240549564361572
0.08852577209472656
-0.25036323070526123
-0.11282682418823242
0.17775452136993408
-0.011615514755249023
-0.014871478080749512
0.09193146228790283
0.04340696334838867
-0.3167535066604614
0.28625917434692383
0.16652357578277588
0.02615642547607422
0.045374155044555664
-0.08186793327331543
-0.33562636375427246
-0.18046033382415771
-0.6959201097488403
0.09437692165374756
-0.26042163372039795
0.36443400382995605
0.10394978523254395
0.18182826042175293
-0.09237122535705566
0.043836355209350586
-0.34471309185028076
-0.0030798912048339844
-0.04759669303894043
-0.0020613670349121094
0.04272592067718506
0.22864675521850586
-0.029067277908325195
-0.07784736156463623
-0.06799602508544922
0.050473690032958984
-0.15639126300811768
0.11609852313995361
-0.058764100074768066
0.14179515838623047
-0.36222314834594727
0.15621590614318848
0.019474148750305176
0.0716019868850708
-0.21050047874450684
-0.1087183952331543
0.23355889320373535
-0.14520180225372314
0.1451101303100586
-0.009418725967407227
0.40509915351867676
-0.013236045837402344
-0.3114910125732422
0.2524479627609253
-0.08439552783966064
0.06246328353881836
0.27587080001831055
0.022414684295654297
0.12415814399719238
0.12008154392242432
0.11039602756500244
0.1440427303314209
-0.3819296360015869
-0.021091699600219727
0.015481233596801758
-0.04608607292175293
0.01883077621459961
-0.01940333843231201
-0.057041168212890625
0.1459583044052124
-0.05601918697357178
-0.18091917037963867
0.16092777252197266
-0.25974464416503906
0.06809711456298828
-0.05985522270202637
0.08266091346740723
0.23687076568603516
-0.03645884990692139
0.027551770210266113
-0.30996859073638916
-0.07731497287750244
-0.032205820083618164
-0.16145503520965576
-0.11614227294921875
0.39319443702697754
0.14868855476379395
0.42066895961761475
-0.04559504985809326
0.06393110752105713
0.11945068836212158
0.07108211517333984
0.04546153545379639
0.09399175643920898
-0.08857595920562744
-0.0909113883972168
-0.05440878868103027
-0.01788175106048584
-0.23780858516693115
-0.17992818355560303
0.14275598526000977
-0.21321308612823486
0.15396785736083984
-0.21240901947021484
0.20981645584106445
0.0637134313583374
-0.007537364959716797
-0.08421015739440918
-0.042009592056274414
0.5215814113616943
-0.16309523582458496
-0.0015368461608886719
-0.07255804538726807
-0.0243375301361084
0.04341268539428711
0.3406275510787964
0.21458280086517334
0.19558608531951904
0.08499932289123535
-0.5323824882507324
-0.16779780387878418
0.12985849380493164
-0.07817935943603516
0.07161593437194824
-0.2841916084289551
0.10343611240386963
0.15462863445281982
-0.056087374687194824
-0.1527402400970459
-0.026976466178894043
-0.29640161991119385
-0.12324976921081543
0.2346174716949463
0.10503280162811279
-0.5585209131240845
0.21576714515686035
0.06371080875396729
-0.028509974479675293
0.03495526313781738
-0.12438642978668213
0.08222472667694092
-0.1896589994430542
0.06866610050201416
0.02238476276397705
0.11038839817047119
-0.4664503335952759
-0.1454472541809082
-0.18965363502502441
-0.10697245597839355
-0.038956522941589355
-0.03411269187927246
-0.06136512756347656
0.5198806524276733
-0.04615449905395508
0.2166733741760254
-0.3826110363006592
-0.25485730171203613
0.11168217658996582
-0.09006130695343018
-0.4627203941345215
0.012148141860961914
0.15356171131134033
0.10073089599609375
0.152116060256958
-0.09667253494262695
0.19157123565673828
0.23093903064727783
-0.2575671672821045
-0.3063826560974121
0.0647134780883789
-0.3200291395187378
0.23920392990112305
0.28878164291381836
0.08118772506713867
-0.31622207164764404
-0.029782652854919434
-0.1543588638305664
0.31161653995513916
0.07498478889465332
0.21356666088104248
-0.5605831146240234
-0.05817246437072754
-0.1002129316329956
-0.07095730304718018
0.317915678024292
0.027615904808044434
-0.2912149429321289
0.07189548015594482
-0.04705548286437988
0.04558444023132324
0.15869140625
0.26718807220458984
-0.1502443552017212
-0.19423484802246094
0.28417515754699707
0.27808547019958496
-0.21845722198486328
-0.3684985637664795
0.05597865581512451
-0.25691330432891846
-0.06490254402160645
0.025777459144592285
0.1705636978149414
0.04022109508514404
-0.06323957443237305
-0.2258075475692749
0.2278827428817749
0.007554411888122559
0.42017459869384766
0.5212739706039429
0.10310196876525879
0.12190866470336914
-0.11314260959625244
0.1195605993270874
-0.12985360622406006
0.2779233455657959
0.042030930519104004
-0.028045654296875
0.044802188873291016
0.25330185890197754
0.13596117496490479
0.36261141300201416
0.03207051753997803
0.01893901824951172
-0.3746633529663086
0.021530866622924805
-0.051718950271606445
-0.05793309211730957
0.018067359924316406
-0.11114084720611572
-0.006087779998779297
-0.338594913482666
0.012660980224609375
-0.08277606964111328
-0.015510082244873047
-0.09000778198242188
0.21427977085113525
-0.0971459150314331
0.11001229286193848
0.16217243671417236
0.011397123336791992
0.10744571685791016
0.1208193302154541
0.36562299728393555
0.03894174098968506
0.46847426891326904
0.011381030082702637
0.12671613693237305
0.24167394638061523
0.09126019477844238
0.26223063468933105
0.09406387805938721
0.1439906358718872
-0.10974621772766113
-0.08650779724121094
0.251415491104126
0.03559434413909912
-0.1678694486618042
0.11358726024627686
-0.06503617763519287
-0.02799391746520996
0.08326959609985352
-0.14881408214569092
0.1331329345703125
0.13227534294128418
0.30349791049957275
0.1456894874572754
0.13920235633850098
0.08775115013122559
-0.07625377178192139
0.01534891128540039
0.06559276580810547
0.2673947811126709
0.01793956756591797
0.1616687774658203
0.08566868305206299
0.1920849084854126
0.14118003845214844
-0.2307875156402588
0.0158078670501709
0.15342092514038086
0.29604172706604004
-0.23815786838531494
-0.1104898452758789
-0.31794607639312744
0.26718175411224365
-0.07688307762145996
0.4433305263519287
0.06392097473144531
-0.11252772808074951
0.17392754554748535
0.3135080337524414
-0.2393585443496704
0.02464473247528076
0.1465742588043213
-0.13443946838378906
-0.05280101299285889
-0.22069334983825684
0.40206313133239746
0.27921736240386963
0.11049079895019531
0.008665919303894043
0.023852944374084473
-0.3117225170135498
0.19044673442840576
-0.7073509693145752
-0.039929747581481934
-0.09247279167175293
0.1525883674621582
0.029420971870422363
-0.00017893314361572266
-0.08845174312591553
0.19923555850982666
-0.092276930809021
-0.5355349779129028
-0.27091169357299805
-0.006215214729309082
0.0026177167892456055
0.07558763027191162
0.012360453605651855
0.06731057167053223
0.1940244436264038
0.13248801231384277
-0.035773396492004395
-0.22397589683532715
0.24214613437652588
0.0831606388092041
0.05797302722930908
0.08854091167449951
-0.048781752586364746
-0.016552090644836426
0.10742712020874023
-0.07676517963409424
0.03342735767364502
-0.0896751880645752
-0.02967965602874756
0.10770678520202637
0.20793437957763672
-0.22398734092712402
-0.05350673198699951
-0.05499088764190674
0.07446670532226562
0.02304363250732422
-0.692578911781311
-0.06829726696014404
0.21602880954742432
0.09985923767089844
0.10689091682434082
0.003726482391357422
0.14019763469696045
0.25763583183288574
-0.27141034603118896
0.19646263122558594
0.17694485187530518
0.07360577583312988
-0.3183337450027466
0.06612348556518555
0.262073278427124
0.30474674701690674
0.04348254203796387
-0.03911185264587402
0.017522096633911133
-0.04777336120605469
-0.01921069622039795
0.10411524772644043
0.24377501010894775
-0.059685468673706055
-0.18358850479125977
0.13119590282440186
-0.12453842163085938
-0.1328895092010498
-0.47560667991638184
-0.26559722423553467
0.24079465866088867
-0.020485639572143555
0.10590565204620361
-0.09397852420806885
-0.18854820728302002
-0.1250929832458496
0.22585248947143555
-0.09785103797912598
-0.0867382287979126
-0.246321439743042
0.17074811458587646
-0.055816650390625
0.15978097915649414
-0.15739965438842773
0.14091265201568604
-0.16544556617736816
0.1150054931640625
0.30371737480163574
0.18251395225524902
0.021251320838928223
-0.05659604072570801
-0.20958209037780762
0.363447904586792
-0.14547812938690186
-0.05531764030456543
0.050672054290771484
0.3584911823272705
-0.06764185428619385
-0.04244530200958252
-0.34294044971466064
-0.16598379611968994
0.15085768699645996
-0.07997238636016846
0.1378840208053589
0.19133281707763672
-0.2119753360748291
0.02109825611114502
0.04867100715637207
-0.10536611080169678
0.10468637943267822
-0.13538479804992676
0.17376792430877686
0.007926106452941895
0.03833723068237305
0.28058314323425293
-0.12532198429107666
0.1938396692276001
0.2919948101043701
0.03184103965759277
0.10036587715148926
0.2985438108444214
0.38200902938842773
-0.0012727975845336914
-0.06264090538024902
-0.11299717426300049
0.22771310806274414
-0.01141500473022461
0.261582612991333
0.20840072631835938
-0.07680463790893555
-0.0392146110534668
0.04254043102264404
0.16287803649902344
-0.07194292545318604
0.04871368408203125
-0.06776988506317139
-0.41530609130859375
0.16796863079071045
0.2385854721069336
-0.1257030963897705
-0.06413781642913818
0.14049315452575684
0.04976487159729004
0.20341432094573975
-0.059811949729919434
-0.07801032066345215
-0.292927622795105
0.026350021362304688
-0.17590856552124023
0.15669536590576172
0.18654274940490723
-0.7454473972320557
0.0486602783203125
0.1127476692199707
0.41481924057006836
0.3177894353866577
0.13947582244873047
0.09066557884216309
-0.10076355934143066
0.1241600513458252
-0.1125953197479248
0.20280802249908447
-0.02972245216369629
-0.09137248992919922
-0.15725672245025635
0.027225971221923828
-0.2784717082977295
0.30907297134399414
0.1533043384552002
-0.18525910377502441
-0.5306873321533203
0.008232831954956055
0.33101367950439453
-0.030365824699401855
-0.15903186798095703
0.03234362602233887
0.12152135372161865
0.24381089210510254
-0.020166993141174316
0.109893798828125
0.2711528539657593
-0.035449981689453125
0.103302001953125
0.16617810726165771
0.23697638511657715
-0.06730616092681885
0.27913784980773926
-0.20932018756866455
0.13047099113464355
0.15532875061035156
0.05289769172668457
0.1309300661087036
0.1447906494140625
-0.3037365674972534
0.13557302951812744
-0.25568199157714844
0.01580202579498291
-0.013077735900878906
-0.175925612449646
0.07224893569946289
-0.39589154720306396
0.13254010677337646
0.4694838523864746
0.6051688194274902
0.2874932289123535
0.3673269748687744
-0.2838701009750366
0.022338151931762695
0.050672173500061035
0.05611419677734375
0.0091017484664917
0.04082369804382324
-0.1329491138458252
-0.0037147998809814453
-0.36483991146087646
-0.04206514358520508
0.12485504150390625
-0.1302647590637207
0.05075478553771973
0.026473283767700195
-0.0373992919921875
0.0179901123046875
0.13755297660827637
-0.006435871124267578
0.014070868492126465
0.1648247241973877
0.17983639240264893
0.21084022521972656
-0.047315120697021484
-0.041959524154663086
0.04232978820800781
-0.11927294731140137
0.03097367286682129
-0.08265197277069092
0.01238858699798584
-0.07418632507324219
0.15826523303985596
0.2430281639099121
-0.03523659706115723
0.01921534538269043
-0.45683038234710693
-0.15698885917663574
-0.0338444709777832
-0.014049172401428223
0.19828903675079346
-0.15433359146118164
-0.11549663543701172
-0.045861244201660156
0.07214188575744629
-0.031192779541015625
-0.08079564571380615
0.4177439212799072
0.3492729663848877
0.003187417984008789
-0.1603407859802246
0.2207280397415161
0.04484915733337402
0.021836161613464355
0.1543867588043213
-0.03960418701171875
0.1414201259613037
0.06043696403503418
-0.0622553825378418
0.0050275325775146484
-0.37292981147766113
-0.12404012680053711
0.14019930362701416
-0.04856610298156738
-0.322986364364624
0.16901791095733643
0.08169364929199219
-0.08738350868225098
0.25140202045440674
0.24920344352722168
0.120583176612854
0.06282579898834229
0.12157881259918213
-0.055353403091430664
-0.09497332572937012
0.1348642110824585
0.13010573387145996
-0.14416611194610596
-0.12283515930175781
0.18907523155212402
0.11078071594238281
0.15705358982086182
0.1674818992614746
0.3400695323944092
0.07766246795654297
6.306171417236328e-05
0.10457956790924072
-0.11219310760498047
0.1325984001159668
-0.23774683475494385
0.26114416122436523
0.11996698379516602
0.0050048828125
0.127724289894104
0.3005717992782593
0.08511722087860107
-0.07406365871429443
0.1972569227218628
0.09563851356506348
0.30896592140197754
-0.1289881467819214
0.12781524658203125
-0.13292956352233887
0.032759666442871094
0.16190361976623535
-0.009365200996398926
-0.03802990913391113
0.3466002941131592
-0.14996683597564697
0.18572914600372314
-0.09967589378356934
0.12154817581176758
-0.13119101524353027
0.07875490188598633
-0.2921797037124634
-0.11301863193511963
-0.1101541519165039
-0.06102466583251953
0.15772199630737305
0.03261542320251465
0.04817795753479004
0.18313443660736084
0.22510826587677002
0.06472814083099365
-0.2246161699295044
0.004388570785522461
0.0850456953048706
0.26426732540130615
-0.09685564041137695
0.1271723508834839
-0.2022876739501953
-0.2812662124633789
0.04665350914001465
0.43451714515686035
0.05951952934265137
0.0716480016708374
0.232122540473938
0.10124945640563965
-0.015983223915100098
-0.05935323238372803
0.31058764457702637
0.20620059967041016
0.1222987174987793
0.03793060779571533
-0.04530692100524902
-0.03022933006286621
0.20277178287506104
0.10338938236236572
-0.08120405673980713
0.13430261611938477
-0.04166722297668457
0.04090702533721924
-0.06821930408477783
-0.3196009397506714
-0.7306509017944336
0.4311589002609253
0.010320782661437988
-0.05830979347229004
-0.12699198722839355
0.06599986553192139
0.09426093101501465
0.1034919023513794
0.02539682388305664
0.026111721992492676
-0.24708402156829834
0.10508739948272705
0.06881487369537354
0.03374326229095459
-0.2079218626022339
-0.3281688690185547
-0.1422719955444336
0.24193406105041504
0.21959948539733887
-0.28175055980682373
0.04514038562774658
-0.09983038902282715
0.048558592796325684
-0.017772436141967773
-0.007342696189880371
-0.180120587348938
0.10539889335632324
0.3969874382019043
-0.10705626010894775
0.43778812885284424
0.09046626091003418
0.10891616344451904
-0.06849169731140137
0.15817534923553467
0.25552093982696533
0.09939420223236084
0.2169961929321289
0.16238689422607422
0.08371460437774658
0.009310245513916016
-0.023112773895263672
-0.16046631336212158
-0.07231807708740234
0.15794587135314941
0.12847697734832764
-0.000563502311706543
-0.5797417163848877
0.18985795974731445
-0.018850088119506836
-0.331570029258728
0.2544926404953003
0.002692103385925293
0.08219313621520996
0.057875633239746094
0.10368883609771729
0.02385890483856201
0.12384557723999023
0.13079512119293213
0.30993008613586426
-0.01940178871154785
0.0669790506362915
-0.22529363632202148
0.21501553058624268
0.11278843879699707
-0.1423509120941162
0.3100855350494385
0.08145630359649658
-0.15333104133605957
0.29955291748046875
-0.015819430351257324
0.15739917755126953
0.03851032257080078
0.18255937099456787
0.21432185173034668
-0.05458676815032959
0.38758981227874756
0.0700768232345581
0.13641703128814697
0.07191956043243408
-0.07190489768981934
0.1602182388305664
0.02460777759552002
-0.3675224781036377
-0.19288527965545654
0.2051074504852295
-0.27569580078125
-0.08785450458526611
0.08613300323486328
0.07638585567474365
-0.20684051513671875
0.10828971862792969
-0.09623575210571289
0.13367855548858643
0.21692109107971191
0.3089170455932617
-0.011505126953125
0.21415793895721436
-0.15730488300323486
0.17132949829101562
0.09559011459350586
-0.08815205097198486
-0.00847935676574707
0.15767431259155273
-0.014995217323303223
-0.14863216876983643
0.2852473258972168
-0.03573918342590332
-0.20932352542877197
-0.23331332206726074
0.4245774745941162
0.22152507305145264
0.021587252616882324
0.1424335241317749
0.006255388259887695
0.4513251781463623
0.1314849853515625
0.1430046558380127
0.16693973541259766
0.21020126342773438
-0.012993693351745605
0.01805555820465088
-0.1629549264907837
0.24638700485229492
-0.2713484764099121
-0.0636894702911377
-0.09343862533569336
0.2801482677459717
0.061345577239990234
-0.10088729858398438
-0.07660317420959473
0.07422482967376709
-0.2203369140625
0.11519920825958252
-0.1542956829071045
-0.04552578926086426
0.0991668701171875
-0.06641614437103271
0.3768225908279419
-0.030396580696105957
0.10079586505889893
-0.05378603935241699
-0.30021893978118896
-0.1708838939666748
0.07002174854278564
-0.05645108222961426
-0.2007688283920288
0.03396761417388916
0.07255673408508301
0.10959768295288086
-0.3373730182647705
0.04909813404083252
0.004548788070678711
-0.0019512176513671875
0.29854583740234375
0.08993494510650635
0.1967616081237793
-0.483508825302124
0.029711484909057617
-0.0505603551864624
0.07865560054779053
0.26185905933380127
-0.030376911163330078
0.05269467830657959
-0.05240988731384277
0.19644558429718018
-0.031211376190185547
0.1622554063796997
-0.09664952754974365
-0.38162803649902344
0.17341482639312744
0.10189700126647949
-0.13631510734558105
0.15115022659301758
0.08953976631164551
0.04596221446990967
0.29045331478118896
0.24120652675628662
-0.1277865171432495
0.006263613700866699
0.13367676734924316
0.09901595115661621
-0.018108844757080078
0.16832733154296875
-0.016916990280151367
0.2653031349182129
0.05620622634887695
0.09780669212341309
-0.08926677703857422
-0.48052453994750977
-0.13700449466705322
-0.3867073059082031
-0.5116968154907227
-0.013093113899230957
0.24509596824645996
0.13983309268951416
0.12419450283050537
-0.12449479103088379
0.20667576789855957
-0.1980290412902832
-0.019867897033691406
-0.08447980880737305
-0.24071598052978516
-0.06380581855773926
0.22850489616394043
-0.08670926094055176
-0.16716277599334717
0.1296834945678711
0.07416021823883057
0.061776041984558105
0.07093167304992676
-0.19516730308532715
-0.16375410556793213
-0.10551261901855469
-0.19499123096466064
0.31224846839904785
-0.08431446552276611
0.058592796325683594
-0.15574634075164795
0.19638466835021973
-0.01709282398223877
-0.32866692543029785
-0.05584883689880371
0.20689916610717773
0.31440746784210205
0.11112165451049805
-0.31221914291381836
-0.04398059844970703
0.04310142993927002
0.3586905002593994
0.08726310729980469
-0.2874000072479248
-0.16857075691223145
0.09552419185638428
0.13305151462554932
0.016608238220214844
-0.03159666061401367
-0.09113466739654541
0.13625192642211914
0.06802308559417725
-0.505679726600647
0.11519873142242432
0.19085562229156494
-0.256245493888855
0.2607215642929077
0.09086418151855469
-0.059174537658691406
0.0157088041305542
0.10811471939086914
-0.10072207450866699
0.1900043487548828
0.2862892150878906
-0.18336617946624756
-0.32815659046173096
0.08821558952331543
0.19377422332763672
-0.133095383644104
0.03272688388824463
-0.055101633071899414
0.16608595848083496
0.07988166809082031
-0.28679871559143066
0.4562230110168457
-0.035523414611816406
-0.1378192901611328
0.05780196189880371
0.20216691493988037
-0.17916905879974365
0.02832508087158203
0.018584370613098145
-0.7118039131164551
0.048895835876464844
0.1413489580154419
-0.04143261909484863
0.16906750202178955
-0.03480660915374756
0.10167455673217773
-0.016753673553466797
0.06602334976196289
0.16772520542144775
0.035703301429748535
0.022649645805358887
0.15642952919006348
0.24773812294006348
0.08239078521728516
0.12576186656951904
-0.09425210952758789
0.4177439212799072
0.1646437644958496
0.2999708652496338
0.14954161643981934
-0.03814363479614258
0.28127002716064453
0.3208310604095459
-0.14989936351776123
-0.3439638614654541
-0.5584909915924072
-0.1305464506149292
0.17971324920654297
0.16708815097808838
-0.07867956161499023
0.05259895324707031
0.2378389835357666
-0.015822529792785645
-0.02339160442352295
-0.009448051452636719
0.1175839900970459
-0.012741565704345703
-0.04366731643676758
-0.13457512855529785
0.05183589458465576
0.04664254188537598
-0.20993351936340332
0.41133713722229004
0.13877761363983154
0.40990567207336426
0.15964555740356445
-0.3038012981414795
-0.4045681953430176
0.2436232566833496
-0.03905797004699707
0.14304542541503906
0.05315983295440674
0.10201239585876465
0.06098067760467529
-0.06454098224639893
0.05412876605987549
-0.043637990951538086
0.15568220615386963
-0.018117904663085938
0.08536994457244873
-0.12345683574676514
0.0985567569732666
0.35311198234558105
0.001645803451538086
0.20854008197784424
0.07613611221313477
0.13536417484283447
0.006014585494995117
0.06934249401092529
-0.09193098545074463
0.24855220317840576
0.3274092674255371
0.10346710681915283
0.005918979644775391
0.2233419418334961
-0.2859344482421875
-0.10796642303466797
0.27793359756469727
0.21277904510498047
0.0804286003112793
-0.06271529197692871
0.03569185733795166
-0.01419377326965332
-0.06790125370025635
0.09762287139892578
-0.041409969329833984
0.17151498794555664
0.18974089622497559
0.05012369155883789
0.010315775871276855
0.15300428867340088
-0.021374821662902832
-0.05614805221557617
-0.019076824188232422
0.3937661647796631
0.1004570722579956
0.03165125846862793
-0.3006354570388794
0.031462907791137695
-0.2632993459701538
-0.41802942752838135
0.06908023357391357
-0.06223773956298828
0.11354410648345947
0.18742597103118896
0.13771891593933105
-0.13416266441345215
0.0825505256652832
0.020198941230773926
0.041062235832214355
0.10351336002349854
-0.08757221698760986
-0.11381101608276367
-0.15210914611816406
0.1348414421081543
-0.3565939664840698
0.309332013130188
0.3844519853591919
-0.1281048059463501
-0.023599624633789062
-0.05290496349334717
-0.22551965713500977
0.12060272693634033
-0.012346148490905762
-0.3347707986831665
0.11651813983917236
0.24779224395751953
-0.03494071960449219
-0.16850411891937256
0.16060805320739746
-0.3445013761520386
0.05516695976257324
0.2306356430053711
-0.062782883644104
-0.2749885320663452
0.11941874027252197
0.0872039794921875
0.06386828422546387
0.2685413360595703
0.3703458309173584
0.15305852890014648
0.08120930194854736
0.13052678108215332
-0.09706354141235352
-0.11172163486480713
0.27490437030792236
0.04435861110687256
-0.06464552879333496
-0.11943173408508301
0.04700517654418945
-0.16124558448791504
0.13924646377563477
0.24646103382110596
0.028932809829711914
-0.10871732234954834
0.17462217807769775
0.1779496669769287
0.16022753715515137
0.2389049530029297
-0.16196274757385254
0.04669678211212158
-0.37625348567962646
-0.12129509449005127
0.012272238731384277
0.029379725456237793
-0.03219759464263916
0.09738874435424805
-0.0408177375793457
0.04193115234375
-0.05242931842803955
-0.015503406524658203
-0.009852409362792969
0.07393813133239746
-0.015719294548034668
-0.16240990161895752
-0.22400987148284912
-0.13052427768707275
0.00750422477722168
0.058042168617248535
0.1125342845916748
0.07372450828552246
0.15232908725738525
-0.14301002025604248
-0.35884058475494385
0.005629539489746094
0.2821483612060547
0.04233908653259277
0.06579780578613281
-0.3546140193939209
-0.0036437511444091797
0.13175249099731445
-0.03388011455535889
-0.027198314666748047
-0.10458731651306152
0.25926709175109863
0.3787057399749756
0.047391653060913086
0.15036869049072266
0.1409766674041748
0.2190861701965332
0.06338250637054443
-0.10114514827728271
-0.11044633388519287
0.10996544361114502
-0.3363722562789917
-0.10084939002990723
0.13041210174560547
-0.06189298629760742
-0.22324931621551514
0.15332818031311035
-0.02455008029937744
-0.31099486351013184
0.06505858898162842
-0.19540560245513916
-0.1272568702697754
0.07503175735473633
0.1690993309020996
0.3940209150314331
0.10220897197723389
0.4212615489959717
-0.06972801685333252
-0.2236499786376953
0.10776102542877197
0.21905910968780518
-0.11256957054138184
0.19039440155029297
0.2802985906600952
0.1980893611907959
-0.18745040893554688
-0.025789499282836914
0.4000411033630371
-0.05415058135986328
-0.20939815044403076
-0.1447087526321411
0.05056309700012207
-0.33513522148132324
-0.09076666831970215
0.19006109237670898
-0.16762864589691162
-0.8093373775482178
-0.11117899417877197
-0.1888970136642456
0.08231937885284424
0.014192342758178711
0.11354899406433105
-0.06449556350708008
-0.16425824165344238
-0.03425955772399902
-0.003106832504272461
-0.12417566776275635
-0.0017271041870117188
-0.13259804248809814
-0.12053442001342773
-0.30228447914123535
-0.8372135162353516
-0.07420146465301514
0.07115650177001953
-0.16316843032836914
0.3032858371734619
0.17899465560913086
-0.038608431816101074
-0.04447352886199951
0.18983566761016846
0.2490783929824829
0.10554337501525879
0.07467925548553467
-0.07770848274230957
-0.47924041748046875
0.4193859100341797
0.16118848323822021
-0.321560263633728
-0.0119248628616333
-0.037752389907836914
-0.1346750259399414
0.40143918991088867
-0.03804612159729004
0.25650346279144287
0.045729994773864746
0.16915655136108398
-0.06183791160583496
0.05576050281524658
0.04771780967712402
0.07795155048370361
-0.22161149978637695
0.24631881713867188
0.09474313259124756
0.2963523864746094
-0.2719384431838989
0.06379437446594238
0.26640796661376953
-0.409964919090271
0.3962833881378174
0.31244778633117676
0.19372189044952393
-0.11646533012390137
0.0858311653137207
-0.011322975158691406
0.09116137027740479
-0.4375741481781006
-0.011852264404296875
0.1663275957107544
-0.052436113357543945
-0.01959216594696045
-0.35376405715942383
-0.8153774738311768
-0.15955591201782227
0.1513504981994629
0.18868255615234375
0.3616623878479004
0.06820309162139893
0.14084088802337646
0.23926115036010742
-0.004652500152587891
0.20538461208343506
0.15801477432250977
-0.011013031005859375
0.185136079788208
0.17060339450836182
-0.09861397743225098
0.07761335372924805
0.14888286590576172
0.06611990928649902
-0.4748663902282715
-0.034441590309143066
-0.04129207134246826
0.021918058395385742
0.054190635681152344
0.34767258167266846
0.49243319034576416
-0.060639262199401855
0.13907670974731445
-0.11261630058288574
0.09779679775238037
0.06258714199066162
0.11170434951782227
0.22037482261657715
-0.14812779426574707
0.16217994689941406
0.2039775848388672
0.1592034101486206
-0.2529181241989136
-0.14714336395263672
0.1461620330810547
-0.054468631744384766
0.022330284118652344
-0.06070351600646973
0.15803802013397217
-0.10163366794586182
-0.21500706672668457
-0.08673441410064697
-0.07497155666351318
0.27129197120666504
0.2393432855606079
0.08906137943267822
-0.22210562229156494
-0.01043403148651123
-0.10808980464935303
-0.02390158176422119
0.049668312072753906
0.3298654556274414
0.037042975425720215
0.017242789268493652
0.06316089630126953
-0.008229732513427734
-0.07203221321105957
0.1351691484451294
0.2444707155227661
-0.09815704822540283
0.12001848220825195
-0.06591606140136719
0.21388673782348633
0.043114304542541504
-0.16310715675354004
0.18498587608337402
-0.0818638801574707
-0.128257155418396
-0.147943377494812
0.03493010997772217
0.19524240493774414
0.02334606647491455
0.1836186647415161
0.04037880897521973
-0.10750353336334229
0.033136963844299316
0.1232677698135376
0.09816372394561768
-0.060526371002197266
-0.11522197723388672
-0.5528476238250732
-0.2524111270904541
0.15617156028747559
-0.11288774013519287
0.17978405952453613
0.23443031311035156
-0.009281396865844727
0.10543608665466309
-0.08089566230773926
-0.011083364486694336
-0.020307540893554688
-0.16494083404541016
0.3141564130783081
0.214349627494812
0.2601163387298584
-0.271618127822876
-0.05620408058166504
-0.09835410118103027
-0.3163059949874878
-0.23703598976135254
0.13669216632843018
0.1919267177581787
-0.008123397827148438
-0.22092413902282715
0.08805668354034424
-0.08053100109100342
-0.049245595932006836
0.12195920944213867
-0.06373226642608643
-0.01825273036956787
0.035346150398254395
0.21748840808868408
-0.0173492431640625
0.2669031620025635
0.07590973377227783
-0.23635554313659668
0.06934463977813721
0.04943549633026123
-0.24592995643615723
0.1684708595275879
-0.38480210304260254
-0.07896101474761963
0.0876471996307373
-0.03731083869934082
-0.03279304504394531
0.13886237144470215
0.07851767539978027
-0.39404940605163574
0.18360435962677002
0.09244883060455322
-0.08296656608581543
0.03751063346862793
0.02402520179748535
0.16846907138824463
0.11579084396362305
-0.02224874496459961
-0.10311663150787354
0.13063347339630127
0.1901412010192871
-0.0669945478439331
-0.16712236404418945
-0.6154837608337402
0.2697892189025879
0.0178372859954834
0.2726024389266968
-0.0529787540435791
0.32601380348205566
0.2565650939941406
-0.18323051929473877
0.2152402400970459
0.41871654987335205
-0.2677854299545288
0.019368290901184082
0.2274303436279297
0.1046684980392456
0.34529030323028564
0.18187975883483887
0.16854989528656006
-0.04690587520599365
0.10803735256195068
-0.19334065914154053
-0.33588743209838867
-0.007448077201843262
0.05612349510192871
-0.4356902837753296
0.054575562477111816
0.1309037208557129
0.1804819107055664
0.2748326063156128
-0.17687880992889404
0.04113340377807617
-0.13937854766845703
0.10210931301116943
0.0970001220703125
-0.1391441822052002
0.054545044898986816
-0.04761612415313721
0.20835614204406738
-0.8547806739807129
0.271664023399353
0.06966996192932129
0.14651226997375488
0.11686825752258301
0.2149733304977417
-0.26055359840393066
-0.03421926498413086
0.07749462127685547
-0.12614071369171143
-0.012414216995239258
0.005097150802612305
-0.15966379642486572
0.15064311027526855
0.1699376106262207
0.10294568538665771
-0.11766088008880615
0.016121983528137207
-0.03203690052032471
-0.0805213451385498
-0.0423893928527832
0.04168343544006348
-0.28569579124450684
0.12239158153533936
-0.09501481056213379
0.23184049129486084
-0.09487473964691162
-0.05530858039855957
0.2738168239593506
-0.199782133102417
-0.6741385459899902
0.057128310203552246
-0.005122184753417969
-0.02527320384979248
-0.010251879692077637
-0.10219979286193848
0.288080096244812
0.2183518409729004
-0.08777296543121338
0.38762736320495605
-0.02111077308654785
-0.006484508514404297
-0.4036670923233032
-0.12535357475280762
-0.5054754018783569
-0.21849536895751953
0.08438575267791748
-0.11256670951843262
-0.018292903900146484
-0.028914213180541992
0.1075819730758667
-0.06363236904144287
0.04709208011627197
-0.04305756092071533
-0.026172399520874023
0.09268379211425781
0.054995059967041016
-0.446730375289917
0.005572915077209473
-0.00041937828063964844
0.04279148578643799
0.04460740089416504
-0.06625604629516602
-0.08853888511657715
0.11310696601867676
0.04955780506134033
0.08091461658477783
0.05411577224731445
-0.1678013801574707
-0.16495156288146973
-0.37859082221984863
-0.0015411376953125
-0.14895641803741455
0.03295445442199707
0.15910005569458008
-0.2235196828842163
0.06539726257324219
0.00844109058380127
-0.041263461112976074
-0.017819762229919434
0.020137429237365723
0.038074374198913574
0.11326658725738525
-0.14706945419311523
-0.0212249755859375
0.17491161823272705
-0.06348443031311035
0.060538411140441895
-0.014400124549865723
0.2160172462463379
0.06577932834625244
0.02631092071533203
0.07569229602813721
0.014865756034851074
-0.00030732154846191406
-0.031446218490600586
0.030580520629882812
-0.12415802478790283
-0.12321162223815918
0.03810000419616699
-0.11969637870788574
0.06799888610839844
0.04906344413757324
0.06817471981048584
0.2556004524230957
-0.013819217681884766
0.06400811672210693
-0.09483635425567627
0.09756052494049072
0.16341960430145264
0.09406590461730957
0.21541762351989746
0.1303805112838745
0.220969557762146
-0.11438560485839844
0.15762734413146973
-0.02403998374938965
0.06967592239379883
0.05400800704956055
0.12079298496246338
0.03134417533874512
0.060555338859558105
0.3185051679611206
-0.1516284942626953
-0.10361099243164062
0.0319821834564209
0.10877823829650879
0.15834355354309082
0.07543051242828369
-0.15964603424072266
0.01757180690765381
0.29526734352111816
0.07808125019073486
-0.06807959079742432
0.07307100296020508
-0.027709245681762695
-0.0010023117065429688
-0.38385438919067383
0.4669433832168579
0.14356350898742676
-0.358644962310791
0.19670569896697998
0.08794891834259033
-0.395638108253479
-0.1735994815826416
0.2724865674972534
-0.46803998947143555
-0.12061953544616699
-0.06043422222137451
0.18319642543792725
0.134740948677063
-0.12791335582733154
0.4808763265609741
0.10713374614715576
0.06468033790588379
0.3855400085449219
0.09011387825012207
0.06616318225860596
-0.028917908668518066
-0.05996131896972656
-0.07536625862121582
0.1679520606994629
0.26420092582702637
0.49861693382263184
0.009756326675415039
0.14654695987701416
-0.0784991979598999
-0.5510281324386597
-0.38881146907806396
0.2689197063446045
-0.0343090295791626
0.22554409503936768
0.19440293312072754
0.2810150384902954
0.019137144088745117
-0.018330097198486328
-0.08995461463928223
-0.22074389457702637
-0.09190118312835693
0.0017931461334228516
-0.18143582344055176
-0.01989579200744629
0.16431677341461182
0.18823504447937012
-0.18068861961364746
-0.23572945594787598
-0.0920952558517456
-0.2963440418243408
0.14847612380981445
-0.23425674438476562
0.21739673614501953
0.07823371887207031
0.07228994369506836
0.011114358901977539
0.078544020652771
0.12100565433502197
0.10511231422424316
0.04900074005126953
0.43302226066589355
-0.3686642646789551
0.09891557693481445
-0.3437459468841553
0.14451205730438232
0.008288741111755371
0.14019596576690674
-0.04994320869445801
-0.2914454936981201
-0.06183981895446777
0.15189623832702637
-0.08900630474090576
0.13674497604370117
0.14676082134246826
0.07454955577850342
0.1225959062576294
0.04942643642425537
-0.2792266607284546
-0.012918710708618164
-0.10151529312133789
-0.15390753746032715
0.020817279815673828
0.16128051280975342
0.15564823150634766
-0.15779590606689453
0.1549161672592163
0.006294965744018555
0.20297503471374512
0.21083760261535645
0.012161493301391602
0.32520878314971924
0.06485152244567871
0.2811856269836426
0.07322001457214355
-0.04111671447753906
0.14438879489898682
0.040227651596069336
-0.1689772605895996
-0.0807199478149414
-0.30213916301727295
0.023120403289794922
-0.08608627319335938
0.19102001190185547
0.054529786109924316
-0.23356521129608154
-0.13407135009765625
-0.015036821365356445
0.19660460948944092
-0.06855809688568115
0.04907631874084473
0.07326316833496094
0.24928748607635498
-0.05476737022399902
0.08221268653869629
0.006624460220336914
-0.036557674407958984
0.0052242279052734375
0.08691680431365967
0.04857611656188965
0.20629537105560303
-0.08128905296325684
-0.08885133266448975
0.06892108917236328
0.4001491069793701
0.38742315769195557
0.058699727058410645
-0.10646545886993408
0.008774042129516602
-0.041951537132263184
0.08605265617370605
0.1508169174194336
-0.3491024971008301
0.20314311981201172
0.13883614540100098
-0.09277164936065674
0.055504679679870605
0.2911989688873291
0.2845320701599121
0.2913416624069214
0.14749014377593994
0.06484472751617432
0.2242671251296997
0.09268605709075928
-0.1711258888244629
-0.5480430126190186
0.235457181930542
0.06107902526855469
-0.40596842765808105
-0.22502756118774414
0.1543818712234497
0.0031957626342773438
-0.11716222763061523
0.1491163969039917
-0.12123477458953857
0.22285854816436768
-0.3936077356338501
0.04780316352844238
-0.20345914363861084
-0.1833890676498413
0.05940663814544678
0.058182597160339355
0.15824878215789795
-0.4455493688583374
-0.5710054636001587
0.6614267826080322
-0.3389301300048828
-0.016210436820983887
-0.02532219886779785
-0.15357935428619385
-0.1696627140045166
0.19409394264221191
0.1342160701751709
0.06447863578796387
0.024620771408081055
0.21522533893585205
0.3251183032989502
0.10002195835113525
0.13843071460723877
-0.147255539894104
-0.013164997100830078
-0.025855541229248047
0.194504976272583
-0.28731977939605713
-0.1935441493988037
-0.020998239517211914
0.12401223182678223
0.06711459159851074
-0.15541410446166992
0.051576972007751465
-0.3688530921936035
-0.06857812404632568
-0.09840154647827148
0.10383498668670654
0.0507587194442749
0.3332928419113159
0.03472697734832764
-0.15343725681304932
0.2917407751083374
0.059009432792663574
-0.12876296043395996
-0.10213220119476318
0.10085725784301758
-0.3977087736129761
0.1442335844039917
0.09775435924530029
-0.17886245250701904
-0.13019561767578125
-0.16810846328735352
-0.2800014019012451
-0.007930397987365723
0.014360189437866211
0.14290392398834229
-0.0414423942565918
0.10620999336242676
-0.16673481464385986
0.061611175537109375
0.1302175521850586
0.007464408874511719
0.0656740665435791
0.0556943416595459
0.15250110626220703
0.014427781105041504
-0.24079680442810059
-0.12509238719940186
-0.17697453498840332
-0.09343552589416504
0.31694841384887695
0.17612969875335693
-0.007283210754394531
0.018931150436401367
-0.03904616832733154
0.13462674617767334
0.12492489814758301
0.3832709789276123
0.053832411766052246
-0.020867586135864258
0.28455400466918945
0.1398484706878662
-0.1682831048965454
-0.6040925979614258
-0.1614004373550415
0.22733521461486816
0.08475422859191895
0.08232343196868896
0.26774322986602783
0.2612028121948242
-0.20212125778198242
0.13433289527893066
0.22567534446716309
0.10432600975036621
0.07703745365142822
-0.10496735572814941
-0.028417110443115234
-0.05869889259338379
0.0934981107711792
-0.2664933204650879
0.15298759937286377
0.0011506080627441406
-0.11894583702087402
0.07543528079986572
-0.14426493644714355
-0.04626154899597168
0.10219645500183105
-0.21190524101257324
-0.24173808097839355
0.0869675874710083
-0.21090292930603027
0.02172374725341797
-0.11009156703948975
0.020141243934631348
0.14935743808746338
-0.010423541069030762
0.17376136779785156
0.2227252721786499
0.1990220546722412
0.18193483352661133
-0.03497350215911865
0.11048448085784912
0.2808539867401123
-0.0012471675872802734
-0.5224852561950684
0.12082338333129883
-0.33250558376312256
-0.11137545108795166
0.15238726139068604
-0.09278607368469238
0.21592628955841064
-0.11789882183074951
0.3448047637939453
0.11181509494781494
-0.1763535737991333
-0.00954890251159668
-0.18952250480651855
-0.045905113220214844
-0.006527543067932129
0.23952460289001465
0.030845284461975098
-0.1027226448059082
0.015778422355651855
-0.09004783630371094
0.10350179672241211
0.1553715467453003
-0.014625787734985352
-0.05130445957183838
-0.15087532997131348
-0.01874709129333496
0.03656613826751709
0.10038149356842041
-0.12499713897705078
-0.29445886611938477
0.30270421504974365
0.0028923749923706055
0.06301701068878174
-0.21176612377166748
-0.19095337390899658
0.09414207935333252
-0.0547565221786499
0.03888118267059326
0.0193178653717041
-0.5181628465652466
0.0720679759979248
-0.0025032758712768555
-0.14598286151885986
-0.061813950538635254
0.10398125648498535
0.11270451545715332
0.18797528743743896
0.032073974609375
0.05832362174987793
0.05298924446105957
0.16682863235473633
0.14899790287017822
0.007040143013000488
-0.07080483436584473
0.04252910614013672
-0.003923892974853516
0.1881924867630005
-0.16285479068756104
0.0994102954864502
-0.027063846588134766
0.19056928157806396
0.0008556842803955078
0.059862613677978516
0.03911137580871582
0.03354966640472412
0.060201168060302734
0.070404052734375
-0.13287591934204102
0.13676822185516357
0.14172041416168213
0.15826523303985596
0.03687644004821777
0.09767818450927734
0.08679986000061035
0.2090625762939453
0.2366025447845459
0.1378931999206543
-0.06094324588775635
0.14449167251586914
0.06343460083007812
0.03424191474914551
-0.11521458625793457
-0.17052042484283447
0.058451175689697266
0.15202927589416504
0.22203421592712402
-0.10320472717285156
-0.12154603004455566
0.17552626132965088
0.08598637580871582
0.1096181869506836
0.06837081909179688
-0.19195008277893066
-0.042963504791259766
0.38340306282043457
0.17108261585235596
0.01269674301147461
0.31657302379608154
0.1469426155090332
-0.028406739234924316
0.08066356182098389
-0.2627755403518677
-0.027044057846069336
0.050127625465393066
-0.39417219161987305
0.04919743537902832
-0.15883755683898926
0.2812528610229492
-0.5333434343338013
-1.037247657775879
0.20159387588500977
0.2304133176803589
0.04016900062561035
0.17140305042266846
-0.22158312797546387
-0.036154866218566895
0.03693342208862305
-0.07987809181213379
0.07329154014587402
0.004540801048278809
-0.06132984161376953
0.1848200559616089
0.12062263488769531
-0.07240843772888184
0.10823214054107666
-0.3187757730484009
0.09412777423858643
0.16915607452392578
0.10802686214447021
0.013375401496887207
0.08169019222259521
0.1619718074798584
0.00436556339263916
-0.015155553817749023
-0.3704226016998291
0.25163590908050537
0.27437901496887207
-0.07062971591949463
-0.049962759017944336
-0.3390834331512451
0.20555174350738525
0.18671345710754395
0.024600744247436523
-0.022615671157836914
-0.10191047191619873
0.06889891624450684
0.24960923194885254
0.1847916841506958
0.14188635349273682
-0.06605005264282227
-0.04041635990142822
0.04102611541748047
0.07462060451507568
-0.1287621259689331
0.11037683486938477
-0.41351306438446045
0.22807228565216064
-0.07685935497283936
0.042925238609313965
-0.12707173824310303
0.0019356012344360352
-0.1540452241897583
0.055481672286987305
-0.0745096206665039
0.03283500671386719
0.19949626922607422
0.008873581886291504
0.054312705993652344
0.03874552249908447
0.018434762954711914
0.21136760711669922
0.04967689514160156
-0.26310205459594727
0.13025927543640137
0.1885591745376587
-0.017071008682250977
0.10099136829376221
0.10075807571411133
0.20020270347595215
0.06056344509124756
0.015845775604248047
-0.028310060501098633
0.10215067863464355
-0.19792938232421875
0.10709130764007568
0.10609674453735352
-0.11810934543609619
-0.0017424821853637695
-0.17613601684570312
-0.09036421775817871
-0.08002614974975586
0.10033392906188965
0.06721687316894531
0.06106281280517578
-0.08041369915008545
-0.09489047527313232
0.052018165588378906
0.13584578037261963
0.12241244316101074
0.09727287292480469
-0.08960270881652832
0.21952199935913086
0.09589576721191406
0.41295814514160156
-0.08669400215148926
-0.06826317310333252
0.41240859031677246
0.12250149250030518
0.27873730659484863
0.2216116189956665
0.018030285835266113
0.031778693199157715
-0.2620483636856079
-0.03850865364074707
0.10740470886230469
-0.14795589447021484
-0.1008220911026001
-0.24820852279663086
0.21544063091278076
0.3007776737213135
-0.3403325080871582
0.0018045902252197266
0.2669413089752197
-0.02663254737854004
0.051110267639160156
0.0386425256729126
0.014994263648986816
0.11842179298400879
0.1880706548690796
0.1122812032699585
0.10233569145202637
-0.2232816219329834
0.09846580028533936
0.025168180465698242
-0.09894824028015137
-0.2128528356552124
-0.08709847927093506
0.17325162887573242
0.19582414627075195
0.05942380428314209
0.34399616718292236
0.12131118774414062
0.20008206367492676
-0.12688791751861572
-0.1091609001159668
0.2256256341934204
-0.3755396604537964
-0.2646368741989136
-0.1808009147644043
0.13076567649841309
0.07183969020843506
0.1368628740310669
0.223474383354187
-0.09064066410064697
-0.05028963088989258
-0.09252798557281494
-0.2936357259750366
0.010495781898498535
-0.165746808052063
-0.05865907669067383
0.2525184154510498
0.023273110389709473
0.14201045036315918
0.20643186569213867
-0.053667426109313965
-0.5394716262817383
-0.15606021881103516
0.150834321975708
-0.14867424964904785
-0.12806010246276855
-0.08030056953430176
0.14900541305541992
-0.039432406425476074
0.31057238578796387
0.06776940822601318
-0.35678601264953613
0.08415734767913818
-0.044109463691711426
-0.010564923286437988
-0.6877377033233643
-0.18574178218841553
0.15372347831726074
0.042037367820739746
-0.13957428932189941
0.02269768714904785
-0.04429769515991211
0.003852367401123047
0.2774786949157715
0.023376107215881348
0.05795788764953613
0.3105437755584717
-0.004543423652648926
-0.0265045166015625
-0.19688105583190918
0.008823394775390625
0.42524075508117676
-0.117256760597229
-0.18406212329864502
-0.07492303848266602
-0.03795301914215088
0.07184934616088867
-0.06655740737915039
-0.08173680305480957
-0.6222840547561646
-0.16519665718078613
-0.21427392959594727
-0.12331759929656982
0.21626019477844238
0.05719399452209473
-0.3428555727005005
0.0474240779876709
0.12470149993896484
0.007210493087768555
-0.4083772897720337
0.030913233757019043
-0.1838768720626831
0.1749955415725708
0.13686800003051758
-0.051186203956604004
-0.0049059391021728516
0.17731380462646484
-0.4552198648452759
-0.0024330615997314453
-0.24010956287384033
0.16404902935028076
0.2596473693847656
0.019626855850219727
-0.14446258544921875
0.05259859561920166
-0.16155517101287842
0.09176790714263916
0.011317610740661621
-0.1957409381866455
-0.04894721508026123
-0.2065662145614624
0.008841395378112793
0.2952382564544678
-0.10712599754333496
-0.3129781484603882
-0.2613102197647095
-0.08777248859405518
-0.028592228889465332
0.0078965425491333
-0.08061742782592773
0.042006492614746094
0.3169926404953003
0.0565720796585083
0.1387159824371338
-0.015749454498291016
0.04277908802032471
0.2095339298248291
0.018226981163024902
-0.05745899677276611
0.02673196792602539
0.18865704536437988
0.11585879325866699
0.21714138984680176
0.22508025169372559
0.0020145177841186523
0.03796422481536865
-0.20509302616119385
-0.04718029499053955
-0.06842648983001709
0.10656094551086426
-0.2027275562286377
0.012332439422607422
-0.2482205629348755
-0.17614281177520752
-0.3775324821472168
-0.013814568519592285
0.011387348175048828
0.10192537307739258
0.2858470678329468
-0.032186269760131836
0.015729904174804688
-0.0763249397277832
-0.09109258651733398
-0.0620732307434082
0.17106854915618896
0.09589493274688721
0.2074373960494995
0.04872584342956543
-0.11463809013366699
-0.2042694091796875
0.20301294326782227
0.10168337821960449
0.05800497531890869
-0.07029414176940918
0.09897184371948242
-0.3770291805267334
0.13440370559692383
-0.17744624614715576
0.09885025024414062
0.206945538520813
-0.3977853059768677
0.039263367652893066
0.09413039684295654
-0.31170034408569336
0.017366766929626465
-0.020867109298706055
-0.08517396450042725
-0.04045438766479492
0.13454806804656982
0.1813751459121704
0.1585294008255005
0.22715389728546143
-0.03201782703399658
0.016623258590698242
-0.3418910503387451
-0.11228799819946289
0.03812074661254883
0.10093402862548828
0.08328664302825928
-0.1263808012008667
-0.17368555068969727
-0.25929713249206543
0.12553906440734863
-0.06313014030456543
0.05592203140258789
0.09893286228179932
0.29951250553131104
-0.15013504028320312
0.09879469871520996
-0.14172816276550293
0.17550981044769287
0.0038156509399414062
0.19045019149780273
0.23991262912750244
-0.07684099674224854
-0.3894007205963135
0.06689369678497314
-0.20725023746490479
0.3775663375854492
0.218267560005188
0.09821176528930664
0.0020912885665893555
0.2629626989364624
-0.10481119155883789
-0.009007096290588379
-0.24993300437927246
0.08243989944458008
0.03815925121307373
-0.16270184516906738
0.055443406105041504
0.160003662109375
-0.12664270401000977
0.04640030860900879
0.06039011478424072
-0.07117652893066406
-0.6034491062164307
-0.027608156204223633
-0.005472898483276367
0.13457977771759033
0.13234269618988037
0.015323042869567871
-0.016697406768798828
0.24238884449005127
-0.0063964128494262695
0.06682062149047852
0.23542416095733643
0.00979757308959961
0.19056546688079834
-0.38657307624816895
-0.2911430597305298
0.16314828395843506
0.17065644264221191
0.09904730319976807
0.049802184104919434
-0.254921555519104
0.2866652011871338
-0.1289886236190796
0.011200189590454102
-0.06054866313934326
0.16914725303649902
-0.329378604888916
0.14477038383483887
0.04363107681274414
0.1461467742919922
0.13516855239868164
0.158239483833313
0.054851531982421875
0.06666326522827148
-0.014209151268005371
-0.007619142532348633
0.1789778470993042
0.1394672393798828
0.1587275266647339
0.040206193923950195
0.07239329814910889
0.013973236083984375
0.16651415824890137
-0.08565616607666016
0.10680079460144043
0.0043985843658447266
0.0013865232467651367
-0.31726908683776855
0.5153309106826782
-0.06991171836853027
-0.21449673175811768
-0.29242658615112305
-0.5910353660583496
0.21514296531677246
0.03998255729675293
0.24715709686279297
0.08884084224700928
-0.12707018852233887
-0.015736818313598633
-0.006589055061340332
0.1498091220855713
-0.10454988479614258
-0.16189908981323242
0.11485779285430908
-0.22603130340576172
0.03734886646270752
0.04091751575469971
0.16176879405975342
-0.05418515205383301
0.04501199722290039
-0.07300758361816406
-0.40376901626586914
0.002953767776489258
0.18903040885925293
0.21188974380493164
0.21214652061462402
0.07555699348449707
-0.05117452144622803
0.3104076385498047
-0.18740367889404297
0.2001190185546875
0.3680093288421631
0.16590666770935059
0.10608696937561035
0.4767918586730957
-0.12977969646453857
0.1397106647491455
0.061344146728515625
0.25112223625183105
-0.12427806854248047
0.09614527225494385
-0.07945501804351807
0.034085750579833984
0.08326208591461182
-0.13259005546569824
-0.3915388584136963
0.18467235565185547
0.2838190793991089
-0.1428523063659668
-0.09510064125061035
-0.0275726318359375
0.0978856086730957
0.048125624656677246
-0.2174290418624878
0.20424962043762207
0.20777595043182373
-0.7835592031478882
-0.02860546112060547
-0.22923707962036133
-0.09745657444000244
-0.041513681411743164
-0.005660295486450195
0.3009070158004761
0.15530002117156982
-0.8773540258407593
-0.5529372692108154
-0.08294057846069336
0.11803913116455078
-0.10572314262390137
-0.046260952949523926
0.19406116008758545
-0.22076702117919922
-0.26301515102386475
0.07836782932281494
-0.00655364990234375
0.4318232536315918
-0.14946091175079346
-0.16248536109924316
0.19891071319580078
-0.11357414722442627
-0.04624485969543457
-0.05541706085205078
0.042325735092163086
-0.3069949150085449
0.2366943359375
-0.15491056442260742
0.04029679298400879
-0.03779101371765137
0.23390042781829834
-0.18044114112854004
-0.22346138954162598
-0.026389241218566895
0.601879358291626
0.03506326675415039
-0.10285365581512451
0.006087303161621094
0.1633284091949463
-0.09361851215362549
0.10468935966491699
0.030303120613098145
-0.03781628608703613
-0.17834031581878662
-0.19591736793518066
-0.7819002866744995
0.005834817886352539
0.2634943723678589
0.04651999473571777
0.14278244972229004
-0.03579258918762207
-0.13680565357208252
-0.20599889755249023
0.340246319770813
0.10434103012084961
-0.01386868953704834
0.07382607460021973
-0.04229891300201416
0.17254066467285156
0.12436270713806152
-0.08249402046203613
-0.3260610103607178
0.12482583522796631
0.24271976947784424
-0.16128253936767578
0.11699390411376953
-0.162947416305542
0.20937621593475342
-0.21927571296691895
0.10219430923461914
-0.1843634843826294
-0.06086373329162598
0.16099023818969727
0.2130908966064453
-0.3918105363845825
0.16182684898376465
0.06506133079528809
0.3049415349960327
0.09500432014465332
0.25716400146484375
0.1548558473587036
-0.15147173404693604
0.10990047454833984
-0.021030187606811523
-0.08011114597320557
0.10753536224365234
-0.050141334533691406
0.10673928260803223
-0.017453670501708984
0.045446038246154785
0.12143063545227051
-0.04904139041900635
-0.09692513942718506
0.012917160987854004
-0.21774232387542725
0.005065798759460449
0.04890716075897217
-0.16736876964569092
-0.06153750419616699
-0.1961960792541504
-0.014270782470703125
-0.13216447830200195
0.0013107061386108398
-0.12430441379547119
0.12680745124816895
0.06463658809661865
-0.09821295738220215
0.11910557746887207
0.1064685583114624
-0.22410142421722412
0.21837615966796875
0.09334254264831543
0.0543673038482666
0.00906836986541748
0.13188064098358154
-0.07678937911987305
0.26799309253692627
0.008048057556152344
0.033902525901794434
0.3275967836380005
0.17784738540649414
-0.44292891025543213
0.2393338680267334
0.14772045612335205
0.07269120216369629
-0.1381009817123413
0.26978206634521484
-0.0784677267074585
0.28746497631073
0.06410503387451172
-0.12952613830566406
0.4312955141067505
0.019945144653320312
-0.098335862159729
0.2871055603027344
0.31801438331604004
-0.4400935173034668
-0.24958503246307373
0.18033790588378906
-0.08350622653961182
0.45287060737609863
-0.22012817859649658
-0.0704953670501709
0.19464361667633057
0.2015514373779297
-0.06952643394470215
-0.07113897800445557
-0.1016683578491211
-0.22751426696777344
-0.7089171409606934
0.3555033206939697
0.1990654468536377
-0.4654350280761719
-0.10056507587432861
0.026593565940856934
-0.0004540681838989258
0.06720912456512451
-0.026387572288513184
-0.025786876678466797
-0.0045348405838012695
0.11311662197113037
0.2561967372894287
0.0028030872344970703
0.01102292537689209
0.24564528465270996
0.05977010726928711
-0.11782073974609375
0.005645275115966797
0.11143732070922852
0.09256768226623535
-0.024061203002929688
-0.48183512687683105
-0.006054401397705078
0.1589876413345337
0.12103819847106934
-0.04754006862640381
-0.0937577486038208
0.2912464141845703
-0.0892643928527832
-0.38311731815338135
0.1443934440612793
-0.2853342294692993
0.2869737148284912
0.021569132804870605
-0.2551698684692383
0.015356302261352539
0.008135437965393066
0.1779383420944214
0.12528502941131592
0.2309880256652832
0.06142115592956543
0.07290256023406982
0.004758358001708984
0.1329789161682129
0.039411067962646484
0.2488713264465332
0.26779603958129883
0.09176158905029297
-0.1019585132598877
-0.49403274059295654
-0.024123191833496094
0.19492053985595703
-0.21993255615234375
0.16039228439331055
-0.035733938217163086
-0.13241708278656006
0.22535347938537598
-0.16663122177124023
0.015366792678833008
-0.3199549913406372
-0.3120323419570923
0.23983430862426758
0.016431570053100586
-0.05782139301300049
0.013440489768981934
0.2633974552154541
0.3260982036590576
-0.26121342182159424
-0.12256753444671631
-0.02567923069000244
0.036455631256103516
-0.047322630882263184
0.14897537231445312
0.2683779001235962
0.21549952030181885
0.2998749017715454
-0.3189810514450073
0.2305617332458496
-0.03231489658355713
0.2561497688293457
0.07328915596008301
-0.006957530975341797
-0.09332191944122314
0.12258994579315186
-0.017641425132751465
0.15515661239624023
-0.12238478660583496
0.12545883655548096
-0.07783138751983643
-0.326200008392334
-0.17909514904022217
0.1974029541015625
0.08713877201080322
-0.07713174819946289
0.0024214982986450195
0.2361748218536377
-0.26822757720947266
0.18918156623840332
-0.08363699913024902
0.019485116004943848
0.2249143123626709
-0.28865742683410645
-0.1678624153137207
-0.054170846939086914
0.14197039604187012
-0.04567384719848633
0.016013145446777344
-0.4516465663909912
-0.18910109996795654
0.018928170204162598
0.04934501647949219
0.09552419185638428
-0.07381999492645264
-0.14323079586029053
0.005036830902099609
0.08426666259765625
0.20319819450378418
0.14721572399139404
0.05984067916870117
-0.0070269107818603516
0.11669492721557617
0.16010737419128418
0.33370864391326904
0.03205311298370361
0.10044407844543457
0.1949317455291748
-0.17356359958648682
0.06844019889831543
0.09496212005615234
0.08616816997528076
0.21824324131011963
0.16001522541046143
-0.06683063507080078
-0.036773085594177246
-0.07530272006988525
0.09253513813018799
-0.008822202682495117
-0.19599056243896484
0.1388988494873047
0.04780316352844238
-0.16668939590454102
0.1575179100036621
-0.20209980010986328
0.14436936378479004
-0.3578805923461914
-0.11140429973602295
0.26294970512390137
0.28941333293914795
0.10724163055419922
0.1006479263305664
-0.16499114036560059
0.14539170265197754
0.15117347240447998
-0.04692482948303223
-0.032953739166259766
0.4538933038711548
0.16956722736358643
-0.07064330577850342
-0.10300850868225098
-0.020140767097473145
-0.47600889205932617
-0.38440775871276855
-0.11962556838989258
-0.03836655616760254
-0.08450031280517578
-0.29125237464904785
-0.16700220108032227
0.23732340335845947
-0.09275674819946289
0.19678544998168945
0.1360161304473877
-0.026860952377319336
0.22859442234039307
-0.10620951652526855
-0.03292429447174072
0.16071844100952148
0.08728563785552979
0.010112166404724121
0.3507225513458252
0.13252878189086914
-0.041406989097595215
-0.03270280361175537
0.15041255950927734
0.1420910358428955
-0.035631775856018066
-0.1806638240814209
-0.08729410171508789
0.0036437511444091797
-0.06278610229492188
0.03826785087585449
0.20125699043273926
-0.15081322193145752
0.030538439750671387
0.04714310169219971
-0.1863393783569336
-0.14356720447540283
0.10726642608642578
-0.2684692144393921
-0.3365175724029541
0.12152612209320068
-0.029785871505737305
0.10786056518554688
0.02425670623779297
-0.16910982131958008
0.04065895080566406
-0.42852044105529785
-0.17916440963745117
-0.04872608184814453
-0.19523537158966064
-0.1754457950592041
0.19353437423706055
-0.11207246780395508
-0.06039321422576904
0.14490985870361328
0.14457738399505615
-0.025775790214538574
0.13086700439453125
-0.024584412574768066
-0.1206200122833252
-0.15506958961486816
-0.2693345546722412
-0.22431111335754395
0.06852602958679199
0.4206860065460205
0.008899092674255371
0.29605233669281006
0.14936351776123047
0.2964363098144531
0.14382970333099365
0.25225377082824707
-0.08185744285583496
-0.020603656768798828
0.07042121887207031
0.21069979667663574
-0.13263952732086182
0.16510748863220215
0.09769439697265625
-0.03438520431518555
-0.38455986976623535
0.2677067518234253
0.04539895057678223
0.01157069206237793
-0.013182401657104492
-0.199867844581604
-0.006513118743896484
0.012919783592224121
0.019637227058410645
0.13919878005981445
-0.03272891044616699
0.1791846752166748
-0.08542728424072266
0.11059093475341797
0.28986573219299316
-0.1472773551940918
0.05114173889160156
0.23618006706237793
0.01837635040283203
0.22971951961517334
0.1295698881149292
-0.2531059980392456
0.030059456825256348
-0.47781872749328613
-0.3411928415298462
-0.0016082525253295898
0.14181041717529297
0.24388563632965088
0.11219310760498047
-0.09505081176757812
0.27251720428466797
-0.08254027366638184
-0.0715024471282959
-0.09643292427062988
0.23151469230651855
0.0017322301864624023
0.12524724006652832
0.29081737995147705
0.03829073905944824
-0.11933720111846924
0.052216172218322754
0.18385791778564453
0.08664846420288086
-0.5722057819366455
-0.15617632865905762
0.2070903778076172
-0.02566826343536377
0.10320019721984863
0.0661616325378418
-0.26103293895721436
0.007655620574951172
-0.07552468776702881
-0.08772790431976318
0.043836116790771484
-0.04974973201751709
0.25373172760009766
-0.49104809761047363
-0.1754627227783203
0.13419771194458008
0.32846784591674805
0.21736884117126465
-0.03692483901977539
-0.08615565299987793
-0.13665270805358887
-0.11511588096618652
-0.0046079158782958984
-0.00042045116424560547
-0.02207493782043457
-0.10978984832763672
0.30799901485443115
0.2857426404953003
-0.006578564643859863
-0.10073661804199219
0.20650756359100342
0.12341761589050293
-0.20920789241790771
0.17757272720336914
-0.13545489311218262
0.14065051078796387
0.11722993850708008
0.021501779556274414
-0.10642468929290771
-0.3559386730194092
-0.16258645057678223
0.3669919967651367
-0.016307711601257324
-0.19244253635406494
-0.2538788318634033
-0.1586136817932129
-0.10284972190856934
0.1684037446975708
0.2149258852005005
0.13015711307525635
0.06608939170837402
0.14126312732696533
-0.15326917171478271
-0.08401203155517578
0.1481229066848755
-0.025866985321044922
0.13803231716156006
0.22540533542633057
0.05318903923034668
-0.05023491382598877
0.026770591735839844
0.18805909156799316
-0.08434462547302246
-0.24955427646636963
-0.07460010051727295
-0.22320890426635742
0.05377364158630371
0.02604520320892334
0.058431386947631836
0.14017057418823242
0.17449378967285156
0.2520986795425415
0.24599909782409668
-0.1774207353591919
0.15735399723052979
-0.006219983100891113
-0.17926764488220215
0.10777521133422852
0.1797701120376587
0.006760835647583008
0.2804446220397949
-0.19558501243591309
0.11981832981109619
0.15746033191680908
-0.028972506523132324
0.006872415542602539
-0.04909718036651611
0.1303858757019043
0.07864487171173096
-0.16589009761810303
-0.0031632184982299805
0.01735973358154297
-0.012577533721923828
0.12460410594940186
-0.07142329216003418
0.10370826721191406
-0.5141878128051758
0.00202178955078125
0.0008314847946166992
-0.34671342372894287
0.2659686803817749
-0.10033166408538818
-0.07976257801055908
-0.473014235496521
-0.43157196044921875
-0.40624451637268066
0.19721388816833496
0.0418018102645874
-0.28711771965026855
0.2011345624923706
0.2241814136505127
0.057479023933410645
0.29208827018737793
-0.28742480278015137
0.021631836891174316
0.008114099502563477
0.02734386920928955
0.23240625858306885
0.2045661211013794
0.18629014492034912
0.013481616973876953
-0.2088165283203125
0.09971129894256592
-0.15870773792266846
0.015661001205444336
-0.02772676944732666
-0.06510019302368164
0.04198729991912842
-0.0007171630859375
-0.029082417488098145
0.19696509838104248
0.07473719120025635
-0.115073561668396
-0.020740747451782227
-0.36802685260772705
0.12931382656097412
0.29729342460632324
0.046022772789001465
0.0024307966232299805
0.1787182092666626
0.22695374488830566
0.4235856533050537
-0.20212697982788086
-0.001792311668395996
0.0476529598236084
-0.02268218994140625
-0.42689573764801025
0.11411547660827637
0.23919892311096191
-0.0014208555221557617
-0.10685992240905762
0.10555481910705566
0.06645679473876953
0.20767426490783691
-0.18527042865753174
-0.09728264808654785
-0.08200716972351074
-0.2914271354675293
-0.328507661819458
-0.09728336334228516
0.15063714981079102
-0.01708805561065674
0.18491590023040771
0.2525811195373535
0.3513469696044922
0.28782618045806885
0.08193099498748779
0.06340694427490234
-0.000362396240234375
-0.16410207748413086
0.1306619644165039
0.046523094177246094
-0.45135247707366943
0.007023334503173828
0.015570521354675293
-0.042935967445373535
-0.11074531078338623
0.07935237884521484
0.23286843299865723
0.13975608348846436
0.11125874519348145
-0.021085023880004883
0.047286272048950195
0.032846689224243164
-0.006499290466308594
0.0015497207641601562
0.23466479778289795
-0.2677038908004761
0.1944870948791504
0.04838979244232178
0.08496558666229248
-0.04346418380737305
0.06701540946960449
0.21256780624389648
-0.07783722877502441
-0.03562033176422119
-0.08934259414672852
-0.010586738586425781
-0.11796951293945312
0.18034684658050537
0.05239284038543701
0.17202258110046387
-0.17500662803649902
0.24690008163452148
-0.39174818992614746
0.1154625415802002
0.0791698694229126
0.019595861434936523
0.0066678524017333984
0.404102087020874
-0.05644571781158447
0.19985711574554443
0.02352893352508545
-0.27443766593933105
-0.11898374557495117
-0.365505576133728
-0.10772395133972168
0.09167563915252686
0.27677416801452637
-0.11069023609161377
0.08264827728271484
-0.3969886302947998
0.01316535472869873
-0.21884846687316895
0.2880253791809082
-0.11492812633514404
-0.0392991304397583
0.12514936923980713
-0.11577200889587402
-0.09459614753723145
-0.016518354415893555
0.004182577133178711
-0.3153982162475586
0.19682729244232178
0.06534135341644287
-0.09853255748748779
0.3424931764602661
0.10376143455505371
0.34171605110168457
0.19871866703033447
0.004418015480041504
-0.21354925632476807
0.19385087490081787
-0.02988147735595703
-0.03421640396118164
0.2396681308746338
0.015416383743286133
0.4822416305541992
0.12692272663116455
-0.0015482902526855469
-0.04182541370391846
0.07645416259765625
0.056770920753479004
-0.005907535552978516
-0.2573235034942627
0.12280154228210449
0.23581457138061523
0.13133835792541504
-0.3832974433898926
0.268326997756958
-0.4559159278869629
0.5647554397583008
-0.037029385566711426
-0.5920045375823975
-0.1709132194519043
-0.0068503618240356445
-0.17927277088165283
-0.04974663257598877
-0.12435078620910645
0.03127932548522949
-0.09353017807006836
0.17545247077941895
-0.0075953006744384766
0.005729794502258301
0.11261284351348877
0.05225634574890137
-0.07267618179321289
-0.09942114353179932
0.11773765087127686
-0.2665191888809204
-0.003862738609313965
0.26063108444213867
0.034355878829956055
0.013748764991760254
0.14229917526245117
0.19995594024658203
0.29443228244781494
0.2531033754348755
0.14426064491271973
0.3013855218887329
0.1300368309020996
0.060620784759521484
0.07548904418945312
-0.37123775482177734
0.12078440189361572
0.18763017654418945
0.16052258014678955
0.19100284576416016
0.1542215347290039
0.09809339046478271
0.17124402523040771
0.5424437522888184
0.16469073295593262
0.10387790203094482
-0.14448702335357666
0.19316864013671875
-0.2287578582763672
0.11872589588165283
0.37058329582214355
0.08616089820861816
-0.05008268356323242
-0.14150428771972656
0.24091434478759766
-0.7011141777038574
-0.23027515411376953
0.10438132286071777
0.11784672737121582
-0.09871053695678711
0.08119118213653564
0.20135283470153809
0.2066023349761963
0.05779457092285156
0.06935787200927734
-0.14142215251922607
-0.03066384792327881
-0.019141435623168945
0.2058020830154419
-0.18165326118469238
0.007232189178466797
0.07674384117126465
-0.023645758628845215
-0.49041056632995605
-0.0922393798828125
0.2545269727706909
-0.15760815143585205
0.07833337783813477
-0.032517313957214355
0.19242191314697266
0.10662698745727539
-0.13621771335601807
0.04578590393066406
-0.14579391479492188
0.180853009223938
-0.1941838264465332
0.06577515602111816
0.48766255378723145
-0.4665919542312622
0.23322415351867676
-0.16146337985992432
-0.09772098064422607
-0.05947399139404297
-0.0030881166458129883
0.08902168273925781
-0.2547372579574585
0.11619842052459717
-0.06787610054016113
0.03433680534362793
-0.38262832164764404
-0.02912771701812744
-0.12397480010986328
0.06934905052185059
-0.04474663734436035
0.06891906261444092
0.35660624504089355
-0.0016461610794067383
0.1146773099899292
-0.2597658634185791
0.13598108291625977
0.10544109344482422
-0.11385774612426758
0.20623993873596191
0.3362741470336914
-0.0920189619064331
-0.0756235122680664
0.21062779426574707
0.07091641426086426
-0.1791243553161621
0.0951533317565918
-0.07359790802001953
-0.19424903392791748
0.08236253261566162
-0.3978229761123657
0.08118534088134766
0.14163494110107422
0.09039366245269775
0.0027942657470703125
0.06840777397155762
-0.06120562553405762
0.180578351020813
0.1260232925415039
0.18263578414916992
0.2094045877456665
0.3057364225387573
0.14184224605560303
0.24638104438781738
0.023427605628967285
0.021321535110473633
0.14559268951416016
-0.08670949935913086
-0.057855844497680664
0.3116966485977173
-0.03736567497253418
0.03232109546661377
0.0857924222946167
0.20014464855194092
0.15256965160369873
0.1338059902191162
0.13853800296783447
-0.26129865646362305
-0.01648688316345215
-0.4130595922470093
-0.01788175106048584
-0.05408430099487305
-0.10560488700866699
-0.012043952941894531
0.0009253025054931641
0.05154824256896973
-0.03259134292602539
-0.18471837043762207
-0.05946469306945801
0.20056354999542236
-0.1950690746307373
0.05686330795288086
0.016287684440612793
-0.39759302139282227
0.14896726608276367
0.015629172325134277
0.2193213701248169
0.023183822631835938
-0.039566993713378906
-0.12554490566253662
-0.20555245876312256
0.03118884563446045
-0.005051732063293457
0.2286520004272461
-0.0748133659362793
0.028504371643066406
-0.07281887531280518
0.04431748390197754
0.2554755210876465
0.0008206367492675781
0.130051851272583
0.1845998764038086
-0.10215520858764648
-0.02834928035736084
-0.15212202072143555
-0.00898587703704834
-0.06693005561828613
-0.04461979866027832
-0.06115293502807617
-0.520775556564331
0.12122893333435059
-0.02622079849243164
0.029627323150634766
0.34494447708129883
0.038846492767333984
-0.06690537929534912
0.005254983901977539
0.014191985130310059
0.1970045566558838
0.3144221305847168
-0.3195459842681885
0.05858492851257324
0.3252370357513428
-0.38712072372436523
0.0004932880401611328
0.066841721534729
0.057604432106018066
-0.022647500038146973
-0.09384572505950928
-0.2600315809249878
-0.08709049224853516
0.014602184295654297
-0.15985071659088135
0.06047022342681885
-0.10784590244293213
-0.10213220119476318
0.06339406967163086
0.06493496894836426
0.2866196632385254
-0.34130799770355225
0.1551964282989502
0.36656737327575684
-0.022127866744995117
0.13781559467315674
0.15432047843933105
0.3197439908981323
0.11612296104431152
0.07529175281524658
0.024057626724243164
0.2395416498184204
0.0747445821762085
-0.24529993534088135
-0.04425859451293945
-0.15559327602386475
0.007312297821044922
0.1156083345413208
0.09165620803833008
0.15101635456085205
0.1330627202987671
0.4245908260345459
0.146201491355896
0.060642242431640625
-0.48049116134643555
0.13547539710998535
0.2529733180999756
-0.006784796714782715
0.15472376346588135
0.028199315071105957
-0.023905277252197266
-0.09186112880706787
-0.10181188583374023
-0.14740896224975586
-0.014721870422363281
-0.23421919345855713
0.1710149049758911
0.1199723482131958
0.10727810859680176
-0.07839310169219971
-0.11851358413696289
0.1595771312713623
-0.10913193225860596
0.16104674339294434
0.2583324909210205
0.06934762001037598
-0.023688554763793945
-0.0012443065643310547
0.19994521141052246
0.06142473220825195
0.09878993034362793
0.07958352565765381
-0.184112548828125
-0.21738409996032715
0.12176132202148438
-0.10324454307556152
0.17901623249053955
0.06724560260772705
0.21931898593902588
0.12163794040679932
0.043955445289611816
-0.3979147672653198
0.03414738178253174
0.0833749771118164
-0.023901700973510742
0.17344176769256592
0.00042557716369628906
-0.028351306915283203
-0.08232808113098145
0.5358479022979736
-0.03332102298736572
-0.2141362428665161
0.10044455528259277
-0.09086525440216064
0.08115243911743164
-0.06632435321807861
0.2524172067642212
0.14044392108917236
-0.07886373996734619
-0.41787397861480713
0.1382911205291748
0.06432783603668213
-0.17109155654907227
0.11882400512695312
0.007294416427612305
-0.035449862480163574
-0.011170744895935059
-0.14831995964050293
-0.15763843059539795
-0.04267597198486328
-0.6821537017822266
-0.058336496353149414
0.2531346082687378
0.2751983404159546
-0.017792582511901855
-0.1679152250289917
-0.17431247234344482
0.01219475269317627
0.1515336036682129
0.2755126953125
-0.00888669490814209
0.1328352689743042
0.2880673408508301
0.10996341705322266
0.0717325210571289
-0.11937296390533447
0.020740270614624023
-0.735865592956543
-0.10642468929290771
0.0044782161712646484
0.1379532814025879
-0.2701658010482788
0.16264688968658447
0.07520484924316406
0.27885591983795166
-0.35230350494384766
-0.17823660373687744
0.014696836471557617
0.08490407466888428
-0.3386181592941284
-0.02328813076019287
-0.019274234771728516
0.33116912841796875
0.3735843896865845
-0.11327946186065674
-0.12095868587493896
0.20270311832427979
0.0565871000289917
-0.3853464126586914
0.08703851699829102
0.3381028175354004
0.02182924747467041
-0.07415115833282471
0.24042963981628418
-0.15146887302398682
-0.2957695722579956
-0.24385857582092285
0.1982412338256836
0.05596566200256348
-0.06834959983825684
0.024546384811401367
-0.03217911720275879
-0.28657031059265137
0.13227272033691406
-0.3273441791534424
-0.04286181926727295
-0.09168589115142822
0.08455252647399902
-0.09020543098449707
0.050002336502075195
-0.3122321367263794
0.0025513172149658203
-0.2575254440307617
-0.05686914920806885
-0.21599578857421875
0.19558215141296387
-0.0385059118270874
-0.010369658470153809
-0.0852501392364502
0.18691861629486084
-0.12272095680236816
0.2673969268798828
0.08750784397125244
0.18976950645446777
0.02217400074005127
0.33983659744262695
-0.008954286575317383
0.17932307720184326
-0.23272991180419922
0.25679147243499756
0.3396064043045044
0.030307292938232422
-0.17074286937713623
0.16747963428497314
0.1277785301208496
-0.015032768249511719
-0.04354095458984375
0.09056282043457031
0.048096537590026855
-0.127532958984375
0.011251688003540039
0.0322568416595459
0.07837271690368652
-0.14061498641967773
-0.1884610652923584
-0.1375713348388672
0.23196446895599365
0.16771304607391357
-0.19455432891845703
0.21604633331298828
-0.08605504035949707
-0.09101283550262451
0.08172798156738281
0.12344896793365479
-0.06543111801147461
0.3962956666946411
0.05846261978149414
-0.4410560131072998
-0.4505596160888672
-0.3386181592941284
0.3492882251739502
0.09993088245391846
0.2640206813812256
-0.39305877685546875
0.010372400283813477
0.038184523582458496
0.04627811908721924
-0.04816889762878418