0.24104759097099304
0.6098294854164124
0.04076981544494629
0.27179238200187683
0.1670328676700592
0.240330308675766
0.287103533744812
0.14074301719665527
0.28494441509246826
0.21180561184883118
0.16941103339195251
0.4960823953151703
0.3303770124912262
0.1475467085838318
0.5117228925228119
0.2630689740180969
0.25394633412361145
0.3118915557861328
0.16821786761283875
0.2618359923362732
0.31544065475463867
0.45897114276885986
0.2696447968482971
0.35453179478645325
0.12906038761138916
0.04888510704040527
0.27385076880455017
0.13611754775047302
0.06577149033546448
0.3387395739555359
0.4628361761569977
0.0836489200592041
0.17000123858451843
0.2801441550254822
-0.002942711114883423
-0.0463259220123291
0.40159451961517334
0.20825693011283875
0.19729208946228027
0.3783898651599884
0.3643609285354614
0.2439257800579071
0.24034684896469116
0.23229408264160156
0.3377998471260071
0.03485745191574097
0.12294220924377441
0.18626010417938232
0.3882294297218323
0.44595059752464294
0.07612046599388123
0.1837262511253357
0.8618407547473907
0.2667442858219147
0.4183785617351532
0.28565606474876404
0.5078586935997009
0.3390962779521942
0.43886610865592957
0.2622448205947876
0.18742603063583374
0.29326945543289185
0.5310388207435608
0.27353760600090027
0.3724622130393982
0.2521732449531555
0.31977578997612
0.3361978530883789
0.26683831214904785
0.3738082945346832
0.4953244924545288
0.13729918003082275
0.30381059646606445
0.5641162097454071
-0.2687915861606598
0.3861934244632721
0.3604200780391693
0.23445481061935425
0.26358044147491455
0.42025014758110046
0.22778409719467163
0.2557964324951172
0.30186727643013
0.46596479415893555
0.1959596574306488
0.022244960069656372
0.24107873439788818
0.5236636698246002
0.3380206227302551
0.15720361471176147
0.29498571157455444
0.09853604435920715
0.2683737277984619
0.3296700119972229
0.35252296924591064
0.5241105854511261
0.13813912868499756
0.4969451427459717
0.1637434959411621
0.3160237967967987
0.015155941247940063
0.1708022654056549
0.47316858172416687
0.040908873081207275
0.1934957504272461
0.038195282220840454
0.4519619941711426
0.14511549472808838
0.1610533595085144
0.24239903688430786
0.1760759949684143
0.48806941509246826
0.5330828726291656
0.36707594990730286
0.4446878135204315
0.2897558808326721
0.24294504523277283
0.21649113297462463
0.20918065309524536
0.1770612597465515
0.24654296040534973
0.26027369499206543
0.227672278881073
0.32095736265182495
0.16102606058120728
0.3830907344818115
0.3917653560638428
0.040005624294281006
0.10945624113082886
0.0686255395412445
0.2479519546031952
-0.05823183059692383
0.29808706045150757
0.33277639746665955
0.16424542665481567
0.30110064148902893
-0.6360443830490112
0.5513405203819275
0.3566991090774536
0.27879804372787476
0.29187116026878357
0.3407810628414154
0.11632078886032104
0.6217623054981232
0.1723632514476776
0.3470943570137024
0.14899170398712158
0.3167162239551544
0.46223971247673035
0.1134289801120758
0.28205356001853943
0.3313959240913391
0.15084600448608398
0.1339804232120514
0.24831807613372803
0.2640356123447418
0.16167914867401123
0.2782062590122223
0.6101827919483185
0.3113821744918823
0.42170143127441406
0.19492918252944946
0.2154598832130432
0.0737977921962738
0.23468464612960815
0.5537547469139099
0.11805450916290283
0.3877299726009369
0.3445289731025696
0.2905959188938141
0.20558184385299683
0.36463549733161926
0.34798696637153625
0.3102725148200989
0.18714484572410583
0.10705119371414185
0.19779694080352783
0.3863806426525116
0.12278318405151367
0.2833929657936096
0.19623008370399475
0.3129584491252899
-0.005301058292388916
0.08450999855995178
0.23091855645179749
0.35749351978302
-0.21684452891349792
0.21581315994262695
0.3102249503135681
0.21962153911590576
0.005351126194000244
0.6099343001842499
0.18123576045036316
0.11375364661216736
0.33108359575271606
0.026515543460845947
0.40107303857803345
0.018048882484436035
0.3712436854839325
0.2539951801300049
0.23645535111427307
0.34456750750541687
0.3702509105205536
0.13221308588981628
0.13858193159103394
0.39335986971855164
0.3212510049343109
0.18316370248794556
0.8571254909038544
0.3231869339942932
0.27509868144989014
-0.0025219321250915527
0.06924515962600708
0.25304874777793884
0.3431791663169861
0.24769103527069092
0.3391132950782776
0.20934343338012695
0.24268245697021484
0.25863850116729736
0.06886863708496094
0.5406506061553955
0.23041412234306335
0.18388816714286804
0.3837932348251343
0.21218782663345337
-0.0994240939617157
0.3113374412059784
0.6015224754810333
0.33994486927986145
0.0887884795665741
0.0722135603427887
0.35205045342445374
0.5963849425315857
0.13510942459106445
0.15727198123931885
0.009681761264801025
0.20062410831451416
0.31981179118156433
0.34304749965667725
0.5359390377998352
0.34947463870048523
-0.17326495051383972
0.19509407877922058
0.011591136455535889
0.23953384160995483
0.2268964946269989
0.5960793197154999
0.36640527844429016
0.1420174241065979
0.4196181893348694
0.39224278926849365
0.09669548273086548
0.41925203800201416
0.29636290669441223
0.3076462745666504
0.16782227158546448
0.3039596974849701
0.327923446893692
0.34243905544281006
0.18929553031921387
0.27307000756263733
0.31682807207107544
0.17449751496315002
0.35096773505210876
0.3939575254917145
0.4116792678833008
0.2520461082458496
0.17215371131896973
0.21408197283744812
0.171872079372406
0.3001832365989685
0.21187812089920044
0.3453735113143921
0.06757274270057678
0.2283138632774353
0.3854259252548218
0.27007561922073364
0.23364675045013428
0.1873539388179779
0.1258356273174286
0.2560242712497711
0.23382610082626343
0.11438405513763428
0.19973942637443542
0.47235509753227234
0.390545517206192
0.18491196632385254
0.08079737424850464
0.18484613299369812
0.2328561246395111
0.37185508012771606
0.43175143003463745
0.14548826217651367
0.43239012360572815
0.17153698205947876
0.08226561546325684
0.21443772315979004
0.24763470888137817
0.45287516713142395
0.32445141673088074
0.41051003336906433
0.20437699556350708
0.32120591402053833
0.2035830318927765
0.3373621106147766
0.5264816582202911
0.4427465796470642
0.42653200030326843
0.2130129039287567
0.09561902284622192
0.39000633358955383
0.2790163457393646
-0.21883085370063782
0.2803743779659271
0.08374541997909546
0.49253466725349426
0.6278383135795593
0.21118560433387756
0.3837207555770874
0.4982614517211914
0.34196776151657104
0.3182404339313507
0.3394375145435333
0.07291185855865479
0.30134910345077515
0.1301438808441162
0.37094759941101074
0.23273307085037231
0.1673559546470642
0.3375816345214844
0.4062992036342621
0.2430870234966278
0.2624368965625763
0.32585257291793823
0.332948237657547
0.38059908151626587
0.25566184520721436
0.13928425312042236
0.10675626993179321
0.14348319172859192
0.5720235109329224
0.6550264060497284
0.7366939783096313
0.21784469485282898
0.23442041873931885
0.5710097253322601
0.4207903742790222
-0.03457120060920715
0.09955739974975586
0.1901988983154297
-0.02888542413711548
0.49561402201652527
0.09138032793998718
0.35111892223358154
0.4369042217731476
0.3413825035095215
0.13250967860221863
0.23247671127319336
-0.05763164162635803
0.271817147731781
-0.0669117271900177
0.2262752652168274
0.20513781905174255
0.34392839670181274
0.27702537178993225
0.18537461757659912
0.047314584255218506
0.44987329840660095
0.20810085535049438
0.22674620151519775
0.3329383134841919
0.3678830862045288
0.051986873149871826
0.3486715853214264
0.18559536337852478
0.23518672585487366
0.732315719127655
0.4457082748413086
0.3729604184627533
0.2252509891986847
0.43919041752815247
0.3256521224975586
0.20575040578842163
0.2698245048522949
0.019136548042297363
0.2111346423625946
0.4944339990615845
0.2684544324874878
0.34056365489959717
-0.10832178592681885
0.5678346455097198
0.19235846400260925
0.34213829040527344
0.37647682428359985
0.37833985686302185
0.1551857590675354
0.2109859585762024
0.25567057728767395
0.2427089512348175
0.41992178559303284
0.42101603746414185
0.39950087666511536
0.23125290870666504
0.18747204542160034
0.2724442481994629
0.3926640450954437
0.06340453028678894
0.13333791494369507
0.3794286549091339
0.377198725938797
0.05845218896865845
0.2302762269973755
0.599856972694397
0.4451255202293396
0.22915709018707275
0.3859730362892151
0.3890947103500366
0.07048356533050537
0.06106525659561157
0.14979028701782227
0.5764825940132141
0.1048506498336792
0.12707066535949707
-0.09117287397384644
0.2565961480140686
0.24482578039169312
-0.04229971766471863
0.17305701971054077
0.4185512363910675
0.3077945411205292
0.37813806533813477
0.20888027548789978
0.15091148018836975
0.20738714933395386
0.3344210386276245
0.2530139982700348
0.12479445338249207
0.11138957738876343
0.23682433366775513
0.09794217348098755
0.4507679343223572
0.15762606263160706
0.2836969196796417
0.029568731784820557
0.3722493052482605
0.41069644689559937
0.5219853520393372
0.3073779046535492
0.14247596263885498
0.2815954089164734
0.6867911517620087
-0.06193208694458008
0.14307063817977905
0.0015283823013305664
0.7932023704051971
0.05775552988052368
0.08721622824668884
0.3345477879047394
0.10495376586914062
0.6361052095890045
0.40048035979270935
0.5950488150119781
0.3300899863243103
0.2379951775074005
0.2825298309326172
0.4420780539512634
0.11908376216888428
0.48695820569992065
0.359549880027771
0.29786011576652527
0.20255506038665771
0.16942712664604187
0.3262559771537781
0.3902199864387512
0.21881350874900818
0.6001979410648346
0.15145325660705566
0.3169262707233429
0.716357558965683
0.5193553566932678
0.38854551315307617
0.29812687635421753
0.14872127771377563
0.4800965189933777
0.05888202786445618
0.23417893052101135
0.2947447896003723
0.2330428957939148
0.3533165752887726
0.1247434914112091
0.038368821144104004
0.2676633894443512
0.2692795395851135
0.2487906813621521
0.1403425633907318
0.42715948820114136
0.3733179569244385
0.2102835476398468
0.2134999930858612
0.27271345257759094
0.4166361093521118
0.17838704586029053
0.29094791412353516
0.2215987741947174
0.5544919967651367
0.1904858946800232
0.026098042726516724
0.3293320834636688
0.39294737577438354
0.2077122926712036
0.22247108817100525
0.0553242564201355
0.5882563591003418
0.6095198094844818
0.1828024983406067
0.3130500018596649
0.12226992845535278
0.4521235525608063
0.42809435725212097
0.39652299880981445
0.32100221514701843
0.17364507913589478
0.08946231007575989
0.22721832990646362
0.231940358877182
0.537443995475769
0.2046942114830017
0.38813042640686035
-0.13134002685546875
0.28591859340667725
0.5269075036048889
0.007069975137710571
0.5924142599105835
0.35494720935821533
0.40196025371551514
0.40249988436698914
0.18798598647117615
0.42896533012390137
0.6018575131893158
0.1412777602672577
0.21720439195632935
0.641702800989151
0.3093004524707794
0.2836695611476898
0.47030535340309143
0.14019256830215454
0.2947870194911957
0.3308317959308624
0.03735530376434326
0.18897050619125366
0.30103185772895813
-0.015122383832931519
0.3824980556964874
0.15495052933692932
0.19789883494377136
0.20711830258369446
0.08689859509468079
0.501086950302124
0.1599123179912567
0.3437187969684601
0.44867968559265137
0.7115684151649475
0.4245961904525757
0.32571130990982056
0.14654195308685303
0.12447264790534973
0.12188190221786499
0.3342081606388092
0.14712461829185486
0.28601139783859253
0.3368249237537384
0.15415319800376892
0.14803379774093628
0.07407736778259277
0.29148098826408386
0.3787096440792084
0.7908967286348343
0.18491816520690918
0.1114422082901001
0.27646297216415405
0.0474773645401001
0.30049970746040344
0.1231919527053833
0.1907845139503479
0.38693761825561523
0.1700476109981537
0.17166662216186523
0.1783083975315094
0.1668212115764618
0.1404014229774475
0.01700812578201294
0.08959648013114929
0.1886627972126007
0.09163382649421692
0.3739582300186157
0.2407030463218689
0.17100399732589722
0.2791070342063904
0.1896236538887024
0.32323458790779114
0.15726199746131897
0.0939520001411438
0.23321601748466492
0.06213998794555664
-0.30657267570495605
0.4266418218612671
0.3353583514690399
0.30279913544654846
0.08945691585540771
0.4540477693080902
0.22880089282989502
0.2708064913749695
0.2635490298271179
0.35280919075012207
0.2719931900501251
0.26745545864105225
0.48190441727638245
-0.008336871862411499
0.2952757179737091
0.2957308292388916
0.071461021900177
0.32163333892822266
0.06415703892707825
0.21438392996788025
0.5144055187702179
0.1546402871608734
0.19502899050712585
0.388425350189209
0.3929609954357147
0.28445202112197876
0.48650088906288147
0.5217477083206177
0.2797122001647949
0.4454498589038849
0.3427041471004486
0.012159287929534912
0.08835145831108093
0.11851301789283752
0.17960557341575623
0.013968080282211304
0.15265348553657532
0.2848198711872101
0.36724480986595154
0.4433123767375946
0.1093994677066803
0.33513835072517395
0.22484636306762695
0.40145906805992126
0.24534425139427185
0.16675573587417603
0.3925666809082031
0.2873591184616089
0.5293668508529663
0.314719557762146
0.25497469305992126
0.19581973552703857
0.03413349390029907
0.30700844526290894
0.3949333131313324
0.47280576825141907
0.20815593004226685
0.4205036759376526
0.16147419810295105
0.41615983843803406
0.2931338846683502
0.3977675139904022
0.4222063422203064
0.14679574966430664
0.2378121316432953
0.5312566459178925
-0.09637448191642761
0.45531684160232544
0.15860849618911743
0.29375895857810974
0.11314651370048523
0.36164766550064087
0.29566502571105957
0.18694889545440674
0.08424952626228333
0.40878915786743164
0.5046820044517517
0.2843600809574127
0.28966107964515686
0.4902835786342621
0.35868099331855774
0.36621811985969543
0.46572959423065186
0.30056795477867126
0.3093675374984741
0.27822360396385193
0.26730847358703613
0.4055892527103424
0.28011804819107056
0.08272197842597961
0.3049147427082062
0.5507896542549133
0.3039008677005768
0.21102362871170044
0.5968989729881287
0.33105385303497314
0.3356080949306488
0.11614102125167847
0.34696847200393677
0.5503240823745728
0.39806196093559265
0.27298304438591003
0.2077210247516632
0.20688441395759583
0.19108277559280396
0.4964142143726349
0.40058431029319763
0.47275274991989136
0.21922144293785095
0.2252742052078247
0.25649845600128174
0.2586190402507782
-0.0007194280624389648
0.4516741633415222
0.24298012256622314
0.1600005030632019
0.17914578318595886
0.3030270040035248
0.1607283055782318
0.32348349690437317
0.25111210346221924
0.19760021567344666
0.23057028651237488
0.32335302233695984
0.30733272433280945
0.22188708186149597
0.2307165265083313
0.23485815525054932
0.36297670006752014
0.37391799688339233
0.4794665277004242
0.05894914269447327
0.20001822710037231
0.13041633367538452
0.1893191635608673
0.1501179337501526
0.1426694393157959
0.11223655939102173
0.4803619980812073
1.154714673757553
0.07587611675262451
0.5913373827934265
0.33235636353492737
0.46040499210357666
0.0829978883266449
0.17815053462982178
0.23160991072654724
0.25364476442337036
0.3103296756744385
0.32531577348709106
0.32177501916885376
0.4795866906642914
0.25916868448257446
0.391065776348114
0.20052221417427063
0.3577398657798767
0.33026188611984253
0.11657711863517761
0.26512494683265686
0.2043115496635437
0.1955198049545288
0.15638071298599243
0.3314679265022278
0.1403765082359314
0.33374467492103577
0.08258366584777832
0.5018154084682465
0.3508223593235016
0.2903631329536438
0.36557531356811523
0.302829772233963
0.17704838514328003
-0.024344414472579956
0.20400169491767883
0.49166157841682434
0.19885146617889404
0.1343444287776947
0.532191127538681
0.32294759154319763
0.11515200138092041
0.8618407547473907
0.15202635526657104
0.2706579267978668
0.2816625237464905
0.5192952156066895
0.44656771421432495
0.4792051911354065
0.40227505564689636
0.2322705090045929
0.4566665589809418
0.4452991187572479
-0.05253896117210388
0.26287221908569336
0.3829876184463501
-0.04963606595993042
0.28195783495903015
0.5019840598106384
0.17522355914115906
0.2088993489742279
0.20815834403038025
0.176059752702713
0.38235318660736084
0.17509892582893372
0.11372894048690796
0.7449902892112732
0.25265660881996155
0.3355649709701538
0.10704988241195679
0.20915290713310242
0.07697367668151855
0.27873021364212036
0.2942928671836853
0.2633807957172394
0.12148478627204895
0.4086052477359772
0.16937246918678284
0.441371887922287
0.24289363622665405
0.07131892442703247
0.3393758237361908
0.15158450603485107
0.6636101603507996
0.43418508768081665
0.2832777798175812
0.30933937430381775
0.3378888964653015
0.6950950622558594
0.3563743829727173
0.1360052525997162
0.3200925886631012
0.12558132410049438
0.08431869745254517
0.13651055097579956
0.028439760208129883
0.44164198637008667
0.37227582931518555
0.20882773399353027
0.28775253891944885
0.5611279010772705
0.20322474837303162
0.24069643020629883
0.30191656947135925
0.2615261673927307
0.32273343205451965
0.1795334815979004
0.29719483852386475
0.017466962337493896
0.1890367567539215
0.13730579614639282
0.5519199073314667
0.1300610899925232
0.11139622330665588
0.3690328598022461
-0.13162249326705933
0.48660361766815186
0.39804455637931824
0.38916802406311035
0.06599017977714539
0.39073315262794495
0.38382095098495483
0.31240931153297424
0.10398328304290771
0.21836000680923462
0.1709877848625183
0.02162155508995056
0.5654501616954803
0.4892597198486328
0.23475387692451477
-0.035553693771362305
0.37119317054748535
0.26148146390914917
0.259896844625473
0.4146327078342438
-0.04943305253982544
0.24861428141593933
0.44985008239746094
0.2793261706829071
0.18097642064094543
0.5085884034633636
0.3341609239578247
0.2762165367603302
0.304604172706604
0.20740047097206116
0.14676392078399658
0.33116236329078674
0.16760608553886414
0.41730672121047974
0.509539008140564
0.21431544423103333
0.35195642709732056
0.20880451798439026
0.19852426648139954
0.2987406849861145
-0.025481313467025757
0.08008864521980286
0.2952409088611603
0.3932638168334961
0.19686013460159302
0.22262343764305115
0.3608495593070984
-0.029876619577407837
0.32505279779434204
0.17959681153297424
0.3008371889591217
0.17053765058517456
0.521131306886673
0.4898391664028168
0.18016257882118225
0.32496535778045654
0.3042011260986328
0.31417116522789
0.33355623483657837
0.26622748374938965
0.19386440515518188
0.3918435573577881
0.6838593184947968
0.32725125551223755
0.10664358735084534
0.11483308672904968
0.26137956976890564
0.3837658762931824
0.22873377799987793
0.20004552602767944
0.3353491723537445
0.3990642726421356
0.23224270343780518
0.40091192722320557
0.19346430897712708
0.26080846786499023
0.18944960832595825
0.33955222368240356
0.0980263352394104
0.2989750802516937
0.21475368738174438
0.37624987959861755
0.5188985168933868
0.37326523661613464
0.10134011507034302
0.1998649537563324
0.38022640347480774
0.4312984049320221
0.25028911232948303
-0.23761332035064697
0.20717433094978333
0.2815779745578766
0.32551708817481995
0.41984304785728455
0.34919217228889465
0.3694312870502472
0.548408567905426
0.25660404562950134
0.255016952753067
0.621586263179779
0.31012964248657227
0.3275461494922638
0.2815461754798889
0.25824636220932007
0.3509271442890167
0.16875207424163818
0.3639426827430725
0.31856635212898254
0.3794882893562317
0.5176100432872772
0.18046948313713074
0.18184822797775269
0.152532160282135
0.19911816716194153
0.13343414664268494
0.24480795860290527
0.036107778549194336
0.8173547089099884
0.1747286021709442
0.36360010504722595
0.4712626039981842
0.07823613286018372
0.3168007433414459
0.35491320490837097
0.3655363619327545
0.29314926266670227
0.2855823338031769
0.04638555645942688
0.03624120354652405
0.25807610154151917
0.42571523785591125
0.5699800252914429
0.41796189546585083
0.1728213131427765
0.2911554276943207
0.18152812123298645
0.27735012769699097
0.41028305888175964
0.39831629395484924
0.3270449936389923
0.3783529996871948
0.3050808310508728
0.18625801801681519
0.394336074590683
0.2739538550376892
0.4540477693080902
0.22627440094947815
0.41284430027008057
0.4686412513256073
0.38429731130599976
0.46669459342956543
0.306283175945282
-0.019612878561019897
0.27214518189430237
-0.4013650715351105
0.18986505270004272
0.25287318229675293
0.5543118715286255
0.17340287566184998
0.41402557492256165
0.2867456376552582
0.23144713044166565
0.35556721687316895
0.12781870365142822
0.38046327233314514
0.5513976216316223
0.18775978684425354
0.26802119612693787
0.14827144145965576
0.6728885173797607
0.0568886399269104
0.5016149878501892
0.3331764042377472
0.23140975832939148
0.18026745319366455
0.05306050181388855
0.15753790736198425
0.1167784035205841
0.33017662167549133
0.26802128553390503
0.4079914689064026
0.19933563470840454
0.20849505066871643
0.20679700374603271
0.12408697605133057
0.1856839954853058
0.42793604731559753
0.10946610569953918
0.22793573141098022
0.08753854036331177
0.5713620781898499
0.500721663236618
0.2131354808807373
0.3974655866622925
0.2805645763874054
0.3413066565990448
0.14837297797203064
0.12809571623802185
0.1915374994277954
0.2711234390735626
0.07673758268356323
0.1272757351398468
0.23519748449325562
0.41178610920906067
0.0027253329753875732
0.2041155993938446
0.2813771963119507
0.4005677402019501
0.23627057671546936
0.132589191198349
0.16154998540878296
0.2092120349407196
0.11042454838752747
0.2903842329978943
0.11747673153877258
0.6594928801059723
0.27860307693481445
0.2116747796535492
0.11190980672836304
0.35275039076805115
0.3385358452796936
0.214588463306427
0.12124490737915039
0.43940168619155884
0.25567471981048584
0.24136075377464294
0.1589207649230957
0.266714483499527
0.5448027551174164
0.26397186517715454
0.28985247015953064
0.20917686820030212
0.5788338482379913
0.1772053837776184
0.2341168224811554
0.08263880014419556
0.26090535521507263
0.2171766757965088
0.266406774520874
0.24373358488082886
0.06400004029273987
0.21457645297050476
0.3208249509334564
0.35172611474990845
0.248297780752182
0.3602627217769623
0.40932708978652954
0.3485468924045563
0.40180811285972595
0.5208687782287598
0.1537192165851593
0.05090296268463135
0.15827766060829163
-0.047478556632995605
0.2926373779773712
0.34711015224456787
0.03568083047866821
0.15789532661437988
0.10844439268112183
0.2172541320323944
0.16394391655921936
0.4862615764141083
0.5178100764751434
0.04740819334983826
0.10252627730369568
0.2210346758365631
0.1724987030029297
0.5826554298400879
0.6292688250541687
0.2043827772140503
0.4283113181591034
0.2317635416984558
0.1054200828075409
0.16799911856651306
0.5473979115486145
0.22254273295402527
0.26830118894577026
0.18929600715637207
0.20207622647285461
0.2690690755844116
0.4778682291507721
0.3999859094619751
0.17438900470733643
0.2595169246196747
0.22108814120292664
0.403769314289093
0.006460726261138916
0.5347374677658081
0.3117010295391083
0.24782529473304749
0.255565345287323
0.17023521661758423
0.3012182116508484
0.27247118949890137
0.199384868144989
0.06571012735366821
0.29410481452941895
0.12310579419136047
0.31505832076072693
0.40092024207115173
0.31656554341316223
0.44377824664115906
0.2222088873386383
0.15625804662704468
0.15182098746299744
0.06821715831756592
0.9032037556171417
0.34825408458709717
0.49983111023902893
0.6290278434753418
0.30536168813705444
0.07589104771614075
0.1608334481716156
0.15045008063316345
0.37637826800346375
0.4584193825721741
0.23049286007881165
-0.2548165023326874
0.2915841042995453
0.27742430567741394
0.19628077745437622
0.03066176176071167
0.3422771096229553
0.3816241919994354
0.3011842668056488
0.3038437068462372
0.282732754945755
0.30388468503952026
0.39120572805404663
0.3533778190612793
0.39257869124412537
0.29844406247138977
0.28526461124420166
0.16875910758972168
0.20911556482315063
-0.042570650577545166
0.17714864015579224
0.13783347606658936
0.2526772916316986
0.13168871402740479
0.07048270106315613
0.350045382976532
0.18906822800636292
0.2458057403564453
0.18257805705070496
0.15860772132873535
0.5798555910587311
0.4086512327194214
0.46477949619293213
0.313908189535141
0.15778681635856628
0.44097262620925903
0.47281813621520996
0.12439551949501038
0.36383116245269775
0.28164222836494446
0.1970750391483307
0.17497670650482178
0.21150287985801697
0.4324261248111725
0.25977054238319397
0.12477368116378784
0.2913157045841217
0.2501843571662903
0.45685875415802
0.16660916805267334
0.2318219244480133
0.18208026885986328
0.19560182094573975
0.15338486433029175
0.18578752875328064
0.4072414040565491
0.17459893226623535
0.13344281911849976
0.12338697910308838
0.4302654266357422
0.08036741614341736
0.19233983755111694
0.1471312940120697
0.3791797161102295
0.039103537797927856
0.08415177464485168
0.31389907002449036
0.11883440613746643
0.23753246665000916
0.23011672496795654
0.35194727778434753
0.3338485658168793
0.45539841055870056
0.13160011172294617
0.25736454129219055
0.3058292269706726
0.4522203803062439
0.380832314491272
0.20188191533088684
-0.10813331604003906
0.10969102382659912
0.5255398452281952
0.25189530849456787
0.017194926738739014
0.2678700387477875
0.17945227026939392
0.34676432609558105
0.6561587750911713
0.07015678286552429
0.3104000985622406
0.17009732127189636
0.18327224254608154
0.17479825019836426
0.37022775411605835
0.2851954996585846
0.2139643132686615
0.12877213954925537
0.16490602493286133
0.5818129777908325
0.3059563636779785
-0.3227197527885437
0.30567479133605957
0.44764989614486694
-0.01797395944595337
0.49339234828948975
0.572625458240509
0.46635833382606506
0.1324988305568695
-0.10417002439498901
0.2623383700847626
0.37158915400505066
0.39717772603034973
0.2782517969608307
0.3329966962337494
0.2536505460739136
0.4617651104927063
0.18444812297821045
0.04314878582954407
0.0884447693824768
0.3221580982208252
0.43800053000450134
0.6511124074459076
0.3098086416721344
0.519137442111969
0.24509623646736145
0.1610003411769867
0.3921807110309601
0.3645581603050232
0.24034026265144348
0.10503864288330078
0.42458659410476685
0.18644028902053833
0.1408279538154602
0.4444906413555145
0.1747807264328003
0.20983454585075378
0.2389461100101471
0.1391451060771942
0.24829858541488647
0.16671931743621826
0.4547780454158783
0.4846719205379486
0.3423077464103699
0.22548046708106995
0.5089426040649414
0.47560226917266846
0.49572503566741943
0.15967333316802979
0.5084737837314606
0.35159435868263245
0.18864372372627258
0.46527358889579773
0.278062105178833
0.04942601919174194
0.42389702796936035
0.31789126992225647
0.22519221901893616
0.27457889914512634
0.15867313742637634
0.45223113894462585
0.2106737494468689
0.19830015301704407
0.4036765396595001
0.27886730432510376
0.1697435975074768
0.46855053305625916
0.12474960088729858
-0.009652316570281982
0.07855916023254395
0.17993897199630737
0.17789089679718018
0.1315632462501526
0.36927226185798645
0.13595804572105408
0.2199222445487976
0.47678062319755554
0.5086099803447723
0.28041255474090576
0.24580532312393188
0.46529221534729004
0.3678876459598541
0.5059228837490082
0.2558494508266449
0.5111928582191467
0.12099191546440125
0.17281341552734375
0.3300345540046692
0.2299932837486267
0.11561128497123718
0.18200570344924927
0.5502371191978455
0.26202312111854553
0.10492676496505737
0.14465412497520447
0.2562582492828369
0.13895466923713684
0.33597132563591003
0.19064080715179443
0.31345632672309875
0.24287709593772888
0.15111401677131653
0.18898174166679382
0.16336241364479065
0.2801925837993622
0.42686501145362854
0.4528872072696686
0.4264860153198242
0.36873963475227356
0.34860241413116455
0.2981392443180084
0.24440744519233704
0.04815360903739929
0.12479814887046814
0.4699048697948456
0.5322635471820831
0.22244209051132202
0.18393409252166748
0.27201104164123535
0.21593338251113892
0.1197935938835144
0.027372926473617554
0.2600649893283844
0.37273308634757996
0.16462978720664978
0.384934663772583
0.1580953299999237
0.1852925419807434
-0.09303337335586548
0.23885577917099
0.047367990016937256
0.33243629336357117
0.3690444827079773
0.7314310967922211
0.30373314023017883
0.38605958223342896
0.6607672870159149
0.1776895523071289
0.20260393619537354
0.388468474149704
0.36346545815467834
0.40280595421791077
0.3018544018268585
0.39862075448036194
0.19699016213417053
0.2320716679096222
0.3935889005661011
0.2318844497203827
0.1216641366481781
0.31928253173828125
0.37134310603141785
0.6562955379486084
0.3369176685810089
0.3208477199077606
0.1876993477344513
0.2874360978603363
0.173425555229187
0.22174125909805298
0.09134924411773682
0.4673531949520111
0.23340898752212524
0.061791181564331055
0.09617027640342712
-0.18262076377868652
0.2486577033996582
0.11032724380493164
0.4217577874660492
0.3138158321380615
0.10745412111282349
0.3587654232978821
0.3391985297203064
0.41911908984184265
0.4629335403442383
0.21986794471740723
0.2928601801395416
0.3765977919101715
0.44495245814323425
0.3858218789100647
0.31841981410980225
0.3714939057826996
0.07693600654602051
0.33317938446998596
0.09772762656211853
0.04422116279602051
0.21053987741470337
0.25976383686065674
0.3720840513706207
0.37045180797576904
0.132937490940094
0.4194554388523102
0.26747167110443115
0.22413358092308044
0.4922831654548645
0.06766673922538757
0.20418933033943176
0.5210510194301605
0.2395387589931488
0.31284865736961365
0.19430962204933167
0.4377785325050354
-0.046460121870040894
0.23598477244377136
0.2713756859302521
0.3449552059173584
0.20070034265518188
0.3289625644683838
0.12105965614318848
0.2790859639644623
0.029328584671020508
0.3828178644180298
0.3028227388858795
0.1400994062423706
0.14571937918663025
0.3999614119529724
0.16623929142951965
0.15842583775520325
0.15858617424964905
0.33385196328163147
0.14649131894111633
0.2810806632041931
0.22755217552185059
0.011689364910125732
0.2162235677242279
0.28296223282814026
0.09792393445968628
0.47106167674064636
0.15143582224845886
0.17049455642700195
0.4409249722957611
0.3005506098270416
0.10050797462463379
0.4227406680583954
0.0854174792766571
0.3800901770591736
0.16680008172988892
0.059112757444381714
0.1859225332736969
0.2852779030799866
0.07924753427505493
0.5852855145931244
0.24473798274993896
0.23171839118003845
-0.013223797082901001
0.19547384977340698
-0.05241680145263672
0.23077446222305298
0.2800489366054535
0.2004016637802124
0.18191000819206238
0.32483571767807007
0.25479206442832947
0.38715508580207825
0.3684347867965698
0.14565598964691162
0.36969804763793945
0.22851347923278809
-0.011222541332244873
-0.16987988352775574
0.14660155773162842
0.1510903537273407
0.2914039194583893
0.2614462375640869
0.30076682567596436
0.14996466040611267
0.283380925655365
0.098914235830307
0.2791646420955658
0.4342816174030304
0.30205488204956055
0.2541671097278595
0.12386083602905273
0.6558548212051392
0.18144738674163818
0.1400526762008667
0.3153403103351593
0.26681846380233765
0.19917365908622742
0.32591092586517334
0.07655581831932068
0.04448533058166504
0.17220008373260498
0.10774654150009155
0.32189062237739563
0.21644896268844604
0.3224269449710846
0.32603153586387634
-0.04503655433654785
0.5640171766281128
0.2572726011276245
0.14259648323059082
0.12675434350967407
0.16600483655929565
0.1493293046951294
0.25165098905563354
0.31828972697257996
0.2086864709854126
0.22797295451164246
0.27807825803756714
0.1644495725631714
0.07262521982192993
0.078865647315979
0.045016348361968994
0.2765031158924103
0.23908740282058716
0.2466965913772583
0.13251042366027832
0.39146503806114197
0.2392476499080658
0.11904352903366089
0.22313043475151062
0.3607542812824249
0.48445481061935425
0.2756444811820984
0.238116055727005
0.07709294557571411
0.2526590824127197
0.2684192955493927
0.5354037582874298
0.16342580318450928
0.22106486558914185
0.08802062273025513
0.16618576645851135
0.3679530918598175
0.2806386649608612
0.2325993776321411
0.10950967669487
0.44597840309143066
0.45514121651649475
0.16764751076698303
0.19944244623184204
0.4285341203212738
0.6114676594734192
0.1524587869644165
0.27824848890304565
0.33988484740257263
0.2609728276729584
0.15174433588981628
0.06286603212356567
0.4848893880844116
0.28349652886390686
0.2722300887107849
0.48030197620391846
0.25769251585006714
0.1315239667892456
0.011767596006393433
0.23001816868782043
0.230255126953125
0.3799268901348114
-0.10535961389541626
0.295147180557251
0.3444155156612396
0.29223060607910156
0.5901644825935364
0.36197611689567566
0.28480610251426697
0.4994993805885315
0.368069052696228
0.3430367112159729
0.16561388969421387
0.15847676992416382
0.20897388458251953
0.22273582220077515
0.6886161267757416
0.32734355330467224
0.24728265404701233
0.16572940349578857
0.30545899271965027
0.2045115828514099
0.18695548176765442
0.3602241277694702
0.4589296281337738
0.4720950126647949
0.3459587097167969
0.4544689655303955
0.06273353099822998
0.19559890031814575
0.1717759668827057
0.5671951472759247
0.23163673281669617
0.1969442069530487
0.19641193747520447
0.10728722810745239
0.35782650113105774
0.22588634490966797
0.28616419434547424
0.17040255665779114
0.15792343020439148
0.2685878574848175
0.09097409248352051
0.32559826970100403
0.21725159883499146
0.3581686317920685
0.46915653347969055
0.19207388162612915
0.46039247512817383
0.3334692418575287
0.4280325770378113
-0.050658196210861206
0.5361559689044952
0.18781286478042603
0.22338852286338806
0.38971349596977234
0.16527631878852844
0.1421089470386505
0.5896741449832916
0.28914424777030945
0.15897917747497559
0.3814481794834137
0.23976990580558777
0.23067054152488708
0.32488059997558594
0.34856927394866943
0.3537377417087555
0.34128183126449585
0.493698388338089
0.036236196756362915
0.1760846972465515
0.21404296159744263
0.3293618857860565
0.32967129349708557
0.36160629987716675
0.4394493103027344
0.1878969371318817
0.3692548871040344
0.10814285278320312
0.397763729095459
0.7081879079341888
-0.0959131121635437
0.2939614951610565
0.3562679588794708
0.44691982865333557
0.37117788195610046
0.45715779066085815
0.3185729682445526
0.3607597351074219
0.2534468472003937
0.17668434977531433
-0.10327091813087463
0.11730149388313293
0.22971293330192566
0.259933203458786
0.20422407984733582
-0.03264695405960083
0.14687490463256836
0.16852053999900818
0.3679828941822052
0.23232677578926086
0.2718125879764557
0.18889877200126648
0.3414156436920166
0.15008816123008728
0.3022044003009796
0.1553584635257721
0.12960505485534668
0.05847826600074768
0.2069721817970276
0.20793560147285461
0.47176533937454224
0.2632896900177002
0.11321783065795898
0.3442688286304474
0.3339294493198395
0.3489155173301697
0.34622257947921753
0.2245170772075653
0.24881553649902344
0.3734310269355774
0.34830838441848755
0.31783127784729004
0.3360259532928467
0.6331405639648438
0.5293104946613312
0.2188466489315033
0.32470616698265076
0.43769487738609314
0.4447433352470398
0.20491209626197815
0.06680858135223389
0.3077846169471741
0.33601850271224976
0.26179903745651245
0.1718360185623169
0.03911471366882324
0.21989983320236206
0.3548319935798645
0.08957499265670776
0.24796974658966064
0.6351919770240784
0.19941923022270203
0.2263084053993225
0.33158189058303833
0.10225242376327515
0.27578288316726685
0.02933475375175476
0.14586058259010315
0.05269971489906311
0.299588143825531
0.2073039412498474
0.07185935974121094
0.20710265636444092
0.06077855825424194
-0.017481982707977295
0.6317236721515656
-0.08718317747116089
0.24392125010490417
0.4075474441051483
0.16916006803512573
0.34350264072418213
0.3552035987377167
0.12193074822425842
0.24364244937896729
0.47766074538230896
0.4322584569454193
0.28700122237205505
0.23346582055091858
0.3976445198059082
0.1655600368976593
0.27734097838401794
-0.04389601945877075
0.4493865966796875
0.23671993613243103
0.1869683563709259
0.2526073157787323
0.39943087100982666
0.15701019763946533
0.23507031798362732
0.22526678442955017
0.46162182092666626
0.17668896913528442
0.008701860904693604
0.20249703526496887
0.37265729904174805
0.20005923509597778
0.12243109941482544
0.19674324989318848
0.34243154525756836
0.27835825085639954
0.3858686685562134
0.22576946020126343
0.147477924823761
-0.023792743682861328
0.4713076651096344
0.3583884835243225
0.25739893317222595
0.11778604984283447
0.16647246479988098
0.14990296959877014
0.26320603489875793
0.08935922384262085
0.42588838934898376
0.28417566418647766
0.3975087106227875
0.4765540659427643
0.39312541484832764
0.35056760907173157
0.1170203685760498
0.44731035828590393
0.24855664372444153
0.10849612951278687
0.2314184606075287
0.013472765684127808
0.0563892126083374
0.13406938314437866
0.21302446722984314
0.414119154214859
0.14053016901016235
0.03536856174468994
0.29030513763427734
0.3902265429496765
0.2792968153953552
0.40951189398765564
0.7620979249477386
0.2417699694633484
0.10234364867210388
0.45563575625419617
0.3300746977329254
0.06868895888328552
0.2553623914718628
0.244566410779953
0.1310236155986786
0.12631362676620483
0.4082992374897003
0.7863072752952576
0.35703378915786743
0.3421756625175476
0.2969522476196289
0.26884666085243225
0.06876140832901001
0.1030220091342926
0.4118677079677582
0.33509576320648193
0.12969660758972168
0.24930426478385925
0.2609831690788269
0.3304375112056732
0.11873665452003479
0.07570135593414307
0.23976245522499084
0.1451362669467926
0.16715377569198608
0.30953285098075867
0.26381781697273254
0.12038633227348328
0.40115422010421753
0.16034972667694092
0.12484204769134521
0.2343032956123352
0.003236830234527588
0.3644773066043854
0.23866695165634155
0.7932147979736328
0.2189944088459015
0.49947288632392883
0.2766593098640442
0.22491469979286194
0.5167970657348633
0.3448566198348999
0.26623615622520447
0.014313071966171265
0.16249433159828186
0.23424187302589417
0.17671915888786316
0.4399434030056
-0.01339191198348999
0.346640408039093
0.020789533853530884
0.6153301000595093
0.13919273018836975
0.15324869751930237
0.30971795320510864
0.573659211397171
0.2474595010280609
0.20625987648963928
0.38769522309303284
0.5155677199363708
0.4736163318157196
0.4482049345970154
0.19454938173294067
0.44134122133255005
0.26816537976264954
0.4947732388973236
0.13149410486221313
0.16155993938446045
0.24400654435157776
0.29906782507896423
0.28149476647377014
0.007919371128082275
0.3390730023384094
0.5810447633266449
0.21760323643684387
0.21042516827583313
0.19865593314170837
0.32527151703834534
0.21556755900382996
0.5182052254676819
0.2863319516181946
0.15299054980278015
0.2517520487308502
0.37165042757987976
0.18065834045410156
0.062328070402145386
0.16778957843780518
0.28900134563446045
0.19439071416854858
0.40861979126930237
0.2679458558559418
0.3936108648777008
0.3556023836135864
0.3743881583213806
0.25838422775268555
0.5453982949256897
0.2623019814491272
0.13178858160972595
0.29577386379241943
0.3408225476741791
0.30167296528816223
0.3551124334335327
0.3328881859779358
0.43860939145088196
0.20365005731582642
0.40881359577178955
0.12139150500297546
0.39913225173950195
0.26432299613952637
0.22236919403076172
0.25325340032577515
0.3315044045448303
0.34971940517425537
0.3739582300186157
0.1886465847492218
0.18964102864265442
0.17992204427719116
0.4617908000946045
0.5039815604686737
0.24604758620262146
0.27393731474876404
0.3578600585460663
0.35990646481513977
0.1922847032546997
0.23628216981887817
0.184841126203537
0.3569547235965729
0.25146257877349854
0.4784952998161316
0.25447025895118713
0.15265637636184692
0.405254989862442
0.3552805781364441
0.4295065999031067
0.3491382896900177
0.10937994718551636
0.16218039393424988
0.6005503237247467
0.37744057178497314
0.2052384316921234
0.3804897964000702
0.6522030234336853
0.3081921339035034
0.18907850980758667
0.005908608436584473
0.21769139170646667
0.19184982776641846
0.2353510856628418
0.2327372133731842
0.3497827351093292
0.1314336359500885
0.060685813426971436
-0.02863776683807373
0.263504296541214
0.571021318435669
0.30471059679985046
0.450213760137558
0.047650039196014404
0.3541821837425232
0.3681933283805847
0.18449819087982178
0.43346497416496277
0.1573295295238495
0.2074136734008789
0.3879019021987915
0.5113920271396637
0.1899905502796173
0.32256731390953064
0.27703914046287537
0.029234588146209717
0.3002375066280365
0.3301425576210022
0.1975041627883911
0.35016047954559326
0.5277158617973328
0.23045718669891357
0.5843527317047119
0.1975521743297577
0.33958208560943604
0.4950229823589325
0.29614707827568054
0.35362181067466736
0.1572856605052948
0.16306999325752258
0.593678742647171
0.13273245096206665
0.26464614272117615
0.021140307188034058
0.5044281184673309
0.4146431088447571
0.265741229057312
0.3754707872867584
0.14265236258506775
-0.006045222282409668
0.31661686301231384
0.2587520182132721
0.38201603293418884
0.06100475788116455
0.06840395927429199
0.5051052570343018
0.3736438453197479
0.28323596715927124
0.19414061307907104
0.11082431674003601
0.06080755591392517
0.4612254202365875
0.046390533447265625
0.35114046931266785
0.2745507061481476
0.2427143156528473
0.33483394980430603
0.2170097827911377
0.354470431804657
0.4387352466583252
0.41405415534973145
0.0572124719619751
0.2752792537212372
0.18675336241722107
0.26497453451156616
0.2932925522327423
0.38610512018203735
0.4685799777507782
0.3477371633052826
0.1476212441921234
0.35737425088882446
0.11321151256561279
0.3008139729499817
0.3027801513671875
0.5953002870082855
0.3098745346069336
0.5347979366779327
0.22668451070785522
0.24586322903633118
0.1415444314479828
0.15375608205795288
0.40141308307647705
0.4388938546180725
0.1392635703086853
-0.03376603126525879
0.11448225378990173
0.23316296935081482
0.5064794719219208
0.36098501086235046
0.4178699851036072
0.3266175389289856
0.20991039276123047
0.5875721573829651
0.19756752252578735
0.2287437617778778
0.4675557017326355
0.2961421608924866
0.22966405749320984
0.35672029852867126
0.12307679653167725
0.23115503787994385
0.11164593696594238
0.38926535844802856
0.25365519523620605
0.12293469905853271
0.2528471052646637
0.278716504573822
0.5971280038356781
0.25236499309539795
-0.023064613342285156
0.2847643196582794
0.4230327010154724
0.025984525680541992
0.2203487753868103
0.20234832167625427
0.1443040668964386
0.16470018029212952
0.3038291931152344
0.21564427018165588
0.22609958052635193
0.03294181823730469
0.24533191323280334
0.29648253321647644
0.3349432945251465
0.3814195990562439
0.2809484601020813
0.3188716173171997
0.5141996741294861
0.14021790027618408
0.5073447227478027
0.33402425050735474
0.31152328848838806
0.14657092094421387
0.31726253032684326
0.28027671575546265
-0.00630950927734375
0.11296063661575317
0.07694053649902344
0.22403788566589355
0.2961387634277344
0.44593364000320435
0.2629724442958832
0.15112191438674927
0.3271274268627167
0.17852124571800232
0.03098529577255249
0.02272212505340576
0.14641886949539185
0.2767438292503357
0.6842084527015686
0.22796595096588135
0.43152695894241333
0.5136397778987885
0.3678267300128937
0.21839839220046997
0.33269187808036804
0.3162180185317993
0.0438409149646759
0.21025076508522034
0.3052125573158264
0.40804237127304077
0.13161006569862366
0.21455037593841553
0.49290114641189575
0.17059841752052307
0.4501781165599823
0.18904587626457214
0.16709044575691223
0.07436972856521606
0.25290435552597046
0.4048672914505005
0.4318993091583252
0.265829473733902
-0.03721815347671509
0.1275814175605774
0.28303465247154236
0.6262135207653046
0.10471519827842712
0.42696982622146606
0.37502560019493103
0.6171401143074036
0.25853872299194336
0.3854942321777344
0.2937556803226471
0.6554526090621948
0.13687178492546082
0.21056848764419556
0.2812786102294922
0.3163982033729553
0.3610231280326843
0.32945138216018677
0.41353604197502136
0.20904675126075745
0.21610766649246216
0.23024678230285645
0.035484910011291504
0.34813064336776733
0.1906789243221283
0.10293540358543396
-0.002473890781402588
0.23693442344665527
0.2462696135044098
0.1372092366218567
0.10912942886352539
0.17482513189315796
0.30126091837882996
0.2533288300037384
0.42512544989585876
0.2752033770084381
0.1860496699810028
0.12351828813552856
0.2629844844341278
0.14282840490341187
0.08490055799484253
0.2680399417877197
0.36429092288017273
0.07127630710601807
0.24312227964401245
0.25799161195755005
0.22701501846313477
0.14087018370628357
-0.1261359453201294
0.41494086384773254
0.4664601981639862
0.3677932024002075
0.3525395691394806
0.2857555150985718
0.2582152485847473
0.16662240028381348
0.35107049345970154
0.32062026858329773
0.19532394409179688
0.0943363606929779
0.2667539119720459
0.712312251329422
0.22884270548820496
0.14665788412094116
0.30732399225234985
0.2487509846687317
0.42339998483657837
0.30388304591178894
0.19173875451087952
0.3956030607223511
0.5523029863834381
0.25745561718940735
0.27692392468452454
0.24436599016189575
0.3194432556629181
0.1465071141719818
0.012748301029205322
0.14745518565177917
0.14022532105445862
0.22759360074996948
0.24113795161247253
0.23672029376029968
0.15139979124069214
0.11320152878761292
0.3152720332145691
0.28712594509124756
0.15850329399108887
0.25071030855178833
0.3755793571472168
0.27612748742103577
0.25406399369239807
0.4591487646102905
0.2469094693660736
0.6656119078397751
0.28245484828948975
0.11193054914474487
0.09272593259811401
0.29457443952560425
0.30500879883766174
0.3245769441127777
0.40874359011650085
0.38595521450042725
0.2187894880771637
0.27119430899620056
0.32433417439460754
0.14247718453407288
0.42743656039237976
0.3538682758808136
0.22286120057106018
0.4902757406234741
-1.5568699687719345
0.2875404953956604
0.27363088726997375
0.29793253540992737
0.17109882831573486
0.23666980862617493
0.13503944873809814
0.3397332727909088
0.4299721121788025
0.44544410705566406
0.5437710285186768
0.22173094749450684
0.27427610754966736
0.23179087042808533
0.21239906549453735
0.030973732471466064
0.09212839603424072
0.23939096927642822
0.10758084058761597
0.25374919176101685
0.1132591962814331
0.18583890795707703
0.3343651294708252
0.5200628042221069
0.382526695728302
0.47617921233177185
0.3450048863887787
0.29593169689178467
0.32426130771636963
0.20573711395263672
0.424203485250473
0.15945589542388916
0.3772239685058594
0.3748573958873749
0.09348064661026001
0.1930997371673584
0.31277212500572205
0.10427325963973999
0.445254385471344
0.2647973895072937
0.3499666154384613
0.18808910250663757
0.5216495394706726
0.25657758116722107
0.17229408025741577
0.05603134632110596
0.6040940284729004
0.03695151209831238
0.13393685221672058
0.09788253903388977
0.5228853523731232
0.06289291381835938
0.25313204526901245
0.2118188738822937
0.10909467935562134
0.21728304028511047
0.09212252497673035
0.19130390882492065
0.48128804564476013
0.2954177260398865
0.253317266702652
0.30169492959976196
0.2660282552242279
0.15000396966934204
0.05592033267021179
0.18965178728103638
0.18552371859550476
0.16028964519500732
0.16005849838256836
0.1638006567955017
0.5717958509922028
0.25079235434532166
0.23822832107543945
0.21997278928756714
0.3579275608062744
0.449993371963501
0.3955777585506439
0.12739452719688416
0.12245437502861023
0.31230616569519043
0.2333519160747528
0.28671878576278687
0.04879230260848999
0.668241560459137
0.06862139701843262
0.3943961560726166
0.28015995025634766
0.2912375032901764
0.22652828693389893
0.17934748530387878
0.24347883462905884
0.24684613943099976
0.46958595514297485
0.15465065836906433
0.2589317858219147
0.45238569378852844
0.2021789252758026
0.04352688789367676
0.23785066604614258
0.6938193738460541
0.3122199773788452
0.2160932421684265
0.6363972127437592
0.4114522635936737
0.07072579860687256
0.32778140902519226
-0.4242739677429199
0.5165452063083649
0.21481993794441223
0.13135534524917603
0.4664175510406494
0.3266262114048004
0.29812225699424744
0.5329656302928925
0.3715842068195343
0.2730364501476288
0.21610018610954285
0.08722206950187683
0.07671815156936646
0.39888498187065125
0.24140962958335876
0.2328205108642578
0.22891852259635925
0.3096786141395569
0.32182222604751587
0.1666775345802307
0.4429805874824524
0.33365684747695923
0.4204961955547333
0.5772214829921722
0.313782662153244
0.305146723985672
0.3291129767894745
0.12166076898574829
0.19666790962219238
0.46722063422203064
0.37768784165382385
0.42729824781417847
0.48336103558540344
0.07991927862167358
0.35874807834625244
0.2475738525390625
0.5520466864109039
0.18523138761520386
0.23529556393623352
0.18986263871192932
0.2521657943725586
0.2568335235118866
-0.13156947493553162
0.19651389122009277
0.41761314868927
0.3404256999492645
0.30674415826797485
0.30491724610328674
0.15971389412879944
0.5053984820842743
0.20849797129631042
0.32459011673927307
0.33992382884025574
0.2733781933784485
0.19822224974632263
0.08734130859375
0.3427492678165436
0.1878252923488617
0.20643052458763123
0.16052410006523132
0.3992370367050171
0.20654389262199402
0.21917876601219177
0.06340107321739197
0.21664071083068848
0.5420509576797485
0.2145441174507141
0.27854788303375244
0.3924138844013214
-0.020660698413848877
0.18113639950752258
0.4186067581176758
0.24107873439788818
0.4180998206138611
0.38652512431144714
0.2466183304786682
0.34179168939590454
0.426360160112381
0.12781375646591187
0.19555750489234924
0.25024932622909546
0.24334797263145447
0.6520601212978363
0.31977197527885437
0.09494352340698242
0.03158456087112427
0.5939906537532806
0.10047981142997742
0.1652030050754547
0.26717424392700195
0.6862622797489166
0.3616787791252136
0.24967944622039795
0.1688365936279297
0.3438369333744049
0.26633480191230774
0.15876296162605286
0.05937120318412781
0.12274211645126343
0.28506165742874146
0.485014408826828
0.12416276335716248
0.1379622220993042
0.24104759097099304
0.12990033626556396
0.2532331347465515
0.21961578726768494
0.2002808153629303
0.33059605956077576
0.2114344835281372
0.47515004873275757
0.29055652022361755
0.29315921664237976
0.130132257938385
0.4473521411418915
0.29812392592430115
0.35067906975746155
-0.2361951470375061
0.4318140149116516
0.243929922580719
0.29597148299217224
0.5964743793010712
0.24849197268486023
0.2740847170352936
-0.3144983649253845
0.23085975646972656
0.3181203305721283
0.24945873022079468
0.4065580368041992
0.6167131066322327
0.026000291109085083
0.46826308965682983
0.21931299567222595
0.20549899339675903
0.41983193159103394
0.4081799387931824
0.4255243241786957
0.29529598355293274
0.3150508999824524
0.5240616798400879
0.3469999432563782
0.37021780014038086
0.3356987237930298
0.41628649830818176
0.0925164520740509
0.40437614917755127
0.2839168906211853
0.4268588125705719
0.05450838804244995
0.10498189926147461
0.17072397470474243
0.21905946731567383
0.24503660202026367
0.0977218747138977
0.13533508777618408
0.16616308689117432
0.39379388093948364
0.2793750762939453
0.15118151903152466
0.15858203172683716
0.36413565278053284
0.3077518939971924
0.3441421091556549
0.6852737665176392
0.13669198751449585
0.06733709573745728
0.2729880213737488
0.29436194896698
0.4809409976005554
0.20027083158493042
0.2490648627281189
0.42773061990737915
0.26753950119018555
0.17326536774635315
0.2445419728755951
0.20117416977882385
0.1270914077758789
0.2504812777042389
0.3280447721481323
0.11957782506942749
0.32770517468452454
0.23901820182800293
0.5836879312992096
0.20406216382980347
0.35205078125
0.35621827840805054
0.22360721230506897
0.4340575635433197
0.1629631519317627
0.22651749849319458
0.5234407782554626
0.553139716386795
0.2125556468963623
0.11995643377304077
0.015020430088043213
0.40220996737480164
0.5586805045604706
0.20060384273529053
0.2674943804740906
0.4251374900341034
0.5484690368175507
0.6072740256786346
0.32691654562950134
0.07679933309555054
0.45765072107315063
0.1735113561153412
0.4749797284603119
0.45051395893096924
0.166738361120224
0.31862106919288635
0.2715185284614563
0.22302186489105225
0.08840823173522949
0.31437447667121887
0.43475374579429626
0.18309953808784485
0.6121439635753632
0.25928670167922974
0.1657840609550476
0.27279672026634216
0.20976877212524414
0.4143543243408203
0.09180241823196411
0.06820642948150635
0.33163195848464966
0.3697017729282379
0.18935567140579224
-0.01209557056427002
0.1984683871269226
0.18663328886032104
0.32710710167884827
0.1085611879825592
0.14181900024414062
0.4382179081439972
0.47331562638282776
0.11355239152908325
0.19710573554039001
-0.17458367347717285
0.28828272223472595
0.21924087405204773
0.19228023290634155
0.30461034178733826
0.23225101828575134
0.29829907417297363
0.5078201591968536
0.41084182262420654
0.1667739748954773
0.16760438680648804
0.08403003215789795
0.27703580260276794
0.2427772581577301
0.38589969277381897
0.3800254762172699
0.5149352550506592
0.023485004901885986
0.2960564196109772
0.1992548108100891
0.32452553510665894
-0.0448937714099884
0.5570415556430817
0.15567898750305176
0.2183815836906433
0.4170229136943817
0.2933024764060974
0.29383352398872375
0.20762452483177185
0.15437892079353333
0.5797707438468933
0.3657645881175995
0.06318828463554382
0.39437630772590637
0.43869549036026
0.5231873691082001
-0.43614837527275085
0.477272629737854
0.39881250262260437
0.6713155806064606
0.020496279001235962
0.17444902658462524
0.5454273223876953
0.3031935393810272
0.4017725884914398
0.11504054069519043
0.5490555167198181
0.277256578207016
0.21999138593673706
0.26631399989128113
0.37829139828681946
0.18245795369148254
0.3536677956581116
0.30519014596939087
0.5148043930530548
0.1587522029876709
0.32743844389915466
0.29728442430496216
0.2331717312335968
0.08942213654518127
0.2857980728149414
0.20720529556274414
0.2498857080936432
0.3730018734931946
0.34464871883392334
0.1371484100818634
0.30703577399253845
0.17546087503433228
0.13795778155326843
0.4981466829776764
0.34958356618881226
0.45168235898017883
0.1414065659046173
0.4688703417778015
0.3894003629684448
0.2471294403076172
0.14803454279899597
0.2822527289390564
0.24228230118751526
0.14735326170921326
0.2815779745578766
0.07944503426551819
0.13313132524490356
0.36694833636283875
0.3430855870246887
0.4132543206214905
0.715315967798233
0.21803563833236694
0.397135853767395
0.2553955018520355
0.10748103260993958
0.6380237340927124
0.331868052482605
0.3532664477825165
0.49170833826065063
0.19080859422683716
0.3550022840499878
0.4371013045310974
0.1782098114490509
0.4757290482521057
0.3666919469833374
0.30705440044403076
0.36130139231681824
0.3034762740135193
0.392273485660553
0.2080221176147461
0.28514453768730164
0.28832247853279114
0.14586058259010315
-0.07581356167793274
0.22577115893363953
0.22392937541007996
0.39049747586250305
0.39642179012298584
0.4052906334400177
0.5910483598709106
0.296664834022522
0.2320401966571808
0.19743826985359192
0.2517254650592804
0.6947213709354401
0.2023686170578003
0.14637506008148193
0.6250890493392944
0.8498996794223785
0.40461793541908264
0.19982188940048218
0.1399950385093689
0.1821763515472412
0.20808467268943787
0.23751389980316162
0.26088419556617737
0.25721418857574463
0.12190267443656921
0.12104076147079468
0.23443159461021423
0.4106363356113434
0.3578214943408966
0.6581571847200394
0.21753323078155518
0.4054546356201172
0.28514862060546875
0.1640508472919464
0.3833177983760834
0.29212087392807007
0.06103116273880005
0.2978849411010742
0.3319641649723053
0.1760440468788147
0.31960350275039673
0.21664533019065857
0.22173219919204712
0.20929864048957825
0.14907461404800415
0.2787960469722748
0.2182154357433319
0.06989917159080505
0.18018871545791626
0.28393349051475525
0.6342915296554565
0.27907970547676086
0.10829487442970276
0.2581845819950104
0.2033100128173828
0.21625885367393494
0.4455103576183319
0.0804423987865448
0.19927725195884705
0.4351257383823395
0.2191523015499115
0.44096314907073975
0.2078092098236084
0.41695255041122437
0.27893802523612976
0.38666966557502747
-0.07785838842391968
0.31309014558792114
0.16210374236106873
0.3046182096004486
0.44265174865722656
0.1923162043094635
0.6334407925605774
0.48021331429481506
0.16883540153503418
0.23198050260543823
0.4849916696548462
0.4917422831058502
-0.0004277825355529785
0.10677158832550049
-0.25304004549980164
0.03219136595726013
0.5150752663612366
0.40543970465660095
0.31384149193763733
0.27475693821907043
0.2970151901245117
0.5214606523513794
0.1972137689590454
0.16269230842590332
0.09216898679733276
0.4427552819252014
0.3825394809246063
0.20752382278442383
0.3655135929584503
0.2848285138607025
0.2127871811389923
0.13462364673614502
0.2376231849193573
0.37873947620391846
0.4605325162410736
0.2366565763950348
0.26060163974761963
0.3699639141559601
0.09416738152503967
0.16147875785827637
0.09565132856369019
0.2815138101577759
0.22666329145431519
0.30605706572532654
0.07589977979660034
0.35085630416870117
0.3266432285308838
0.5554453730583191
0.3581561744213104
0.23223155736923218
0.4196375608444214
0.3059592843055725
0.40614384412765503
0.30028557777404785
0.1926918625831604
0.21236267685890198
0.08601769804954529
0.35223302245140076
0.3876616656780243
0.49889180064201355
0.2867937684059143
0.23461386561393738
0.5007054507732391
0.19937783479690552
0.27048394083976746
0.20912256836891174
0.2805136442184448
0.20541611313819885
0.27652883529663086
0.6639841794967651
0.236573725938797
0.12222445011138916
0.33355459570884705
0.37591519951820374
0.3618568778038025
0.16522327065467834
0.22735866904258728
0.5818018913269043
0.08110928535461426
0.2522171437740326
0.2575317919254303
-0.025944799184799194
0.29605552554130554
0.149021178483963
0.4864387512207031
0.06534656882286072
0.08129143714904785
0.4845671057701111
0.17787015438079834
0.0551794171333313
0.27223920822143555
0.6695445477962494
0.5179451107978821
0.09768545627593994
0.010276496410369873
0.33587518334388733
0.26081007719039917
0.11777374148368835
0.2878316342830658
0.4392153322696686
0.20479777455329895
0.3819025754928589
0.18119880557060242
0.1932588517665863
0.29192623496055603
0.4906322658061981
0.27294498682022095
0.21704202890396118
0.4669725000858307
0.20392760634422302
0.4688333570957184
0.2759634554386139
0.20556771755218506
0.16180431842803955
0.2519877254962921
0.19903621077537537
0.31682270765304565
0.31042203307151794
0.10833048820495605
0.29361727833747864
0.16141992807388306
0.10112380981445312
0.3514328598976135
0.31580841541290283
0.3058024048805237
0.26676464080810547
0.5628777742385864
0.310702919960022
0.1750657856464386
0.5358801186084747
0.37787505984306335
0.36439821124076843
0.2981375753879547
0.2562640905380249
0.09134387969970703
0.4362717866897583
0.42664965987205505
0.3378188908100128
0.16603335738182068
0.6184687614440918
0.08043041825294495
0.40226253867149353
0.27741557359695435
0.1786741018295288
0.5748259425163269
0.156091570854187
0.5151323676109314
0.5320307910442352
0.33748963475227356
0.35994836688041687
0.07937628030776978
0.08837386965751648
0.17278698086738586
0.3878823518753052
0.20879167318344116
0.37061214447021484
0.270912230014801
0.36968767642974854
0.5595548152923584
0.22300532460212708
0.2262997329235077
0.42276713252067566
0.12055030465126038
0.2890530228614807
0.23627635836601257
0.08317428827285767
0.26406174898147583
0.269357830286026
0.3644474744796753
0.02268192172050476
0.28249919414520264
-0.0450378954410553
0.14379552006721497
0.41778165102005005
0.2772926092147827
0.498983770608902
0.18396225571632385
0.4384784400463104
-0.14998415112495422
0.27231869101524353
-0.10270389914512634
0.5078893601894379
0.2684118449687958
0.14052307605743408
0.21749386191368103
0.6303987205028534
0.2194533348083496
0.31464332342147827
0.08298918604850769
0.21397873759269714
0.35949522256851196
0.3715452253818512
0.36135736107826233
0.3200180232524872
0.19668656587600708
0.2959309220314026
0.09597107768058777
0.1564842164516449
0.034524887800216675
0.19851142168045044
0.17158257961273193
0.28508445620536804
0.2601792514324188
0.30800411105155945
0.2163938283920288
0.3190820813179016
0.6708450466394424
0.214834064245224
0.07767650485038757
-0.12831535935401917
0.6372992098331451
0.25409790873527527
0.27125102281570435
0.3241884112358093
0.15828382968902588
0.6200695633888245
0.5671254992485046
0.13349118828773499
0.06965309381484985
0.11392515897750854
0.22618582844734192
0.2793236970901489
0.38522130250930786
0.3216913342475891
0.0642552375793457
0.34606677293777466
0.27984097599983215
0.3519240617752075
0.10664612054824829
0.07715094089508057
0.37143880128860474
0.20471906661987305
0.018680185079574585
0.11422258615493774
0.28092533349990845
0.2859782874584198
0.1723836064338684
0.3345465660095215
0.45203647017478943
0.807886153459549
0.1614406406879425
0.2833353579044342
0.35702547430992126
0.0845501720905304
-0.10734638571739197
0.4126562476158142
0.4952404201030731
0.21215277910232544
0.1899380087852478
0.17506951093673706
0.3180826008319855
0.1847413182258606
0.33985623717308044
0.8140101432800293
0.28521788120269775
0.18991023302078247
0.23687607049942017
0.5176585018634796
0.13618174195289612
0.3364550769329071
0.2710045278072357
0.5819339752197266
-0.010652542114257812
0.4116341471672058
0.3253953456878662
0.5022474527359009
0.33012813329696655
0.2988661825656891
0.48452356457710266
0.15718409419059753
0.08428767323493958
0.2138243019580841
0.260436475276947
0.23177674412727356
0.26913535594940186
0.2762438952922821
0.28952112793922424
0.23733124136924744
0.3189432919025421
0.13792377710342407
0.23130375146865845
0.13253116607666016
0.17424282431602478
0.27581849694252014
0.46534690260887146
0.4188539981842041
0.25785738229751587
0.3195798993110657
0.35101285576820374
0.34904927015304565
0.1902581751346588
0.1582324504852295
0.25776582956314087
0.38293424248695374
0.31259357929229736
0.38694921135902405
0.0925549566745758
0.030927717685699463
0.2819313406944275
0.38221973180770874
0.4513701796531677
0.2944129705429077
0.45536985993385315
0.18536177277565002
0.0826876163482666
0.18341758847236633
0.13834908604621887
0.13288694620132446
0.5270349979400635
0.28899261355400085
0.10553109645843506
0.541418045759201
0.4814947247505188
0.5275004804134369
0.6294278800487518
0.15269571542739868
0.4350275993347168
0.27894142270088196
0.051852285861968994
0.44592830538749695
0.18258345127105713
0.09124535322189331
0.5631788969039917
0.33778709173202515
0.32076525688171387
0.16449189186096191
0.2987261414527893
0.288505494594574
0.40257322788238525
0.18983647227287292
0.2629612684249878
0.3394043445587158
0.16802436113357544
0.2800534665584564
0.38416847586631775
0.3838975727558136
0.3990460932254791
0.3435511291027069
-0.02479255199432373
0.2487976849079132
0.2674049735069275
-0.25000089406967163
0.3307203948497772
0.23463210463523865
0.40044304728507996
0.23179373145103455
0.3276119828224182
0.2817842960357666
0.22567719221115112
0.26968374848365784
0.2497304379940033
0.17218390107154846
0.11322686076164246
0.4769665598869324
0.4396013021469116
0.11501368880271912
0.34402865171432495
0.24675503373146057
0.20405513048171997
0.32852107286453247
0.44485053420066833
0.6692549586296082
0.20236694812774658
0.28826236724853516
0.33177441358566284
0.2400851547718048
0.288962721824646
0.4174312949180603
-0.09876596927642822
0.2631915509700775
0.14654815196990967
0.6799572706222534
0.21422401070594788
0.1967279314994812
0.32512158155441284
0.314899742603302
0.7802528440952301
0.328817218542099
0.33118632435798645
0.20435461401939392
0.32976943254470825
0.1368638575077057
0.22150519490242004
0.3906341791152954
0.32160645723342896
0.20856964588165283
0.07407107949256897
0.34904351830482483
0.24575018882751465
0.1314634382724762
0.1942773163318634
0.6035820543766022
0.13082772493362427
0.351502001285553
0.3421768546104431
0.3979584276676178
0.17237824201583862
0.17907708883285522
0.13083559274673462
0.38706356287002563
0.4376431107521057
0.14812904596328735
0.08864432573318481
0.39508697390556335
0.0757734477519989
0.33985504508018494
0.16372442245483398
0.11771899461746216
0.7445832192897797
0.15821844339370728
0.38540104031562805
0.09991902112960815
0.4683777987957001
0.28893792629241943
0.155811607837677
0.279193639755249
0.27126628160476685
0.31431445479393005
0.19392314553260803
0.4247734546661377
0.48535194993019104
0.2587292790412903
0.3806252181529999
0.26125654578208923
0.1821064054965973
0.149863600730896
0.2464485466480255
0.3295697867870331
0.26750850677490234
0.36669400334358215
0.11160284280776978
0.36509445309638977
0.2709544003009796
0.15985894203186035
0.479981392621994
0.2676265835762024
0.12357917428016663
0.2900591492652893
0.461031973361969
0.23931726813316345
0.25751280784606934
0.08157768845558167
0.282213419675827
0.26072803139686584
0.2559621334075928
0.27316033840179443
0.5446913242340088
0.2666677236557007
0.19391322135925293
0.27187931537628174
0.2721431851387024
0.12978848814964294
0.13268032670021057
0.1386014223098755
0.31075382232666016
0.15752336382865906
0.19319993257522583
0.14350181818008423
0.4593910872936249
0.3864116370677948
0.3821439743041992
0.40597525238990784
0.5228572189807892
0.33749547600746155
0.28371477127075195
0.28238072991371155
0.33254897594451904
0.42989349365234375
0.6118551790714264
0.3930661678314209
0.2774507999420166
0.22957462072372437
0.2360825538635254
0.19224408268928528
0.3445662260055542
0.5165124833583832
0.24587363004684448
0.21291938424110413
0.3104560375213623
0.0869901180267334
0.27042508125305176
0.3046583831310272
0.4566487669944763
0.13112670183181763
0.10854750871658325
-0.478246808052063
0.1339804232120514
0.4098614454269409
0.4378368556499481
0.4107312560081482
0.06495645642280579
0.334048330783844
0.3266246020793915
0.25540754199028015
0.3556060791015625
0.20530682802200317
0.13215842843055725
0.38854753971099854
0.12018218636512756
-0.04283154010772705
0.46812692284584045
0.3314783275127411
0.4642621576786041
0.12975627183914185
0.37973514199256897
0.12592342495918274
0.23140233755111694
0.2633696496486664
0.1094810962677002
0.33361008763313293
0.19292208552360535
0.27357491850852966
0.2039681375026703
0.12543469667434692
0.11153289675712585
-0.027912914752960205
0.3253381550312042
0.3826732337474823
0.3238661289215088
0.08246070146560669
0.2597340941429138
0.27435439825057983
0.14987024664878845
0.21263816952705383
0.23236611485481262
-0.27496904134750366
0.3279387354850769
0.2906447649002075
0.22278127074241638
0.3963899612426758
0.36368507146835327
-0.007272094488143921
0.20144709944725037
0.40863385796546936
0.1444217562675476
0.6389812380075455
0.33703529834747314
0.33841201663017273
0.3213003873825073
0.07805797457695007
0.3223226070404053
0.2794114649295807
0.4062775671482086
0.15852481126785278
0.4095764458179474
0.19194504618644714
0.1846817135810852
0.18958669900894165
0.2158985137939453
0.3916054368019104
0.3437764048576355
0.22576946020126343
0.23296967148780823
0.4401024580001831
0.5146743953227997
-0.504715085029602
0.2691270709037781
0.2896155118942261
0.23445481061935425
0.4174818694591522
0.6775079071521759
0.5950616896152496
0.5156029462814331
0.26239681243896484
0.31417739391326904
0.5784217715263367
0.504509687423706
0.4416896104812622
0.16465216875076294
0.18656828999519348
0.2572149932384491
0.21491241455078125
0.2631923258304596
0.2812901735305786
0.3105226457118988
0.7150276899337769
0.3019438683986664
0.17042657732963562
0.1211264431476593
0.30778583884239197
0.2728208005428314
0.17891347408294678
0.18777722120285034
0.05162367224693298
0.34392139315605164
0.18479099869728088
0.15292608737945557
0.16311103105545044
0.04564133286476135
0.20937404036521912
0.4223661720752716
0.33843815326690674
0.07506561279296875
0.35826969146728516
0.15894407033920288
0.25161367654800415
0.3328529894351959
0.24269980192184448
0.42546311020851135
0.5094552934169769
0.20964941382408142
0.1963854730129242
0.4220734238624573
0.32701098918914795
0.15657073259353638
0.42058616876602173
0.19059321284294128
0.4504929482936859
0.4991331994533539
0.3450131416320801
0.21450111269950867
0.20252561569213867
0.2959134876728058
0.21834710240364075
0.3375290036201477
-0.1970067322254181
0.36215922236442566
0.46700769662857056
0.17066019773483276
0.17797034978866577
0.26309049129486084
0.22104623913764954
0.2919701039791107
0.4353547692298889
0.10276025533676147
0.23691332340240479
0.17809754610061646
0.21357083320617676
0.2154272198677063
0.1122489869594574
0.4033365547657013
0.2795167565345764
0.2781602442264557
0.2181350290775299
0.4436701834201813
0.2530371844768524
0.07603013515472412
0.30538323521614075
0.08785116672515869
0.2477598488330841
0.10690534114837646
0.023623347282409668
0.03506827354431152
0.12322342395782471
0.3287944793701172
0.11875277757644653
0.6691167056560516
0.3484346270561218
0.15643742680549622
0.17125734686851501
0.3628069758415222
0.1898476779460907
0.23675885796546936
0.385854572057724
0.30300045013427734
0.32027116417884827
0.4832053482532501
0.5785397589206696
0.1912587285041809
0.09192991256713867
0.2862669825553894
0.07545283436775208
0.16180431842803955
0.137588232755661
0.37409529089927673
0.33821946382522583
0.10005643963813782
0.6133267879486084
0.24635905027389526
0.15010955929756165
0.11263298988342285
0.14427217841148376
0.17457085847854614
-0.012167632579803467
0.15277528762817383
0.3114011585712433
0.8267216980457306
0.28007546067237854
-0.08494532108306885
0.35816118121147156
0.6675199568271637
0.09904009103775024
0.4176218509674072
0.31352299451828003
0.7263258397579193
0.45508861541748047
0.07938706874847412
0.49464356899261475
0.2841094732284546
0.17340245842933655
-0.05589213967323303
0.3417486548423767
0.31762492656707764
0.35575687885284424
0.40082329511642456
0.2644540071487427
0.04002717137336731
0.22582745552062988
0.1956942081451416
0.26439470052719116
-0.056633949279785156
0.2269950807094574
0.12224429845809937
0.2544102072715759
-0.09282872080802917
0.17952856421470642
0.23563438653945923
0.26045218110084534
0.03475761413574219
0.3928707540035248
0.21275654435157776
0.2197474241256714
0.06347113847732544
0.12114140391349792
0.558938205242157
0.38977769017219543
0.3292330801486969
0.30537569522857666
0.3723110854625702
0.5951813459396362
0.14276623725891113
0.3722452223300934
0.08662480115890503
0.38106295466423035
0.5355985164642334
0.11628139019012451
0.038975536823272705
0.43071305751800537
0.2536712884902954
0.32613587379455566
0.1672499179840088
0.47528547048568726
0.36515405774116516
0.2697334885597229
0.25670310854911804
0.21958014369010925
0.1744358241558075
0.32427293062210083
0.1448860466480255
0.21985384821891785
0.4775638282299042
0.5660938620567322
0.2823379933834076
0.2677305340766907
0.16216960549354553
0.14789745211601257
0.26813846826553345
0.30071336030960083
0.07907810807228088
0.9427123367786407
0.12377139925956726
0.21894186735153198
0.15458819270133972
-0.012167632579803467
0.44283226132392883
0.37114426493644714
0.27178114652633667
0.41366443037986755
0.05701172351837158
0.22729820013046265
0.4207538664340973
0.22514912486076355