0.19406771659851074
0.4625151753425598
0.19100776314735413
0.2010747194290161
0.14899054169654846
0.2135322391986847
0.24778756499290466
0.23575571179389954
0.2651745676994324
0.18826177716255188
0.2063157558441162
0.44608059525489807
0.24138647317886353
0.15138903260231018
0.5872437059879303
0.256245881319046
0.3296435475349426
0.22350811958312988
0.06701689958572388
0.32430392503738403
0.1651727557182312
0.4530620276927948
0.29916688799858093
0.4303402900695801
-0.020674794912338257
0.020512878894805908
0.28839248418807983
0.17126238346099854
0.042276978492736816
0.2907010614871979
0.43436944484710693
0.12039214372634888
0.11979034543037415
0.20067176222801208
0.07167059183120728
-0.04682797193527222
0.3346479833126068
0.23542723059654236
0.14865878224372864
0.2342241108417511
0.28262007236480713
0.12112358212471008
0.19864317774772644
0.20201119780540466
0.3124900460243225
0.0293256938457489
0.11950954794883728
0.10544785857200623
0.3742265999317169
0.4239893853664398
0.007441073656082153
0.3309957981109619
0.8829566836357117
0.23362979292869568
0.24600568413734436
0.2931215465068817
0.5496709644794464
0.26503294706344604
0.39385855197906494
0.26606306433677673
0.1887587606906891
0.33933642506599426
0.5021662414073944
0.21161553263664246
0.29669833183288574
0.22474569082260132
0.23979690670967102
0.1785709261894226
0.3299069106578827
0.3350650668144226
0.45640572905540466
0.25458836555480957
0.2444811761379242
0.5026546120643616
-0.28182530403137207
0.43728819489479065
0.29278895258903503
0.1870499551296234
0.27993375062942505
0.3869645595550537
0.16180762648582458
0.27134791016578674
0.29052385687828064
0.47875621914863586
0.14467978477478027
0.037994384765625
0.4557044804096222
0.41606664657592773
0.3749402165412903
0.147566556930542
0.25866544246673584
-0.021974146366119385
0.24664977192878723
0.3834465444087982
0.28649643063545227
0.4480140209197998
0.15413916110992432
0.5482602715492249
0.2549470067024231
0.3857945203781128
-0.08575546741485596
0.16756629943847656
0.5102256834506989
0.08373966813087463
0.21028566360473633
-0.008118659257888794
0.44589918851852417
0.07183542847633362
0.12186992168426514
0.17898884415626526
0.22158679366111755
0.4665459096431732
0.4563746154308319
0.2833568751811981
0.43950727581977844
0.23295804858207703
0.24281322956085205
0.11069583892822266
0.1075299084186554
0.04856991767883301
0.22985580563545227
0.29820260405540466
0.17316469550132751
0.36768388748168945
0.13482323288917542
0.3808940052986145
0.3819795548915863
-0.0007807910442352295
0.32773086428642273
0.09700939059257507
0.2038385272026062
-0.12923970818519592
0.3362550437450409
0.32414114475250244
0.21703699231147766
0.24195921421051025
-0.4593641459941864
0.5344503819942474
0.41652756929397583
0.1947469413280487
0.2706086337566376
0.15791890025138855
0.018199294805526733
0.7182085812091827
0.08571693301200867
0.3177686631679535
0.107109934091568
0.2653364837169647
0.38499681651592255
0.22860127687454224
0.22814816236495972
0.2493249475955963
0.09941703081130981
0.19245612621307373
0.15551966428756714
0.2215193212032318
0.1268412470817566
0.18680888414382935
0.6628952920436859
0.2735198140144348
0.3967896103858948
0.22147375345230103
0.27646544575691223
0.05388921499252319
0.14122682809829712
0.5866274237632751
0.16110184788703918
0.2390546202659607
0.27920231223106384
0.28603285551071167
0.24267658591270447
0.4558204412460327
0.27341794967651367
0.32093507051467896
0.23786762356758118
0.11668193340301514
0.07245537638664246
0.35895469784736633
-0.02556169033050537
0.3818565309047699
0.1497335433959961
0.2360212206840515
0.008506417274475098
0.081422358751297
0.15537258982658386
0.4431060552597046
-0.15478026866912842
0.30941396951675415
0.3230345547199249
0.21595850586891174
0.06284448504447937
0.5558176636695862
0.21042275428771973
0.23655056953430176
0.2985844910144806
0.13706225156784058
0.3372693657875061
-0.010324567556381226
0.26074257493019104
0.24361345171928406
0.3268188238143921
0.39351019263267517
0.34209689497947693
0.10952872037887573
0.1641455888748169
0.4581788182258606
0.24378907680511475
0.1412036418914795
0.7276376932859421
0.19081518054008484
0.4105875492095947
0.0211295485496521
0.07803225517272949
0.2035614252090454
0.3117346465587616
0.14064320921897888
0.38688257336616516
0.15888231992721558
0.2830168604850769
0.2700556814670563
0.12522593140602112
0.3952385485172272
0.178317129611969
0.08547216653823853
0.3316382169723511
0.2786751389503479
-0.01923885941505432
0.3232424855232239
0.5717393755912781
0.39775341749191284
0.07509583234786987
-0.01693311333656311
0.3481489419937134
0.5569703578948975
0.15778100490570068
0.04333847761154175
-0.052629321813583374
0.25697436928749084
0.26110827922821045
0.3263562023639679
0.5395749509334564
0.3158178925514221
-0.10959997773170471
0.27005070447921753
-0.030761629343032837
0.29807546734809875
0.22192856669425964
0.5622937977313995
0.3086435794830322
0.2149384319782257
0.4606037735939026
0.22744739055633545
0.006024181842803955
0.3556198477745056
0.4317944645881653
0.28602173924446106
0.162978857755661
0.21858897805213928
0.27753064036369324
0.303586483001709
0.13821947574615479
0.25460734963417053
0.4035816490650177
0.13628485798835754
0.30912816524505615
0.5526463389396667
0.4543256461620331
0.15118610858917236
0.060151517391204834
0.11107155680656433
0.17439353466033936
0.2864943742752075
0.20674851536750793
0.28225067257881165
0.052847087383270264
0.24793291091918945
0.37620511651039124
0.21175134181976318
0.2337225377559662
0.0931103527545929
0.07246747612953186
0.22650596499443054
0.15508058667182922
0.0037193000316619873
0.31854113936424255
0.35700228810310364
0.34259727597236633
0.1867893934249878
0.1546093225479126
0.15549889206886292
0.265326589345932
0.3073190450668335
0.5202140212059021
0.1666170060634613
0.4120205342769623
0.2713963985443115
0.03133907914161682
0.16589388251304626
0.17695403099060059
0.3992527723312378
0.2484925091266632
0.3390688896179199
0.0932963490486145
0.3302096724510193
0.099636971950531
0.2125747799873352
0.5675976872444153
0.5017587244510651
0.35451313853263855
0.1555316150188446
0.10498601198196411
0.33895424008369446
0.31930071115493774
-0.2778119444847107
0.254253625869751
0.04738199710845947
0.47964462637901306
0.5495181679725647
0.15611931681632996
0.3844203054904938
0.45289963483810425
0.3559735119342804
0.2561911344528198
0.26308345794677734
0.25499916076660156
0.41689208149909973
0.09588992595672607
0.3047619163990021
0.24643361568450928
0.23620885610580444
0.38720566034317017
0.36110758781433105
0.1769569218158722
0.3484230637550354
0.182901531457901
0.32694849371910095
0.3077634572982788
0.27479836344718933
0.2295691967010498
0.0014600157737731934
0.17431116104125977
0.6378307044506073
0.5932401567697525
0.7868634462356567
0.1007278561592102
0.08805495500564575
0.5427036285400391
0.5353516638278961
0.10900351405143738
0.11569660902023315
0.23081550002098083
0.07081076502799988
0.33781442046165466
0.04500266909599304
0.33142197132110596
0.3928889036178589
0.19930291175842285
0.2219417691230774
0.19463181495666504
0.08965364098548889
0.2957821786403656
-0.06439810991287231
0.2733893394470215
0.21288663148880005
0.39673247933387756
0.2728675305843353
0.13862448930740356
0.054735779762268066
0.4485781490802765
0.2115674912929535
0.11771860718727112
0.27969932556152344
0.29413914680480957
0.01423722505569458
0.31066107749938965
0.07304194569587708
0.11630460619926453
0.6217668801546097
0.4784000813961029
0.413953959941864
0.184790700674057
0.42131051421165466
0.33621278405189514
0.11663264036178589
0.23495131731033325
0.1930219829082489
0.2022513747215271
0.36165598034858704
0.1544559895992279
0.11442258954048157
0.06678491830825806
0.5176336169242859
0.2156587839126587
0.30933520197868347
0.2899949252605438
0.3530746400356293
0.008061081171035767
0.30194714665412903
0.17190393805503845
0.07450315356254578
0.5141935348510742
0.2744334936141968
0.3998313844203949
0.10649824142456055
0.20836672186851501
0.32815122604370117
0.30938002467155457
0.12305024266242981
0.015677332878112793
0.4570596218109131
0.3667697608470917
0.10160303115844727
0.22127118706703186
0.5621396601200104
0.5312467217445374
0.1925506293773651
0.27882084250450134
0.2535860240459442
0.053177207708358765
0.049634337425231934
0.2948565185070038
0.4823082685470581
0.15219828486442566
0.12935695052146912
0.11392146348953247
0.28623339533805847
0.2881004810333252
0.001843094825744629
0.15920332074165344
0.35047322511672974
0.3734549880027771
0.33880510926246643
0.1802736222743988
0.058707356452941895
0.22664758563041687
0.23468303680419922
0.4234803318977356
0.10666468739509583
0.15853312611579895
0.05677887797355652
0.09684368968009949
0.3547064960002899
0.09781002998352051
0.26128098368644714
0.06597486138343811
0.5050488412380219
0.34327447414398193
0.42186638712882996
0.26718878746032715
0.24276074767112732
0.3521883189678192
0.6606740653514862
-0.0272199809551239
0.02392733097076416
-0.13599205017089844
0.6595711410045624
0.10282611846923828
0.02380061149597168
0.27310481667518616
0.10422971844673157
0.4642493724822998
0.4079732596874237
0.5807577073574066
0.2929922938346863
0.11808684468269348
0.2161843478679657
0.3627324402332306
0.09981918334960938
0.389702707529068
0.28246939182281494
0.2320488691329956
0.014362752437591553
0.16851723194122314
0.23218470811843872
0.4063330888748169
0.324889212846756
0.4878614842891693
0.028897017240524292
0.31123098731040955
0.5583905726671219
0.531269907951355
0.28392261266708374
0.20973393321037292
0.0784258246421814
0.4081844985485077
0.23880204558372498
0.39737653732299805
0.18755441904067993
0.2138780951499939
0.19395458698272705
0.18546080589294434
0.049695223569869995
0.2547498345375061
0.2958543002605438
0.10618305206298828
0.09054911136627197
0.37669503688812256
0.44281989336013794
0.275594025850296
0.14097502827644348
0.26544755697250366
0.49432551860809326
0.21204879879951477
0.23325785994529724
0.1025349497795105
0.4063698947429657
0.1169603168964386
-0.023884713649749756
0.23855185508728027
0.3681116998195648
0.2446381151676178
0.27312472462654114
0.28820398449897766
0.603803277015686
0.7177222371101379
0.1647002100944519
0.27580979466438293
0.048988670110702515
0.39067772030830383
0.3459376096725464
0.48494985699653625
0.20121845602989197
0.18534356355667114
0.0036414265632629395
0.28321322798728943
0.1984323263168335
0.4309711158275604
0.13819676637649536
0.32125356793403625
-0.0659918487071991
0.1967226266860962
0.36785781383514404
0.04127383232116699
0.48801349103450775
0.41490405797958374
0.37392839789390564
0.40068331360816956
0.16032740473747253
0.3054204285144806
0.5272528827190399
0.22822856903076172
0.19142237305641174
0.6708028316497803
0.27634209394454956
0.38695260882377625
0.39996135234832764
0.23557639122009277
0.22783708572387695
0.2588476836681366
-0.11857345700263977
0.0963144302368164
0.34501487016677856
-0.09966018795967102
0.2553156316280365
0.07523953914642334
0.1818772852420807
0.18681886792182922
0.1850084364414215
0.3820289075374603
0.0485343337059021
0.38211536407470703
0.48562198877334595
0.8311996459960938
0.48028454184532166
0.39653488993644714
0.04673224687576294
0.15329962968826294
0.0917021632194519
0.2767934799194336
0.12703335285186768
0.30785873532295227
0.2553081512451172
0.0382114052772522
0.0414353609085083
0.07662990689277649
0.2530541718006134
0.3333081901073456
0.654537707567215
0.0846785306930542
0.16741350293159485
0.21716713905334473
0.0716332495212555
0.33330395817756653
0.07394319772720337
0.20551806688308716
0.334916353225708
0.27374473214149475
0.07692638039588928
0.12244978547096252
0.21463367342948914
0.206983745098114
0.08817216753959656
0.034349262714385986
0.1665225625038147
0.03269419074058533
0.3025837540626526
0.3257751762866974
0.22315776348114014
0.3407629430294037
0.10578876733779907
0.25838878750801086
0.07432296872138977
0.08362576365470886
0.3823685050010681
0.14287519454956055
-0.14635011553764343
0.4462074339389801
0.4174313545227051
0.27343541383743286
0.12108877301216125
0.3857572674751282
0.26606839895248413
0.3088556230068207
0.37599679827690125
0.2986772954463959
0.2351427972316742
0.2210206389427185
0.3596252501010895
0.04249522089958191
0.3005952835083008
0.28234389424324036
0.060173869132995605
0.4269031286239624
-0.06755581498146057
0.136097252368927
0.47892072796821594
0.10156989097595215
0.15459269285202026
0.41718700528144836
0.3685341477394104
0.42419108748435974
0.5240330696105957
0.4896664619445801
0.2339329719543457
0.3825697600841522
0.28921499848365784
0.013440847396850586
-0.030243515968322754
0.15164700150489807
0.1835431158542633
0.05649024248123169
0.2085510492324829
0.3795289397239685
0.3126506805419922
0.44048893451690674
0.2430444061756134
0.17739835381507874
0.2373349964618683
0.3648988902568817
0.23870548605918884
0.12465313076972961
0.452642023563385
0.34350141882896423
0.4808664619922638
0.19553598761558533
0.22856733202934265
0.16472506523132324
0.18712490797042847
0.19498932361602783
0.4360920488834381
0.5150811076164246
0.13939577341079712
0.37980929017066956
0.05892261862754822
0.40558838844299316
0.28883397579193115
0.4032602608203888
0.4275099039077759
0.24195590615272522
0.2027032971382141
0.5228489339351654
-0.04674011468887329
0.4651675224304199
0.15269657969474792
0.1106768250465393
0.1141931414604187
0.3240748941898346
0.25880464911460876
0.23398178815841675
0.056767284870147705
0.34247925877571106
0.5188008099794388
0.3022752106189728
0.3344699442386627
0.3709699213504791
0.42409247159957886
0.29399627447128296
0.3811326324939728
0.2830086052417755
0.2653771638870239
0.2980249524116516
0.20955997705459595
0.3331984281539917
0.3138551414012909
-0.012721806764602661
0.23289960622787476
0.5218279659748077
0.19179147481918335
0.04925328493118286
0.5260252952575684
0.29887109994888306
0.4877628982067108
-0.014112621545791626
0.3139243721961975
0.4836443364620209
0.35257062315940857
0.19341328740119934
0.19757533073425293
0.27761682868003845
0.18299555778503418
0.39422839879989624
0.38194891810417175
0.4240134060382843
0.17844799160957336
0.16916710138320923
0.1576227843761444
0.2549229562282562
-0.08216288685798645
0.41144272685050964
0.20022523403167725
0.11683890223503113
0.21624064445495605
0.27862250804901123
0.27120378613471985
0.3372519016265869
0.2698241174221039
0.18702253699302673
0.20183974504470825
0.2720300853252411
0.4097454249858856
0.1882593333721161
0.1867823600769043
0.20844170451164246
0.3341050148010254
0.4004969596862793
0.43837034702301025
0.0779370665550232
0.27103391289711
0.0372505784034729
0.2712555229663849
0.15054786205291748
0.17034128308296204
0.17745143175125122
0.45849063992500305
0.9549437761306763
0.12426877021789551
0.45716363191604614
0.3554624021053314
0.5230319797992706
-0.058620721101760864
0.2499661147594452
0.19001504778862
0.14818871021270752
0.3449394106864929
0.36068806052207947
0.2887851297855377
0.40253347158432007
0.283572256565094
0.3017098605632782
0.09003299474716187
0.32521721720695496
0.35079216957092285
0.06545212864875793
0.3018995523452759
0.2669377028942108
0.12104111909866333
0.09152865409851074
0.34656137228012085
0.10750547051429749
0.4090559184551239
0.04201892018318176
0.46523839235305786
0.32747650146484375
0.30534887313842773
0.38128334283828735
0.2467252016067505
0.18222805857658386
0.002431631088256836
0.21326640248298645
0.46131232380867004
0.0803413987159729
0.10137569904327393
0.5166628956794739
0.00780099630355835
0.11909821629524231
0.8829566836357117
0.17167988419532776
0.23877045512199402
0.30925989151000977
0.5465522408485413
0.4718950390815735
0.4042704850435257
0.40425801277160645
0.17261222004890442
0.5000307261943817
0.43805766105651855
0.0680357813835144
0.1745273768901825
0.201513409614563
-0.08625492453575134
0.2122575044631958
0.4529220461845398
0.15338951349258423
0.1666380763053894
0.27841371297836304
0.14781469106674194
0.2439870834350586
0.10106295347213745
0.17159298062324524
0.7012024223804474
0.0913580060005188
0.4883224666118622
0.010288536548614502
0.21144813299179077
0.2017187774181366
0.3506840169429779
0.17927339673042297
0.18396306037902832
0.25766777992248535
0.3856963515281677
0.1130206286907196
0.3804028034210205
0.23467057943344116
-0.03187829256057739
0.34766387939453125
0.21912038326263428
0.625830352306366
0.4340633749961853
0.28206634521484375
0.3078359365463257
0.270166277885437
0.5928127467632294
0.36206063628196716
0.25565850734710693
0.350422739982605
0.26182401180267334
0.24894925951957703
0.20760178565979004
-0.03286731243133545
0.44259870052337646
0.4214053452014923
0.13636353611946106
0.1781538426876068
0.5827191770076752
0.0946677029132843
0.27430057525634766
0.22234514355659485
0.14323925971984863
0.2883340120315552
0.2520999610424042
0.34806230664253235
0.052596986293792725
0.2752179503440857
0.14740964770317078
0.6453433930873871
0.20717677474021912
0.04167017340660095
0.34314602613449097
0.031048238277435303
0.4685857594013214
0.40964317321777344
0.27833423018455505
0.09838658571243286
0.3637102544307709
0.26131942868232727
0.2928064167499542
0.2381969690322876
0.172323077917099
0.11540001630783081
-0.022140979766845703
0.5297192633152008
0.4020583927631378
0.050994038581848145
-0.007318466901779175
0.26597604155540466
0.2998692989349365
0.26517540216445923
0.3891572058200836
0.05673658847808838
0.24060901999473572
0.4318516254425049
0.26939505338668823
-0.011031955480575562
0.3640176057815552
0.2983057498931885
0.19557496905326843
0.2501065135002136
0.3425852954387665
0.004994899034500122
0.27628108859062195
0.17301887273788452
0.40935075283050537
0.4672127366065979
0.137771338224411
0.3764474093914032
0.13433322310447693
0.29800713062286377
0.3829590678215027
0.04409974813461304
0.09131783246994019
0.22091087698936462
0.3475416898727417
0.02102726697921753
0.1230209469795227
0.22988688945770264
-0.03782457113265991
0.27237218618392944
0.13213691115379333
0.20349976420402527
0.24466010928153992
0.3590383231639862
0.47049427032470703
0.2799685597419739
0.21944427490234375
0.3067052364349365
0.38084718585014343
0.2818174660205841
0.2482025921344757
0.16434279084205627
0.40857335925102234
0.7000414729118347
0.25736284255981445
0.14757823944091797
0.20720615983009338
0.13621488213539124
0.21874728798866272
0.1876857578754425
0.16017946600914001
0.3645208179950714
0.40787383913993835
0.1915852129459381
0.32829245924949646
0.16253820061683655
0.18988960981369019
0.13024821877479553
0.28969135880470276
-0.04088655114173889
0.2757282257080078
0.23742610216140747
0.3045622706413269
0.42006590962409973
0.3948923349380493
0.10771837830543518
0.3047296106815338
0.3660863935947418
0.4265633821487427
0.15560203790664673
-0.05664098262786865
0.3013755977153778
0.24867889285087585
0.32182925939559937
0.3056888282299042
0.38205042481422424
0.44465628266334534
0.41136443614959717
0.15689590573310852
0.22041141986846924
0.507132276892662
0.2698204815387726
0.3194432258605957
0.26668795943260193
0.21225416660308838
0.16014635562896729
0.2041546106338501
0.3376607298851013
0.2935854196548462
0.2754441499710083
0.6305531859397888
0.22525349259376526
0.061595797538757324
0.03852742910385132
0.16908049583435059
0.10821083188056946
0.15167191624641418
0.11975342035293579
0.714611366391182
0.16032811999320984
0.26926955580711365
0.5043298602104187
0.12494140863418579
0.22328203916549683
0.42687416076660156
0.2992762327194214
0.3310968577861786
0.26124197244644165
0.11627349257469177
0.030664294958114624
0.15374606847763062
0.3804371654987335
0.5208278000354767
0.4654156267642975
0.3149290978908539
0.3035036623477936
0.14362198114395142
0.33427149057388306
0.388689249753952
0.3895171880722046
0.2856440544128418
0.28276416659355164
0.26867395639419556
0.12698251008987427
0.46047165989875793
0.2678394019603729
0.3857572674751282
0.3480374813079834
0.34352749586105347
0.4621506929397583
0.4204866886138916
0.5046380460262299
0.2493874430656433
-0.04176709055900574
0.2656007707118988
-0.2204643189907074
0.2260880470275879
0.15565836429595947
0.36890777945518494
0.08447110652923584
0.47450222074985504
0.10249927639961243
0.23343178629875183
0.275959312915802
0.07886111736297607
0.42523717880249023
0.4875926971435547
0.12857499718666077
0.32707685232162476
0.29277440905570984
0.4940790832042694
0.10119259357452393
0.43164461851119995
0.3213798701763153
0.2897965908050537
0.3485804796218872
0.17850136756896973
0.17948952317237854
0.04398626089096069
0.2893107235431671
0.3044554591178894
0.3792695999145508
0.16948601603507996
0.17821180820465088
0.08888494968414307
0.26193657517433167
0.06392300128936768
0.4263709485530853
0.21493306756019592
0.1745360791683197
0.050392746925354004
0.4889267683029175
0.42051488161087036
0.09685283899307251
0.3395567536354065
0.25951945781707764
0.3977786898612976
0.13527920842170715
0.17733711004257202
0.19639211893081665
0.2376174032688141
-0.004725724458694458
0.17076203227043152
0.1542297601699829
0.45575132966041565
0.0710969865322113
0.18254446983337402
0.33113953471183777
0.5077551901340485
0.1864316165447235
0.25358185172080994
0.01975572109222412
0.3240099251270294
0.05715951323509216
0.3259316682815552
0.06588417291641235
0.5255451947450638
0.31497836112976074
0.25048962235450745
0.16714873909950256
0.15581199526786804
0.36501365900039673
0.2154826819896698
0.167792409658432
0.6388643980026245
0.31323349475860596
0.1745484471321106
0.08288100361824036
0.20862442255020142
0.5350547432899475
0.22196123003959656
0.3981174826622009
0.1926674246788025
0.48403696715831757
0.07978755235671997
0.22150731086730957
0.17555907368659973
0.1645900309085846
0.21484854817390442
0.17049860954284668
0.25398892164230347
0.0021905601024627686
0.17837801575660706
0.31226348876953125
0.22621643543243408
0.1817377507686615
0.2589764893054962
0.28766849637031555
0.2244003415107727
0.37310120463371277
0.4105982780456543
-0.026038020849227905
0.13147422671318054
0.09603279829025269
-0.04232749342918396
0.19216710329055786
0.3689185380935669
0.1935722827911377
0.07233741879463196
0.13718727231025696
0.17855852842330933
0.06623074412345886
0.4022977650165558
0.39931774139404297
0.07966658473014832
0.03240591287612915
0.17206257581710815
0.1701553463935852
0.5114442110061646
0.499689519405365
0.22308605909347534
0.25343313813209534
0.223527193069458
0.12497252225875854
0.31276053190231323
0.5279532372951508
0.26862433552742004
0.21277308464050293
0.18284401297569275
0.18479764461517334
0.24082806706428528
0.4264276623725891
0.45435261726379395
0.27917951345443726
0.22090047597885132
0.12865328788757324
0.44803306460380554
0.08202406764030457
0.5329510867595673
0.3025369644165039
0.15511369705200195
0.20674189925193787
0.21845361590385437
0.4473123848438263
0.27124521136283875
0.14576280117034912
0.02517569065093994
0.21947410702705383
0.03254380822181702
0.251729279756546
0.4318690598011017
0.16571113467216492
0.32620254158973694
0.2430034577846527
0.09856465458869934
0.15257561206817627
0.17697513103485107
0.692517563700676
0.34939101338386536
0.4620952010154724
0.4436267018318176
0.3287542760372162
0.13347390294075012
0.1363597810268402
0.13949593901634216
0.24214023351669312
0.49598097801208496
0.23522186279296875
-0.16855210065841675
0.1686878800392151
0.21780043840408325
0.11496677994728088
0.05123811960220337
0.306389182806015
0.47154831886291504
0.30560725927352905
0.2721455991268158
0.35914480686187744
0.4182646572589874
0.37815842032432556
0.32658982276916504
0.5169308185577393
0.3329208791255951
0.214482843875885
0.20446106791496277
0.12188190221786499
0.10624593496322632
0.29837697744369507
0.10768270492553711
0.24115493893623352
0.13588806986808777
-0.010852217674255371
0.25912395119667053
0.149877667427063
0.17282509803771973
0.16032230854034424
0.2608444094657898
0.5373538136482239
0.34379133582115173
0.33777013421058655
0.2998978793621063
0.15062981843948364
0.3934042453765869
0.3876645863056183
0.10118186473846436
0.415044367313385
0.24100670218467712
0.2190234363079071
-0.03321480751037598
0.09586837887763977
0.3738149106502533
0.17686209082603455
0.21316450834274292
0.2614760398864746
0.31948256492614746
0.40379083156585693
0.15081250667572021
0.20524346828460693
0.17288386821746826
0.0958850085735321
0.27881014347076416
0.25442051887512207
0.4348005950450897
0.18579131364822388
0.09437477588653564
0.13043630123138428
0.3107397258281708
0.05611002445220947
0.3085893392562866
0.13979336619377136
0.3135155141353607
0.061626046895980835
0.07147756218910217
0.24636486172676086
0.1648944914340973
0.10746234655380249
0.1338018774986267
0.34041330218315125
0.4222850799560547
0.4883100390434265
0.2534728944301605
0.28444790840148926
0.31168073415756226
0.3994113504886627
0.434692919254303
0.36510980129241943
0.09660890698432922
0.24180516600608826
0.4653005301952362
0.2825397551059723
0.08087232708930969
0.1198151707649231
0.1563073694705963
0.3099076747894287
0.6278900802135468
0.039861470460891724
0.3149746358394623
0.11787018179893494
0.2142244279384613
0.12647923827171326
0.3318631052970886
0.11818292737007141
0.17794260382652283
0.12038591504096985
0.26526451110839844
0.46538132429122925
0.2572639584541321
-0.1643957793712616
0.1889183223247528
0.32300466299057007
0.013129711151123047
0.5163542628288269
0.43809452652931213
0.3254292607307434
0.18954738974571228
0.05363738536834717
0.25549405813217163
0.35864612460136414
0.3915855288505554
0.22958004474639893
0.4024266004562378
0.13534468412399292
0.514083743095398
0.23125573992729187
-0.00026297569274902344
0.05231904983520508
0.19722291827201843
0.40268176794052124
0.5767335593700409
0.28366926312446594
0.4888824224472046
0.17848891019821167
0.17033961415290833
0.44110098481178284
0.3787862956523895
0.20064643025398254
0.12371501326560974
0.4215063750743866
0.06555822491645813
0.19455888867378235
0.4930175244808197
0.1035604476928711
0.12064111232757568
0.18455952405929565
0.14652076363563538
0.19574224948883057
0.18391883373260498
0.44820088148117065
0.39300695061683655
0.38023507595062256
0.11973109841346741
0.4286617338657379
0.4530545175075531
0.40731218457221985
0.136648029088974
0.4413263201713562
0.2824063003063202
0.19448402523994446
0.35516294836997986
0.23339244723320007
0.0069776177406311035
0.3600643575191498
0.26420626044273376
0.2159883677959442
0.36770832538604736
0.34989458322525024
0.577612042427063
0.3154911398887634
0.10575559735298157
0.3922286927700043
0.26738882064819336
0.2228214144706726
0.39822477102279663
0.11782008409500122
0.07318434119224548
0.1274624764919281
0.18870002031326294
0.3310198187828064
0.23696720600128174
0.3473404049873352
0.04358327388763428
0.229751855134964
0.4842345118522644
0.48201826214790344
0.22743701934814453
0.21118316054344177
0.4773269295692444
0.28592729568481445
0.48252275586128235
0.32664528489112854
0.566004753112793
0.14909115433692932
0.25314781069755554
0.19370731711387634
0.17945602536201477
0.037680864334106445
0.0234563946723938
0.5579110085964203
0.2968292236328125
0.1629357933998108
0.11426851153373718
0.2591330111026764
0.261081337928772
0.31623125076293945
0.24157863855361938
0.2997789978981018
0.22395548224449158
0.16008588671684265
0.15259796380996704
0.1523461937904358
0.24612751603126526
0.31434839963912964
0.38948944211006165
0.308246374130249
0.3825651705265045
0.4424653649330139
0.26128801703453064
0.15618601441383362
0.03355857729911804
0.19179677963256836
0.4833507537841797
0.68205925822258
0.1566859483718872
0.22914054989814758
0.2718859016895294
0.1320933997631073
0.13337114453315735
0.04190462827682495
0.2872961461544037
0.25222212076187134
0.10890913009643555
0.26847317814826965
0.1667255163192749
0.23608210682868958
-0.07448360323905945
0.11185017228126526
0.0747305154800415
0.27850446105003357
0.3938145935535431
0.5813144147396088
0.2062872052192688
0.3334551751613617
0.5397116541862488
0.1903666853904724
0.1996147334575653
0.2910747230052948
0.31189897656440735
0.3553285598754883
0.40420177578926086
0.29633966088294983
0.12664693593978882
0.13387811183929443
0.32367777824401855
0.17223197221755981
0.1386440396308899
0.2156343162059784
0.42295265197753906
0.5905247926712036
0.37384188175201416
0.17570313811302185
0.19724038243293762
0.44102853536605835
0.12706658244132996
0.05745688080787659
0.04764631390571594
0.46297487616539
0.22506088018417358
0.12136915326118469
-0.027424633502960205
-0.06933876872062683
0.19166341423988342
0.033881157636642456
0.5009577572345734
0.18909099698066711
0.165532648563385
0.3236686587333679
0.29272347688674927
0.41156870126724243
0.559688150882721
0.26115962862968445
0.17344093322753906
0.38626593351364136
0.41380029916763306
0.33767810463905334
0.40816083550453186
0.2616214156150818
0.0214368999004364
0.24315327405929565
0.17521360516548157
0.037255942821502686
-0.02171763777732849
0.33113667368888855
0.36215463280677795
0.36773771047592163
0.15439757704734802
0.3830668032169342
0.26897427439689636
0.29781949520111084
0.5063722431659698
-0.06420835852622986
0.12862712144851685
0.38308045268058777
0.2993830442428589
0.298833429813385
0.23415875434875488
0.33693674206733704
-0.1330244541168213
0.24814409017562866
0.2674579322338104
0.3407629132270813
0.284286767244339
0.3453987240791321
0.06238928437232971
0.11704099178314209
-0.03569495677947998
0.24232372641563416
0.3162565231323242
0.165512353181839
0.1153801679611206
0.4162484407424927
0.16385111212730408
0.26438435912132263
0.1750698983669281
0.2856966257095337
0.2592817544937134
0.2500162124633789
0.13825881481170654
0.03307604789733887
0.22344645857810974
0.2453969419002533
0.07359817624092102
0.45424404740333557
0.06257328391075134
0.06165456771850586
0.4686238169670105
0.22669768333435059
0.05607518553733826
0.44166305661201477
0.06694528460502625
0.3848402500152588
0.08766153454780579
0.04364043474197388
0.1932256817817688
0.29799094796180725
-0.02393844723701477
0.4404152035713196
0.3466118574142456
0.20329058170318604
0.037530094385147095
0.17093810439109802
0.0034753382205963135
0.14110085368156433
0.18790113925933838
0.2026677131652832
0.10047441720962524
0.32346487045288086
0.26548317074775696
0.3595913350582123
0.3631937801837921
0.15969902276992798
0.3216263949871063
0.17738640308380127
-0.04574066400527954
-0.3913469910621643
0.09304368495941162
0.20954301953315735
0.3279660940170288
0.34328314661979675
0.23820683360099792
0.1283363699913025
0.18999138474464417
0.15397804975509644
0.16612949967384338
0.36847203969955444
0.240647554397583
0.30758288502693176
0.06499779224395752
0.5460680425167084
0.17606642842292786
0.027359992265701294
0.24730128049850464
0.19269508123397827
0.3572118282318115
0.36979159712791443
0.16832545399665833
0.09906953573226929
0.1735084354877472
0.08862408995628357
0.23490414023399353
0.09924554824829102
0.32081785798072815
0.41649818420410156
-0.0716896653175354
0.5939405262470245
0.19365984201431274
0.0030516386032104492
0.11674198508262634
0.1816246509552002
0.08751949667930603
0.3300415277481079
0.35923799872398376
0.1734028458595276
0.2600811719894409
0.17501524090766907
0.27392563223838806
0.1774713099002838
0.07395106554031372
0.29859355092048645
0.1991579830646515
0.04763674736022949
0.08144718408584595
0.11990219354629517
0.31138876080513
0.20833688974380493
0.05498391389846802
0.24320217967033386
0.3136397898197174
0.5735759735107422
0.34022361040115356
0.26450735330581665
0.19307202100753784
0.2435612678527832
0.3365490734577179
0.6226785033941269
0.087270587682724
0.20212337374687195
0.060542941093444824
0.2348296344280243
0.33889538049697876
0.2295857071876526
0.33423176407814026
0.11977708339691162
0.41846963763237
0.2864280641078949
0.1979895830154419
0.07644268870353699
0.4348312318325043
0.5832149386405945
0.3297649025917053
0.2558804750442505
0.2515478730201721
0.26903513073921204
0.1476498544216156
0.010028451681137085
0.43986308574676514
0.2466726005077362
0.2019578218460083
0.43758267164230347
0.21404758095741272
0.02720925211906433
0.08541911840438843
0.16290223598480225
0.27295738458633423
0.33515119552612305
-0.10728639364242554
0.3324238955974579
0.2745838463306427
0.2395462989807129
0.5996370911598206
0.35266461968421936
0.3933768570423126
0.550976037979126
0.3553732931613922
0.39900925755500793
0.15017715096473694
0.23615795373916626
0.24851647019386292
0.29353606700897217
0.5448826253414154
0.33653828501701355
0.13142743706703186
0.17937982082366943
0.28461846709251404
0.2642348110675812
0.18242108821868896
0.37590110301971436
0.49673810601234436
0.2996559739112854
0.23408952355384827
0.44576796889305115
0.04192119836807251
0.1197696328163147
0.11137759685516357
0.420104444026947
0.29440760612487793
0.20908242464065552
0.14659905433654785
0.08001828193664551
0.31243863701820374
0.26547813415527344
0.3233157694339752
0.07856082916259766
0.2665124237537384
0.11748549342155457
0.06829172372817993
0.33431705832481384
0.1304350197315216
0.13427937030792236
0.5174568295478821
0.3304453492164612
0.3905526101589203
0.30834293365478516
0.35692068934440613
-0.08170521259307861
0.5158634781837463
0.09799271821975708
0.27012115716934204
0.3553434908390045
0.1805051565170288
0.11438578367233276
0.704125702381134
0.23661348223686218
0.23634710907936096
0.3572942614555359
0.29706740379333496
0.21319934725761414
0.1869911253452301
0.38232290744781494
0.2570899426937103
0.2835184633731842
0.3775462806224823
-0.047306716442108154
0.12887981534004211
0.2962510287761688
0.3170865476131439
0.33804550766944885
0.2961466610431671
0.39494115114212036
0.21359729766845703
0.28063490986824036
0.2052057683467865
0.2961036264896393
0.6294126212596893
0.21406611800193787
0.21667298674583435
0.39267024397850037
0.5316717326641083
0.26698997616767883
0.39269763231277466
0.3217965364456177
0.3704071044921875
0.24838724732398987
0.14532670378684998
-0.10309240221977234
0.08141735196113586
0.2733666002750397
0.2822920083999634
0.29044342041015625
-0.08594512939453125
0.12525328993797302
0.21689128875732422
0.20974183082580566
0.06868022680282593
0.23219341039657593
0.14135560393333435
0.33772578835487366
0.1088097095489502
0.32863086462020874
0.1818470060825348
0.13124310970306396
0.10875123739242554
0.3788740336894989
0.20633479952812195
0.4850222170352936
0.25559601187705994
0.00550273060798645
0.20690014958381653
0.2894933223724365
0.2903241813182831
0.21468457579612732
0.24230262637138367
0.28037405014038086
0.22307786345481873
0.31559550762176514
0.2662547826766968
0.3208034038543701
0.6165255010128021
0.6034375131130219
0.15963691473007202
0.2771455645561218
0.505165308713913
0.5895515233278275
0.19692057371139526
0.05359470844268799
0.1908089816570282
0.271051824092865
0.2583245635032654
0.13486963510513306
-0.10709133744239807
0.15427705645561218
0.3142448961734772
0.08460074663162231
0.20252561569213867
0.5830377042293549
0.22181043028831482
0.13334792852401733
0.2761838138103485
0.005049616098403931
0.2832280695438385
0.10125145316123962
0.3053881525993347
0.10056763887405396
0.29891133308410645
0.16854619979858398
0.006871998310089111
0.06304696202278137
-0.036709219217300415
-0.04599708318710327
0.5845515727996826
0.021371036767959595
0.28908872604370117
0.39255595207214355
0.3313010632991791
0.2129984200000763
0.4303237795829773
0.09983119368553162
0.2833900451660156
0.39020755887031555
0.39436468482017517
0.3595162630081177
0.32787787914276123
0.44680917263031006
0.1275523602962494
0.31623202562332153
0.08990427851676941
0.35826677083969116
0.2887611389160156
0.2798393666744232
0.21259713172912598
0.4266364276409149
0.21028640866279602
0.17158463597297668
0.30415844917297363
0.2811129093170166
0.17267394065856934
0.017611593008041382
0.1881607472896576
0.4693220853805542
0.37366294860839844
0.1577458381652832
0.22252532839775085
0.41067904233932495
0.36737367510795593
0.45011067390441895
0.15982571244239807
0.09575730562210083
0.021744221448898315
0.4701836407184601
0.37378180027008057
0.21251383423805237
0.11176943778991699
0.21597930788993835
0.09066253900527954
0.03622505068778992
0.07058587670326233
0.40067043900489807
0.2090761661529541
0.3976213335990906
0.3446164131164551
0.42679208517074585
0.2633261978626251
0.25713300704956055
0.3474349081516266
0.21202635765075684
0.07275491952896118
0.2140769362449646
0.046008676290512085
0.035232752561569214
0.06736978888511658
0.2343897819519043
0.3688000738620758
0.08132463693618774
0.13713061809539795
0.3011544942855835
0.37801632285118103
0.27787119150161743
0.42063000798225403
0.7219969928264618
0.30418211221694946
0.10469239950180054
0.39911067485809326
0.4189443290233612
0.15040245652198792
0.2196248471736908
0.22950580716133118
0.1909361481666565
0.003630310297012329
0.20692333579063416
0.8484107553958893
0.3104614317417145
0.30097267031669617
0.2654711902141571
0.3514399230480194
0.19253194332122803
0.09107017517089844
0.3448992371559143
0.3008483946323395
0.17525136470794678
0.11856064200401306
0.1896732747554779
0.24429768323898315
0.14710435271263123
0.08221796154975891
0.15651443600654602
0.06147480010986328
0.17977619171142578
0.28963249921798706
0.24438175559043884
0.06173327565193176
0.1722625494003296
0.25966235995292664
0.1982496976852417
0.19206970930099487
0.2055346667766571
0.317058801651001
0.2461552619934082
0.6977917551994324
0.14647236466407776
0.5210294127464294
0.17797955870628357
0.29787132143974304
0.5088253617286682
0.23312774300575256
0.23128265142440796
-0.036546409130096436
0.15920615196228027
0.22966524958610535
0.17930278182029724
0.3548966348171234
0.0800626277923584
0.3097212612628937
-0.029056429862976074
0.5138381123542786
0.12407249212265015
0.029567182064056396
0.20153984427452087
0.5238711833953857
0.26806142926216125
0.19747143983840942
0.3665771484375
0.4764869809150696
0.39995276927948
0.5044446885585785
-0.027646183967590332
0.41654086112976074
0.26383933424949646
0.4910762906074524
0.2376948595046997
0.21254819631576538
0.22760552167892456
0.33484724164009094
0.189631849527359
0.04697033762931824
0.38750511407852173
0.5576930642127991
0.20422950387001038
0.13760730624198914
-0.0009600520133972168
0.44453004002571106
0.23424026370048523
0.4185798466205597
0.3232213258743286
0.20859909057617188
0.22498846054077148
0.2618442475795746
0.0598011314868927
0.19470882415771484
0.2054455578327179
0.26582780480384827
0.15798145532608032
0.3537973463535309
0.28413304686546326
0.32792341709136963
0.48570242524147034
0.30492058396339417
0.1930384635925293
0.5511118173599243
0.2915663421154022
0.1226385235786438
0.06387001276016235
0.3739623725414276
0.24037006497383118
0.2498359978199005
0.30202755331993103
0.40100178122520447
0.3194240927696228
0.42522695660591125
-0.00990992784500122
0.4362684488296509
0.24258464574813843
0.19668203592300415
0.14951983094215393
0.4414142072200775
0.27009427547454834
0.3025837540626526
0.2230600118637085
0.08977004885673523
0.21369343996047974
0.5030347406864166
0.4043504297733307
0.17933389544487
0.28983503580093384
0.21973085403442383
0.29884129762649536
0.12972810864448547
0.10888344049453735
0.12221324443817139
0.39569705724716187
0.1666683554649353
0.49667346477508545
0.2585693299770355
0.1499696671962738
0.44143274426460266
0.36054927110671997
0.46836963295936584
0.32900768518447876
0.1907365322113037
0.2270568311214447
0.5286054909229279
0.29525744915008545
0.23068997263908386
0.36777210235595703
0.7422571182250977
0.26019251346588135
0.027404755353927612
0.013316988945007324
0.1412695050239563
0.27099543809890747
0.2814396619796753
0.32162052392959595
0.3182508051395416
0.1884949803352356
-0.089975506067276
-0.07038617134094238
0.1268967092037201
0.4582396149635315
0.36776003241539
0.41855958104133606
-0.018559187650680542
0.3093576729297638
0.25770121812820435
0.202436625957489
0.43172454833984375
0.22167617082595825
0.21364331245422363
0.3596683144569397
0.524959146976471
0.22239118814468384
0.34999027848243713
0.2406831979751587
0.15892452001571655
0.20072892308235168
0.31072771549224854
0.3053852617740631
0.32482093572616577
0.4319224953651428
0.22482982277870178
0.550305038690567
0.17996832728385925
0.38053619861602783
0.39038193225860596
0.22192677855491638
0.33232367038726807
0.06891262531280518
0.20611029863357544
0.5770918428897858
0.0725250244140625
0.2572668492794037
-0.0514223575592041
0.3149663209915161
0.4196646511554718
0.38902097940444946
0.18604761362075806
0.1738436222076416
0.003672093152999878
0.3304528295993805
0.18245252966880798
0.30671226978302
0.1210121214389801
0.2192106544971466
0.36571240425109863
0.288388729095459
0.2813166379928589
0.19772693514823914
0.09662467241287231
0.15848225355148315
0.4875915050506592
0.09694939851760864
0.20836332440376282
0.2840033769607544
0.18530377745628357
0.34886831045150757
0.10706105828285217
0.4209042191505432
0.30141952633857727
0.27587565779685974
0.060103923082351685
0.3319686949253082
0.3038561940193176
0.1316792368888855
0.27116110920906067
0.2572779655456543
0.40909722447395325
0.37043407559394836
0.14217031002044678
0.32321715354919434
0.2084653079509735
0.16984882950782776
0.23472490906715393
0.4910236895084381
0.3198370635509491
0.4996415078639984
0.18255656957626343
0.332625150680542
0.2364896535873413
0.17758479714393616
0.26350969076156616
0.34363308548927307
0.2949037551879883
-0.036167025566101074
0.10987618565559387
0.18188148736953735
0.5503045916557312
0.31404444575309753
0.3099201023578644
0.25926434993743896
0.23550516366958618
0.4513750374317169
0.13644185662269592
0.31473276019096375
0.3329114019870758
0.3052171468734741
0.2703787386417389
0.37375199794769287
0.20099768042564392
0.15468791127204895
0.08226567506790161
0.30987784266471863
0.22171473503112793
0.11311507225036621
0.3299752175807953
0.26227208971977234
0.6358935534954071
0.3257863521575928
0.04415443539619446
0.29420918226242065
0.4386660158634186
0.12037140130996704
0.2966606020927429
0.1759185791015625
0.19797426462173462
0.1464826464653015
0.3563400208950043
0.11152419447898865
0.17733418941497803
0.022684037685394287
0.15480971336364746
0.2950606644153595
0.2813743054866791
0.32168638706207275
0.15178874135017395
0.2116805613040924
0.44248974323272705
0.1519121527671814
0.4913131892681122
0.2013670802116394
0.29229775071144104
0.18159151077270508
0.2407456636428833
0.2161582112312317
-0.1770024597644806
-0.008210211992263794
0.08303549885749817
0.21598631143569946
0.3283658027648926
0.5267935395240784
0.12273064255714417
0.13240069150924683
0.1980118751525879
0.05671757459640503
-0.006101638078689575
0.021800965070724487
0.22001829743385315
0.3009233772754669
0.5504281520843506
0.19796428084373474
0.3302842378616333
0.353170782327652
0.3772675096988678
0.24726691842079163
0.398647665977478
0.21132564544677734
-0.011221259832382202
0.07388684153556824
0.2690078318119049
0.40046754479408264
0.03632444143295288
0.25068509578704834
0.48139989376068115
0.18101373314857483
0.48695653676986694
0.0980900228023529
0.2623400390148163
0.11864927411079407
0.3055720329284668
0.403332382440567
0.39162197709083557
0.28224194049835205
0.044853538274765015
0.18088281154632568
0.31356480717658997
0.6132606267929077
0.060982316732406616
0.4129893183708191
0.265592098236084
0.4313381016254425
0.13446208834648132
0.291688472032547
0.3457164168357849
0.7109661996364594
0.09369149804115295
0.07484811544418335
0.29010096192359924
0.28862813115119934
0.32787376642227173
0.3412664830684662
0.37040048837661743
0.10218578577041626
0.21292641758918762
0.3276704251766205
0.09132114052772522
0.3771859109401703
0.13154420256614685
0.2176578938961029
-0.04304283857345581
0.0666014552116394
0.17850133776664734
0.04066246747970581
0.10072872042655945
0.037624895572662354
0.2717624604701996
0.2165623903274536
0.36534053087234497
0.35444310307502747
0.24871203303337097
0.023450613021850586
0.24636977910995483
0.22972619533538818
0.3124999701976776
0.3102990388870239
0.28928256034851074
0.16041061282157898
0.30269309878349304
0.33269062638282776
0.266352117061615
0.17732059955596924
0.04715961217880249
0.4184871017932892
0.27270978689193726
0.3794783651828766
0.3682782053947449
0.21596229076385498
0.1537659764289856
0.2686561644077301
0.4302719831466675
0.30122238397598267
0.20624905824661255
-0.0304965078830719
0.2957022786140442
0.7068663388490677
0.11583372950553894
0.19369164109230042
0.20241865515708923
0.25622472167015076
0.45009446144104004
0.2588977813720703
0.11812618374824524
0.3521696627140045
0.4803752601146698
0.342340886592865
0.2743668556213379
0.24909502267837524
0.3197832703590393
0.03782042860984802
-0.08607393503189087
0.2782679498195648
0.11099240183830261
0.16266953945159912
0.13184407353401184
0.12221279740333557
-0.010522127151489258
0.11750489473342896
0.42180129885673523
0.2343744933605194
0.27275368571281433
0.2831697165966034
0.3997340500354767
0.31768712401390076
0.03708404302597046
0.3592798411846161
0.19587397575378418
0.72389717400074
0.27191734313964844
0.07776147127151489
0.10046771168708801
0.1650385558605194
0.3150019645690918
0.4101124405860901
0.2890186905860901
0.42551106214523315
0.21961775422096252
0.1891402304172516
0.3082335591316223
0.14916858077049255
0.4635630249977112
0.309702605009079
0.043012142181396484
0.40107762813568115
-0.6671145558357239
0.26339730620384216
0.27649980783462524
0.1732078194618225
0.17122182250022888
0.2109110951423645
0.1356520652770996
0.22706598043441772
0.3723723292350769
0.45830920338630676
0.44026196002960205
0.11888578534126282
0.3155134916305542
0.22276178002357483
0.2085370123386383
0.08724066615104675
0.000814288854598999
0.19970548152923584
0.1566917598247528
0.2745979130268097
0.18981078267097473
0.1617574393749237
0.23723143339157104
0.40011298656463623
0.2867105007171631
0.4842390716075897
0.4985455274581909
0.21668416261672974
0.21882092952728271
0.16614732146263123
0.43959587812423706
0.1824960708618164
0.2853134870529175
0.41637927293777466
0.09156468510627747
0.043101221323013306
0.28970128297805786
0.10187765955924988
0.3544675409793854
0.23847892880439758
0.305555522441864
0.19653132557868958
0.4232020080089569
0.2136160135269165
0.10570043325424194
0.04429522156715393
0.6488410532474518
0.2025325894355774
0.22890281677246094
0.06427961587905884
0.4864884614944458
0.03530395030975342
0.17417696118354797
0.302476167678833
0.14618158340454102
0.19897153973579407
0.08153462409973145
0.20060840249061584
0.4439219832420349
0.4121299088001251
0.08326169848442078
0.19931870698928833
0.21798601746559143
0.2192835509777069
0.14563652873039246
0.1640615165233612
0.2184651494026184
0.28890690207481384
0.1679307520389557
0.2806685268878937
0.610360860824585
0.17580878734588623
0.08714994788169861
0.1328476369380951
0.2188507616519928
0.443529337644577
0.2689610421657562
0.15328556299209595
0.07638263702392578
0.23600921034812927
0.1464594602584839
0.3460867404937744
0.016303598880767822
0.5709985196590424
-0.0016446411609649658
0.3993939757347107
0.2365964949131012
0.2597799599170685
0.21472758054733276
0.16700753569602966
0.10049387812614441
0.309463232755661
0.5322221517562866
0.2711971402168274
0.4207443594932556
0.3900870680809021
0.15514561533927917
0.027910441160202026
0.2690492272377014
0.6690189838409424
0.15603435039520264
0.15679821372032166
0.5092842280864716
0.5027697682380676
0.2114870846271515
0.3041609525680542
-0.2612834870815277
0.5289386212825775
0.11098542809486389
0.20071977376937866
0.37510380148887634
0.23500153422355652
0.251334547996521
0.5064719915390015
0.35670578479766846
0.27525439858436584
0.17549815773963928
0.12459021806716919
0.042395830154418945
0.34573012590408325
0.3069492280483246
0.1134704053401947
0.2644270360469818
0.2598591148853302
0.165126770734787
0.14913055300712585
0.4244822561740875
0.23899170756340027
0.4578068256378174
0.4497577100992203
0.4212678372859955
0.3003426194190979
0.49283739924430847
0.19365066289901733
0.13132387399673462
0.3646546006202698
0.4567987322807312
0.36984220147132874
0.5279424786567688
0.01223146915435791
0.21946829557418823
0.25690895318984985
0.5094715356826782
0.12265634536743164
0.12870460748672485
0.06304535269737244
0.11891013383865356
0.25629717111587524
-0.05732184648513794
0.15836870670318604
0.48733219504356384
0.2966039180755615
0.2571433484554291
0.34988465905189514
-0.02915346622467041
0.35846057534217834
0.18124106526374817
0.24038416147232056
0.3623153567314148
0.29133522510528564
0.1607406735420227
0.17959019541740417
0.3908056318759918
0.030927330255508423
0.14365503191947937
0.12597516179084778
0.3603940010070801
0.3456365168094635
0.09473767876625061
0.07176917791366577
0.11819574236869812
0.432059645652771
0.18592917919158936
0.1213235855102539
0.34499290585517883
-0.0037135183811187744
0.13912898302078247
0.39985451102256775
0.3018316328525543
0.6444674432277679
0.2753695249557495
0.11488232016563416
0.31726089119911194
0.2969833314418793
0.17401260137557983
0.13322782516479492
0.15534359216690063
0.22821232676506042
0.5710175335407257
0.2561236321926117
0.2268807590007782
-0.07028722763061523
0.45844969153404236
0.08501896262168884
0.15135332942008972
0.35886362195014954
0.5827812850475311
0.41354721784591675
0.4347119629383087
0.241996169090271
0.34497129917144775
0.3038640022277832
0.11410325765609741
0.18978223204612732
0.2311837077140808
0.32802656292915344
0.4209323227405548
0.07144737243652344
0.12651199102401733
0.19406771659851074
0.13308113813400269
0.21816444396972656
0.23850753903388977
0.06587713956832886
0.2853280007839203
0.09930688142776489
0.48955169320106506
0.22107776999473572
0.41328755021095276
0.13529080152511597
0.46693155169487
0.26875436305999756
0.2644908130168915
-0.11583206057548523
0.35592755675315857
0.2115989327430725
0.19693472981452942
0.6151413172483444
0.23063445091247559
0.30693262815475464
-0.030911564826965332
0.12087303400039673
0.2845604717731476
0.2658177614212036
0.38742804527282715
0.6485179960727692
-0.024379611015319824
0.4391055703163147
0.2882520854473114
0.12123411893844604
0.34265443682670593
0.3486309349536896
0.4773045778274536
0.30735304951667786
0.2231983244419098
0.5444580912590027
0.3485572338104248
0.4376576244831085
0.2610689103603363
0.4101629853248596
0.03510469198226929
0.3595055639743805
0.28354495763778687
0.3311399221420288
0.06336921453475952
0.03330466151237488
0.1150873601436615
0.17550113797187805
0.15065842866897583
0.12583684921264648
0.08484876155853271
0.2972562611103058
0.43017879128456116
0.21322378516197205
0.034921616315841675
0.2006174921989441
0.352970689535141
0.3214465379714966
0.3428279459476471
0.5922904312610626
0.3189673125743866
0.11125367879867554
0.3102783262729645
0.360841304063797
0.47187842428684235
0.21306675672531128
0.19306129217147827
0.36855199933052063
0.19949179887771606
0.06997916102409363
0.35670000314712524
0.3758170008659363
0.08770832419395447
0.15718045830726624
0.2209932506084442
0.04859268665313721
0.29981207847595215
0.25440192222595215
0.4863608777523041
0.17006829380989075
0.2722271978855133
0.3152497112751007
0.1313917338848114
0.5553459823131561
0.05597501993179321
0.12456536293029785
0.5292032659053802
0.5090650916099548
0.19310152530670166
0.132045716047287
0.20671001076698303
0.23131003975868225
0.5412470996379852
0.16659921407699585
0.29214614629745483
0.26834428310394287
0.6318089663982391
0.4762885868549347
0.2994016706943512
0.05399399995803833
0.37588340044021606
0.11371603608131409
0.3735751211643219
0.44465959072113037
0.12998318672180176
0.2121291160583496
0.2764207124710083
0.2870841324329376
-0.051562368869781494
0.19271427392959595
0.2989385724067688
0.3600543439388275
0.5392884314060211
0.19984093308448792
0.12985730171203613
0.42705848813056946
0.21949192881584167
0.4016735851764679
0.042891234159469604
0.24276986718177795
0.39451876282691956
0.26546990871429443
0.35212409496307373
0.011349260807037354
0.20407581329345703
0.2794247567653656
0.33367836475372314
0.11013129353523254
0.17027658224105835
0.43442875146865845
0.4372955858707428
0.21529877185821533
0.21045956015586853
-0.023627042770385742
0.46599504351615906
0.19283804297447205
0.09990611672401428
0.3467187285423279
0.3069292902946472
0.3405143916606903
0.4783379137516022
0.3471548855304718
0.2815137803554535
0.06254127621650696
0.26120805740356445
0.12183260917663574
0.28898975253105164
0.30656734108924866
0.45144549012184143
0.5663701593875885
0.08505672216415405
0.3427111506462097
0.12784439325332642
0.2250310480594635
0.0594383180141449
0.5707470923662186
0.11191895604133606
0.15483415126800537
0.2033117413520813
0.19947391748428345
0.33301985263824463
0.2196265459060669
0.02960982918739319
0.5258616507053375
0.24951964616775513
0.05406153202056885
0.41048142313957214
0.45684802532196045
0.47784632444381714
-0.11732345819473267
0.39489442110061646
0.36728954315185547
0.6814094483852386
-0.04477772116661072
0.14915865659713745
0.5254098176956177
0.255568265914917
0.47889500856399536
0.0927019715309143
0.4208151698112488
0.16327670216560364
0.06632646918296814
0.3472729027271271
0.23661839962005615
0.16526389122009277
0.28781676292419434
0.34633931517601013
0.4397839605808258
0.10051202774047852
0.3244982063770294
0.2817958891391754
0.12109291553497314
0.05802100896835327
0.26221951842308044
0.16015920042991638
0.13483482599258423
0.4677383601665497
0.2615617513656616
0.22318300604820251
0.2310415804386139
0.16788184642791748
0.1931101679801941
0.5228241384029388
0.3074979782104492
0.34603655338287354
-0.01093629002571106
0.30624091625213623
0.32424432039260864
0.306523859500885
0.16383662819862366
0.21481627225875854
0.25896239280700684
0.22059813141822815
0.24867889285087585
0.10082602500915527
0.09293606877326965
0.32365456223487854
0.4412878155708313
0.3696839213371277
0.6810866892337799
0.28890731930732727
0.22389879822731018
0.2714936435222626
0.11493664979934692
0.6046602427959442
0.3608822226524353
0.24848416447639465
0.4285312592983246
0.20415952801704407
0.31134483218193054
0.45550984144210815
0.15673521161079407
0.30290311574935913
0.38438552618026733
0.34154486656188965
0.3105926811695099
0.24663028120994568
0.3473983705043793
0.2568625509738922
0.1564469337463379
0.25442883372306824
0.3053881525993347
-0.188709557056427
0.17569291591644287
0.08277332782745361
0.3608408570289612
0.3621310293674469
0.3653835654258728
0.492156058549881
0.2535044550895691
0.3060591220855713
0.2363952398300171
0.17473983764648438
0.6311256289482117
0.1540500819683075
0.07448655366897583
0.6236041188240051
0.8116233050823212
0.37366828322410583
0.22752687335014343
0.16424301266670227
0.1768885850906372
0.21257227659225464
0.20771896839141846
0.20462298393249512
0.18418797850608826
0.18319976329803467
0.16029581427574158
0.19092243909835815
0.4052106440067291
0.3427641689777374
0.536467045545578
0.12810280919075012
0.4481738805770874
0.32486721873283386
0.1501307487487793
0.4160665273666382
0.21175512671470642
0.10794946551322937
0.36909663677215576
0.3458004593849182
0.17702600359916687
0.35340437293052673
0.2427515685558319
0.20526540279388428
0.2486175298690796
0.2756164073944092
0.315682053565979
0.2313816249370575
-0.01908022165298462
0.20658454298973083
0.306841105222702
0.4722130745649338
0.20356807112693787
0.11200842261314392
0.194553941488266
0.13870498538017273
0.18432796001434326
0.39521118998527527
0.028180092573165894
0.2643537223339081
0.5151054859161377
0.15728485584259033
0.36357778310775757
0.18062236905097961
0.40627673268318176
0.17175152897834778
0.35993054509162903
0.12143748998641968
0.31065434217453003
0.12822628021240234
0.23235121369361877
0.35668131709098816
0.25796839594841003
0.45016902685165405
0.397275447845459
0.19608354568481445
0.26780006289482117
0.5825776159763336
0.5291568338871002
-0.05235010385513306
0.21417009830474854
-0.1869356334209442
0.14696064591407776
0.32285475730895996
0.45587846636772156
0.27033692598342896
0.2949066460132599
0.3413929045200348
0.46526405215263367
0.13206979632377625
0.11580678820610046
0.325215607881546
0.4059789180755615
0.29888227581977844
0.07953330874443054
0.44363582134246826
0.2315886914730072
0.29268619418144226
0.22541537880897522
0.12018626928329468
0.33645549416542053
0.41753071546554565
0.1895519495010376
0.29157206416130066
0.27700886130332947
0.16620570421218872
-0.03044775128364563
0.10413160920143127
0.3160133957862854
0.16285088658332825
0.43416932225227356
0.15220531821250916
0.1665610373020172
0.3857920169830322
0.5262642502784729
0.38837313652038574
0.22855404019355774
0.4743642807006836
0.46257483959198
0.24432876706123352
0.32325199246406555
0.18138816952705383
0.22971373796463013
0.13955065608024597
0.2662452757358551
0.19478967785835266
0.44487661123275757
0.36021918058395386
0.13881915807724
0.40147191286087036
0.2866317927837372
0.23471656441688538
0.1500566303730011
0.24292054772377014
0.15344205498695374
0.20697131752967834
0.6795775145292282
0.16120415925979614
0.0973747968673706
0.30435729026794434
0.30434152483940125
0.3110843300819397
0.08646160364151001
0.21458718180656433
0.6621651649475098
0.1461314558982849
0.2054203450679779
0.3686460256576538
0.061481475830078125
0.1978735625743866
0.28500163555145264
0.40245935320854187
0.05072450637817383
0.07634168863296509
0.4720407724380493
0.16532063484191895
-0.015556901693344116
0.25335896015167236
0.5907501578330994
0.41176125407218933
0.025802254676818848
-0.04328125715255737
0.34945932030677795
0.2897290587425232
0.15556681156158447
0.19170024991035461
0.30908429622650146
0.2028428316116333
0.5281089544296265
0.04379284381866455
0.09449577331542969
0.3011229634284973
0.500474363565445
0.16038775444030762
0.19554424285888672
0.3315458297729492
0.20557937026023865
0.34909316897392273
0.2667464315891266
0.1988646686077118
0.22166427969932556
0.23560044169425964
0.3128657341003418
0.2134486436843872
0.27828076481819153
0.05838799476623535
0.12155386805534363
0.1505495309829712
0.2519396245479584
0.4687514007091522
0.44907432794570923
0.26836958527565
0.3244965672492981
0.37664252519607544
0.35473141074180603
0.09740245342254639
0.5501613318920135
0.3074048161506653
0.30361631512641907
0.43748894333839417
0.303384006023407
0.1637272834777832
0.357844740152359
0.30309489369392395
0.31201863288879395
0.16110512614250183
0.5468703657388687
0.04576265811920166
0.3233228027820587
0.3481977581977844
0.2823379635810852
0.46232879161834717
0.06786355376243591
0.6055569052696228
0.5586026012897491
0.1660425364971161
0.379018634557724
-0.0337834358215332
-0.00712132453918457
0.1670295000076294
0.30833670496940613
0.10220319032669067
0.40411311388015747
0.37705495953559875
0.33046650886535645
0.47723743319511414
0.24556627869606018
0.2618144154548645
0.28725138306617737
0.12212461233139038
0.20692330598831177
0.18265926837921143
0.09331080317497253
0.17904141545295715
0.2199230194091797
0.4295840561389923
0.1368100643157959
0.2675544321537018
-0.09916850924491882
0.20191636681556702
0.47699347138404846
0.22181957960128784
0.4300313889980316
0.12336885929107666
0.31852495670318604
-0.17969417572021484
0.24579530954360962
-0.046076178550720215
0.6154979169368744
0.23814839124679565
0.06985649466514587
0.17410653829574585
0.5781885236501694
0.09153944253921509
0.2594979703426361
0.09196603298187256
0.23844581842422485
0.27337729930877686
0.34870806336402893
0.2415405511856079
0.26546499133110046
0.28438034653663635
0.25509366393089294
0.15886864066123962
0.12460803985595703
0.06248664855957031
0.07414650917053223
0.06587958335876465
0.3499273955821991
0.31353506445884705
0.2960931658744812
0.19487664103507996
0.3604676425457001
0.575613260269165
0.23799726366996765
-0.005186289548873901
-0.09253141283988953
0.5965162962675095
0.12549760937690735
0.1781054139137268
0.473021537065506
0.11850139498710632
0.635421022772789
0.5010728538036346
0.12148639559745789
0.17091411352157593
0.06517300009727478
0.13344648480415344
0.07497403025627136
0.2435559332370758
0.3720613420009613
0.0757758617401123
0.30243054032325745
0.1503833532333374
0.2556224763393402
0.22032436728477478
0.23159408569335938
0.3136824667453766
0.11249381303787231
-0.04427042603492737
0.18260791897773743
0.19451004266738892
0.27127671241760254
0.31312909722328186
0.34006333351135254
0.46377262473106384
0.7187407314777374
0.12959471344947815
0.3093360662460327
0.43681564927101135
0.1085512638092041
-0.05918648838996887
0.41358160972595215
0.4162173271179199
0.24112927913665771
0.18484488129615784
0.20938146114349365
0.2138098180294037
0.1708763837814331
0.24608033895492554
0.6577272415161133
0.2902165353298187
0.005232691764831543
0.09560412168502808
0.4272344410419464
0.03106105327606201
0.3162917196750641
0.22954481840133667
0.4965231418609619
-0.04777264595031738
0.4259960949420929
0.2567010521888733
0.527293473482132
0.3110072910785675
0.30050963163375854
0.35282084345817566
0.05281445384025574
0.13554102182388306
0.25222668051719666
0.27911120653152466
0.08978909254074097
0.25741586089134216
0.24191242456436157
0.16059237718582153
0.27552318572998047
0.21627125144004822
0.15785181522369385
0.11460983753204346
0.18049433827400208
0.16365402936935425
0.2284335196018219
0.4268149137496948
0.35801661014556885
0.15428698062896729
0.23262208700180054
0.34027332067489624
0.3323265612125397
0.11901003122329712
0.22115066647529602
0.24402225017547607
0.5066654682159424
0.2426845133304596
0.3910951614379883
0.05736204981803894
0.005367308855056763
0.30227187275886536
0.30830392241477966
0.4029020369052887
0.20062533020973206
0.27318352460861206
0.2907358705997467
0.24814951419830322
0.15675091743469238
0.13864612579345703
0.19841283559799194
0.5450595021247864
0.26771682500839233
0.10447576642036438
0.5978693962097168
0.44316357374191284
0.3567306101322174
0.6459945738315582
0.21085304021835327
0.38008973002433777
0.2208155393600464
0.2498522698879242
0.2648656368255615
0.191440612077713
-0.020317375659942627
0.5986658036708832
0.3642938435077667
0.3468504548072815
0.00914493203163147
0.24634167551994324
0.3118422329425812
0.380298376083374
0.17028406262397766
0.28789663314819336
0.3246573209762573
0.14807766675949097
0.2554941177368164
0.5427724421024323
0.30553728342056274
0.4612344801425934
0.2991187572479248
0.006343096494674683
0.20447099208831787
0.1520405113697052
-0.20660236477851868
0.34592604637145996
0.19666257500648499
0.26159948110580444
0.16773727536201477
0.35616734623908997
0.2417670488357544
0.2836560010910034
0.07228481769561768
0.12952551245689392
0.2536253035068512
0.08726716041564941
0.4825512766838074
0.3959907591342926
0.1776936948299408
0.24956268072128296
0.18425506353378296
0.212577223777771
0.14674443006515503
0.4974508285522461
0.5863562524318695
0.369859904050827
0.3150952160358429
0.3227355182170868
0.12233373522758484
0.1802251636981964
0.39493992924690247
0.07664021849632263
0.20364591479301453
0.21112844347953796
0.6679015457630157
0.20351094007492065
0.03281930088996887
0.3149361312389374
0.4513842463493347
0.6898283362388611
0.36339882016181946
0.17705300450325012
0.06795632839202881
0.1571042239665985
0.19065406918525696
0.09076988697052002
0.43007200956344604
0.21683907508850098
0.24072209000587463
0.1821000874042511
0.3431672155857086
0.12379413843154907
0.12781992554664612
0.12879043817520142
0.4808975160121918
0.15319520235061646
0.40767961740493774
0.3602240979671478
0.4296092987060547
0.12174978852272034
0.10908675193786621
0.20783451199531555
0.30356326699256897
0.48093894124031067
0.1416703462600708
0.062214940786361694
0.4286683201789856
0.09203356504440308
0.31460562348365784
0.06442099809646606
0.11257493495941162
0.6421127617359161
0.3424808382987976
0.27254244685173035
-0.06694978475570679
0.44177451729774475
0.2799975275993347
0.21956521272659302
0.2311674952507019
0.22767767310142517
0.33108365535736084
0.21021315455436707
0.4407191872596741
0.51992067694664
0.23268342018127441
0.29602691531181335
0.15032169222831726
0.24262607097625732
0.18748357892036438
0.1397564709186554
0.33917945623397827
0.17268839478492737
0.34925636649131775
0.020516186952590942
0.43353110551834106
0.17781299352645874
0.16271045804023743
0.4246666133403778
0.30315738916397095
0.0661679208278656
0.28364312648773193
0.46130409836769104
0.1919773817062378
0.43728065490722656
0.07445219159126282
0.21526730060577393
0.29821088910102844
0.05620196461677551
0.2856734097003937
0.5619715750217438
0.4349348545074463
0.36889946460723877
0.3570350706577301
0.3415825366973877
0.03367289900779724
0.06834018230438232
0.26525333523750305
0.26590272784233093
0.09953838586807251
0.22847741842269897
0.17681559920310974
0.4878498613834381
0.4891669452190399
0.3328111171722412
0.3048062324523926
0.5179919302463531
0.4667489230632782
0.23398971557617188
0.17483511567115784
0.2849941551685333
0.4292038083076477
0.5591232776641846
0.3307212293148041
0.25685545802116394
0.21436062455177307
0.2278623878955841
0.22881832718849182
0.44545111060142517
0.44500961899757385
0.18972674012184143
0.16405946016311646
0.20711055397987366
0.017766892910003662
0.21610397100448608
0.1636945605278015
0.5060185492038727
0.13942882418632507
0.01271560788154602
-0.2675950825214386
0.19245612621307373
0.4315854012966156
0.41568684577941895
0.4445072412490845
0.10598459839820862
0.31958073377609253
0.2687460482120514
0.08983960747718811
0.3094504177570343
0.15487468242645264
0.09455043077468872
0.4819636046886444
-0.0038070976734161377
-0.0356406569480896
0.3621070384979248
0.2089117467403412
0.5515384078025818
0.17012381553649902
0.3887207508087158
0.08452865481376648
0.19025397300720215
0.22981896996498108
0.1119806170463562
0.2403990626335144
0.11279699206352234
0.2559766471385956
0.20416778326034546
0.15506523847579956
0.10004448890686035
-0.01694759726524353
0.3129012882709503
0.285595178604126
0.31350603699684143
0.255781888961792
0.2775285840034485
0.21898454427719116
0.10841163992881775
0.22197449207305908
0.19366884231567383
-0.15205129981040955
0.2190263569355011
0.2154325544834137
0.10588234663009644
0.4927006959915161
0.5522711724042892
0.011228293180465698
0.18222355842590332
0.3945207893848419
0.11744359135627747
0.5855890661478043
0.39855319261550903
0.23888733983039856
0.09416067600250244
0.012373924255371094
0.3403611481189728
0.12935692071914673
0.2958078980445862
0.14741414785385132
0.35788825154304504
0.1757379174232483
0.06798028945922852
0.24494630098342896
0.14821523427963257
0.3030344545841217
0.24192658066749573
0.15982571244239807
0.20464828610420227
0.4976165294647217
0.4987795650959015
-0.17692536115646362
0.17237278819084167
0.2899998724460602
0.3329383134841919
0.48590123653411865
0.5460564494132996
0.7226918935775757
0.40858206152915955
0.18411928415298462
0.30182039737701416
0.49737709760665894
0.5652331560850143
0.4526830315589905
0.2631815969944
0.16308361291885376
0.21004295349121094
0.2820328176021576
0.22172221541404724
0.089846670627594
0.23302096128463745
0.7318365275859833
0.27833127975463867
0.3102369010448456
0.16302943229675293
0.2707059383392334
0.2407565414905548
0.30516454577445984
0.05040845274925232
0.09660229086875916
0.3155076801776886
0.08138379454612732
0.13787534832954407
0.20374155044555664
0.04998934268951416
0.08939599990844727
0.3680943250656128
0.23693367838859558
0.21825432777404785
0.3180643916130066
0.1979079246520996
0.2681136429309845
0.237822026014328
0.17395076155662537
0.3824910521507263
0.42736783623695374
0.20128759741783142
0.2404661476612091
0.5338063836097717
0.22824424505233765
0.11373963952064514
0.2950843274593353
0.1082129180431366
0.3996603488922119
0.41488951444625854
0.18810564279556274
0.11753681302070618
0.10313799977302551
0.3167937397956848
0.21846270561218262
0.16730910539627075
-0.047541528940200806
0.3117457628250122
0.5024454295635223
0.11259198188781738
0.270683616399765
0.3362239599227905
0.17882561683654785
0.24794164299964905
0.318207323551178
0.04303613305091858
0.12451645731925964
0.34712791442871094
0.14940807223320007
0.32148802280426025
0.17264285683631897
0.4013291001319885
0.22062134742736816
0.17902818322181702
0.1058143675327301
0.5126122236251831
0.32018664479255676
-0.021965354681015015
0.2213917374610901
0.04433169960975647
0.33689239621162415
0.00895071029663086
0.13644352555274963
0.20250359177589417
0.014280378818511963
0.22651007771492004
0.27014681696891785
0.6363334655761719
0.40463006496429443
0.034697145223617554
0.2597278356552124
0.3371405005455017
0.2094079852104187
0.15882804989814758
0.34140363335609436
0.19592773914337158
0.24429526925086975
0.48567214608192444
0.5278289765119553
0.08681201934814453
-0.10594278573989868
0.24894848465919495
0.054835617542266846
0.22166427969932556
0.1469365656375885
0.4151310622692108
0.35105428099632263
0.09063893556594849
0.47329992055892944
0.16851431131362915
0.0936591625213623
0.09337541460990906
0.16034555435180664
0.10007384419441223
0.14562618732452393
0.11225771903991699
0.2721460461616516
0.5916894674301147
0.28253933787345886
-0.12296417355537415
0.390845388174057
0.60369473695755
0.12635618448257446
0.29709306359291077
0.3231509029865265
0.683919370174408
0.41893941164016724
0.11801761388778687
0.4736863076686859
0.22033676505088806
0.07378658652305603
-0.06445401906967163
0.30778250098228455
0.22728297114372253
0.2895762026309967
0.38855791091918945
0.22736498713493347
0.0733148455619812
0.29036104679107666
0.07439124584197998
0.18963438272476196
0.04633340239524841
0.21603313088417053
0.14936736226081848
0.12671533226966858
-0.023784786462783813
0.15702474117279053
0.2633659541606903
0.3659195303916931
0.14117339253425598
0.4142964780330658
0.208963543176651
0.18098923563957214
0.06535109877586365
0.026667892932891846
0.4802969992160797
0.4300077259540558
0.34803417325019836
0.3592682182788849
0.3935627341270447
0.5227967500686646
0.25631046295166016
0.3057671785354614
0.10671398043632507
0.38999757170677185
0.3753005564212799
0.07345771789550781
0.08417379856109619
0.3747194707393646
0.3482048213481903
0.32022932171821594
0.18349218368530273
0.46238839626312256
0.3393881916999817
0.2552936375141144
0.13489112257957458
0.07904914021492004
0.08244246244430542
0.23396149277687073
0.0995396077632904
0.12925425171852112
0.4624646008014679
0.43030059337615967
0.2925582230091095
0.16052532196044922
0.051065802574157715
0.06152412295341492
0.3218064308166504
0.2401028573513031
-0.07320180535316467
0.7480399310588837
0.1516764760017395
0.13509154319763184
0.07763800024986267
0.14562618732452393
0.5184417366981506
0.26609572768211365
0.30299097299575806
0.32082900404930115
0.2238888442516327
0.2607234716415405
0.32815536856651306
0.2520047128200531