0.36999261379241943
0.08233153820037842
-0.1179724931716919
0.3406651020050049
-0.13777518272399902
0.1516106128692627
0.4112285375595093
0.08366453647613525
-0.08970046043395996
0.1453615427017212
0.12793588638305664
0.36552977561950684
0.13444828987121582
0.19483673572540283
0.3244013786315918
0.3741694688796997
0.15715765953063965
0.23055040836334229
0.18616950511932373
0.2973814010620117
0.023746371269226074
0.12867486476898193
0.18962907791137695
0.2082301378250122
0.008609771728515625
-0.2477891445159912
0.13383007049560547
0.21847844123840332
0.03996133804321289
0.33465611934661865
-0.05819284915924072
0.061655402183532715
0.11793649196624756
0.28565680980682373
0.12480223178863525
-0.07087695598602295
0.240761399269104
0.252699613571167
0.20096826553344727
0.19952332973480225
0.11633110046386719
0.2277621030807495
0.1826688051223755
0.08582079410552979
0.2372514009475708
0.10453629493713379
0.1816951036453247
0.14441847801208496
0.2315601110458374
0.32594239711761475
0.09162724018096924
0.2408595085144043
1.1314595341682434
0.14488434791564941
0.5316020250320435
0.07353055477142334
0.2591731548309326
0.36565303802490234
0.3207288980484009
-0.004381537437438965
0.15700697898864746
0.22491765022277832
0.2786482572555542
0.07055652141571045
0.408047080039978
0.3024470806121826
0.240350604057312
0.35189294815063477
0.26753008365631104
0.10111057758331299
0.21535634994506836
0.006432652473449707
-0.20668399333953857
0.3365672826766968
-0.2229154109954834
0.2556900978088379
0.022478461265563965
0.41056180000305176
0.325803279876709
0.22967851161956787
-0.04515719413757324
0.16170120239257812
-0.15279805660247803
0.049883484840393066
0.18382632732391357
-0.18801414966583252
0.8827367424964905
0.17884302139282227
0.3589339256286621
0.2044663429260254
0.09122216701507568
0.09216690063476562
0.044971585273742676
0.35633385181427
0.3385581970214844
0.2532687187194824
0.09712958335876465
0.4707077741622925
0.2617577314376831
-0.04368102550506592
0.1673496961593628
0.07775235176086426
0.47238242626190186
0.10047149658203125
0.4555126428604126
0.28020966053009033
0.15610933303833008
0.15313184261322021
0.1492319107055664
-0.06220710277557373
-0.06701236963272095
0.4994546175003052
0.16485893726348877
0.10891616344451904
0.35834765434265137
0.15268754959106445
0.07918000221252441
0.3031322956085205
0.039084672927856445
0.23287510871887207
0.23518097400665283
0.25101518630981445
0.2969961166381836
0.1677912473678589
0.0021070241928100586
0.3718923330307007
0.06880414485931396
0.24533486366271973
0.14285814762115479
-0.1556413173675537
0.23973023891448975
0.10555136203765869
0.1753312349319458
0.0950014591217041
0.12166690826416016
0.0034826993942260742
-0.0911170244216919
0.5677725076675415
0.3092726469039917
-0.07329285144805908
0.08137357234954834
0.3425107002258301
0.11918449401855469
0.524936318397522
0.135903000831604
0.3904675245285034
0.23446106910705566
0.2119525671005249
0.4159986972808838
0.263416051864624
-0.058120131492614746
0.021292448043823242
0.03629255294799805
0.1896911859512329
-0.0016945600509643555
-0.05140340328216553
0.255901575088501
0.0364304780960083
0.3739711046218872
0.16406726837158203
0.33372366428375244
0.24354636669158936
-0.11211013793945312
0.17350804805755615
0.09498405456542969
0.9959714412689209
-0.24813413619995117
0.306343674659729
0.4236034154891968
-0.04595977067947388
0.289090633392334
0.36713671684265137
0.5045740604400635
0.38883650302886963
0.27858686447143555
0.12705254554748535
0.05050790309906006
0.4134402275085449
-0.27449190616607666
0.07814288139343262
0.15094876289367676
0.14290666580200195
0.26975297927856445
0.19729125499725342
0.054616451263427734
0.13452863693237305
-0.2888127565383911
0.06644916534423828
0.33742380142211914
0.1340785026550293
-0.24748361110687256
0.3858661651611328
0.301480770111084
-0.12424468994140625
0.27187812328338623
0.058334946632385254
0.4413573741912842
0.20879364013671875
0.16619503498077393
0.22888827323913574
0.3144735097885132
-0.27540844678878784
0.2337247133255005
0.06829220056533813
-0.06643247604370117
0.16378116607666016
0.28022539615631104
0.2179635763168335
0.43961358070373535
0.08420395851135254
0.29850494861602783
-0.04020726680755615
0.028510212898254395
0.21025657653808594
0.14360249042510986
0.06809353828430176
0.6590406894683838
0.1974726915359497
0.13735294342041016
0.2595634460449219
0.13317763805389404
0.2532902956008911
-0.03653526306152344
0.06331586837768555
0.15859079360961914
0.30158424377441406
-0.1936095952987671
0.2320173978805542
1.2892484664916992
0.47120535373687744
-0.013468146324157715
-0.14603126049041748
0.10684573650360107
0.2858262062072754
0.24857032299041748
0.024182438850402832
-0.03582906723022461
-0.01812267303466797
0.05938577651977539
-0.03472936153411865
0.5843642950057983
0.3457263708114624
0.203995943069458
0.11863690614700317
0.0953596830368042
-0.015010595321655273
0.328898549079895
0.4400291442871094
-0.06327557563781738
-0.044156432151794434
0.3228105306625366
0.6500855684280396
-0.07836616039276123
0.016971707344055176
0.2478269338607788
-0.0686197280883789
0.5582882165908813
0.3646583557128906
0.017366766929626465
0.27019524574279785
-0.0028172731399536133
0.09831321239471436
0.050910353660583496
0.22925317287445068
0.37185049057006836
0.09900450706481934
0.31952106952667236
-0.033426523208618164
0.030012845993041992
0.20120275020599365
-0.191503643989563
0.18382102251052856
0.17443084716796875
0.28935277462005615
0.2891409397125244
0.29637444019317627
0.1544053554534912
-0.04849123954772949
0.15416979789733887
0.12700235843658447
-0.1632540225982666
0.16031241416931152
0.013624310493469238
0.153609037399292
0.5739452838897705
0.10080492496490479
0.21132934093475342
-0.06833600997924805
0.21152901649475098
0.1839580535888672
0.05398738384246826
-0.04250216484069824
0.19392716884613037
-0.06270861625671387
0.3301513195037842
0.4863187074661255
-0.10230422019958496
0.16846132278442383
0.29886341094970703
0.24914860725402832
0.1795177459716797
0.11376869678497314
0.2175154685974121
0.3246734142303467
-0.1511390209197998
0.088584303855896
0.34442174434661865
0.13512682914733887
0.42030978202819824
-0.0011322498321533203
-0.10891866683959961
0.6251386404037476
0.14990365505218506
-0.11464285850524902
0.27537405490875244
0.08659493923187256
0.26313328742980957
0.0055620670318603516
-0.03094184398651123
0.31768786907196045
0.2957115173339844
0.2581369876861572
0.40598559379577637
0.12719619274139404
0.039339303970336914
0.24846339225769043
0.5749977827072144
0.4193042516708374
0.41679227352142334
0.04551124572753906
0.30646002292633057
0.052978515625
0.2591782808303833
0.23656749725341797
0.10780441761016846
0.33232951164245605
0.2055680751800537
0.40331482887268066
0.026887059211730957
0.05006909370422363
-0.017100095748901367
0.6124013662338257
0.1835191249847412
0.5243332386016846
0.39507126808166504
0.2851158380508423
0.5104146003723145
0.7971416711807251
0.07277333736419678
0.022885680198669434
0.10663235187530518
0.19396460056304932
0.1297534704208374
-0.0710446834564209
0.28433525562286377
0.4738656282424927
0.31971919536590576
0.15066218376159668
0.21157580614089966
-0.1036839485168457
0.04827749729156494
-0.0890812873840332
0.15887236595153809
0.18654167652130127
0.2533224821090698
0.06702971458435059
-0.17693376541137695
0.16788196563720703
0.3987433910369873
0.20135760307312012
0.013302803039550781
0.004544734954833984
0.22807776927947998
0.26176393032073975
0.3700413703918457
0.20816659927368164
0.16559314727783203
0.6391886472702026
-0.04158163070678711
0.08163213729858398
-0.01614832878112793
0.26021289825439453
0.12647879123687744
0.12302136421203613
0.04966318607330322
0.14194989204406738
0.08421552181243896
0.38436853885650635
0.2516690492630005
0.3298584222793579
-0.06995093822479248
0.36804330348968506
0.2516815662384033
0.184564471244812
-0.049611568450927734
-0.0069959163665771484
-0.0755232572555542
0.3962392807006836
0.09223783016204834
0.04230344295501709
0.191802978515625
0.16769707202911377
0.26856207847595215
0.27391159534454346
0.201995849609375
0.2639669179916382
0.3131486177444458
0.12295079231262207
0.18514275550842285
0.438301682472229
0.18954825401306152
0.07290816307067871
0.0880897045135498
0.24620568752288818
0.37410855293273926
0.1418302059173584
0.24254846572875977
0.13121700286865234
0.09745252132415771
-0.030474185943603516
0.07855737209320068
0.2847461700439453
0.24149775505065918
-0.1349942684173584
-0.023707151412963867
0.00913381576538086
-0.019022703170776367
-0.0663459300994873
-0.02853250503540039
0.3391861915588379
0.1481090784072876
-0.00417482852935791
0.1599721908569336
0.04231417179107666
0.2272413969039917
0.45706379413604736
-0.05032145977020264
0.10406029224395752
-0.13692975044250488
0.24970674514770508
0.056594133377075195
0.4985605478286743
0.009087443351745605
0.25980889797210693
0.17007577419281006
0.03319907188415527
0.7033495903015137
0.38022756576538086
0.13184911012649536
0.29338908195495605
0.02836322784423828
0.6073423624038696
0.12976956367492676
0.11471700668334961
0.20446932315826416
0.4629504680633545
0.1590670347213745
0.1904846429824829
0.10297775268554688
-0.04557788372039795
0.3304070234298706
0.16649723052978516
0.41286635398864746
0.6515063047409058
0.11659371852874756
0.09348070621490479
0.2053072452545166
0.14369523525238037
0.3133811950683594
0.047374606132507324
0.47990942001342773
0.24484765529632568
0.18217861652374268
0.43774330615997314
0.1982330083847046
-0.17399227619171143
0.31133174896240234
0.13700926303863525
0.08896243572235107
0.27944207191467285
0.38155853748321533
0.5151004791259766
0.09756255149841309
0.16036343574523926
0.4226493835449219
0.17255795001983643
0.06921494007110596
0.31178832054138184
0.23977994918823242
0.14962100982666016
0.07150578498840332
0.06190228462219238
0.04278719425201416
0.34028124809265137
0.5248286724090576
-0.13540935516357422
0.5238198041915894
-0.10099124908447266
0.0007997751235961914
0.24002182483673096
0.26017022132873535
0.22151422500610352
0.25976085662841797
0.11911022663116455
0.027777552604675293
0.1680811643600464
0.18169260025024414
0.007523059844970703
0.3186774253845215
0.31439483165740967
-0.02467632293701172
0.30222511291503906
0.5118492841720581
0.46835291385650635
0.4590339660644531
0.12765920162200928
0.10142123699188232
0.1693708896636963
0.4772142171859741
0.2689335346221924
0.22843694686889648
0.29737555980682373
0.31053054332733154
-0.20156681537628174
0.19447481632232666
0.11379265785217285
0.2870762348175049
0.2736039161682129
0.3029841184616089
-0.3911999464035034
0.23575568199157715
0.5354291200637817
0.29896295070648193
0.18439137935638428
0.47610336542129517
0.28144919872283936
0.46013450622558594
0.06926178932189941
0.37875986099243164
0.4604579210281372
0.09959352016448975
0.12020993232727051
0.5972150564193726
0.19566142559051514
0.055315613746643066
0.3864973783493042
-0.208060622215271
0.3444697856903076
0.24732279777526855
-0.0005590915679931641
0.2828942537307739
0.12028729915618896
0.02928638458251953
0.11318719387054443
-0.12411308288574219
0.19260692596435547
0.05335366725921631
0.25334322452545166
0.16823101043701172
0.04354655742645264
0.22854387760162354
0.8409515619277954
0.8503677845001221
0.5587811470031738
0.2907109260559082
-0.15087532997131348
0.20733296871185303
0.23803913593292236
0.4403707981109619
0.19196081161499023
0.16699397563934326
0.30854713916778564
0.19488441944122314
-0.10333800315856934
0.0005097389221191406
0.22432482242584229
0.2205672264099121
0.22304105758666992
0.1382462978363037
0.09440505504608154
0.15889596939086914
0.2957693338394165
0.037427425384521484
0.02724158763885498
0.5304557085037231
0.48747265338897705
-0.012819051742553711
0.11910653114318848
0.13017773628234863
0.2575567960739136
0.18503451347351074
0.06447553634643555
-0.16893678903579712
0.21952128410339355
0.03983581066131592
0.13177978992462158
0.2072264552116394
0.025722026824951172
0.1960127353668213
-0.09914493560791016
0.06856966018676758
-0.1710798740386963
0.11661195755004883
0.32479727268218994
-0.021021485328674316
0.21273505687713623
0.584709882736206
0.3317525386810303
0.03887736797332764
-0.16461288928985596
0.30500781536102295
0.5412631034851074
0.04311645030975342
0.14451956748962402
0.31521451473236084
0.11036181449890137
0.12144780158996582
0.3776571750640869
0.03159010410308838
0.39542388916015625
0.20283830165863037
0.16175758838653564
0.14032554626464844
-0.02659618854522705
0.1465597152709961
0.44177448749542236
-0.053813815116882324
0.2473231554031372
0.31152796745300293
-0.000990748405456543
0.14635717868804932
0.4385286569595337
0.20590722560882568
0.3161062002182007
0.17284202575683594
0.08520281314849854
0.06063401699066162
-0.005537867546081543
0.1755220890045166
0.20081257820129395
0.1369255781173706
-0.20548415184020996
0.36303114891052246
0.4877943992614746
0.21959948539733887
0.34631574153900146
0.22223126888275146
0.09050309658050537
0.2140883207321167
0.4571009874343872
0.20604538917541504
0.17114770412445068
-0.012006521224975586
-0.23528730869293213
0.3560307025909424
0.1454157829284668
0.28753232955932617
0.19023370742797852
0.28307902812957764
0.3256596326828003
0.32541072368621826
0.20335042476654053
0.32744598388671875
0.06565630435943604
0.9482713937759399
0.09920203685760498
0.2888202667236328
0.31908655166625977
-0.08067101240158081
0.05352437496185303
0.5370122194290161
-0.026462078094482422
0.1261301040649414
0.08850550651550293
0.3805549144744873
-0.16116642951965332
0.18657612800598145
0.03871309757232666
0.0677114725112915
0.4186486005783081
0.07885730266571045
0.14577782154083252
0.1996828317642212
0.12294375896453857
0.4428088665008545
0.44814157485961914
0.10354506969451904
0.21840715408325195
0.30628442764282227
0.2893115282058716
0.23123788833618164
-0.013636350631713867
0.43640828132629395
0.14231061935424805
0.09373331069946289
0.11358928680419922
0.4330233335494995
0.39769697189331055
0.2187572717666626
0.29568052291870117
0.291267991065979
0.36818253993988037
0.10246074199676514
0.2997020483016968
0.47954869270324707
0.17138397693634033
0.033837318420410156
-0.06397390365600586
-0.09634518623352051
0.11725223064422607
0.06054532527923584
-0.2647886276245117
0.2537119388580322
0.17803621292114258
0.2692617177963257
0.18137693405151367
-0.025994420051574707
-0.30496203899383545
0.7609415054321289
0.3096989393234253
-0.015262007713317871
0.15375399589538574
0.23181688785552979
-0.04983651638031006
0.19730377197265625
0.10888433456420898
0.14377474784851074
0.12021100521087646
0.35253071784973145
0.4801830053329468
-0.029874801635742188
0.15899813175201416
-0.08207011222839355
0.24651217460632324
0.5724446773529053
0.34552133083343506
0.008606553077697754
0.22099125385284424
0.05703568458557129
0.15744638442993164
0.4478740692138672
0.041774630546569824
0.033724188804626465
0.30379199981689453
0.7265114784240723
0.2870885729789734
0.4573404788970947
0.2305222749710083
0.21319353580474854
0.044635653495788574
0.17926716804504395
0.2506601810455322
0.36715757846832275
0.48849642276763916
0.2153087854385376
0.14296698570251465
0.16665267944335938
0.2580822706222534
-0.11549687385559082
-0.0686725378036499
0.2945643663406372
0.24717867374420166
0.15235483646392822
0.32642459869384766
0.12573039531707764
0.020587801933288574
0.0550382137298584
0.17006754875183105
0.2616739273071289
0.4097827672958374
0.16176128387451172
0.23470747470855713
0.3078877925872803
0.12038135528564453
0.3278547525405884
0.3045850992202759
0.14585018157958984
0.16733598709106445
-0.20831048488616943
0.163810133934021
0.2529412508010864
0.19854867458343506
0.23922991752624512
0.24976801872253418
0.009780406951904297
1.1314595341682434
0.16272413730621338
0.2874547243118286
0.23580777645111084
0.2984851598739624
0.4822629690170288
0.008850514888763428
0.5237252712249756
0.1891394853591919
0.24716293811798096
0.16754627227783203
0.03230077028274536
0.4646949768066406
0.14075374603271484
-0.16442358493804932
0.12440383434295654
0.2561533451080322
0.039154887199401855
-0.19106650352478027
0.13408184051513672
0.26472771167755127
0.12982571125030518
0.3173666000366211
0.08159255981445312
0.6868396997451782
0.2574211359024048
0.17577731609344482
-0.008710145950317383
0.2108687162399292
0.07079458236694336
0.24853801727294922
0.2062680721282959
-0.00792241096496582
0.2330411672592163
0.3576235771179199
0.04712367057800293
0.3328852653503418
0.17258310317993164
0.320346474647522
0.11724227666854858
0.0035469532012939453
0.7563800811767578
0.8176645040512085
0.13817346096038818
0.4007437229156494
0.23049163818359375
0.40292930603027344
0.37470293045043945
0.06965398788452148
0.44651734828948975
0.29113054275512695
0.06208205223083496
0.17624902725219727
0.07376301288604736
0.327811598777771
-0.08002698421478271
0.1560811996459961
0.2311338186264038
0.16258251667022705
0.28923499584198
0.14600586891174316
0.02834451198577881
0.11935710906982422
0.12161505222320557
0.1584872007369995
0.19640612602233887
0.0644071102142334
0.4901461601257324
0.23162448406219482
0.27832353115081787
0.26936978101730347
0.042177557945251465
-0.09095704555511475
0.11902529001235962
0.2246127724647522
0.1972733736038208
-0.11387836933135986
-0.03856790065765381
0.20787382125854492
0.30698275566101074
0.10737216472625732
-0.01993715763092041
0.22454434633255005
0.1526472568511963
0.1227118968963623
0.478885293006897
0.1505354642868042
0.16897034645080566
-0.04743301868438721
0.1757756471633911
0.11263251304626465
0.20601046085357666
0.43814897537231445
0.04140651226043701
0.2522650957107544
0.25506460666656494
0.37513160705566406
0.3736323118209839
0.12923812866210938
-0.11773025989532471
-0.19997680187225342
0.3036705255508423
0.3150976896286011
0.05672049522399902
0.17152583599090576
0.12548983097076416
0.2150784730911255
0.5851031541824341
0.17278790473937988
-0.01349020004272461
0.3535385727882385
0.42469310760498047
0.3014678955078125
0.06547409296035767
0.06876885890960693
0.23636102676391602
0.39312124252319336
-0.14173215627670288
0.09566831588745117
0.1408916711807251
-0.2434701919555664
-0.04551994800567627
-0.1652240753173828
0.16141843795776367
-0.19555413722991943
0.33637726306915283
0.15926921367645264
0.08555173873901367
0.23805642127990723
0.09941458702087402
-0.0038663148880004883
0.011210441589355469
0.04513680934906006
-0.1004018783569336
0.1387794017791748
0.5268821716308594
0.10091662406921387
0.18081974983215332
-0.13338005542755127
0.12724459171295166
0.26620471477508545
0.2835359573364258
0.08060026168823242
0.2756378650665283
0.4389415979385376
0.08140707015991211
0.6298860311508179
0.09433543682098389
0.22445952892303467
0.015680789947509766
0.10075235366821289
0.09268617630004883
-0.19496119022369385
0.12221109867095947
0.2106858491897583
0.3783928155899048
0.3348430395126343
-0.08483016490936279
0.19805705547332764
0.027118563652038574
0.32538866996765137
0.3140655755996704
-0.11896133422851562
0.17152130603790283
0.16563963890075684
0.2696659564971924
0.36629295349121094
0.2643134593963623
0.25750577449798584
0.34562933444976807
0.11522853374481201
-0.23987436294555664
0.4127286672592163
0.3283360004425049
-0.28051817417144775
0.10046529769897461
0.3072547912597656
0.41168510913848877
0.1378861665725708
0.498618483543396
0.0387880802154541
0.1089245080947876
0.7285956144332886
0.251723051071167
-0.12311196327209473
0.24579453468322754
0.2829709053039551
-0.09738850593566895
0.2573695182800293
0.01994621753692627
0.46201062202453613
0.3189678192138672
0.08715081214904785
0.7410539388656616
0.15135836601257324
0.2000136375427246
0.2818666696548462
0.37263333797454834
-0.09117043018341064
0.4258688688278198
0.18559777736663818
0.030309677124023438
0.09868180751800537
0.4415719509124756
-0.07779049873352051
0.33594805002212524
0.0739436149597168
0.5261673927307129
0.24724221229553223
0.32081615924835205
0.27232158184051514
0.1331421136856079
0.27520978450775146
0.2358696460723877
0.2408599853515625
0.09508275985717773
0.6716421842575073
0.21449363231658936
0.30500781536102295
0.20392262935638428
0.4080759286880493
0.30646347999572754
-0.018918395042419434
0.20321393013000488
0.20308184623718262
-0.10152971744537354
0.0792093276977539
-0.37297046184539795
-0.13579696416854858
0.08719658851623535
0.380834698677063
-0.05309891700744629
0.2254112958908081
0.5382794141769409
0.08953189849853516
0.10263776779174805
0.18649780750274658
0.12632441520690918
0.22740352153778076
-0.15652191638946533
0.11950600147247314
0.1402527093887329
0.3161749839782715
-0.37253475189208984
0.25528836250305176
0.33900392055511475
0.45669102668762207
0.2403278350830078
0.04367530345916748
-0.14042389392852783
-0.0292055606842041
0.23311853408813477
0.3236682415008545
0.2697802782058716
0.04976487159729004
0.11437797546386719
0.09977400302886963
0.19104790687561035
0.1109849214553833
-0.08710730075836182
-0.10281038284301758
0.2910428047180176
0.23324167728424072
0.2112135887145996
0.7453147172927856
0.3700745105743408
0.32583320140838623
0.022405266761779785
0.3708854913711548
0.14314937591552734
0.5172535181045532
-0.037108778953552246
0.23691678047180176
0.26480603218078613
0.06549310684204102
0.09509468078613281
0.7432892322540283
-0.15975236892700195
0.03116130828857422
0.2930262088775635
0.5058913230895996
0.2505214214324951
0.05386185646057129
0.1591482162475586
0.3737386465072632
0.09275078773498535
0.1028592586517334
0.08386397361755371
0.3331664800643921
0.36104345321655273
0.1934128999710083
0.13808411359786987
0.30443835258483887
0.23450124263763428
0.36906325817108154
0.20416736602783203
0.5274280309677124
0.2758122682571411
0.17249047756195068
-0.11744236946105957
0.14608967304229736
-0.13929760456085205
-0.1105724573135376
-0.11342728137969971
0.15434038639068604
0.11061012744903564
0.16980326175689697
0.2557947635650635
0.1668655276298523
0.12902319431304932
0.21965712308883667
0.23147690296173096
0.0761573314666748
0.16167879104614258
0.13352811336517334
0.1571410894393921
0.23088228702545166
-0.3051466941833496
0.4257235527038574
0.43581581115722656
0.16100120544433594
0.22344112396240234
0.29219138622283936
0.10387253761291504
0.22318017482757568
0.2597423195838928
-0.08474576473236084
0.26549696922302246
0.21237385272979736
0.5947421789169312
0.11060881614685059
0.13256049156188965
0.07536041736602783
0.3324301242828369
0.4026494026184082
0.4211009740829468
-0.0028291940689086914
0.18241417407989502
0.25973737239837646
0.19252407550811768
0.5324491262435913
0.7139631509780884
0.22805500030517578
0.18152225017547607
0.24972963333129883
0.20784401893615723
0.07349622249603271
0.4290153980255127
0.19700324535369873
0.35787463188171387
0.2025545835494995
0.22143733501434326
0.04221987724304199
0.12122213840484619
0.21908152103424072
0.14620649814605713
0.09556245803833008
0.09550809860229492
0.6150851249694824
0.22177571058273315
0.6040434837341309
0.18764102458953857
0.264432430267334
-0.0685431957244873
-0.25062716007232666
0.45203322172164917
0.12517249584197998
0.049536705017089844
0.10790932178497314
0.07750415802001953
0.21832966804504395
0.04244589805603027
0.34450197219848633
0.2610170841217041
0.21693730354309082
0.197884202003479
0.09421837329864502
0.22879302501678467
-0.048593997955322266
0.10634195804595947
0.2198399305343628
0.6746935844421387
0.26605284214019775
0.43614256381988525
0.06531250476837158
-0.007769107818603516
0.06409859657287598
0.34343230724334717
0.2448514699935913
0.20827770233154297
-0.14193463325500488
0.04839777946472168
0.28411686420440674
-0.044527530670166016
0.12456583976745605
-0.04571545124053955
0.41117894649505615
0.40626275539398193
0.054976463317871094
0.2259305715560913
0.2527883052825928
0.35525989532470703
0.2561296224594116
0.15108370780944824
0.47116315364837646
0.1268448829650879
-0.09596812725067139
0.13627409934997559
0.03241753578186035
0.3407233953475952
-0.03570234775543213
0.21985268592834473
0.04863381385803223
-0.15342509746551514
0.49287915229797363
0.06671738624572754
0.02697896957397461
0.2907475233078003
0.25824469327926636
0.05390000343322754
0.27971696853637695
0.6894410848617554
-0.18705320358276367
-0.014884114265441895
0.19494664669036865
0.07656741142272949
0.03346538543701172
0.07560932636260986
0.2744753360748291
0.26380836963653564
0.010063648223876953
0.14061880111694336
0.6009277105331421
0.2469998598098755
0.09517908096313477
0.33326423168182373
0.09078633785247803
-0.06255245208740234
-0.058133721351623535
0.20266640186309814
0.0958489179611206
-0.1386730670928955
-0.22960007190704346
0.19684433937072754
0.22549450397491455
0.27752685546875
0.20921540260314941
0.07988321781158447
0.20076406002044678
0.21705853939056396
0.2956138849258423
0.13603639602661133
0.32386326789855957
0.023902535438537598
0.19687247276306152
0.02225470542907715
-0.0331573486328125
0.13726305961608887
0.29236435890197754
0.1937551498413086
0.3248821496963501
0.3788501024246216
0.1805356740951538
0.5245383977890015
0.17133688926696777
0.407511830329895
0.46933627128601074
0.6088158488273621
0.22557973861694336
-0.18122214078903198
0.3013908863067627
0.16807985305786133
-0.38198721408843994
0.10547888278961182
0.1769341230392456
0.12892091274261475
0.47462236881256104
0.09129059314727783
0.3395270109176636
-0.20582658052444458
0.1713017225265503
0.1976710557937622
0.13220858573913574
0.05409574508666992
0.2346937656402588
-0.008873701095581055
0.37403321266174316
0.41088974475860596
0.32847511768341064
-0.07512450218200684
0.18688130378723145
0.48383569717407227
0.05174422264099121
0.27118980884552
0.5245571136474609
0.2604563236236572
0.0700371265411377
-0.08868706226348877
0.35204458236694336
0.30043458938598633
-0.26103031635284424
-0.15110325813293457
0.3052558898925781
0.21930181980133057
0.16614282131195068
-0.0004705190658569336
-0.1016232967376709
0.06265664100646973
0.2445204257965088
0.306843638420105
0.24479758739471436
0.1983034610748291
0.4144480228424072
0.22620797157287598
0.15416598320007324
0.010048270225524902
0.1659945249557495
0.18837404251098633
0.198827862739563
0.2515251636505127
0.24775516986846924
0.18358325958251953
0.3757445812225342
0.09026086330413818
-0.012541651725769043
0.06911301612854004
0.026150822639465332
0.11505711078643799
0.21896839141845703
0.6048191785812378
0.440027117729187
0.15654003620147705
0.33962440490722656
0.15076422691345215
0.36853551864624023
0.3819226026535034
0.23832941055297852
0.15619921684265137
0.07034647464752197
0.2927893400192261
0.2493896484375
0.30786335468292236
0.09562361240386963
-0.00798654556274414
0.4015655517578125
0.11871349811553955
0.13452458381652832
0.25221675634384155
0.18503785133361816
0.04791271686553955
-0.06684708595275879
0.11351430416107178
0.3585413694381714
0.15832149982452393
0.3275693655014038
0.20134305953979492
0.20103371143341064
0.40018177032470703
0.27582669258117676
0.3727719783782959
0.01761448383331299
0.42066073417663574
0.14309263229370117
0.10179972648620605
0.28035664558410645
0.2550654411315918
0.22519254684448242
0.2539057731628418
0.4245413541793823
0.3021392822265625
0.3949545621871948
0.3017401695251465
0.4838531017303467
0.04977715015411377
0.23222005367279053
0.3534358739852905
0.13992881774902344
0.23233544826507568
0.12779223918914795
0.505631685256958
0.3336430788040161
0.21903550624847412
0.18449485301971436
0.09873485565185547
0.0983508825302124
0.14284038543701172
-0.09891295433044434
0.08032405376434326
0.18336594104766846
0.08769714832305908
-0.1037675142288208
0.059229135513305664
0.30737972259521484
-0.049054861068725586
0.43079841136932373
0.3885488510131836
0.23146748542785645
0.3672229051589966
0.04391753673553467
0.28980350494384766
0.10019779205322266
-0.24029910564422607
0.15555477142333984
0.44346892833709717
0.05007922649383545
-0.17641019821166992
0.28170180320739746
0.05183827877044678
0.04675555229187012
0.0653764009475708
0.134560227394104
0.2261962890625
0.09470748901367188
0.0027709007263183594
0.12721681594848633
0.03792238235473633
0.31244170665740967
0.41041338443756104
0.1323070526123047
0.4048168659210205
0.08000349998474121
0.29224610328674316
0.03629255294799805
0.4567697048187256
0.054444193840026855
0.1951810121536255
0.32907068729400635
0.28668487071990967
0.08910226821899414
0.30780327320098877
-0.04844069480895996
0.08747005462646484
0.16459667682647705
0.09435200691223145
0.32616281509399414
0.21444225311279297
0.0016683340072631836
0.3327946662902832
0.2227160930633545
0.5022618770599365
0.20630931854248047
0.005303144454956055
0.14781427383422852
-0.1607431173324585
0.24243104457855225
0.21229815483093262
0.19059276580810547
0.2327897548675537
0.2990173101425171
0.25060808658599854
0.2501814365386963
-0.2681310176849365
0.19622480869293213
0.07857358455657959
0.2065746784210205
0.09485113620758057
0.21583259105682373
-0.011618494987487793
0.15051138401031494
0.0439152717590332
0.4698539972305298
0.1504136323928833
0.27013099193573
0.2700129747390747
0.530192494392395
0.2724674940109253
0.40701866149902344
0.45275068283081055
0.1291518211364746
0.3411521911621094
0.012221932411193848
-0.25887227058410645
0.08638334274291992
0.12111115455627441
0.08808112144470215
0.3792860507965088
0.29289495944976807
0.3965867757797241
0.3410627841949463
0.1444230079650879
0.3075990676879883
-0.045778751373291016
0.19155395030975342
0.2231607437133789
0.12738347053527832
0.19948387145996094
0.021402955055236816
0.3757420778274536
-0.20380747318267822
0.25697851181030273
0.18097901344299316
0.34615862369537354
0.17101430892944336
0.2674757242202759
0.18278777599334717
0.16259706020355225
-0.06255006790161133
-0.06218922138214111
0.15543270111083984
0.017938852310180664
0.13324761390686035
0.252811074256897
0.2585991621017456
0.15233278274536133
0.15245258808135986
0.34234297275543213
0.1873878836631775
0.11456871032714844
0.2562352418899536
-0.0863344669342041
0.03085017204284668
0.21947133541107178
-0.05662643909454346
0.30311715602874756
-0.028255939483642578
0.11482977867126465
0.46740245819091797
-0.25859344005584717
-0.013645410537719727
0.3359236717224121
0.17892169952392578
0.22272121906280518
0.18607211112976074
0.12529456615447998
0.17327404022216797
0.3326230049133301
0.01992809772491455
0.6847538948059082
0.12300562858581543
-0.19624507427215576
-0.09561896324157715
0.19921636581420898
0.13144564628601074
0.10243189334869385
0.30213677883148193
0.04103279113769531
0.21428978443145752
0.01310873031616211
0.11655724048614502
0.653154730796814
0.29673802852630615
0.17468762397766113
-0.002531886100769043
0.1377037763595581
0.21506595611572266
-0.24950063228607178
0.23504364490509033
0.1719905138015747
0.15178287029266357
-0.15385794639587402
0.013123631477355957
0.004200577735900879
0.21000897884368896
0.18268823623657227
0.17082750797271729
0.21575522422790527
-0.13848662376403809
-0.13597583770751953
-0.23744022846221924
0.1853501796722412
-0.11455178260803223
0.17106401920318604
0.24647045135498047
0.055711984634399414
-0.16386783123016357
0.30446040630340576
-0.12035739421844482
0.10783886909484863
0.15704548358917236
0.020815253257751465
0.10360056161880493
0.06550920009613037
-0.05031776428222656
-0.020832300186157227
0.2403174638748169
0.3348214626312256
0.2797917127609253
0.2872861623764038
0.16861367225646973
0.29374659061431885
0.19679975509643555
0.19828641414642334
0.6846275329589844
0.22686219215393066
0.27964675426483154
-0.15272879600524902
0.13167262077331543
0.21071135997772217
-0.0814213752746582
0.2157747745513916
0.1657923460006714
0.13340353965759277
0.3270566463470459
0.10230636596679688
0.346171498298645
0.06488347053527832
0.16307580471038818
0.16527307033538818
0.23177313804626465
0.6282881498336792
0.21181893348693848
0.2301560640335083
0.0963144302368164
0.14298796653747559
0.16523903608322144
0.24646174907684326
0.30584442615509033
0.2695744037628174
0.13321256637573242
0.13460993766784668
0.33290553092956543
0.016953468322753906
0.226027250289917
-0.001798391342163086
0.23976778984069824
0.05469560623168945
0.33818256855010986
0.05119740962982178
0.26989173889160156
0.5986859798431396
0.133020281791687
0.13277482986450195
0.1825101375579834
-0.06344914436340332
-0.00890815258026123
0.07867097854614258
0.40446698665618896
0.13760113716125488
-0.01105809211730957
0.2861708402633667
0.2723667621612549
-0.07693099975585938
-0.010754108428955078
0.06690055131912231
-0.17765557765960693
0.16360878944396973
0.17851579189300537
0.19754064083099365
0.24534320831298828
0.13149869441986084
0.377122163772583
0.911402702331543
0.4837213158607483
0.5237038135528564
0.24076390266418457
0.3278920650482178
0.05730891227722168
0.14940345287322998
-0.11572051048278809
0.20730018615722656
0.20383977890014648
0.1397995948791504
-0.021446824073791504
0.20148563385009766
0.27911531925201416
-0.23164057731628418
-0.07315206527709961
0.0066072940826416016
0.18824481964111328
0.2825005054473877
0.22155261039733887
0.4297724962234497
0.17479896545410156
0.32267045974731445
0.16806459426879883
0.1030501127243042
0.11107146739959717
0.019208550453186035
0.18383634090423584
0.08484804630279541
0.32987046241760254
0.34086859226226807
0.09510385990142822
-0.19385111331939697
0.09272646903991699
0.22877514362335205
0.03702521324157715
0.015527009963989258
0.29005420207977295
0.4662597179412842
0.1462780237197876
0.2095702886581421
0.2077699899673462
0.2984386682510376
0.30326712131500244
0.06484043598175049
0.5732678174972534
-0.059697628021240234
0.2384876012802124
0.1882387399673462
0.24041461944580078
0.13109362125396729
0.3894932270050049
0.10879385471343994
0.09599590301513672
-0.13717687129974365
0.09672164916992188
-0.12430930137634277
0.22582507133483887
0.7487069368362427
0.33717310428619385
0.13901829719543457
0.13164234161376953
0.21215176582336426
-0.14017367362976074
0.2357872724533081
0.13440680503845215
0.1502474546432495
0.5483016967773438
0.3145732879638672
-0.016341209411621094
0.3775026798248291
0.3158196210861206
0.4506133794784546
0.25040674209594727
0.07549673318862915
0.2774350643157959
0.4035780429840088
0.8315219879150391
0.19812345504760742
0.06992602348327637
0.2704876661300659
0.2476356029510498
0.5034373998641968
-0.03278982639312744
0.006481766700744629
-0.06359165906906128
0.03829920291900635
0.31855273246765137
0.27479803562164307
-0.027895212173461914
-0.03754377365112305
0.012048840522766113
0.25641560554504395
0.10385656356811523
0.16200721263885498
0.2797353267669678
0.6683096885681152
-0.1528986692428589
0.24907755851745605
0.22443747520446777
0.23947012424468994
-0.0836021900177002
0.17234539985656738
0.180212140083313
0.16953051090240479
0.14566922187805176
0.1291055679321289
0.32666099071502686
0.4829075336456299
0.3624988794326782
0.2894946336746216
0.1590176820755005
0.08406269550323486
0.2867826223373413
0.44579362869262695
0.2890615463256836
-0.15744829177856445
0.30943071842193604
0.20398223400115967
0.1736220121383667
0.23064768314361572
0.3909083604812622
0.27197134494781494
0.24217891693115234
0.3287559747695923
0.15272104740142822
0.332973837852478
0.12929368019104004
0.016358375549316406
-0.25077617168426514
0.2924025058746338
0.20967423915863037
0.1525726318359375
-0.12492895126342773
0.34825170040130615
0.09706449508666992
0.1646500825881958
0.37109553813934326
0.03563690185546875
0.015066146850585938
-0.10274165868759155
0.30781519412994385
-0.02687835693359375
0.10907673835754395
0.07005941867828369
0.23214662075042725
0.24299705028533936
-0.3397941589355469
-0.29610276222229004
0.36484503746032715
-0.2694932222366333
0.1616044044494629
0.2532161474227905
0.5689433813095093
0.19461596012115479
0.2890942096710205
-0.009626626968383789
0.16014766693115234
0.16137969493865967
0.3873012065887451
0.212646484375
0.20546221733093262
0.3540318012237549
0.048653602600097656
0.08073723316192627
-0.03471875190734863
0.033262014389038086
0.015486478805541992
-0.04917502403259277
0.14036279916763306
0.2620985507965088
0.18834972381591797
0.19770550727844238
0.3483833074569702
-0.13418495655059814
0.1333860158920288
-0.11188733577728271
0.19493329524993896
0.16770422458648682
0.3024085760116577
0.1348782777786255
0.1556512713432312
0.03852283954620361
0.13726353645324707
0.12476873397827148
0.1628493070602417
0.1840447187423706
-0.1324007511138916
0.6335498094558716
0.228204607963562
0.029788732528686523
0.2286289930343628
-0.00798952579498291
-0.10122942924499512
0.3154336214065552
0.26574695110321045
0.4230562448501587
-0.08916044235229492
0.23090946674346924
-0.037348270416259766
0.25694870948791504
0.23720622062683105
0.22798287868499756
0.04902362823486328
0.049359798431396484
0.05533003807067871
0.166908860206604
-0.14209413528442383
0.4199279546737671
0.13171732425689697
0.10673642158508301
0.3482872247695923
0.25809144973754883
0.11397206783294678
0.3420252799987793
0.02300739288330078
0.27289366722106934
0.02865433692932129
0.26088881492614746
0.24065208435058594
0.10564374923706055
0.18993473052978516
0.054847121238708496
0.12346994876861572
0.0018630027770996094
-0.17727160453796387
-0.14033019542694092
0.17812442779541016
0.24796438217163086
0.4222602844238281
0.33659911155700684
0.006797432899475098
0.23283541202545166
0.1362682580947876
0.30674290657043457
0.19649028778076172
0.2010047435760498
0.18657588958740234
-0.20100057125091553
0.25859177112579346
-0.0018041133880615234
0.3855780363082886
-0.004115283489227295
0.15476536750793457
0.1287919282913208
0.1306169033050537
0.05520951747894287
0.16030359268188477
0.03373539447784424
0.14832401275634766
0.35028475522994995
0.01601576805114746
0.1532648801803589
0.04442119598388672
0.12621378898620605
0.40216314792633057
0.3657935857772827
0.29410016536712646
0.1754932403564453
0.3368360996246338
0.31253957748413086
0.35179102420806885
0.22263383865356445
0.2284170389175415
0.22231948375701904
0.0986560583114624
0.1657426357269287
-0.028975248336791992
0.20349228382110596
0.22991430759429932
0.10261905193328857
0.2576916217803955
0.0349431037902832
0.5273551940917969
0.03344923257827759
0.1419825553894043
0.10530745983123779
0.17583942413330078
0.06845617294311523
0.1061089038848877
0.16544079780578613
0.24053049087524414
0.3264927864074707
0.3262402415275574
0.13707959651947021
0.3609119653701782
0.2686420679092407
0.3811761140823364
0.06837332248687744
-0.026236414909362793
0.11749792098999023
0.24105632305145264
0.2629507780075073
-0.20101511478424072
0.10338830947875977
0.6224806308746338
0.2631434202194214
0.3632493019104004
0.1508932113647461
0.09276485443115234
0.051152706146240234
0.005244016647338867
0.12601375579833984
0.3273332118988037
-0.06007826328277588
0.181085467338562
0.32040858268737793
0.1947159767150879
0.07662081718444824
0.21711742877960205
0.33365142345428467
0.16962385177612305
0.3271726369857788
0.11165010929107666
0.2157599925994873
0.3092222213745117
0.22319090366363525
0.14356684684753418
0.20298433303833008
0.16272366046905518
0.22305834293365479
0.20904719829559326
0.17866873741149902
0.2338705062866211
0.06968164443969727
0.41003167629241943
0.291202187538147
0.3025362491607666
0.2842698097229004
0.2693578004837036
0.18521976470947266
0.09087729454040527
0.21932697296142578
0.14376062154769897
0.427287220954895
0.13177978992462158
0.19603127241134644
0.29277992248535156
0.16246235370635986
0.25719428062438965
0.7086067199707031
0.049346923828125
0.026127099990844727
0.13704025745391846
0.3329108953475952
0.45504438877105713
0.10072791576385498
0.02310025691986084
0.1862865686416626
0.2147984504699707
0.32884716987609863
0.1763249635696411
0.02050626277923584
0.18124687671661377
0.17084360122680664
0.5611137747764587
0.2765408754348755
0.25314104557037354
0.11875617504119873
0.5096232891082764
0.17389774322509766
0.2344188690185547
0.2458707094192505
0.5575817823410034
0.2407130002975464
0.13912105560302734
-0.10414409637451172
0.21627211570739746
0.233811616897583
0.3478271961212158
0.17498552799224854
0.12218296527862549
0.06180524826049805
-0.06890761852264404
-0.2500866651535034
0.3905479907989502
0.2555431127548218
0.2582284212112427
0.2170482873916626
-0.07235360145568848
0.23875761032104492
0.309523344039917
-0.07025456428527832
0.6466203927993774
0.11555814743041992
0.1909010410308838
0.22723698616027832
0.31360161304473877
0.09609460830688477
-0.03815436363220215
-0.07124269008636475
0.2878427505493164
0.3739490509033203
0.17291009426116943
0.1572657823562622
0.13415467739105225
0.17939388751983643
0.1457080841064453
0.32570481300354004
-0.022512078285217285
0.22038769721984863
0.13061726093292236
-0.03259444236755371
0.23107481002807617
0.0005338191986083984
0.06774246692657471
0.31471073627471924
0.23956120014190674
0.14744603633880615
0.04601573944091797
0.5438570976257324
0.3096247911453247
0.3563864231109619
0.4374978542327881
0.19390380382537842
0.05601799488067627
0.3557474613189697
0.22536945343017578
0.13003993034362793
0.2967947721481323
-0.13406896591186523
0.3874073028564453
0.06950068473815918
0.013626813888549805
0.1627500057220459
0.18216347694396973
0.03160703182220459
0.3848365545272827
0.08647525310516357
0.3644143342971802
0.23057687282562256
0.38878703117370605
0.17996752262115479
-0.182259202003479
0.13829314708709717
0.26725125312805176
0.19499754905700684
-0.22610962390899658
0.4005858898162842
0.11331593990325928
0.3822014331817627
0.2731192111968994
0.3696068525314331
0.20919430255889893
0.064231276512146
-0.03960227966308594
0.22113239765167236
0.0896233320236206
0.009443163871765137
0.19166016578674316
0.10997676849365234
0.31085944175720215
0.2455655336380005
0.10383343696594238
0.23789870738983154
0.27907514572143555
0.1207648515701294
0.28779399394989014
0.23025429248809814
-0.03537893295288086
-0.03059852123260498
0.2929500341415405
0.2128915786743164
0.14107728004455566
0.1531674861907959
0.09400403499603271
0.24789714813232422
0.16180646419525146
0.5534833669662476
0.19593894481658936
0.13550198078155518
0.6753774881362915
0.19645297527313232
0.19442546367645264
0.25632309913635254
0.1062459945678711
0.18129050731658936
-0.0035539865493774414
0.15435612201690674
0.28699004650115967
0.024754881858825684
-0.34139370918273926
-0.0027136802673339844
0.4107973575592041
0.13984227180480957
0.14786064624786377
0.029767155647277832
0.35985493659973145
-0.09613180160522461
0.10185778141021729
0.12129759788513184
0.1440807580947876
0.16384828090667725
0.18296027183532715
0.2822176218032837
0.23108303546905518
0.051178812980651855
0.199038565158844
0.1373124122619629
0.2693452835083008
0.0938347578048706
0.1315077543258667
0.3692598342895508
0.351434588432312
0.10378646850585938
0.5031272172927856
0.31873905658721924
0.22328126430511475
0.1262263059616089
0.07536208629608154
0.021878361701965332
-0.26546740531921387
-0.0787043571472168
-0.04349088668823242
0.24849700927734375
0.2104935646057129
0.21161866188049316
0.299882173538208
0.14384853839874268
0.2091134786605835
0.28937649726867676
-0.08056163787841797
0.149969220161438
0.0687335729598999
0.22295939922332764
0.4189293384552002
0.17496967315673828
0.2453073263168335
0.07222104072570801
0.3589158058166504
0.3502851724624634
0.07699835300445557
0.24431061744689941
0.19754517078399658
0.0867316722869873
-0.19851112365722656
0.18657445907592773
0.12603408098220825
0.4744061231613159
0.18817520141601562
0.21853482723236084
0.3811115026473999
-0.07611715793609619
0.17033886909484863
0.08441638946533203
0.19533956050872803
0.3138970136642456
0.40721428394317627
0.07917344570159912
0.05984997749328613
0.15492486953735352
0.19465208053588867
0.533410906791687
0.41438138484954834
0.07320857048034668
0.3363332748413086
0.2836601734161377
0.14987027645111084
0.23645734786987305
0.34419262409210205
1.1201106309890747
-0.04719531536102295
0.2607736587524414
0.38097643852233887
0.038715481758117676
0.08476150035858154
0.15180695056915283
0.12194991111755371
-0.06782412528991699
0.0703878402709961
0.10538738965988159
0.10839509963989258
0.187003493309021
-0.10451090335845947
0.12204515933990479
0.4296015501022339
0.3355529308319092
0.29760658740997314
0.0927504301071167
0.08566761016845703
0.05009782314300537
0.37325870990753174
0.08117353916168213
0.25166332721710205
0.2986981272697449
0.18261492252349854
-0.03909742832183838
0.3734703063964844
0.012959599494934082
0.15222644805908203
0.14918386936187744
0.36988604068756104
0.08975648880004883
0.21775686740875244
0.3981316089630127
-0.06317055225372314
0.268186092376709
-0.004292130470275879
-0.06832313537597656
0.26287007331848145
0.4179646968841553
0.2947351932525635
0.04821634292602539
-0.046065330505371094
0.24398136138916016
0.15573620796203613
0.2795830965042114
0.215714693069458
0.29021763801574707
0.07767534255981445
0.4399898052215576
0.2379065752029419
0.1629648208618164
0.18788361549377441
0.4551354646682739
0.20010888576507568
0.14749419689178467
0.1621108055114746
0.16596055030822754
0.3869953155517578
0.20358920097351074
0.2952005863189697
0.19099915027618408
0.22050166130065918
0.2980281114578247
0.0007309913635253906
-0.023218274116516113
0.14165961742401123
0.0296628475189209
0.10629844665527344
0.3909130096435547
0.16916751861572266
0.013994097709655762
0.31226587295532227
0.20099973678588867
0.30060434341430664
0.285009503364563
0.3483715057373047
-0.014529705047607422
0.29607832431793213
0.19293129444122314
0.11630213260650635
0.1948450803756714
0.1618328094482422
0.1729564666748047
0.2862358093261719
0.17740702629089355
0.09793591499328613
0.029375314712524414
0.4174565076828003
0.4284958839416504
0.14332211017608643
0.26067423820495605
0.1824045181274414
0.12123298645019531
0.10232901573181152
0.05389416217803955
0.18647372722625732
0.23024272918701172
-0.21633869409561157
0.18244671821594238
0.16603100299835205
-0.004024982452392578
-0.08986377716064453
0.13563382625579834
0.09642529487609863
0.06402313709259033
0.12822210788726807
0.27236223220825195
0.3680379390716553
0.08387672901153564
0.014699459075927734
0.20624911785125732
-0.29654955863952637
0.41071176528930664
0.4067237377166748
0.15647530555725098
0.13630139827728271
-0.13215553760528564
0.029839277267456055
-0.06698787212371826
0.16012775897979736
0.16527092456817627
-0.06485772132873535
0.2280111312866211
0.3154890537261963
-0.054872870445251465
0.13564574718475342
0.05477762222290039
0.34465491771698
0.32579123973846436
0.1962040662765503
0.3550589084625244
0.10304313898086548
-0.324121356010437
0.16058039665222168
0.1455674171447754
0.654481053352356
0.09201812744140625
0.249426007270813
-0.05593311786651611
0.32769930362701416
0.07395851612091064
0.18472588062286377
0.02314579486846924
0.5250023603439331
0.09745991230010986
0.21079504489898682
0.3320639133453369
0.3413400650024414
0.019142866134643555
0.1943066120147705
0.15364539623260498
0.23439240455627441
0.0347132682800293
0.11235547065734863
0.0544281005859375
0.056186676025390625
0.28850841522216797
0.226814866065979
0.3333991765975952
0.34454596042633057
0.21531713008880615
0.03177976608276367
0.2608153820037842
0.2222660779953003
0.07381391525268555
-0.10542666912078857
0.026049256324768066
0.5221904516220093
0.4833676815032959
0.23773419857025146
0.20763719081878662
-0.013852715492248535
0.32956767082214355
0.2576746940612793
0.21931350231170654
0.211340069770813
0.23290574550628662
0.025986552238464355
0.48341572284698486
0.1222085952758789
0.17838573455810547
0.31525588035583496
0.18060827255249023
0.13138604164123535
0.35622286796569824
0.05644261837005615
0.21686148643493652
0.407751202583313
0.1754000186920166
0.5519878268241882
0.15274500846862793
0.3193778991699219
0.3948650360107422
0.09921646118164062
-0.07577073574066162
0.31428349018096924
0.4094998836517334
0.11261165142059326
0.026337504386901855
0.6224544048309326
0.44797635078430176
0.10450220108032227
-0.2719835042953491
-0.3181319236755371
0.3818126916885376
0.13243508338928223
0.10936427116394043
0.24141216278076172
0.1812877655029297
0.36088061332702637
-0.04379582405090332
0.17933344841003418
0.2396249771118164
-0.061758995056152344
0.25566184520721436
0.004821419715881348
0.2744765281677246
0.0529402494430542
0.06639242172241211
-0.04820263385772705
-0.1449904441833496
0.08045077323913574
0.13404011726379395
0.09764814376831055
0.3658715486526489
0.24739432334899902
0.41971302032470703
0.21057331562042236
0.117073655128479
0.1744288206100464
0.061401963233947754
0.12323164939880371
0.48575401306152344
0.34329354763031006
0.30458974838256836
0.40637946128845215
0.08814609050750732
0.08469843864440918
0.1570906639099121
0.25322961807250977
0.0927964448928833
0.040442585945129395
0.2520411014556885
0.35373783111572266
0.289966344833374
-0.03126239776611328
-0.09664785861968994
0.5231618881225586
0.19594693183898926
-0.02855825424194336
0.23019003868103027
-0.0499415397644043
0.44692718982696533
0.26418471336364746
0.28436577320098877
0.28919100761413574
0.6411744356155396
-0.2314208745956421
0.1381598711013794
0.1130831241607666
0.04907023906707764
0.28604161739349365
-0.05568432807922363
0.821948766708374
0.2775883078575134
-0.3058815002441406
-0.1859118938446045
0.1490703821182251
0.19314324855804443
0.11518204212188721
0.10986292362213135
0.3278069496154785
-0.023467183113098145
-0.029379606246948242
0.13854217529296875
0.14423489570617676
0.7737747430801392
-0.02608311176300049
0.053124308586120605
0.3432459831237793
0.13814210891723633
0.22515034675598145
-0.00017344951629638672
0.07807457447052002
0.2200908660888672
0.5752997398376465
0.14619982242584229
0.17960846424102783
0.11591899394989014
0.4149138927459717
0.16718316078186035
0.018705129623413086
0.278933048248291
0.4186805486679077
0.17458796501159668
0.010115504264831543
0.3767331838607788
0.37224602699279785
0.003084421157836914
0.11113667488098145
0.3171520233154297
0.11306655406951904
0.06290614604949951
0.0018835067749023438
-0.026738762855529785
0.3510737419128418
0.36999261379241943
0.2595376968383789
0.20058727264404297
0.09683895111083984
-0.025012493133544922
-0.01865828037261963
0.4144219160079956
0.29570603370666504
0.0583423376083374
-0.03835177421569824
0.2991570234298706
0.28806543350219727
0.15204226970672607
0.10382843017578125
-0.014624953269958496
0.3277825117111206
0.22711193561553955
0.2364598512649536
0.1955815553665161
-0.04290193319320679
0.23181188106536865
-0.06717681884765625
0.259721040725708
0.017433464527130127
0.2648972272872925
0.28515398502349854
0.28649306297302246
0.03612565994262695
0.6004468202590942
0.2615779638290405
0.25870442390441895
0.07749557495117188
0.358270525932312
0.24800050258636475
0.09951269626617432
0.4247180223464966
0.2879239320755005
-0.04917705059051514
0.17900407314300537
0.0999373197555542
0.3495140075683594
0.06966555118560791
0.0570063591003418
0.16490185260772705
0.008991837501525879
-0.13690781593322754
0.14500069618225098
-0.05204284191131592
0.37175798416137695
0.15006744861602783
-0.055503249168395996
0.18976032733917236
0.1777554750442505
0.33055877685546875
0.09497702121734619
0.14959979057312012
0.06312859058380127
-0.15523505210876465
0.06351637840270996
0.010550260543823242
0.31962084770202637
0.28554797172546387
0.16279661655426025
0.023991107940673828
0.447651207447052
0.20517051219940186
-0.14907288551330566
0.32112717628479004
-0.2006779909133911
0.3756396770477295
-0.06652188301086426
0.5152331590652466
0.21965134143829346
0.2270190715789795
-0.035802483558654785
0.4792238473892212
0.16417217254638672
0.0302199125289917
0.10370504856109619
0.3373039960861206
0.1283649206161499
0.34737110137939453
0.22179579734802246
0.14438152313232422
0.34129810333251953
0.28797996044158936
0.019592642784118652
0.35306012630462646
0.3204007148742676
-0.002659320831298828
-0.12662458419799805
0.24956846237182617
0.05754971504211426
0.6503958702087402
-0.05300331115722656
0.01701641082763672
0.2714571952819824
0.5041248798370361
0.12659728527069092
0.1451888084411621
0.12189888954162598
0.140114426612854
-0.04053354263305664
0.5680296421051025
0.16772949695587158
0.1663510799407959
0.11330306529998779
0.2163691520690918
0.08217358589172363
0.052489638328552246
0.1826092004776001
0.12153685092926025
0.006400108337402344
0.37512660026550293
0.6187492609024048
0.030977845191955566
-0.05696368217468262
0.3292495012283325
0.04895639419555664
0.28027963638305664
0.22082340717315674
0.24638962745666504
0.176680326461792
-0.10008585453033447
-0.14255666732788086
0.08024537563323975
0.060242652893066406
0.7722214460372925
0.07951343059539795
0.19110727310180664
1.1601214408874512
0.0887073278427124
-0.10326558351516724
0.270785927772522
-0.00011801719665527344
0.41561126708984375
0.09765470027923584
-0.2083282470703125
0.2637016773223877
0.04874730110168457
0.24583148956298828
0.19058823585510254
0.3222864866256714
0.0008001327514648438
0.15539276599884033
0.09019672870635986
0.18981707096099854
0.25178062915802
0.05327916145324707
0.3009469509124756
0.35979628562927246
-0.2322554588317871
-0.33487164974212646
0.20591771602630615
0.3092445135116577
0.03692829608917236
0.3822777271270752
0.2622513771057129
-0.03920543193817139
0.34413838386535645
-0.009612202644348145
0.09339523315429688
0.12747490406036377
0.018262624740600586
0.16899681091308594
0.5646960735321045
0.06691384315490723
0.3135039806365967
0.4073933959007263
0.3070344924926758
0.004301190376281738
0.30446696281433105
0.714445948600769
0.4812828302383423
0.2660853862762451
0.8648948669433594
0.16084468364715576
0.307600736618042
0.22720980644226074
-0.12326323986053467
0.30638182163238525
0.1863950490951538
0.10996532440185547
0.24462735652923584
0.1523345708847046
-0.03486311435699463
0.08266580104827881
0.09617900848388672
0.11163675785064697
0.2531999349594116
0.104728102684021
-0.11804568767547607
0.021302223205566406
0.08071708679199219
0.41847753524780273
0.3158266544342041
0.27005326747894287
0.19414854049682617
0.41030967235565186
-0.09482467174530029
0.2501643896102905
0.17624032497406006
0.28724420070648193
0.5642321705818176
0.007356882095336914
0.09052813053131104
0.06505441665649414
0.3359646797180176
0.38402795791625977
0.15729892253875732
0.019564032554626465
0.07540106773376465
0.22529613971710205
0.21287882328033447
0.16563963890075684
0.16080904006958008
-0.03654980659484863
0.14888858795166016
0.29789984226226807
0.13294291496276855
0.23420453071594238
0.22775065898895264
0.12613749504089355
0.16669487953186035
0.1260145902633667
0.6985737085342407
0.08832418918609619
0.18695616722106934
0.5469088554382324
0.513796329498291
0.19081759452819824
0.2719539403915405
0.17669594287872314
0.2897261381149292
0.2677801847457886
0.1608802080154419
0.2026679515838623
0.15652263164520264
0.17664003372192383
0.14388751983642578
-0.08024752140045166
0.3869079351425171
0.30781519412994385
0.07459473609924316
0.23833215236663818
-0.3883380889892578
0.19625914096832275
0.1366281509399414
-0.030738353729248047
0.17907428741455078
0.4333817958831787
0.32516419887542725
0.35452306270599365
-0.062351226806640625
0.20882678031921387
0.2898784875869751
0.24964463710784912
0.30101728439331055
0.594832181930542
0.44098377227783203
0.1697535514831543
0.12424778938293457
0.16513514518737793
-0.11031818389892578
-0.32853639125823975
-0.02884972095489502
0.15431880950927734
0.15688467025756836
-0.24032807350158691
-0.06016683578491211
0.22615599632263184
0.3770667314529419
0.2747246026992798
0.14432978630065918
0.353979229927063
0.2958862781524658
0.09430158138275146
0.025809764862060547
0.3197753429412842
0.09993934631347656
0.25999534130096436
0.26074957847595215
0.11675906181335449
0.20712542533874512
0.16847503185272217
0.18369555473327637
0.19522881507873535
0.254525363445282
-0.1687983274459839
0.04180562496185303
0.2065335512161255
0.011475443840026855
0.2198699712753296
0.30423009395599365
0.011169910430908203
-0.13564491271972656
0.183213472366333
0.22947192192077637
0.14929568767547607
0.3732011318206787
-0.16524720191955566
-0.1619429588317871
0.12928414344787598
0.0726773738861084
0.2254638671875
0.02848219871520996
0.15231478214263916
0.22176039218902588
0.15047204494476318
-0.0038480758666992188
0.0193101167678833
0.00041294097900390625
0.03063786029815674
0.08310604095458984
0.24058830738067627
0.14878463745117188
0.33158349990844727
0.22131574153900146
0.2736018896102905
0.11270296573638916
0.5695173740386963
-0.06319117546081543
0.22716820240020752
-0.02315819263458252
-0.0032347440719604492
0.23360943794250488
0.3059730529785156
0.21387934684753418
0.1488584280014038
0.505277156829834
0.36243510246276855
0.04495382308959961
0.011618494987487793
0.06026411056518555
0.13048875331878662
0.39620721340179443
0.2200758457183838
0.18667876720428467
0.08103418350219727
0.01299816370010376
0.26532042026519775
-0.21423101425170898
0.13368630409240723
0.1990809440612793
-0.1704345941543579
0.27519261837005615
0.13927435874938965
0.13956999778747559
0.1624901294708252
0.2268846035003662
0.22433912754058838
0.21551620960235596
0.1216127872467041
0.08397865295410156
0.16566729545593262
0.3600083589553833
0.26530683040618896
-0.0581812858581543
0.11413288116455078
0.18890583515167236
0.3166661262512207
0.12119889259338379
0.11588430404663086
0.11081802845001221
-0.12583541870117188
-0.2552525997161865
0.279447078704834
0.374133825302124
0.3523547649383545
0.4248218536376953
0.09973716735839844
0.31368422508239746
0.16482865810394287
0.10565781593322754
0.033490657806396484
0.12304031848907471
0.05768918991088867
0.11896038055419922
0.2591766119003296
0.20400464534759521
0.11774969100952148
0.23486781120300293
0.22329938411712646
0.29898202419281006
-0.0757676362991333
0.05658590793609619
0.5263123512268066
0.19883859157562256
0.21938872337341309
0.2556917667388916
0.03682434558868408
0.2246110439300537
0.11114311218261719
0.4632914066314697
0.17866992950439453
0.2830554246902466
0.3442833423614502
0.12427711486816406
0.1497480869293213
0.15653634071350098
0.5189275741577148
0.540655255317688
0.08548927307128906
-0.0012450218200683594
0.10036301612854004
-0.010751605033874512
0.1767953634262085
0.10039198398590088
0.2757837772369385
0.14825451374053955
0.3962545394897461
0.4172403812408447
-0.13782644271850586
-0.0010772943496704102
0.3109625577926636
0.25344038009643555
-0.03499281406402588
0.33483898639678955
-0.1511300802230835
0.1202923059463501
0.2725200653076172
0.22690606117248535
0.16871821880340576
-0.12154340744018555
0.2038360834121704
0.30386102199554443
0.04313349723815918
-0.05544853210449219
-0.010647177696228027
0.07079994678497314
0.02592945098876953
0.12605392932891846
0.40006494522094727
0.07236099243164062
0.3054943084716797
-0.005341291427612305
0.27501916885375977
0.0037469863891601562
-0.03403806686401367
-0.07346820831298828
0.2712355852127075
0.07352697849273682
0.1846402883529663
0.2530553340911865
0.23164129257202148
0.4183077812194824
0.03838908672332764
-0.08697223663330078
0.1416919231414795
0.09100306034088135
0.01213371753692627
0.210534930229187
0.24801361560821533
0.5176370143890381
0.1559126377105713
0.28338873386383057
0.21639037132263184
-0.12043642997741699
0.4373079538345337
-0.09375393390655518
-0.08518970012664795
0.20427441596984863
0.5264755487442017
0.14308810234069824
0.2110518217086792
0.32808780670166016
0.24791419506072998
0.2719641923904419
-0.09943604469299316
-0.0636434555053711
0.12580668926239014
0.38540971279144287
0.2694075107574463
0.025639653205871582
0.10862290859222412
0.39445316791534424
0.3738889694213867
0.3206310272216797
0.14918971061706543
0.08044719696044922
-0.306506872177124
0.15768086910247803
0.4516376852989197
0.04005396366119385
0.6897839307785034
-0.07109189033508301
0.13659381866455078
-0.41708481311798096
0.09872663021087646
-0.4013633728027344
0.48755669593811035
0.0368269681930542
-0.05405116081237793
0.16144394874572754
0.4739576578140259
0.24339818954467773
0.5784353017807007
-0.13432002067565918
0.174477219581604
0.2885349988937378
-0.013246655464172363
0.21129167079925537
0.357330322265625
0.23109841346740723
0.309863805770874
-0.012722253799438477
0.1297144889831543
0.23150634765625
0.243432879447937
-0.030388593673706055
0.11536943912506104
0.25743865966796875
0.09277284145355225
0.19273042678833008
0.3683958053588867
0.03664588928222656
-0.008936762809753418
0.10897374153137207
0.036737799644470215
0.40466487407684326
0.23269450664520264
0.42947518825531006
0.30336856842041016
0.2696431875228882
0.2945472002029419
0.0643310546875
-0.05210006237030029
0.12672817707061768
0.26619434356689453
0.11813986301422119
0.051987648010253906
0.3828824758529663
0.37755703926086426
0.09408330917358398
0.07458269596099854
0.09720075130462646
-0.003367304801940918
0.16624462604522705
-0.20388752222061157
0.20069754123687744
0.11740589141845703
-0.04914569854736328
-0.23647940158843994
0.07467138767242432
0.550947904586792
0.19266700744628906
0.3760627508163452
0.453560471534729
0.28515613079071045
0.12272834777832031
0.13474667072296143
0.2985849380493164
0.0053217411041259766
-0.11239194869995117
0.21114909648895264
0.26868724822998047
-0.30368101596832275
0.10659956932067871
-0.004349350929260254
0.07291555404663086
0.16932189464569092
0.11531174182891846
0.9628539085388184
0.13841474056243896
0.06281471252441406
0.16605865955352783
0.22221004962921143
0.039165616035461426
0.16958367824554443
0.13636517524719238
0.5151324272155762
-0.1611618995666504
0.30730533599853516
0.14612329006195068
0.34120357036590576
0.243383526802063
0.2111591100692749
0.4396848678588867
0.1119304895401001
0.1881176233291626
0.15932202339172363
0.20516633987426758
0.13066446781158447
0.16903209686279297
0.22699666023254395
0.170873761177063
-0.06294560432434082
0.3853384256362915
0.021028518676757812
0.239762544631958
0.07473945617675781
0.09432637691497803
0.06798243522644043
0.6494101285934448
0.3235820531845093
0.20220959186553955
0.2260739803314209
-0.15648901462554932
0.15821456909179688
-0.09837830066680908
0.20061421394348145
0.2537691593170166
-0.15080499649047852
-0.06236374378204346
0.1833784580230713
-0.23840200901031494
0.11665081977844238
0.06554818153381348
0.3778822422027588
0.20443415641784668
0.018021225929260254
0.2636103630065918
0.016320109367370605
-0.2929264307022095
0.03503715991973877
0.1796274185180664
-0.09272277355194092
0.2315887212753296
-0.34096992015838623
0.15225040912628174
0.35803020000457764
0.30830347537994385
-0.2033534049987793
0.15900743007659912
0.02295064926147461
-0.21020114421844482
-0.08025932312011719
0.14688527584075928
0.049010634422302246
0.4732677936553955
0.013590812683105469
0.6109495162963867
0.4051898717880249
0.09265434741973877
0.1432511806488037
0.2861783504486084
0.03213465213775635
0.29978370666503906
0.1185448169708252
0.20210886001586914
0.34358417987823486
0.34162068367004395
0.02850937843322754
0.6795708537101746
-0.05853617191314697
0.4064817428588867
0.2806055545806885
-0.5276370048522949
-0.33979296684265137
0.09016144275665283
-0.029250264167785645
0.28418076038360596
-0.1609126329421997
0.2378154993057251
0.15843629837036133
0.04351407289505005
0.22625458240509033
0.05678558349609375
0.2599754333496094
0.22083663940429688
-0.012313008308410645
-0.1293259859085083
0.19108402729034424
-0.04987001419067383
0.2174077033996582
0.525232195854187
0.07581102848052979
0.013877034187316895
0.19442737102508545
0.16570329666137695
0.8812668323516846
0.44057130813598633
0.08575963973999023
0.280498743057251
0.09525084495544434
-0.04591047763824463
0.3387974500656128
-0.17162024974822998
0.2511899471282959
0.12216484546661377
0.20127606391906738
0.2673220634460449
0.34792840480804443
0.23355305194854736
0.047477006912231445
0.7451920509338379
0.27793049812316895
0.2243129014968872
0.5459574460983276
0.3520249128341675
0.622664213180542
0.2906613349914551
0.40466785430908203
-0.16813600063323975
0.1498422622680664
0.015915513038635254
0.2348562479019165
-0.08472824096679688
0.020961403846740723
0.37819647789001465
0.2302616834640503
-0.0465092658996582
0.2797304391860962
0.20368504524230957
0.4469093084335327
0.016257643699645996
0.2620488405227661
0.2820104956626892
0.20905137062072754
0.1476050615310669
0.18311405181884766
-0.14092612266540527
0.404720664024353
0.33331191539764404
0.09071147441864014
-0.15617609024047852
-0.019801735877990723
0.5946745872497559
0.024689078330993652
0.21332192420959473
0.07113289833068848
0.34786927700042725
0.2439349889755249
-0.14318585395812988
0.1542677879333496
0.31298160552978516
0.5306771993637085
-0.04208517074584961
0.404465913772583
0.8320090770721436
-0.0254213809967041
0.5148744583129883
0.008223414421081543
-0.02808523178100586
0.2828019857406616
0.06610536575317383
0.36225128173828125
-0.00915539264678955
0.37040674686431885
0.07865142822265625
0.11565923690795898
-0.12459897994995117
0.07263100147247314
0.0110245943069458
0.1837857961654663
0.1435403823852539
0.3234739303588867
0.43288421630859375
0.17849349975585938
0.19020795822143555
0.111275315284729
0.06502711772918701
0.21858614683151245
0.10986292362213135
0.12072014808654785
0.021805524826049805
0.5458088517189026
0.2871131896972656
0.19476687908172607
0.32377004623413086
0.18252092599868774
0.20612823963165283
-0.013228297233581543
-0.04278385639190674
0.000743865966796875
-0.09211969375610352
0.3073861598968506
0.21137666702270508
0.30373525619506836
0.11030685901641846
0.0007042884826660156
-0.07505738735198975
-0.018871068954467773
0.313396692276001
0.23891544342041016
0.3002142906188965
0.31612682342529297
0.3367288112640381
0.28624141216278076
0.16285479068756104
0.28656506538391113
0.26716065406799316
0.06460440158843994
0.058608293533325195
0.427953839302063
0.1450951099395752
0.09796357154846191
0.21121084690093994
0.061562180519104004
0.29116499423980713
0.24940168857574463
0.3450484275817871
0.05738115310668945
0.03211069107055664
-0.35538816452026367
0.1896911859512329
0.1920987367630005
0.47811174392700195
0.2937600612640381
-0.03329432010650635
0.3403325080871582
0.21880388259887695
0.05604076385498047
0.296362042427063
0.18623614311218262
0.06485331058502197
0.2774752378463745
0.09535396099090576
0.010905742645263672
0.2742222547531128
0.2075256109237671
0.4757261276245117
-0.03750479221343994
0.2430795431137085
0.09733617305755615
0.04778468608856201
0.10962355136871338
0.18705403804779053
0.23444616794586182
-0.03691756725311279
0.3581186532974243
0.16842234134674072
0.2068483829498291
0.22300446033477783
0.03714621067047119
0.06598317623138428
0.443652868270874
0.5237874984741211
-0.03860366344451904
-0.1148073673248291
0.07386863231658936
0.03154909610748291
0.20050644874572754
0.10497450828552246
-0.1882132887840271
0.22955107688903809
0.2672891616821289
-0.10210621356964111
0.36311113834381104
0.7895385026931763
0.19283843040466309
-0.08360695838928223
0.2121734619140625
0.14158344268798828
0.41208934783935547
0.04939913749694824
0.02561628818511963
0.28351354598999023
0.04805564880371094
0.20075881481170654
0.37243032455444336
0.29570114612579346
0.22689485549926758
0.03351795673370361
-0.07709383964538574
0.139556884765625
0.608578085899353
0.033937811851501465
0.1532689332962036
0.16214466094970703
0.1628493070602417
0.22776615619659424
0.32099390029907227
0.5112595558166504
0.004731178283691406
0.06689143180847168
0.459225058555603
0.18626415729522705
0.2212972640991211
0.06058204174041748
0.3686199188232422
0.342867374420166
0.30708491802215576
0.08660662174224854
0.1930910348892212
0.47811710834503174
0.16028428077697754
0.3482109308242798
0.12298071384429932
0.04246866703033447
0.14419233798980713
0.2996368408203125
0.24727773666381836
0.2690753936767578
0.5430185794830322
0.12491953372955322
0.307578444480896
-0.3879648447036743
0.1730715036392212
0.27180635929107666
0.13191282749176025
0.28851819038391113
0.07529544830322266
0.3556818962097168
0.11852836608886719
0.1812669038772583
0.08396542072296143
0.2825409770011902
0.071197509765625
0.38410353660583496
0.21249091625213623
0.2849680781364441
0.08616423606872559
-0.1106652021408081
0.24306225776672363
0.18619632720947266
0.28257036209106445
0.19981145858764648
0.258813738822937
0.24810481071472168
0.39427733421325684
0.7340365648269653
0.20360910892486572
0.3581160306930542
0.05991995334625244
0.07039451599121094
0.3181178569793701
0.1383572816848755
0.14592349529266357
0.07981705665588379
0.48334622383117676
0.27291691303253174
0.10514557361602783
0.05078005790710449
-0.2883974313735962
0.13486266136169434
0.11825168132781982
0.22352349758148193
0.23505640029907227
0.19664275646209717
0.10647284984588623
0.1979888677597046
0.4931297302246094
0.03349936008453369
0.0670926570892334
0.23306810855865479
0.1020503044128418
0.021396279335021973
0.1377042531967163
0.32624733448028564
0.30488789081573486
0.21213078498840332
-0.0918959379196167
0.23213255405426025
0.08697116374969482
0.12741446495056152
0.38927018642425537
0.22301197052001953
0.1346827745437622
0.1507812738418579
0.07326889038085938
-0.27475011348724365
0.12704837322235107
-0.07770872116088867
0.04246187210083008
0.27988243103027344
0.39812028408050537
0.21084439754486084
0.0703970193862915
0.33466339111328125
0.22617089748382568
0.3767092227935791
0.4413487911224365
0.07866895198822021
0.429099440574646
0.2817656993865967
0.4757155179977417
0.10019099712371826
0.02744615077972412
0.1568073034286499
-0.12506651878356934
0.16871821880340576
0.10714340209960938
0.08285200595855713
0.008180379867553711
0.042095065116882324
0.09122395515441895
0.3456016778945923
-0.08900272846221924
0.08502697944641113
0.07679688930511475
0.2552448511123657
0.09109175205230713
0.0708625316619873
0.206406831741333
0.26933836936950684
0.33409297466278076
0.04577183723449707
0.11058783531188965
0.350689172744751
0.11192214488983154
-0.07417750358581543
-0.09750807285308838
0.17098784446716309
0.2473253607749939
0.05756258964538574
0.2965317964553833
0.17720985412597656
-0.13593077659606934
0.0571826696395874
0.29128003120422363
0.3575974702835083
0.17786240577697754
0.2576068639755249
-0.011876106262207031
0.10704362392425537
0.2199110984802246
-0.13146233558654785
0.1404508352279663
0.1526045799255371
0.18523383140563965
0.21157002449035645
0.33923912048339844
-0.15822219848632812
0.13093042373657227
0.02934396266937256
0.19811338186264038
-0.17428791522979736
0.12985849380493164
0.17953431606292725
0.2742915153503418
0.04796147346496582
0.03456544876098633
0.279524564743042
0.7458155155181885
0.23522520065307617
0.29094207286834717
-0.017557740211486816
0.48257744312286377
0.2846558094024658
0.2486938238143921
-0.12204998731613159
0.2932325601577759
0.2779034376144409
0.01341545581817627
-0.09225022792816162
0.1928563117980957
0.12816452980041504
0.09502685070037842
0.12294256687164307
0.38490068912506104
0.34055209159851074
0.1491159200668335
0.05208003520965576
0.4960671663284302
0.3728599548339844
-0.06285655498504639
-0.08151435852050781
0.1813042163848877
0.37895190715789795
0.30755627155303955
-0.019769906997680664
0.15656912326812744
-0.03803122043609619
0.12034237384796143
0.05662989616394043
0.25946223735809326
0.1559891700744629
1.1401941776275635
0.028914213180541992
0.028479456901550293
-0.02669823169708252
0.09109175205230713
0.5262749195098877
0.34982335567474365
0.35586416721343994
-0.11784243583679199
0.23134613037109375
0.18899083137512207
0.33480095863342285
0.13068890571594238