0.4535210132598877
0.3968315124511719
0.33788973093032837
0.3796900510787964
0.19692516326904297
-0.014247655868530273
0.3430955410003662
0.3534395694732666
0.38900649547576904
0.3984529376029968
0.2340618371963501
0.623047947883606
0.11166870594024658
0.3721747398376465
0.6358118057250977
0.17747628688812256
0.20877742767333984
0.46554768085479736
0.3642711043357849
0.4649186134338379
0.22712266445159912
0.18908727169036865
0.5050845146179199
0.6267274022102356
-0.2454441785812378
0.046296119689941406
0.4696493148803711
0.41944634914398193
0.022817373275756836
0.2457423210144043
0.4494822025299072
0.044228553771972656
0.33711278438568115
0.4896821975708008
0.17364466190338135
-0.1016991138458252
0.5734441876411438
0.36336731910705566
0.14903569221496582
0.34351474046707153
0.32882392406463623
0.3192497491836548
0.41296935081481934
0.3164735436439514
0.4854542016983032
-0.11115813255310059
0.12852609157562256
0.08387434482574463
0.6325557827949524
0.5059000253677368
0.172369122505188
0.3784375786781311
1.1690770387649536
0.2933732271194458
0.6486215591430664
0.4245187044143677
0.4526864290237427
0.5262832641601562
0.5916968584060669
0.2821110486984253
0.472034215927124
0.5175403952598572
0.8172448873519897
0.17430198192596436
0.4989018440246582
0.2770782709121704
0.08209371566772461
0.36379361152648926
0.24741601943969727
0.38735759258270264
0.47205162048339844
0.30996274948120117
0.04971599578857422
0.6664626598358154
-0.26825737953186035
0.48036861419677734
0.5503227710723877
0.3676159381866455
0.6606156826019287
0.34228086471557617
0.504063606262207
-0.13675141334533691
0.1809314489364624
0.5231852531433105
0.3557497262954712
-0.26976168155670166
0.7179152965545654
0.46684741973876953
0.5145769715309143
0.06073594093322754
0.4773331880569458
0.14563482999801636
0.32664406299591064
0.44379985332489014
0.40131235122680664
0.564382791519165
0.2813456654548645
0.9100275039672852
0.2997657060623169
0.33171188831329346
-0.0460965633392334
0.34536975622177124
0.557105541229248
0.23823630809783936
0.5815819501876831
0.21044129133224487
0.27828240394592285
0.24287915229797363
0.4231320023536682
0.39297425746917725
0.10159105062484741
0.7276678681373596
0.6830532550811768
0.3694967031478882
0.3645440340042114
0.5205983519554138
0.34064561128616333
0.17048418521881104
0.4831373691558838
0.4114447832107544
0.43057072162628174
0.5337103009223938
0.48189157247543335
0.5104923844337463
0.175348699092865
0.3499753475189209
0.3111761808395386
-0.04943811893463135
0.283597469329834
0.17560052871704102
0.41872096061706543
-0.04802900552749634
0.033295631408691406
0.19214260578155518
0.23209893703460693
0.16518515348434448
-0.20441126823425293
0.7153611779212952
0.39506995677948
0.23852574825286865
-0.15466177463531494
0.17123091220855713
0.18777525424957275
0.7852389812469482
0.25886988639831543
0.37561869621276855
0.1420586109161377
0.3775540590286255
0.6060547232627869
0.3593754172325134
0.3254719376564026
0.2626415491104126
0.2647240161895752
0.33037662506103516
0.39234471321105957
0.2118101716041565
0.09882140159606934
0.4442976117134094
0.5608781576156616
0.06470024585723877
0.4746227264404297
0.44718319177627563
0.21759331226348877
0.33780819177627563
0.20759296417236328
1.167518138885498
0.12092351913452148
0.49429643154144287
0.4600259065628052
0.45348745584487915
0.49158114194869995
0.6622061729431152
0.45366257429122925
0.50541090965271
0.31548619270324707
0.03392195701599121
0.04583144187927246
0.43433713912963867
-0.04389190673828125
0.37949609756469727
0.059703826904296875
0.44069719314575195
0.1048668622970581
0.28622710704803467
0.2996264696121216
0.6065530180931091
0.011219620704650879
0.48753130435943604
0.4894617795944214
0.3270317316055298
0.2227800488471985
0.6227174997329712
0.41621851921081543
0.27715086936950684
0.40313786268234253
0.23011630773544312
0.2700846791267395
0.08730852603912354
0.5007667541503906
0.4052753448486328
0.6606029272079468
0.5838685631752014
0.443689227104187
0.3368961215019226
0.24440211057662964
0.5687528848648071
0.6361059546470642
0.20549404621124268
1.0396836996078491
0.0699315071105957
0.11080145835876465
0.16825294494628906
-0.08988094329833984
0.35013139247894287
0.4100780487060547
0.2994351387023926
0.5195661783218384
0.03775501251220703
0.4386860132217407
0.46289944648742676
0.35593003034591675
0.44694626331329346
0.25025272369384766
0.1368464231491089
0.504715085029602
0.4137749671936035
0.18080872297286987
0.589250385761261
0.7503173351287842
0.4947625398635864
0.1789034605026245
-0.18760335445404053
0.41015660762786865
0.6771498918533325
0.4215519428253174
0.24618381261825562
-0.2651646137237549
0.1630016565322876
0.18855047225952148
0.4674321413040161
0.8010833263397217
0.4920632839202881
0.2237371802330017
0.26479971408843994
0.09162968397140503
0.23924767971038818
0.047670722007751465
0.25148510932922363
0.23271894454956055
0.4044560194015503
0.7944784760475159
0.5663330554962158
0.07217097282409668
0.31082332134246826
0.42946720123291016
0.358681321144104
0.23964321613311768
0.4438391923904419
0.4303576946258545
0.5814659595489502
0.3977903127670288
0.3698268532752991
0.5925199389457703
0.3441321849822998
0.013857483863830566
0.7507349252700806
0.42628800868988037
0.2583979368209839
0.1253892183303833
0.27407407760620117
0.04269444942474365
0.4118672013282776
0.17241919040679932
0.48499244451522827
0.2076878547668457
0.5167415142059326
0.41896629333496094
0.3166160583496094
0.13032567501068115
0.23417198657989502
0.20967423915863037
0.4085812568664551
0.27090638875961304
0.1879134178161621
0.37167656421661377
0.34206831455230713
0.3332087993621826
0.1993497610092163
0.39830636978149414
0.3998396396636963
0.38594865798950195
0.4907487630844116
1.0070815086364746
0.03740084171295166
0.4028586149215698
0.34870433807373047
0.24129652976989746
0.327960729598999
0.2811626195907593
0.5159480571746826
0.3334771394729614
0.4356650114059448
0.2765541076660156
0.6153736710548401
0.1385819911956787
0.3183683156967163
0.7226815819740295
0.5178261995315552
0.25491464138031006
0.46088993549346924
0.22395586967468262
0.5058976411819458
0.38064146041870117
0.17376774549484253
0.5052489042282104
0.10933732986450195
0.184198260307312
0.2670019865036011
0.16336333751678467
0.4850972890853882
0.3904155492782593
0.5119253993034363
0.4553699493408203
0.38174593448638916
0.40192461013793945
0.49462950229644775
0.3299955129623413
0.33005398511886597
0.4995307922363281
0.3191254734992981
0.5238820314407349
0.4378759264945984
0.42270416021347046
0.358950138092041
0.27258241176605225
0.3775031566619873
0.18864870071411133
0.5883405208587646
0.40329301357269287
0.17560839653015137
0.14085817337036133
0.6256017684936523
0.6401015520095825
1.0332835912704468
0.16110479831695557
0.24222099781036377
0.8537313938140869
0.8694700002670288
0.35695552825927734
-0.12447178363800049
0.2550417184829712
0.31694239377975464
0.30549371242523193
0.3359236717224121
0.35863256454467773
0.441336989402771
0.16185975074768066
0.27421438694000244
0.2852281928062439
0.1664799451828003
0.48693209886550903
-0.3878103494644165
0.31131798028945923
0.48859453201293945
0.6019946336746216
0.32813674211502075
-0.06396985054016113
0.26941585540771484
0.7326921224594116
0.2653825283050537
0.045917630195617676
0.472084641456604
0.49190717935562134
0.28959906101226807
0.4116482734680176
0.2783395051956177
0.13786780834197998
0.6193150281906128
0.20880866050720215
0.5468076467514038
0.34462422132492065
0.6374509334564209
0.28400087356567383
0.02615511417388916
0.33596140146255493
0.29128044843673706
-0.02658677101135254
0.5596091151237488
0.2960704565048218
0.28489673137664795
0.1945245862007141
0.4789438247680664
0.2519669532775879
0.5176705121994019
-0.14237713813781738
0.24348461627960205
0.016411244869232178
0.39686501026153564
0.2616657018661499
0.06632161140441895
0.578592836856842
0.4679756164550781
0.4280726909637451
0.3529573678970337
0.2514132261276245
0.3897056579589844
0.440118670463562
0.2205061912536621
0.023477554321289062
0.5471664667129517
0.47176527976989746
0.33442962169647217
0.24960696697235107
0.8851103782653809
0.5360980033874512
0.3138282895088196
0.17577600479125977
0.4663391709327698
0.13000965118408203
-0.06427639722824097
0.2804933786392212
0.5504446029663086
0.1210932731628418
-0.13963067531585693
0.3240981101989746
0.22004902362823486
0.3359405994415283
0.03470420837402344
0.2914581894874573
0.5840964317321777
0.018798232078552246
0.36668330430984497
0.27680885791778564
0.34859782457351685
0.09708893299102783
0.4938640594482422
0.3309042453765869
0.24528217315673828
0.24026519060134888
0.21472054719924927
0.29270535707473755
0.6471939086914062
0.26183056831359863
0.2657378911972046
0.19363653659820557
0.32402563095092773
0.735506534576416
0.5079759359359741
0.42905890941619873
-0.08665215969085693
0.49192821979522705
1.0022735595703125
0.2773941159248352
0.3073960542678833
0.16578692197799683
0.9249016046524048
0.24239587783813477
0.2866251468658447
-0.17530179023742676
0.16599202156066895
0.5890921950340271
0.48478853702545166
0.6526200771331787
0.42462682723999023
0.22577953338623047
0.08179199695587158
0.523174524307251
0.1666550636291504
0.5476588606834412
0.1935495138168335
0.4050408601760864
0.24198031425476074
0.3633768558502197
0.47799956798553467
0.5982850790023804
0.2029927372932434
0.7193201184272766
0.10123133659362793
0.41260826587677
0.6413561105728149
0.31092405319213867
0.6050325036048889
0.5130562782287598
0.24200975894927979
0.5877867341041565
0.3807179927825928
0.7310913801193237
0.03661203384399414
0.5021886229515076
0.22405660152435303
0.24254894256591797
0.22552728652954102
0.38430559635162354
0.5156216621398926
0.3105616569519043
0.23810982704162598
0.8034900426864624
0.23244106769561768
0.14260971546173096
0.3830079436302185
0.30499839782714844
0.7986903786659241
0.3854769468307495
0.34249329566955566
0.10961687564849854
0.5921235084533691
0.2365330457687378
0.23737847805023193
0.07525694370269775
0.6347761750221252
-0.7838876247406006
0.3391798734664917
0.49035394191741943
0.3480064868927002
0.7754566669464111
0.12482094764709473
0.5328434705734253
0.2520641088485718
0.4656487703323364
0.37299513816833496
0.7381441593170166
0.47992753982543945
0.31122052669525146
0.060210466384887695
0.491050124168396
0.5186769962310791
0.5885653495788574
0.3578670620918274
0.5429708957672119
-0.26751887798309326
0.5003277659416199
0.4941697120666504
0.21249067783355713
0.5669693946838379
0.47506386041641235
0.5189802646636963
0.7968025207519531
0.3168724775314331
0.26400673389434814
0.7496606111526489
0.21558642387390137
0.3013179302215576
0.5485279560089111
0.40653276443481445
0.37915825843811035
0.5729165077209473
0.07965588569641113
0.4823848009109497
0.05699467658996582
0.10095858573913574
0.35344117879867554
-0.11685001850128174
0.1873021125793457
0.2617071866989136
0.06687891483306885
0.1648116111755371
0.12982416152954102
0.415047287940979
0.5802309513092041
0.35570967197418213
0.573302149772644
0.8039498925209045
1.12278413772583
0.7064827680587769
0.4351898431777954
0.10807788372039795
-0.09717333316802979
0.2589918375015259
0.45368826389312744
0.27488404512405396
0.18774449825286865
0.5750912427902222
0.20857632160186768
0.10144317150115967
0.18685901165008545
0.3628591299057007
0.34962427616119385
0.4681711196899414
0.057909607887268066
0.24681389331817627
0.1939222812652588
0.2595301866531372
0.4417015314102173
0.03351306915283203
0.4927147626876831
0.563705563545227
0.21753787994384766
0.4215788245201111
0.48746752738952637
0.12046539783477783
0.29104745388031006
0.22619616985321045
0.04966390132904053
0.2643773555755615
0.3646516799926758
0.4429329037666321
0.5072125196456909
0.4844076633453369
0.49038952589035034
0.13145065307617188
0.44188666343688965
-0.03906679153442383
0.17054331302642822
0.2944601774215698
0.22098791599273682
0.0579187273979187
0.4077188968658447
0.5731849670410156
0.11216497421264648
0.21827596426010132
0.5834383964538574
0.5758199691772461
0.22254860401153564
0.5370092988014221
0.4673274755477905
0.1357506513595581
0.425817608833313
0.5175275802612305
0.2137852907180786
0.522985577583313
0.7249268293380737
0.0029344558715820312
0.47763508558273315
-0.016635656356811523
0.08514487743377686
0.9768487215042114
-0.14409208297729492
0.055751800537109375
0.6393159627914429
0.6559661626815796
0.469845175743103
0.6638964414596558
0.593438982963562
0.28770697116851807
0.5476646423339844
0.31801050901412964
-0.10298764705657959
-0.060127973556518555
0.407468318939209
0.3421913981437683
0.20374822616577148
0.16958367824554443
0.6763395071029663
0.44522666931152344
0.5604978799819946
0.5990679264068604
0.34071362018585205
0.3290786147117615
0.5496270656585693
0.3563864231109619
0.3450061082839966
0.37883472442626953
0.2515309453010559
0.3704890012741089
0.3098132610321045
0.18264567852020264
0.14471113681793213
0.4593520760536194
0.3222396969795227
0.6176022887229919
0.7459717988967896
0.17195236682891846
0.87550950050354
0.12678539752960205
0.7888705730438232
0.3538029193878174
0.6623249650001526
0.6120747327804565
0.24633336067199707
0.4867544174194336
0.7040780782699585
0.15874433517456055
0.45652449131011963
0.029425978660583496
0.3927419185638428
0.2172560691833496
0.5680454969406128
0.3388857841491699
0.3647022843360901
0.5619824528694153
0.3436707854270935
0.5525217056274414
0.18676650524139404
0.41271597146987915
0.45274603366851807
0.7238612174987793
0.5102465152740479
0.5265343189239502
0.5715875029563904
0.39004164934158325
0.44731318950653076
0.40842628479003906
0.5493797063827515
0.5851802825927734
0.10179018974304199
0.441734254360199
1.036329746246338
0.44946157932281494
0.060712575912475586
0.6792594194412231
0.4680219888687134
0.5383224487304688
0.14573299884796143
0.6280835270881653
0.6910256743431091
0.9584400653839111
0.31382447481155396
0.35559535026550293
0.045366644859313965
0.4602471590042114
0.526894211769104
0.38990479707717896
0.3691082000732422
0.42334407567977905
0.30034971237182617
0.49778759479522705
0.31861770153045654
-0.013873696327209473
0.677422285079956
0.30698055028915405
0.3493971824645996
-0.1305544376373291
0.42378807067871094
-0.10528719425201416
0.16619694232940674
0.17408418655395508
0.5118853449821472
0.22048211097717285
0.6025410890579224
0.45758241415023804
0.016358613967895508
0.21300923824310303
0.22633981704711914
0.20872116088867188
0.5498472452163696
0.45688700675964355
-0.009725213050842285
0.43544214963912964
-0.018810153007507324
0.5072568655014038
0.4962000846862793
0.13083761930465698
0.4176848530769348
0.5224737524986267
1.0087802410125732
0.4262457489967346
0.7755460739135742
0.5143615007400513
0.7478886842727661
0.23840075731277466
0.453393816947937
0.16720819473266602
0.15871238708496094
0.7051540613174438
0.43854522705078125
0.4999238848686218
0.43686366081237793
0.3902229070663452
0.026584267616271973
0.2527000904083252
0.46888554096221924
0.5277453064918518
0.2179623246192932
0.09383845329284668
0.4445312023162842
0.09087371826171875
0.19492125511169434
0.29849469661712646
0.23391807079315186
0.20401203632354736
0.24448072910308838
0.5220628380775452
0.4043436646461487
-0.07029783725738525
0.5707661509513855
0.3971947431564331
0.245574951171875
0.02955472469329834
-0.19682741165161133
0.33375704288482666
0.17076241970062256
0.13371992111206055
0.6010029315948486
0.16070795059204102
0.018833041191101074
1.1690770387649536
0.2638479471206665
0.49322670698165894
0.45070773363113403
0.4150000810623169
0.6566330194473267
0.4753516912460327
0.8237011432647705
0.3063088655471802
0.46121466159820557
0.5706415176391602
0.21327805519104004
0.3192688226699829
0.3353591561317444
-0.2634003162384033
0.31300032138824463
0.6152307987213135
0.2284008264541626
0.017218589782714844
0.3906403183937073
0.24911081790924072
0.3659133315086365
0.5214623212814331
0.2587023377418518
0.7278549671173096
0.6568707227706909
0.75284743309021
0.1267629861831665
0.3549644947052002
0.41074657440185547
0.46919095516204834
0.27283722162246704
0.03885293006896973
0.37805235385894775
0.7433667778968811
0.06447303295135498
0.47335541248321533
-0.3342273235321045
0.13123846054077148
0.35595762729644775
0.3399754762649536
0.9792206287384033
0.6793414354324341
0.2189732789993286
0.5234718322753906
0.2995039224624634
0.5877088308334351
0.5117124319076538
0.1621924638748169
0.3953458070755005
0.14693748950958252
0.18626940250396729
0.4170888066291809
-0.05174672603607178
0.6529430747032166
0.04725205898284912
0.4797760248184204
0.27504396438598633
1.0161751508712769
0.2856398820877075
0.24312317371368408
0.23265981674194336
0.24916672706604004
0.0199052095413208
0.1725003719329834
0.2898362874984741
0.22699016332626343
0.40846776962280273
0.440557599067688
0.5508893728256226
0.2748452425003052
0.21338486671447754
0.3383018970489502
0.11065149307250977
0.4834161400794983
0.5191511511802673
0.2441374659538269
0.27160680294036865
0.6022853255271912
0.5964914560317993
0.3501394987106323
0.08653497695922852
0.3546389937400818
0.18545401096343994
-0.08940064907073975
0.7516883611679077
0.40396976470947266
0.08887135982513428
0.16134655475616455
0.008781790733337402
0.40513360500335693
0.6274639368057251
0.5828489065170288
0.12738263607025146
0.512994110584259
0.5807468891143799
0.42231982946395874
0.3365209698677063
0.46159982681274414
0.36411941051483154
0.16132628917694092
0.39457786083221436
0.41966497898101807
-0.15173327922821045
0.4365529417991638
0.32273340225219727
0.5722802877426147
0.6714948415756226
0.46499860286712646
0.4976074695587158
0.3043225407600403
0.18455123901367188
0.7497069835662842
0.10830813646316528
-0.2725834846496582
0.0384061336517334
0.6252049207687378
0.10205239057540894
0.26183438301086426
0.4550800323486328
0.005614578723907471
0.13126671314239502
-0.10100913047790527
0.14644074440002441
0.31036949157714844
0.42572021484375
0.3465033769607544
0.4154490828514099
0.3511839509010315
0.6942111253738403
0.35135418176651
0.5282155275344849
0.3166227340698242
0.5091650485992432
0.5621210336685181
0.9042322635650635
0.378804087638855
0.35215651988983154
0.06011056900024414
0.2545328140258789
0.4096341133117676
0.3543636202812195
0.44351398944854736
0.25273120403289795
0.6448800563812256
0.3595813512802124
0.2698742151260376
0.489656925201416
0.20865333080291748
0.29141557216644287
0.588053822517395
0.03653109073638916
0.4080249071121216
0.30183088779449463
0.4207742214202881
0.7671582698822021
0.6309289336204529
0.21576446294784546
0.17331671714782715
0.3300689458847046
0.6201988458633423
0.21822822093963623
-0.07829201221466064
0.47614234685897827
0.3099982738494873
0.42191481590270996
0.3622860312461853
0.3400360345840454
0.7374101281166077
0.6242609024047852
0.5298373699188232
0.38140881061553955
0.7145273685455322
0.5618158578872681
0.18265390396118164
0.35477232933044434
0.562885582447052
0.5344946384429932
0.09347701072692871
0.6599100232124329
0.3590850830078125
0.34468185901641846
0.8030197620391846
0.3514070510864258
0.0891876220703125
0.2500746250152588
0.3155101537704468
0.27287817001342773
0.27016955614089966
0.26804739236831665
0.9284472465515137
0.2075134515762329
0.25522565841674805
0.6545443534851074
0.22972118854522705
0.10666096210479736
0.3179347515106201
0.4578043222427368
0.4668337106704712
0.5466598868370056
0.309900164604187
-0.03250455856323242
0.1783137321472168
0.45975756645202637
0.17834270000457764
0.568816602230072
0.44004786014556885
0.6029914617538452
0.4095960855484009
0.5788904428482056
0.451430082321167
0.5584920644760132
0.5989739894866943
0.5289348363876343
0.3347908854484558
0.3242344260215759
0.5724796056747437
0.38233494758605957
0.5834383964538574
0.4362187385559082
0.6391229629516602
0.5631914138793945
0.7099236845970154
0.541312038898468
0.33071911334991455
0.15171170234680176
-0.17722976207733154
-0.18995696306228638
0.14369356632232666
0.3838818073272705
0.5134525299072266
0.1209869384765625
0.558690071105957
0.2642216682434082
0.31134486198425293
0.40156465768814087
0.19882118701934814
0.807510256767273
0.5926010608673096
0.24115365743637085
0.4981077313423157
0.4612908363342285
0.6156400442123413
-0.023391366004943848
0.7334393262863159
0.5898244380950928
0.5483863353729248
0.3690519332885742
0.23297744989395142
-0.02847456932067871
0.16468846797943115
0.3111095428466797
0.5581144094467163
0.5019139051437378
-0.02252340316772461
0.13199150562286377
-0.12126767635345459
0.4045102596282959
0.19188141822814941
0.3189495801925659
0.11229920387268066
0.25339627265930176
0.32226383686065674
0.425281286239624
0.909846305847168
0.35192620754241943
0.3455904722213745
0.4240887761116028
0.6566072106361389
0.3654489517211914
0.2989506721496582
0.4215651750564575
0.2272353172302246
0.15563976764678955
0.22813838720321655
0.39867091178894043
0.8003287315368652
0.18448245525360107
0.5054912567138672
0.5310810804367065
0.6096501350402832
0.3146018981933594
0.2127135992050171
0.21329623460769653
0.42859339714050293
0.2912452816963196
0.5112051963806152
0.11872708797454834
0.7291173934936523
0.4447730779647827
0.2329728603363037
0.3271641731262207
0.4048346281051636
0.4842867851257324
0.4654127359390259
0.22816228866577148
0.6671336889266968
0.4795563220977783
-0.03493475914001465
0.016237735748291016
0.2059168815612793
0.47782182693481445
0.14729201793670654
0.5601168870925903
0.3376374840736389
0.7531288266181946
0.3052457571029663
0.4124554395675659
0.622557520866394
0.4580959677696228
0.4203636050224304
0.3544352054595947
0.36991292238235474
0.17510926723480225
0.2838878631591797
0.4278908967971802
0.557755708694458
0.25559067726135254
0.30284929275512695
0.3952075242996216
0.526973307132721
0.5552688837051392
0.3888813257217407
0.1636432409286499
0.3149721622467041
0.34457826614379883
0.2740972638130188
0.4168274402618408
0.4406479597091675
0.37127065658569336
0.2181556224822998
0.3375812768936157
0.5100160837173462
0.31822800636291504
0.32588624954223633
0.475350022315979
0.17424243688583374
0.25629132986068726
0.3885703682899475
0.2656334638595581
0.7860281467437744
0.9385952949523926
0.26623064279556274
0.2607172727584839
0.3466848134994507
0.17013537883758545
0.3962988257408142
0.723159909248352
0.15006768703460693
0.3077758550643921
0.2824733257293701
0.41360849142074585
0.47167307138442993
0.088539719581604
0.556511402130127
0.39589834213256836
0.4685431718826294
0.3353687524795532
0.4181971549987793
0.32014739513397217
0.8744794130325317
0.5322258472442627
0.41918206214904785
0.3719288110733032
0.2715984582901001
0.6032432913780212
0.24696755409240723
0.02071535587310791
-0.010416507720947266
0.3217899799346924
0.24871069192886353
0.5214908123016357
0.43111109733581543
0.41068094968795776
0.39032232761383057
0.42111921310424805
0.22822946310043335
0.3454866409301758
0.33435434103012085
0.6036397218704224
0.5351743698120117
0.5586655139923096
0.7453849911689758
0.35625600814819336
0.18436145782470703
0.22069919109344482
0.22664308547973633
0.5998278856277466
0.4245551824569702
0.5064807534217834
0.0048416852951049805
0.28302884101867676
0.44695496559143066
0.17209196090698242
0.24778878688812256
0.3283153772354126
0.6545096635818481
0.5043133497238159
0.5880351662635803
0.26863133907318115
0.5017197132110596
0.5339276790618896
0.2900197505950928
0.2017817497253418
0.392483115196228
0.2178194522857666
0.46774816513061523
0.4143257141113281
0.28806573152542114
0.2692376375198364
0.15950274467468262
0.4450870156288147
0.13229262828826904
0.043839216232299805
0.48119235038757324
0.39535945653915405
0.24242180585861206
0.33062171936035156
0.4889996647834778
0.6074071526527405
0.5619515776634216
0.7193537354469299
0.19706058502197266
0.2963690757751465
0.4289668798446655
0.40399420261383057
0.17518091201782227
0.6562764644622803
0.22633492946624756
0.16280698776245117
0.06401586532592773
0.3788740038871765
0.7016323804855347
0.5513318181037903
0.5477177500724792
0.3846248388290405
0.29047954082489014
0.2815290689468384
0.32521432638168335
0.09253346920013428
0.1838219165802002
-0.07459592819213867
0.15876924991607666
0.42171257734298706
0.492999792098999
0.34578394889831543
0.24431252479553223
0.12343961000442505
0.2974724769592285
0.0593104362487793
0.5992738008499146
0.40346115827560425
0.58805251121521
0.01590561866760254
0.23163926601409912
-0.09947085380554199
-0.41468751430511475
0.32676422595977783
0.4960355758666992
0.3619217872619629
0.40957605838775635
0.6189405918121338
0.3380943536758423
0.2846106290817261
0.3302299976348877
0.6501163840293884
0.4986668825149536
0.7211110591888428
0.377327561378479
-0.07579708099365234
0.6373187303543091
0.34883517026901245
0.1678708791732788
0.33513009548187256
0.36305874586105347
0.3092896342277527
1.0207712650299072
0.2374429702758789
0.4343463182449341
0.20150965452194214
0.271625816822052
0.3637169599533081
0.39339005947113037
0.2009798288345337
0.5147509574890137
0.059291720390319824
0.3469076156616211
0.5986645221710205
0.3816014528274536
-0.06005096435546875
0.14322304725646973
0.44642817974090576
0.024168729782104492
0.5644233226776123
0.8220793008804321
0.6587320566177368
0.4673349857330322
0.3314790725708008
0.4453599452972412
0.4651219844818115
-0.28723573684692383
0.4612722396850586
0.19287490844726562
0.35575783252716064
0.5290204286575317
0.3831189274787903
-0.11266124248504639
0.1114504337310791
0.3408586382865906
0.5549758076667786
0.7380164861679077
0.5153146982192993
0.772997260093689
0.3676398992538452
0.18121874332427979
0.49707311391830444
0.4456441402435303
0.6129134893417358
0.17331379652023315
0.4183453321456909
0.4401397705078125
0.3440486192703247
0.41930174827575684
0.4285639524459839
0.33493590354919434
0.29092884063720703
-0.08257532119750977
0.38542795181274414
0.25172340869903564
0.8387731313705444
0.6571975946426392
0.2835664749145508
0.5165493488311768
0.510460615158081
0.8188394904136658
0.5142250061035156
0.4452188014984131
0.318820595741272
0.14049041271209717
0.41315168142318726
-0.004781603813171387
0.4009658098220825
-0.08067059516906738
0.34569525718688965
0.42328566312789917
0.33115363121032715
0.3755713701248169
0.45136719942092896
0.4401792287826538
0.3663203716278076
0.13040149211883545
0.30159473419189453
0.4530376195907593
0.007550835609436035
0.6472635269165039
0.22731268405914307
0.1751043200492859
0.5528008937835693
0.40184760093688965
0.2645641565322876
0.42315858602523804
0.2372940182685852
0.10747396945953369
0.28434687852859497
0.6419018507003784
0.5433582067489624
0.43911921977996826
0.33989930152893066
0.48865044116973877
0.24814093112945557
0.6905608177185059
0.14082789421081543
0.8887141942977905
0.06978809833526611
0.4986833930015564
0.20932722091674805
0.2866218090057373
-0.06857836246490479
0.32908928394317627
0.5062686204910278
0.5264025926589966
0.5270101428031921
0.15099602937698364
-0.037554025650024414
0.24198412895202637
0.39413726329803467
0.3149336576461792
0.48122477531433105
0.3839460611343384
0.4804518222808838
0.10752284526824951
0.04007852077484131
0.31160855293273926
0.4548131227493286
0.587384819984436
0.39404189586639404
0.4578905701637268
0.4628676176071167
0.5004772543907166
0.43634170293807983
-0.11856770515441895
0.199265718460083
0.5854578018188477
0.6685662865638733
0.3195682764053345
0.16741347312927246
0.5063812732696533
-0.1775118112564087
0.19407808780670166
0.17215496301651
0.3818971514701843
0.43469297885894775
0.38857322931289673
0.0688927173614502
0.11793434619903564
0.5348029136657715
-0.020389437675476074
0.35779261589050293
0.10105633735656738
0.5457084774971008
0.5432305335998535
0.5936020612716675
0.0016388893127441406
0.42674779891967773
0.4991248846054077
0.4362066984176636
0.08286035060882568
0.6058745980262756
-0.01740705966949463
0.3772621154785156
0.5257719159126282
0.643433153629303
0.29194021224975586
0.4032292366027832
0.43100762367248535
-0.09064185619354248
0.16188263893127441
0.02322077751159668
0.5942381620407104
0.6137315034866333
0.38779640197753906
0.02546513080596924
0.33883488178253174
0.18166112899780273
0.2610234022140503
0.34449297189712524
0.2546687126159668
0.6476864814758301
0.35662752389907837
0.4219350814819336
0.19818007946014404
-0.11895906925201416
0.18806934356689453
-0.04108297824859619
0.5414502620697021
0.23944145441055298
0.31242167949676514
0.5583443641662598
0.48109930753707886
0.28440606594085693
0.6327393054962158
0.36027753353118896
0.30826258659362793
0.589952826499939
0.5095317363739014
0.6840112805366516
0.44131672382354736
0.5396578311920166
0.20696306228637695
0.35042017698287964
0.3445413112640381
0.11923205852508545
0.16358518600463867
0.4692007899284363
0.2870844602584839
0.4816499948501587
0.039684176445007324
0.2776157855987549
0.3553687334060669
0.3753221035003662
0.5551919341087341
-0.06338167190551758
0.3456290364265442
0.6365662813186646
0.20229673385620117
0.35705870389938354
0.19651097059249878
0.4481830596923828
-0.25525879859924316
0.4906526207923889
0.5259600877761841
0.29055559635162354
0.36161744594573975
0.5110346078872681
0.29165780544281006
0.2567117214202881
0.035921454429626465
0.4536529779434204
0.2917834520339966
0.0028876066207885742
-0.0191037654876709
0.20261752605438232
0.43220996856689453
0.38123077154159546
0.4157613515853882
0.24125683307647705
0.3604937791824341
0.41986334323883057
0.09309220314025879
0.05514371395111084
-0.03937685489654541
0.4435732364654541
0.004111528396606445
0.6649973392486572
0.09256958961486816
0.20950162410736084
0.47626423835754395
-0.2247178554534912
-0.1725616455078125
0.5726333260536194
0.0606381893157959
0.46972477436065674
0.34944605827331543
0.11808478832244873
0.16687417030334473
0.20236241817474365
-0.0349956750869751
0.9885154962539673
0.18376684188842773
0.20001280307769775
0.08261805772781372
0.2581751346588135
0.31904399394989014
0.43313097953796387
0.3525539040565491
0.24983274936676025
0.32549118995666504
-0.02017068862915039
0.3792158365249634
0.6408869028091431
0.3066481351852417
0.36554014682769775
0.46599090099334717
0.4069274067878723
0.2664654850959778
0.1504673957824707
0.3058409094810486
0.3416522741317749
0.26402735710144043
0.3249409794807434
0.3346707820892334
-0.1263710856437683
0.22011268138885498
0.39602917432785034
0.2743188142776489
0.29448914527893066
0.3991856575012207
-0.16875243186950684
0.24762773513793945
0.4917426109313965
0.18946921825408936
0.15126478672027588
0.221321702003479
0.4039483070373535
0.17277127504348755
0.5313299894332886
0.062267184257507324
0.05324220657348633
0.37561655044555664
0.05571448802947998
0.3741358518600464
0.07225167751312256
0.2177494764328003
0.4231163263320923
0.1341937780380249
0.7545760273933411
0.2910088896751404
0.11551105976104736
0.23255205154418945
0.36929094791412354
0.21977436542510986
0.5710631012916565
0.24453449249267578
0.24487006664276123
0.3791619539260864
0.00784158706665039
0.4007827043533325
0.36890482902526855
-0.04407823085784912
0.4008257985115051
0.26156890392303467
0.41065049171447754
0.06545507907867432
0.269228994846344
0.5832030773162842
0.14151763916015625
0.26846611499786377
0.20904970169067383
0.6608070135116577
0.5278431177139282
0.27314627170562744
0.5203903317451477
0.4062079191207886
0.47915422916412354
0.4100154638290405
0.7479829788208008
0.1551952362060547
0.41324734687805176
0.1603119969367981
0.45780181884765625
0.4427938461303711
0.5332986116409302
0.5831934213638306
0.09084069728851318
0.4194326400756836
0.26137423515319824
0.3633533716201782
-0.035452961921691895
0.43094712495803833
1.0552641153335571
0.28349435329437256
0.6409178972244263
0.4331836700439453
0.20307385921478271
0.02362346649169922
0.22356069087982178
0.8057624101638794
0.40083611011505127
0.00047588348388671875
0.7125562429428101
0.42988312244415283
0.05494403839111328
-0.07366478443145752
0.11745643615722656
0.3728775382041931
0.2740147113800049
0.10704946517944336
0.48440730571746826
0.5897300243377686
0.4628337025642395
0.5560123920440674
0.596947968006134
0.6431967616081238
0.627373456954956
0.43685781955718994
0.3485448360443115
0.22053062915802002
0.416953444480896
0.47935307025909424
0.4834650754928589
0.5957645177841187
-0.026925325393676758
0.08443665504455566
0.37056446075439453
0.5537994503974915
0.1938765048980713
0.5292131900787354
-0.2678036689758301
0.1795654296875
0.5752723813056946
0.3324723243713379
0.7398011088371277
0.2749004364013672
0.4143552780151367
0.3367201089859009
0.3405947685241699
0.34660494327545166
0.36679357290267944
0.02108156681060791
0.053246498107910156
0.3486827611923218
0.2274768352508545
0.08015906810760498
0.004904389381408691
0.3129977583885193
0.4362105131149292
0.13726484775543213
0.30178022384643555
0.3889174461364746
0.4254488945007324
0.22470664978027344
0.3447622060775757
0.376755952835083
0.3185560703277588
0.5876267552375793
-0.012696981430053711
1.0781832933425903
0.15200650691986084
0.37825441360473633
0.39065051078796387
0.28492045402526855
0.35626357793807983
0.7696244716644287
0.7029107809066772
0.42222750186920166
-0.1827545166015625
0.3226911425590515
0.3426755666732788
0.503954291343689
0.590144157409668
0.5742207169532776
0.1526883840560913
0.3111274242401123
0.2650967836380005
0.04505360126495361
0.4887954592704773
0.07064628601074219
0.514910101890564
0.38743841648101807
0.25404083728790283
0.19278168678283691
0.5253298282623291
0.4558519124984741
0.5900129079818726
0.5181417465209961
0.3620585799217224
0.4196110963821411
0.25598907470703125
0.4015023708343506
0.5360980033874512
0.4032304286956787
0.19531309604644775
0.5243868827819824
0.4710352420806885
0.10076308250427246
0.11835026741027832
0.32053613662719727
0.545596718788147
0.41639506816864014
0.3151358366012573
0.13112831115722656
0.21141421794891357
0.28716111183166504
0.16391611099243164
0.36367714405059814
0.10278630256652832
0.41073691844940186
0.5449459552764893
-0.20022976398468018
0.5451891422271729
0.28300702571868896
0.5025469064712524
0.2560097575187683
0.511384904384613
0.4112311601638794
0.4654581546783447
0.2704545259475708
0.24927270412445068
0.30320310592651367
0.4596668481826782
0.5080745220184326
0.47893965244293213
0.20523405075073242
0.09365832805633545
0.5363105535507202
0.7773871421813965
0.20043516159057617
-0.03204667568206787
0.9598615169525146
0.7950781583786011
0.31065696477890015
0.5583512187004089
0.8001834154129028
0.8100621700286865
0.4315181374549866
0.28291380405426025
0.2668036222457886
0.30022478103637695
0.3809458017349243
0.1113431453704834
0.1363767385482788
0.16011059284210205
0.32683873176574707
0.29098767042160034
0.0646975040435791
0.7944323420524597
0.42954468727111816
0.21399450302124023
0.5365714430809021
-0.02368009090423584
0.403497576713562
0.20981347560882568
0.5451407432556152
0.035844385623931885
0.29031968116760254
0.30406326055526733
0.24167227745056152
0.30097174644470215
0.18349742889404297
-0.019035935401916504
0.21777558326721191
0.06502926349639893
0.12685620784759521
0.6271328926086426
0.6013103723526001
0.3474315404891968
0.38898658752441406
0.07583975791931152
0.35401344299316406
0.5112975835800171
0.49006199836730957
0.37207162380218506
0.44833385944366455
0.5843507647514343
0.08944582939147949
0.4344162344932556
0.44004571437835693
0.24407649040222168
0.4438408613204956
0.4941805601119995
0.47798383235931396
0.45397496223449707
0.16989219188690186
0.009270071983337402
0.41747772693634033
0.2522357702255249
0.29887402057647705
0.18807590007781982
0.4004327058792114
0.5410561561584473
0.49179607629776
0.31268179416656494
0.4610710144042969
0.3347752094268799
0.42893093824386597
0.04929351806640625
0.25596708059310913
0.19603419303894043
-0.010949254035949707
0.7872780561447144
0.3840392827987671
0.05251377820968628
0.33574771881103516
0.5192601680755615
0.2911773920059204
0.1711435317993164
0.20618367195129395
0.5788044929504395
0.16351604461669922
0.4333747625350952
0.432741641998291
0.4310506582260132
0.2664172649383545
0.5128316879272461
0.39315295219421387
0.4457968473434448
-0.19923126697540283
0.2439824938774109
0.0308954119682312
0.1577838659286499
0.5577971339225769
0.3370688557624817
0.5574395656585693
0.2819206118583679
0.2929005026817322
0.5256322026252747
0.343410849571228
0.3956717252731323
0.3667619228363037
0.8383893966674805
0.577721357345581
0.1442275047302246
0.036279916763305664
0.27231407165527344
0.1802806854248047
0.3701680898666382
0.42776215076446533
0.07989323139190674
0.22927594184875488
0.2969231605529785
0.90351402759552
0.4461493492126465
0.28998398780822754
0.5308426022529602
0.34908658266067505
0.31560879945755005
0.27030789852142334
0.48068666458129883
0.3620966672897339
0.17562198638916016
0.2663160562515259
0.24821007251739502
0.5459450483322144
0.10923582315444946
0.3130192756652832
0.22447264194488525
0.3954305648803711
0.48660868406295776
0.5408236384391785
0.3168293237686157
0.3313848376274109
0.5216395258903503
0.5184964537620544
0.03664958477020264
0.4615236520767212
0.2095426321029663
0.46245384216308594
0.3397916555404663
0.43264901638031006
0.3477703332901001
0.4266892671585083
0.24526607990264893
0.41768932342529297
0.5245436429977417
0.3635951280593872
0.5074226260185242
0.09337043762207031
0.2621905207633972
0.3188762664794922
0.2909832000732422
0.49702024459838867
0.4141269326210022
0.4042125940322876
0.30437254905700684
0.7118256092071533
0.016063809394836426
0.18629491329193115
0.18352985382080078
0.495857834815979
0.5153469443321228
0.21033942699432373
0.1764848232269287
0.5286382436752319
0.6660882234573364
0.5568246841430664
0.14272469282150269
0.6489628553390503
0.24371039867401123
0.6856324672698975
0.3564320206642151
0.2883116602897644
0.2756728529930115
0.5247557759284973
0.45946192741394043
0.3345681428909302
0.5202495455741882
1.0699106454849243
0.4709606170654297
0.21982979774475098
0.22251534461975098
0.4456183910369873
0.15228360891342163
0.3709007501602173
0.42840576171875
0.35799092054367065
0.19106006622314453
0.5851767063140869
0.13586854934692383
0.1901865005493164
0.3099515438079834
0.3938383460044861
0.28740543127059937
0.24132466316223145
0.3207972049713135
0.7377309799194336
0.46516382694244385
0.3409992456436157
0.12051045894622803
0.5678971409797668
0.6051881909370422
0.2951046824455261
0.4413396120071411
0.5250023007392883
0.26983368396759033
0.32705795764923096
0.32923173904418945
0.7822030782699585
0.35971391201019287
0.5682446360588074
0.23614299297332764
0.6225931644439697
0.45647668838500977
0.28099942207336426
0.35236477851867676
0.5109413862228394
0.3659244775772095
0.4429329037666321
0.3754306435585022
0.4775766134262085
0.3675704002380371
0.6787728071212769
0.6462607383728027
0.3987053632736206
0.3031412363052368
0.10574984550476074
0.5320464968681335
0.27022337913513184
0.2981603741645813
0.20328021049499512
0.5764398574829102
-0.018306970596313477
0.4892808198928833
0.3440091609954834
0.19481903314590454
0.46186041831970215
0.29337000846862793
0.6532061696052551
0.5495479702949524
0.35861265659332275
0.2973117232322693
0.4192560911178589
0.4542387127876282
0.25966453552246094
0.2621300220489502
1.1078869104385376
0.2557600736618042
0.17570817470550537
0.08052659034729004
0.4282342791557312
0.18857526779174805
-0.0817270278930664
0.33928024768829346
0.26600635051727295
0.017798781394958496
-0.17843890190124512
-0.24667930603027344
0.20957398414611816
0.4539971351623535
0.5881073474884033
0.28550243377685547
0.17797911167144775
0.4802025556564331
0.661050021648407
0.25201916694641113
0.429296612739563
0.18668752908706665
0.028509855270385742
0.2801632881164551
0.5415745973587036
0.08386015892028809
0.603729248046875
0.31681323051452637
0.059822678565979004
0.5365142822265625
0.4689410924911499
0.2105221152305603
0.2514554262161255
0.5867294073104858
0.40533697605133057
0.5703722238540649
0.2964308261871338
0.42318588495254517
0.49989616870880127
0.4002894163131714
0.6328622102737427
0.28299450874328613
0.43065136671066284
0.7721941471099854
0.2247096300125122
0.44417136907577515
0.21497732400894165
0.5663385987281799
0.612064003944397
0.22350823879241943
0.38284146785736084
0.3152152895927429
0.1311863660812378
0.31232011318206787
0.335288405418396
0.530688464641571
0.0547560453414917
0.35105979442596436
0.585905909538269
0.4883299469947815
0.3815993070602417
0.37703633308410645
0.4821469783782959
0.3513197898864746
0.6131769418716431
0.37565505504608154
0.36258959770202637
0.42547667026519775
0.15634965896606445
0.28583860397338867
0.26416367292404175
0.6242598295211792
0.5714532732963562
0.3287971019744873
0.11350762844085693
0.30358028411865234
0.31721270084381104
0.3816556930541992
0.41217494010925293
0.4500882625579834
0.6989381313323975
0.3329883813858032
0.0812598466873169
0.3629962205886841
0.342258095741272
0.14631199836730957
0.585685133934021
0.49233126640319824
0.4979798197746277
0.7066069841384888
0.21014559268951416
0.38475000858306885
0.23001432418823242
0.19751405715942383
0.4976083040237427
0.2193460464477539
0.30578458309173584
0.19639581441879272
0.33473336696624756
0.17748451232910156
0.45175206661224365
0.5071161985397339
0.47575855255126953
0.05968594551086426
0.40046006441116333
0.8287162780761719
0.32874059677124023
0.33682119846343994
0.7133157253265381
0.44457757472991943
0.2892775535583496
0.325789213180542
0.3376047611236572
0.2434147596359253
0.33865606784820557
0.5191985368728638
0.14778482913970947
0.13869619369506836
0.2615257501602173
0.08942544460296631
0.6603484153747559
0.0292813777923584
0.2837412357330322
0.21483159065246582
0.3952512741088867
0.3091939687728882
0.3082331418991089
0.3709496855735779
0.3003008961677551
0.28833866119384766
0.4921180009841919
0.40944886207580566
0.3384099006652832
0.1423579454421997
0.29669541120529175
0.38027191162109375
0.26728522777557373
0.6318069696426392
0.11093485355377197
0.3804835081100464
0.6087803840637207
0.09149670600891113
0.6355871558189392
0.4390695095062256
0.17732226848602295
0.1715104579925537
0.11117792129516602
0.401731014251709
-0.2948073148727417
0.24120056629180908
0.23312991857528687
0.45904237031936646
0.5022735595703125
0.7589224576950073
0.2661898136138916
0.028299689292907715
0.39836764335632324
0.18861806392669678
0.24905282258987427
0.08686673641204834
0.4482893943786621
0.23067867755889893
0.46121180057525635
0.28296345472335815
0.5342851877212524
0.08095073699951172
0.586107611656189
0.43591809272766113
0.41277015209198
0.45755958557128906
0.029892802238464355
0.0556333065032959
0.03266263008117676
0.4026452898979187
0.18485355377197266
0.13742375373840332
0.5389876365661621
0.026087284088134766
0.4577779769897461
0.07819342613220215
0.2716887593269348
-0.03741741180419922
0.4136093854904175
0.36683475971221924
0.5726763010025024
0.511796236038208
0.14698469638824463
0.19134950637817383
0.4851759672164917
1.3260260820388794
0.15069687366485596
0.17114055156707764
0.47090351581573486
0.5776463747024536
0.3761272430419922
0.5684588551521301
0.44102561473846436
1.3452287912368774
0.05393016338348389
0.4653879404067993
0.6377685070037842
0.39969587326049805
0.4381685256958008
0.47018933296203613
0.2824287414550781
0.01793217658996582
0.21987128257751465
0.18929344415664673
0.12471067905426025
0.14579522609710693
-0.2665894031524658
0.30012816190719604
0.2432718276977539
0.223585844039917
0.32841968536376953
0.35576891899108887
0.19560903310775757
0.16742050647735596
0.27910590171813965
0.3864344358444214
0.4137617349624634
0.5485190153121948
0.46045178174972534
0.22235262393951416
0.4446641802787781
0.30375272035598755
0.4825114607810974
0.4020073413848877
0.30032575130462646
0.410439670085907
0.39469897747039795
0.40727007389068604
0.19285178184509277
0.3276658058166504
0.1362689733505249
0.558781623840332
0.1964876651763916
0.31704437732696533
0.2841339111328125
0.11104738712310791
0.29199743270874023
0.3902088403701782
0.4342998266220093
0.5391335487365723
0.3053032159805298
0.2593691349029541
0.4018252491950989
0.7942097187042236
0.24060863256454468
0.37093812227249146
0.44356071949005127
0.4617213010787964
0.5682547092437744
0.31891268491744995
0.359838604927063
0.5979423522949219
0.6665980815887451
0.44930386543273926
0.4291110038757324
0.27145832777023315
0.5195102095603943
0.14337587356567383
-0.06277942657470703
0.40074044466018677
0.47575652599334717
0.23823332786560059
0.1588594913482666
0.36849188804626465
0.18780827522277832
0.2585946321487427
0.03364098072052002
0.29213452339172363
0.44574475288391113
0.4669957160949707
0.5446879863739014
0.5187416672706604
0.17897891998291016
0.6735399961471558
0.4783627390861511
0.375962495803833
0.18567323684692383
0.26483577489852905
0.37466979026794434
0.2509554624557495
0.19068193435668945
0.43998944759368896
0.4185863137245178
0.19702446460723877
0.19167959690093994
0.23573458194732666
0.3947805166244507
0.30583345890045166
-0.08561825752258301
0.32809001207351685
0.16215837001800537
0.5513976812362671
-0.30183160305023193
0.30060648918151855
0.533267080783844
0.3452032804489136
0.14817583560943604
0.4536951780319214
0.1585766077041626
0.09127485752105713
0.44504570960998535
0.46696317195892334
0.673738956451416
0.2727771997451782
0.12234413623809814
0.3812108039855957
-0.0030193328857421875
0.24110567569732666
0.29517263174057007
0.15757179260253906
0.398254930973053
0.3827088475227356
0.3569272756576538
0.03929495811462402
0.3695029020309448
0.296613872051239
0.4123258590698242
0.6200050115585327
0.514289140701294
0.4604682922363281
0.4839249849319458
0.013457536697387695
0.6042377948760986
0.25473320484161377
0.18044602870941162
0.5406162738800049
0.2849698066711426
0.17265236377716064
0.3921363353729248
0.4354562759399414
0.8229165077209473
0.4538137912750244
0.5436844229698181
0.20428502559661865
0.6589776277542114
0.8233526945114136
0.3141014575958252
0.21409940719604492
0.7481272220611572
0.3078417181968689
0.302290141582489
0.1541917324066162
-0.0045621395111083984
0.21393442153930664
0.37513768672943115
0.4016495943069458
0.4239661693572998
0.21267461776733398
0.1203925609588623
-0.2034759521484375
0.5639671087265015
0.45652198791503906
0.13068842887878418
0.6270049810409546
0.4264181852340698
0.45726460218429565
0.29180657863616943
0.29582202434539795
0.28878259658813477
0.40422654151916504
0.30602192878723145
0.3052954077720642
0.8331466913223267
0.4140748977661133
0.4073755741119385
0.2773399353027344
-0.029656529426574707
0.8129000663757324
0.4057035446166992
0.02101314067840576
0.21114301681518555
0.377547025680542
0.489113450050354
0.2633479833602905
0.1634555459022522
0.6142358779907227
0.03748667240142822
0.5141329765319824
0.4748077392578125
0.38842904567718506
0.2209787368774414
0.3288487195968628
0.38687682151794434
0.5132541060447693
0.8736311197280884
0.17909979820251465
0.541874885559082
0.851658821105957
0.1636117696762085
0.1338205337524414
0.40899962186813354
0.5790294408798218
0.016662240028381348
-0.015776753425598145
0.7199536561965942
0.02923750877380371
0.47785037755966187
0.12443363666534424
-0.48490965366363525
0.4839131832122803
0.22291964292526245
0.26667988300323486
0.46714895963668823
0.36870276927948
0.5514382123947144
0.5223597288131714
0.2637109160423279
0.41046202182769775
0.04607212543487549
0.2101215124130249
-0.03291332721710205
0.45140278339385986
0.46986639499664307
0.1529984474182129
0.5329362154006958
0.3777279853820801
0.14291083812713623
0.028591394424438477
0.08340668678283691
0.37856876850128174
0.6334847211837769
0.6047368049621582
0.44449561834335327
0.29111361503601074
0.3634833097457886
0.08092331886291504
-0.23788142204284668
0.6341896057128906
0.37207257747650146
0.15983271598815918
0.5294234752655029
-0.1414405107498169
0.4221409559249878
0.3524906635284424
0.5872268676757812
0.21973419189453125
-0.018368244171142578
0.2506905794143677
0.4530925750732422
0.39706921577453613
-0.03467762470245361
0.31943047046661377
0.28255677223205566
0.5398409366607666
0.1672348976135254
0.6871631741523743
-0.06155812740325928
0.35353028774261475
0.21619009971618652
0.14499247074127197
0.5762079358100891
0.5557451248168945
0.1344139575958252
0.5183265805244446
0.5062155723571777
0.4246673583984375
0.15703034400939941
0.11145389080047607
0.5915151238441467
0.4982907176017761
-0.10030126571655273
-0.060536742210388184
0.2821526527404785
0.6138884425163269
0.3633421063423157
0.36547142267227173
0.3489656448364258
0.03654897212982178
0.2937161922454834
0.4657568335533142
0.5550585985183716
0.9024478793144226
0.33834028244018555
0.1606590747833252
0.497255802154541
0.30833423137664795
0.3701614737510681
0.3854913115501404
0.03595864772796631
0.07801330089569092
0.6443575620651245
0.4157646894454956
0.30960285663604736
0.1630907654762268
0.6892393231391907
0.12628173828125
-0.22565531730651855
0.5087056159973145
1.0399913787841797
0.23708653450012207
0.5150893330574036
0.2767599821090698
0.3343207836151123
0.2215644121170044
0.03355967998504639
0.11475896835327148
0.15627551078796387
0.31626152992248535
0.27897489070892334
0.031172513961791992
0.2644212245941162
0.4535210132598877
0.2843902111053467
0.26909565925598145
0.3468698263168335
0.025898337364196777
0.23133647441864014
0.3006591200828552
0.5766379833221436
0.3876206874847412
0.557054877281189
0.14736402034759521
0.42141568660736084
-0.04336583614349365
0.2781345844268799
-0.14957654476165771
0.5901110768318176
0.2225358486175537
0.05103504657745361
0.6269329786300659
0.20211148262023926
0.3347916603088379
-0.01772671937942505
0.3561375141143799
0.4162869453430176
0.5648297071456909
0.4669135808944702
0.6568864583969116
0.18273472785949707
0.5850262641906738
0.5295511484146118
0.37950778007507324
0.42459583282470703
0.5726776123046875
0.5578199028968811
0.27720391750335693
0.09854400157928467
0.8364104628562927
0.4322305917739868
0.4686014652252197
0.35554444789886475
0.5843743085861206
0.2547258138656616
0.40403473377227783
0.4884592294692993
0.33021968603134155
-0.10027766227722168
0.196630597114563
0.25234758853912354
0.22401714324951172
0.3409520983695984
0.2858325242996216
0.25852257013320923
0.3616294264793396
0.6212793588638306
0.37904471158981323
0.24186980724334717
0.10654377937316895
0.11956465244293213
0.3449389338493347
0.6207934617996216
0.5558757781982422
0.368860125541687
0.36032605171203613
0.24847137928009033
0.6203532814979553
0.6588306427001953
0.2678663730621338
0.28104090690612793
0.5199007987976074
0.22711730003356934
0.2776811122894287
0.6730670928955078
0.5571638941764832
0.4212968349456787
0.1458655595779419
0.36828404664993286
0.39108145236968994
0.4100647568702698
0.36027663946151733
0.538272500038147
0.38971221446990967
0.43847930431365967
0.5066040754318237
0.3582274913787842
0.6311500072479248
0.28437817096710205
0.37299448251724243
0.6540982723236084
0.30619752407073975
0.08037126064300537
0.14497339725494385
0.4351576566696167
0.48274725675582886
1.019615650177002
0.3225005865097046
0.3132600784301758
0.5933514833450317
0.44590699672698975
0.6190932989120483
0.16483402252197266
-0.12938296794891357
0.49539613723754883
-0.015967726707458496
0.6954981088638306
0.4798398017883301
0.25553667545318604
0.43104034662246704
0.2861977815628052
0.31591761112213135
0.08347618579864502
0.5057688355445862
0.4988746643066406
0.5044545531272888
0.6635956764221191
0.4233652353286743
-0.1733490228652954
0.552849292755127
-0.0013103485107421875
0.40428709983825684
0.01479029655456543
0.38674700260162354
0.36181342601776123
0.23130416870117188
0.3291662931442261
-0.009486198425292969
0.3401229977607727
0.5309576988220215
0.9801311492919922
0.272189199924469
0.2568434476852417
0.811021089553833
0.3364061117172241
0.28590822219848633
0.37919872999191284
0.2604679465293884
0.5553438663482666
0.6724275946617126
0.10021567344665527
0.33763790130615234
0.6016628742218018
0.43070483207702637
0.3114910125732422
0.6309306621551514
0.4503847360610962
0.21663618087768555
0.4523351192474365
0.35645151138305664
0.6132916808128357
0.5297040939331055
0.5164856910705566
0.6097397208213806
0.16091883182525635
-0.01170128583908081
0.3544800281524658
0.14522218704223633
0.24089771509170532
0.1088871955871582
0.14177560806274414
0.29152369499206543
0.4175102710723877
0.2708793878555298
0.4972524642944336
0.41328465938568115
0.46632933616638184
0.2119157314300537
0.4251924753189087
0.23850005865097046
0.5446920394897461
0.6261608600616455
0.7522479295730591
-0.052387356758117676
0.7144257426261902
0.6735637784004211
0.7340593338012695
0.199853777885437
0.5317989587783813
0.4132692813873291
0.4403613209724426
0.3379545211791992
0.369828462600708
0.5677832365036011
0.38941657543182373
0.3783431053161621
0.4259932041168213
0.03268587589263916
-0.012945771217346191
0.2561870813369751
0.2904301881790161
0.5543652176856995
0.22801566123962402
0.5016328692436218
0.3410947322845459
0.35188841819763184
0.10386240482330322
0.3925447463989258
0.3868427872657776
0.021547913551330566
0.5938882827758789
0.545271635055542
0.04559910297393799
0.35894811153411865
0.22336530685424805
0.2847580909729004
0.77406907081604
0.43641453981399536
0.6619552373886108
-0.04907727241516113
0.4359457492828369
0.585146427154541
0.26716065406799316
0.3386663794517517
0.4058803915977478
0.4140322208404541
0.3638601303100586
0.3099982738494873
0.06118977069854736
0.15072965621948242
0.44689077138900757
0.4071543216705322
0.040386199951171875
0.6318622827529907
0.31044280529022217
0.5875933170318604
0.5162515640258789
0.25200140476226807
0.828387439250946
0.4463714361190796
0.18269002437591553
0.5481219291687012
0.2559010982513428
0.4392467737197876
0.502304196357727
0.1543102264404297
0.5198150873184204
0.5492101907730103
0.3234407901763916
0.49754661321640015
0.2928452491760254
0.5840440988540649
0.07708632946014404
0.2088923454284668
0.34215033054351807
0.5451407432556152
0.06341135501861572
0.17408215999603271
-0.480737566947937
0.5480588674545288
0.35001885890960693
0.1542278528213501
0.44389140605926514
0.4979071617126465
0.4042142629623413
0.4123688340187073
0.2797502279281616
0.5736311078071594
0.3081851005554199
0.1216660737991333
0.562652587890625
1.0803725719451904
0.7718538045883179
0.46492069959640503
0.06816840171813965
0.04246091842651367
0.38863372802734375
0.10792827606201172
0.2564098834991455
-0.2009955644607544
0.39900290966033936
-0.061570048332214355
0.39704883098602295
0.5176510810852051
0.5664334893226624
0.8485785722732544
-0.10105288028717041
0.5289621353149414
0.34165096282958984
0.557077169418335
0.24840128421783447
0.2957296371459961
0.28530144691467285
0.4344547986984253
0.47310519218444824
0.4056699275970459
0.26264846324920654
0.34056901931762695
0.45324671268463135
0.2525390386581421
0.47694504261016846
-0.20930814743041992
0.4151517152786255
0.37121331691741943
0.2887706160545349
0.254480242729187
0.6654809713363647
0.00417017936706543
-0.03130137920379639
0.22935092449188232
0.27727556228637695
0.31861233711242676
0.339013934135437
0.1723860502243042
0.20231765508651733
0.6782997250556946
0.07553613185882568
0.18722295761108398
0.16341209411621094
0.29541659355163574
0.08225524425506592
0.10402750968933105
0.29733455181121826
0.24379408359527588
0.3196263313293457
0.08495855331420898
0.7234842777252197
0.4520825147628784
0.6691551804542542
0.264315128326416
0.32560598850250244
0.32594358921051025
0.2821434736251831
0.7625434994697571
-0.18793344497680664
0.46795654296875
-0.11132001876831055
0.14319908618927002
0.4597840905189514
0.9769328832626343
0.4547687768936157
0.058394551277160645
0.34704864025115967
0.5790228247642517
0.08562076091766357
0.23752880096435547
0.26665693521499634
0.519843339920044
0.48065733909606934
0.3284158706665039
0.537574052810669
0.4144253134727478
0.2954180836677551
0.6057423949241638
-0.131852388381958
0.5374970436096191
0.6305274963378906
-0.15405631065368652
0.586197018623352
0.4206557273864746
0.33516693115234375
0.21560359001159668
0.18940985202789307
0.5557522773742676
0.26825207471847534
0.45087099075317383
0.1808948516845703
0.3490033745765686
0.2419745922088623
0.49275755882263184
0.12083017826080322
-0.04551088809967041
0.6714290380477905
0.6080605387687683
0.2560678720474243
0.42218971252441406
0.23115968704223633
-0.28229451179504395
-0.06179201602935791
0.48320817947387695
0.6162289381027222
0.5777664184570312
0.06849503517150879
0.5495339632034302
0.2802104949951172
0.19293618202209473
0.4736703038215637
0.41660046577453613
0.21805298328399658
0.13740813732147217
0.2674661874771118
0.737342119216919
0.08903157711029053
0.35126209259033203
0.40752434730529785
0.31400346755981445
0.4236571788787842
-0.08282470703125
0.5400243401527405
0.9994816780090332
0.33720970153808594
0.5192282795906067
0.6239508986473083
0.14897972345352173
0.21078801155090332
0.5315735340118408
0.7527983784675598
0.371687650680542
0.37148308753967285
0.6348048448562622
0.06178128719329834
0.11997830867767334
0.33829736709594727
1.0148289203643799
0.5661369562149048
0.5749216079711914
-0.049803733825683594
0.20136308670043945
0.24949359893798828
0.21940648555755615
0.43031632900238037
0.4140603542327881
0.08780348300933838
0.6725336313247681
0.2694427967071533
0.15965473651885986
0.4551520347595215
0.5211607813835144
0.31537020206451416
0.12598192691802979
0.30705928802490234
0.39091455936431885
0.2807186245918274
0.17233264446258545
0.4073481559753418
0.4593844413757324
0.2662646770477295
0.4070294499397278
0.6932849884033203
0.3913179636001587
0.08692216873168945
0.23136210441589355
0.3995704650878906
0.5451655387878418
0.3223698139190674
0.5832709670066833
0.46922194957733154
0.39321279525756836
0.6435905694961548
0.6324840784072876
0.3401975631713867
0.5609360933303833
0.27646827697753906
0.5523974299430847
0.6708840131759644
0.1830683946609497
0.27339309453964233
0.5318126082420349
0.5071990489959717
0.2035738229751587
0.3815298080444336
0.3855440616607666
0.19192028045654297
0.45153725147247314
0.5582455396652222
0.3619098663330078
0.682002067565918
0.0327451229095459
0.558355450630188
0.5419585704803467
0.16639959812164307
0.6648001670837402
0.17484372854232788
-0.1979771852493286
0.13920307159423828
0.45590734481811523
0.2844574451446533
0.5055434703826904
-0.024074554443359375
0.5564732551574707
0.5235649347305298
0.30051422119140625
0.45125120878219604
0.5400195717811584
0.08619523048400879
0.4314247965812683
0.25777995586395264
0.5014970302581787
0.573686957359314
0.227708101272583
0.5632580518722534
0.31804579496383667
-0.054897308349609375
-0.1326289176940918
0.22707796096801758
0.6548545360565186
0.056237101554870605
0.6376551389694214
0.06730806827545166
0.337375283241272
-0.1985640525817871
0.22653043270111084
-0.20705747604370117
0.2091231346130371
-0.2930259704589844
0.14660167694091797
0.33805298805236816
0.8554616570472717
0.3135014772415161
0.5961670875549316
0.12606549263000488
0.40264272689819336
0.3582749366760254
0.39866840839385986
0.316176176071167
0.2668834924697876
0.402643620967865
0.13591504096984863
0.2975867986679077
0.1265261173248291
0.37232333421707153
0.2855943441390991
0.3061361312866211
0.43701493740081787
0.49884939193725586
0.4661480188369751
0.13016104698181152
0.5824422240257263
0.6428143978118896
0.25294530391693115
0.10093247890472412
0.08536326885223389
0.5052495002746582
0.32258689403533936
0.3783973455429077
0.6145349740982056
0.22742754220962524
0.7180283069610596
0.4798874855041504
-0.022408485412597656
0.1860893964767456
0.3923015594482422
0.30994290113449097
0.21220076084136963
0.5513943433761597
0.4684954881668091
0.0031853914260864258
0.48123764991760254
0.0709143877029419
0.23207330703735352
0.4075205326080322
0.414170503616333
0.4668968915939331
0.23039746284484863
0.27599167823791504
-0.014383077621459961
0.489521861076355
0.5511131286621094
0.25563526153564453
0.42230868339538574
0.31083130836486816
0.9034848213195801
0.19134163856506348
0.18080198764801025
0.5411210656166077
0.2871830463409424
0.09289836883544922
0.35128796100616455
0.684327244758606
0.07451748847961426
0.30081069469451904
0.14895117282867432
0.5243565440177917
0.27303314208984375
0.12943685054779053
1.159380316734314
0.4227381944656372
-0.07111966609954834
0.25333172082901
0.6810081005096436
0.17040133476257324
0.4476156234741211
0.3538433313369751
0.6791077852249146
-0.12061131000518799
0.4921133518218994
0.43949854373931885
0.26940834522247314
0.3216552734375
0.22604084014892578
0.822084903717041
0.31892210245132446
0.4991925358772278
0.5563362836837769
0.3471945524215698
0.4737265110015869
0.4205244779586792
0.2783830165863037
0.3966023921966553
0.45892757177352905
0.3913705348968506
0.21532869338989258
0.3710453510284424
0.26273512840270996
0.3835865259170532
0.5100982189178467
0.5030401945114136
0.5958150029182434
0.2600562572479248
0.420566201210022
0.6719902157783508
0.3757854700088501
0.1868581771850586
0.40174055099487305
0.2624351978302002
0.4774776101112366
0.28415048122406006
-0.08837747573852539
0.11134815216064453
0.12360858917236328
0.35314297676086426
0.45495033264160156
0.6695449352264404
0.2232481837272644
0.5450927019119263
0.27162253856658936
0.20765602588653564
0.1675882339477539
0.28390777111053467
0.20707154273986816
0.586939811706543
0.37922775745391846
0.29393553733825684
0.56879723072052
0.44845640659332275
0.3467472791671753
0.563029408454895
0.2081812620162964
0.49849164485931396
0.22403091192245483
0.5303281545639038
0.34872591495513916
-0.023454785346984863
-0.0927281379699707
0.8569018840789795
0.5847206115722656
0.4792051315307617
0.28803539276123047
0.4455031156539917
0.1738511323928833
0.37034404277801514
0.3546522855758667
0.5349979400634766
0.4023503065109253
0.28399431705474854
0.3010050058364868
0.7849296927452087
0.3180677890777588
0.2440040111541748
0.3899698257446289
-0.050678133964538574
0.27762675285339355
0.2571031451225281
-0.09423696994781494
0.6052880883216858
0.12206995487213135
0.488153874874115
0.2917066812515259
0.49886858463287354
0.42003488540649414
0.35077184438705444
0.10001420974731445
0.32814502716064453
0.3198011517524719
0.24239909648895264
0.4733743667602539
0.6093100309371948
0.3598625659942627
0.36197829246520996
0.31110745668411255
0.3021584153175354
0.34808850288391113
0.34454643726348877
1.0187004804611206
0.6381678581237793
0.5804516673088074
0.3999539613723755
0.09184509515762329
0.2824440002441406
0.4468088150024414
-0.015890300273895264
0.4286973476409912
0.20519447326660156
0.5614161491394043
0.45850419998168945
0.2044161558151245
0.29024553298950195
0.7217609286308289
1.1649153232574463
0.08076298236846924
0.47957098484039307
0.12021028995513916
0.3757338523864746
0.3508356809616089
0.35188359022140503
0.672498881816864
0.19846248626708984
-0.18659758567810059
0.013731241226196289
0.4886583089828491
0.09753167629241943
0.16909337043762207
0.4672214984893799
0.7059767246246338
0.22248482704162598
0.32650160789489746
0.42545783519744873
0.7637737989425659
0.20070159435272217
0.40697532892227173
0.16265910863876343
0.4391316771507263
0.4134312868118286
0.4194251298904419
0.34430158138275146
0.463386595249176
0.128592848777771
0.4078029990196228
0.10867834091186523
0.12956655025482178
0.9844011068344116
0.5135528445243835
0.4715847969055176
0.23109006881713867
0.5492228269577026
0.5061194896697998
0.1070704460144043
0.2057552933692932
0.15442156791687012
0.2601531744003296
0.2615196108818054
0.5340611338615417
1.0254795551300049
0.4936126470565796
0.6263290643692017
0.32500267028808594
0.40608251094818115
0.2273719310760498
0.48152244091033936
0.25952625274658203
0.31148266792297363
0.33870816230773926
0.2910221219062805
0.29459691047668457
0.3279670476913452
0.21362078189849854
0.6247618198394775
0.19636940956115723
0.0711984634399414
0.5707446336746216
0.49906396865844727
0.1882535219192505
0.7034170627593994
0.06509768962860107
0.31344640254974365
0.3566970229148865
0.1528153419494629
-0.34395647048950195
0.34058165550231934
0.6857209801673889
0.42634183168411255
0.3741210699081421
0.40189969539642334
0.30405616760253906
0.15461182594299316
0.3980558514595032
0.44898492097854614
-0.06083786487579346
0.4363749623298645
0.22248142957687378
0.683022141456604
0.5778816938400269
0.23529791831970215
0.4991109371185303
0.2941635847091675
0.47249847650527954
0.5018315315246582
0.45105576515197754
0.43948495388031006
0.38484978675842285
0.7605034112930298
0.45132410526275635
0.3370186686515808
0.5659037828445435
0.17448627948760986
0.36935967206954956
0.46405136585235596
0.6542962789535522
0.1699225902557373
0.35478854179382324
0.3973039984703064
0.0678257942199707
0.19448435306549072
0.3997277021408081
0.2572028636932373
0.3144792318344116
0.014316916465759277
-0.057134270668029785
0.33037662506103516
0.3679687976837158
0.5257472991943359
0.31459951400756836
0.2978248596191406
0.3947519063949585
0.530593991279602
-0.06653940677642822
0.42197906970977783
0.20031023025512695
0.08647239208221436
0.4631807804107666
-0.030613362789154053
0.04454374313354492
0.7693510055541992
0.5099619030952454
0.7154943943023682
0.18240201473236084
0.4463196396827698
0.07209229469299316
-0.03098320960998535
0.3577026128768921
0.2054692506790161
0.44823527336120605
0.291117787361145
0.31034958362579346
0.38437342643737793
0.4326232075691223
0.057645320892333984
0.06804943084716797
0.06325244903564453
0.44626450538635254
0.46163344383239746
0.31909114122390747
0.31562578678131104
0.21909135580062866
0.27130353450775146
0.3819924592971802
0.30109530687332153
0.20879501104354858
0.335074245929718
0.0321425199508667
0.08414638042449951
0.44827699661254883
0.7011440992355347
0.12208867073059082
0.12909257411956787
0.6295939683914185
0.3769986033439636
0.639671266078949
0.32331979274749756
0.5701341032981873
0.17628300189971924
0.2734813690185547
0.27397334575653076
0.3894173502922058
0.5588959455490112
0.25086069107055664
0.41080617904663086
-0.014196276664733887
0.2023019790649414
0.33600473403930664
0.47519874572753906
0.21356379985809326
0.5629109144210815
0.25596708059310913
0.25148487091064453
0.5581392049789429
0.3438836336135864
-0.09032630920410156
0.044269561767578125
0.5048840045928955
0.5647858381271362
0.4613978862762451
0.5462373495101929
0.7965447902679443
0.6465814113616943
0.5148468017578125
0.058676719665527344
0.6199650764465332
0.6135165095329285
0.5130370855331421
0.38825976848602295
0.3026376962661743
0.17043399810791016
0.2653619050979614
0.2798612117767334
0.23018348217010498
0.27270352840423584
1.1664164066314697
0.3682190179824829
0.5181721448898315
0.23228377103805542
0.42918193340301514
0.26042699813842773
0.2593190670013428
0.2434474229812622
0.26496338844299316
0.41148126125335693
0.38417762517929077
0.21426045894622803
0.3570253849029541
0.169103741645813
0.4090123176574707
0.43439292907714844
0.19811999797821045
0.40927785634994507
0.5151742696762085
0.3043854832649231
0.6219167709350586
0.3966984748840332
0.43944478034973145
0.44669628143310547
0.46805477142333984
0.34024524688720703
0.6649214625358582
0.6292349100112915
0.21002960205078125
0.22275561094284058
0.1829078197479248
-0.08867335319519043
0.37122535705566406
0.4387439489364624
0.2405083179473877
0.11328315734863281
0.294486403465271
0.432561993598938
0.4216841459274292
0.18925046920776367
0.15948116779327393
0.2651364803314209
0.31623172760009766
0.27202504873275757
0.5014787316322327
0.5862107276916504
0.21394038200378418
0.5779136419296265
0.2804689407348633
0.12613999843597412
0.282543420791626
0.3884037733078003
0.11567139625549316
0.5386720895767212
0.3363088369369507
0.5036820769309998
0.4259757995605469
0.36514008045196533
-0.07365822792053223
0.415238618850708
0.3339129686355591
0.2362896203994751
0.5244224071502686
0.1983146071434021
0.33899474143981934
0.17960679531097412
0.2481284737586975
-0.1665661334991455
0.2390434741973877
0.19000136852264404
0.38268572092056274
0.5531797409057617
0.6841620206832886
0.26706254482269287
0.4776337742805481
0.43358588218688965
0.2910241484642029
0.3542442321777344
0.8676385879516602
0.23777353763580322
0.4704747200012207
0.2604480981826782
0.7092941999435425
-0.033928513526916504
0.03470957279205322
0.24171197414398193
-0.1884680986404419
0.4593844413757324
0.36667656898498535
0.49689263105392456
0.43762320280075073
0.09847235679626465
0.5776283740997314
0.393481969833374
-0.16193318367004395
0.30742543935775757
0.10706186294555664
0.056574344635009766
0.4113578796386719
0.17878836393356323
0.4345806837081909
0.7029972076416016
0.43945932388305664
-0.19573724269866943
0.47562384605407715
0.6196587085723877
0.5495495796203613
0.16417968273162842
0.2759232521057129
1.0488555431365967
0.2875317335128784
0.14990782737731934
0.6856937408447266
0.1420978307723999
-0.019745469093322754
0.1278260350227356
0.5505531430244446
0.45725637674331665
0.13253498077392578
0.5338718891143799
0.015085101127624512
0.10951638221740723
-0.08022820949554443
0.24680519104003906
0.24988579750061035
0.321172833442688
0.38320302963256836
0.25308525562286377
0.2325146198272705
0.15687429904937744
0.32563304901123047
0.43510663509368896
0.4138760566711426
0.145149827003479
0.3360731601715088
0.32856571674346924
0.3683158755302429
-0.2085247039794922
0.09360909461975098
0.6299488544464111
0.20873689651489258
0.4813680648803711
0.4219757318496704
0.4221053123474121
0.9449045658111572
0.19346225261688232
0.5754782557487488
0.16375452280044556
0.8045942783355713
0.6700915098190308
0.4048006534576416
0.02630460262298584
0.6833887100219727
0.3781551122665405
0.36604005098342896
0.29271525144577026
0.6032392978668213
0.4808056354522705
0.5269032716751099
0.24684321880340576
0.4544299840927124
0.2130945920944214
0.16334497928619385
0.3602311611175537
0.3851704001426697
0.6123374700546265
0.6239466667175293
0.46323055028915405
-0.028059005737304688
-0.08049547672271729
0.3886626958847046
-0.15381693840026855
0.4742279052734375
0.11755704879760742
1.245323896408081
0.1190481185913086
0.12047040462493896
0.05749380588531494
0.4113578796386719
0.5576441287994385
0.7160987854003906
0.4065438508987427
0.10362505912780762
0.4563025236129761
0.46385037899017334
0.3077045679092407
0.3796035051345825