0.6556141376495361
0.31287480890750885
-0.004209727048873901
0.19266945123672485
-0.2179126739501953
-0.24431800842285156
0.546966016292572
-0.07276400923728943
-0.2613430917263031
0.07778546214103699
0.04714721441268921
0.1318991482257843
0.3382886052131653
-0.008295953273773193
0.8556004464626312
0.16155663132667542
0.17226716876029968
-0.0956173837184906
-0.24341091513633728
0.12930887937545776
0.037597209215164185
0.3685912936925888
-0.26887279748916626
0.332380011677742
0.15529507398605347
-0.22391405701637268
0.06364560127258301
0.11016574501991272
-0.21920236945152283
0.03230983018875122
0.04851815104484558
-0.21507474780082703
0.1309821903705597
0.11719182133674622
-0.08266773819923401
-0.7811150401830673
0.5396872758865356
0.1381581425666809
-0.07028141617774963
0.05465131998062134
0.5822173058986664
-0.02302566170692444
0.31094639003276825
0.09579381346702576
0.11624914407730103
0.17135107517242432
0.17256703972816467
0.0665886402130127
0.3134711682796478
0.03254508972167969
0.08813077211380005
0.12512990832328796
0.33944252133369446
0.09444031119346619
0.5973703116178513
-0.34796373546123505
0.30876949429512024
0.36053475737571716
1.051741600036621
0.019701480865478516
0.012103915214538574
0.46132606267929077
0.10456356406211853
-0.059961795806884766
0.5782155394554138
0.3324023485183716
0.21073907613754272
0.1664496660232544
0.25395089387893677
-0.0875558853149414
0.29207658767700195
0.2071075737476349
-0.06787264347076416
0.42593395709991455
-2.048161745071411
0.42839498817920685
0.07061690092086792
0.4547986686229706
0.15944012999534607
1.1815740019083023
0.08235052227973938
0.24762722849845886
-0.2565576732158661
0.3589310795068741
-0.011615961790084839
0.0589752197265625
0.3638390600681305
0.5007175207138062
0.1824600249528885
0.022525370121002197
-0.05314534902572632
0.03248128294944763
0.33795562386512756
0.12405380606651306
0.35843732953071594
0.479478657245636
-0.008009374141693115
0.15217465162277222
0.09778183698654175
0.2666304111480713
-0.5102733373641968
0.05756041407585144
0.33245447278022766
-0.20869559049606323
0.2466755211353302
0.055482953786849976
0.7377195209264755
0.07098299264907837
-0.18820136785507202
0.0684417188167572
-0.10534143447875977
0.20953959226608276
0.2560756057500839
0.3381817638874054
0.11297717690467834
0.08108144998550415
-0.028553277254104614
0.32007896900177
-0.1632215976715088
-0.02552729845046997
0.027630478143692017
0.03549981117248535
0.004542678594589233
0.14918184280395508
0.11619442701339722
0.5455179959535599
0.06525999307632446
0.04871940612792969
0.14060592651367188
-0.28232190012931824
-0.02179059386253357
-0.17674028873443604
0.04702630639076233
0.01906701922416687
-0.004046499729156494
0.027351319789886475
-0.2889644503593445
0.2606174945831299
0.5464664995670319
0.06996911764144897
0.33650097250938416
0.31939390301704407
0.5737274587154388
1.1221438571810722
-0.036211371421813965
0.3921181261539459
0.10244300961494446
0.15876010060310364
0.2703009098768234
0.0934264063835144
-0.1480221450328827
0.07870659232139587
0.0943433940410614
-0.15131321549415588
0.03419181704521179
-0.10792997479438782
0.44415183365345
0.018630415201187134
0.6020711362361908
0.03166288137435913
0.1375178098678589
0.05789342522621155
0.10430178046226501
-0.534286379814148
0.00427594780921936
1.0400659143924713
0.049982696771621704
0.4539395868778229
0.11065694689750671
-0.07440170645713806
-0.06612890958786011
0.6406590342521667
0.47135400772094727
0.1584370732307434
0.12003305554389954
0.15709847211837769
0.07360726594924927
0.21892163157463074
-0.11415338516235352
0.13069480657577515
-0.06416821479797363
-0.0065042078495025635
-0.016087442636489868
-0.009448975324630737
0.15984022617340088
0.23191264271736145
-0.040662914514541626
0.0941619873046875
0.5585023760795593
-0.0706251859664917
0.28345510363578796
0.39435887336730957
0.2462737262248993
0.08152458071708679
0.1023377776145935
0.3156249225139618
0.18368351459503174
-0.2947993576526642
0.18905532360076904
0.012735903263092041
0.6799576878547668
0.09284576773643494
-0.06256037950515747
-0.36727921664714813
-0.03709438443183899
0.1387769877910614
-0.47553643584251404
0.011669009923934937
0.8593056946992874
0.1761099100112915
0.29484742879867554
-0.41457390785217285
0.14770492911338806
0.09057849645614624
0.13635820150375366
0.1074644923210144
0.23409613966941833
0.13176247477531433
0.5247993022203445
-0.02377372980117798
-0.08190733194351196
0.16892728209495544
-0.0415252149105072
-0.2982279062271118
0.09231886267662048
0.45753049850463867
0.14385223388671875
-0.2581349313259125
1.0536053255200386
0.3468363583087921
-0.6512213498353958
-0.0004190802574157715
-0.009569108486175537
0.35793542861938477
0.06547868251800537
-0.076077401638031
-0.35144609212875366
0.04872608184814453
0.16029009222984314
-0.004986703395843506
0.21180102229118347
0.04014188051223755
-0.44261279702186584
0.19366678595542908
-0.038760244846343994
0.0777474045753479
0.23328939080238342
0.419226735830307
0.17768624424934387
-0.03052470088005066
0.370663046836853
0.7694602310657501
-0.3150152564048767
0.009007483720779419
0.206706702709198
0.06861230731010437
0.0012027621269226074
0.5714793503284454
0.09680438041687012
-0.09303456544876099
-0.17111411690711975
0.009588092565536499
0.2525467872619629
0.043349236249923706
0.2270013391971588
0.41136571764945984
0.11951696872711182
0.19416552782058716
0.02573186159133911
0.09029683470726013
-0.07644933462142944
0.18062853813171387
-0.5004830658435822
0.06267803907394409
0.23809784650802612
0.1608234941959381
0.3248262405395508
0.25618085265159607
0.19572606682777405
-0.004964321851730347
-0.23588958382606506
0.1345573365688324
0.14230981469154358
-0.0010893046855926514
0.3518180251121521
0.3961016982793808
0.07929468154907227
-0.0302240252494812
0.07304400205612183
0.08510640263557434
0.11847653985023499
0.11948880553245544
0.17223644256591797
0.028792589902877808
0.18832474946975708
0.17399513721466064
0.05431246757507324
-0.05085906386375427
0.37614256143569946
0.270317405462265
-0.2410758137702942
0.43868139386177063
-0.02344733476638794
0.03380417823791504
0.28010109066963196
0.014473825693130493
0.18143537640571594
0.13731995224952698
0.25347208976745605
0.19914130866527557
-0.013043224811553955
0.31264202296733856
0.2854737937450409
-0.27104806900024414
0.09820935130119324
-0.26229074597358704
0.629253476858139
0.31640687584877014
-0.25854483246803284
0.23694315552711487
0.7857471853494644
0.1733216941356659
1.063970535993576
0.25993821024894714
-0.04365414381027222
0.09528684616088867
-0.5169275104999542
0.294877290725708
0.8866503238677979
0.06941500306129456
0.33625414967536926
0.015273123979568481
0.22603797912597656
0.03053554892539978
0.001948326826095581
0.26654669642448425
0.3645407259464264
0.1903236210346222
-1.1260215193033218
-0.2890680432319641
-0.12193909287452698
0.21172651648521423
0.42014458775520325
0.5355819314718246
0.14093074202537537
0.2749139666557312
1.3767028152942657
0.14544269442558289
-0.5799144357442856
0.23011919856071472
-0.004039019346237183
-0.8596163690090179
0.0656658411026001
-0.3178490102291107
0.6153520792722702
0.37734121084213257
0.5807054936885834
-0.03532418608665466
0.12552577257156372
-0.37790779769420624
0.17282631993293762
-0.5380106270313263
0.004728257656097412
-0.025088250637054443
0.6979618668556213
0.04865068197250366
-0.05817171931266785
-0.03841802477836609
0.2487894594669342
0.11558976769447327
0.009931117296218872
-0.035774827003479004
0.11885517835617065
0.02455642819404602
0.5058656483888626
-0.08358389139175415
0.08130508661270142
1.187658242881298
0.46619510650634766
0.30826330184936523
-0.08228754997253418
0.2525103986263275
0.3575651943683624
-0.024076849222183228
-0.07123565673828125
-0.006931662559509277
0.08936500549316406
0.2865365743637085
0.12729603052139282
0.30882829427719116
0.06150338053703308
0.10627415776252747
0.4110434949398041
0.33196665346622467
0.018848329782485962
0.22611495852470398
0.04642161726951599
0.2074066400527954
0.047954052686691284
-0.0899365246295929
0.10715633630752563
0.32913774251937866
0.5391902178525925
0.14258572459220886
0.1944529414176941
0.5169921070337296
0.3048165738582611
0.10524857044219971
0.20705130696296692
0.256379634141922
0.2326349914073944
-0.016135424375534058
0.1362968385219574
0.24003958702087402
0.5334795564413071
-0.07745993137359619
0.24139556288719177
0.005358606576919556
0.05101233720779419
-0.12084734439849854
0.0891222357749939
0.42556115984916687
0.016031086444854736
-0.05422469973564148
0.18114793300628662
-0.06598475575447083
0.08890444040298462
-0.3394797593355179
-0.11970499157905579
0.43574070930480957
0.22867128252983093
0.07007187604904175
-0.04668256640434265
0.22519639134407043
0.09669262170791626
0.1607050597667694
0.2816202640533447
-0.029069334268569946
0.027526885271072388
-0.03649464249610901
0.07120838761329651
0.12742358446121216
-0.1852341890335083
0.0887412428855896
-0.045861631631851196
0.466422900557518
1.2617683410644531
0.19146838784217834
0.033521682024002075
0.2546417713165283
0.14755085110664368
0.47008591890335083
-0.18954575061798096
-0.036923766136169434
-0.14496970176696777
0.36679302155971527
-0.11305582523345947
-0.06627964973449707
-0.15400618314743042
-0.09091728925704956
-0.08707043528556824
0.13021597266197205
0.5383726805448532
0.210214763879776
-0.13818052411079407
0.15074247121810913
0.19686347246170044
0.1665324866771698
0.03738760948181152
0.03330549597740173
0.30303406715393066
0.12390640377998352
0.3403114378452301
0.43287473917007446
0.1701582372188568
0.40697135031223297
0.44801613688468933
-0.015434682369232178
0.2520979046821594
0.9560661911964417
0.4122057110071182
0.009458094835281372
-0.115608811378479
-0.2209857702255249
0.22235757112503052
-0.09371712803840637
0.3136684000492096
0.08965656161308289
-0.004282504320144653
0.048586905002593994
0.15003260970115662
-0.005233496427536011
0.15990325808525085
0.2284981906414032
0.03803125023841858
-0.08371147513389587
0.4473186731338501
0.26073265075683594
-0.309340238571167
-0.10056671500205994
-0.165164053440094
0.19711777567863464
-0.1415005326271057
0.020589470863342285
-0.017758190631866455
0.43885041773319244
0.309157133102417
-0.28117549419403076
0.03222942352294922
0.09828132390975952
0.16951042413711548
0.3135416805744171
0.3244120925664902
0.9351336658000946
0.488482803106308
0.202443927526474
0.020316123962402344
-0.08357730507850647
0.8993986696004868
0.36020010709762573
0.445234477519989
0.047314584255218506
0.148375004529953
0.0027045905590057373
-0.037113457918167114
-0.02715417742729187
1.0308993756771088
0.3453793227672577
0.042538344860076904
-0.0655631422996521
0.06619852781295776
0.9714462161064148
-0.38006891310214996
0.08913469314575195
0.37953466176986694
0.6089092195034027
0.3204185664653778
0.07175922393798828
0.7327410578727722
0.7249263972043991
0.10520556569099426
-0.20292606949806213
0.41111141443252563
0.7744021713733673
0.10979956388473511
0.19526717066764832
0.009032338857650757
0.24886316061019897
0.29974621534347534
0.04808327555656433
0.09303376078605652
0.3778953552246094
-0.3426125943660736
0.254185289144516
0.11295562982559204
-0.08745980262756348
0.05024033784866333
0.0022224485874176025
0.024867117404937744
0.11787515878677368
0.06970492005348206
1.1450626999139786
0.32964396476745605
0.4039759933948517
0.33060480654239655
0.10305508971214294
-0.13687175512313843
-0.12725791335105896
0.28128403425216675
0.104644775390625
0.42802801728248596
0.5559560507535934
0.01329001784324646
-0.28218182921409607
0.07330822944641113
0.2279132604598999
0.1405712068080902
0.4745829701423645
0.08606564998626709
0.19701164960861206
-0.21059498190879822
-0.21596601605415344
0.25364693999290466
-0.7856098264455795
0.2941781282424927
0.5894321501255035
0.2770519256591797
-0.026740819215774536
0.07601198554039001
0.07586038112640381
0.19439160823822021
-0.1480652391910553
0.09942039847373962
0.1760784089565277
-0.00823211669921875
0.32493314146995544
0.08298006653785706
-0.04050803184509277
0.11316519975662231
0.13157525658607483
0.08081969618797302
-0.05395054817199707
-0.2868596613407135
-0.07511407136917114
-0.35488542914390564
0.09955129027366638
-0.037760406732559204
0.14484375715255737
0.25573185086250305
-0.24172687530517578
0.35359564423561096
0.14226680994033813
0.41479673981666565
0.2658401429653168
0.7851401567459106
-0.637701079249382
-0.035705238580703735
0.27216386795043945
-0.0077533721923828125
0.06642794609069824
-0.10146886110305786
-0.25761136412620544
-0.1372527778148651
-0.4150088280439377
-0.034298717975616455
0.7347356975078583
-0.15162795782089233
0.419890359044075
0.21774697303771973
0.15247786045074463
-0.03676551580429077
0.19373393058776855
0.5761512666940689
0.3878587484359741
0.4517619013786316
0.03619563579559326
-0.04140016436576843
-1.1023777350783348
-0.03831949830055237
-0.16579362750053406
-0.03870052099227905
0.05789259076118469
0.41113290190696716
0.3510608822107315
0.18534934520721436
0.058889925479888916
0.23649337887763977
0.23446562886238098
0.6328683793544769
0.45354871451854706
0.22795557975769043
0.2969629764556885
0.15560409426689148
0.23097404837608337
0.1525374948978424
0.27970102429389954
0.21033740043640137
-0.04994037747383118
0.12873482704162598
0.13837769627571106
0.21867141127586365
0.10776343941688538
0.11852872371673584
-0.09351259469985962
0.24990519881248474
0.13749876618385315
0.2671978771686554
0.45000746846199036
-0.043306171894073486
0.0010453760623931885
0.4726347327232361
-0.2014715075492859
0.30504685640335083
-0.00981929898262024
0.27236008644104004
-0.020413845777511597
0.7560549676418304
0.24633663892745972
-0.10311314463615417
0.05981603264808655
-0.09379419684410095
0.896910235285759
0.1293710172176361
0.01766204833984375
0.39519305527210236
0.15853649377822876
0.13121742010116577
0.1061689555644989
-0.02536749839782715
0.10237008333206177
-0.08789718151092529
0.08008331060409546
0.5862978100776672
-0.19459623098373413
-0.211117684841156
0.3457504212856293
0.8282905519008636
0.40256035327911377
-0.08641937375068665
0.7112254649400711
-0.11543816328048706
0.5612425655126572
-0.19379600882530212
0.47414064407348633
0.353239506483078
-0.6274576485157013
0.05401924252510071
-0.18606504797935486
0.25436751544475555
0.01297864317893982
0.5530684739351273
0.043586164712905884
0.307051420211792
0.034386515617370605
0.1530245840549469
-0.07132846117019653
-0.05779406428337097
-0.09763690829277039
0.6349616646766663
0.03916940093040466
0.3048936426639557
0.5399572998285294
0.5230026543140411
-0.06071975827217102
0.2349269986152649
-0.41624052822589874
0.010009020566940308
0.1909233033657074
0.2660820782184601
0.3254939019680023
0.33946657180786133
0.25587594509124756
0.04906323552131653
0.6300288289785385
0.8903290033340454
0.3415754437446594
-0.24476197361946106
0.09200161695480347
0.025328457355499268
-0.17784693837165833
0.11856183409690857
-0.020694732666015625
-0.17388415336608887
0.2596093416213989
1.4098774790763855
-0.7967675775289536
0.5101109445095062
0.27147793769836426
0.20579880475997925
0.06851211190223694
0.037573933601379395
0.7618857771158218
0.3744833767414093
0.19669443368911743
0.3086203932762146
0.12915727496147156
0.32293426990509033
-0.01574113965034485
0.12249982357025146
0.04293513298034668
0.6552247107028961
0.2685662806034088
-0.013516277074813843
0.22480040788650513
0.017347335815429688
-0.08771991729736328
-0.05702364444732666
0.10623103380203247
0.5488389730453491
0.32816286385059357
-0.04768815636634827
0.2523455321788788
0.18723714351654053
0.3301492929458618
0.2142455279827118
0.26875099539756775
0.13683447241783142
-0.23743435740470886
0.06198716163635254
0.5695931911468506
0.10987988114356995
-0.23896434903144836
0.5711463838815689
-0.1372726857662201
-0.14255419373512268
0.33944252133369446
0.19814813137054443
-0.05380389094352722
0.06642046570777893
0.34122592210769653
0.3097303807735443
-0.26132073998451233
0.2809634208679199
0.3764938414096832
0.45754045248031616
0.11097750067710876
-0.2011774778366089
0.6132704615592957
0.1045759916305542
-0.19248473644256592
0.0754304826259613
0.5209491103887558
-0.1853882372379303
-0.1828145682811737
0.32465893030166626
0.09235617518424988
-0.0867515504360199
0.11782047152519226
0.0722736120223999
0.40999969840049744
-0.04683414101600647
0.006627678871154785
-0.06879210472106934
0.02189573645591736
-0.12650910019874573
0.06130540370941162
0.2989237308502197
0.058448463678359985
-0.04962149262428284
0.2312672734260559
0.022145122289657593
0.34403902292251587
0.32273465394973755
-0.0017288029193878174
-0.2622940093278885
0.07331734895706177
0.41557377576828003
0.8429772257804871
-0.010882914066314697
0.14858299493789673
0.10369879007339478
0.6937522143125534
0.24267372488975525
0.5136919021606445
0.15284651517868042
0.47123734652996063
0.024878650903701782
-0.10932078957557678
-0.020986318588256836
0.1411435306072235
0.30085793137550354
-0.0801611840724945
0.24766698479652405
1.0436667650938034
0.10925701260566711
0.07423931360244751
-0.3710010349750519
0.6408835649490356
0.09929609298706055
0.1638602912425995
0.15983447432518005
-0.0983881950378418
0.41014641523361206
0.12983408570289612
0.3443172872066498
-0.3605869710445404
-0.1737300157546997
0.12286102771759033
0.7432429492473602
0.04528677463531494
0.296508252620697
0.028172999620437622
-0.29906290769577026
0.05511677265167236
0.21477404236793518
0.27687883377075195
-0.06330257654190063
0.10292258858680725
0.021989434957504272
-0.3420534133911133
0.9903126507997513
0.13353678584098816
1.1266915500164032
0.2302219569683075
0.30309444665908813
0.08596378564834595
-0.022410213947296143
0.6594096273183823
-0.1524977684020996
0.058508872985839844
0.18146103620529175
0.07331153750419617
-0.009251028299331665
0.26398056745529175
0.2952144145965576
0.029748529195785522
-0.20564404129981995
0.2233474850654602
0.07020685076713562
0.001902759075164795
0.1822073757648468
0.09764352440834045
1.7019250094890594
0.24665892124176025
0.001571357250213623
0.05029001832008362
0.13276812434196472
0.20743072032928467
-0.044847726821899414
0.04833090305328369
0.09938469529151917
0.20769408345222473
-0.09571591019630432
0.1353185474872589
-0.05933147668838501
-0.28449881076812744
-0.020871132612228394
-0.16585496068000793
0.037349551916122437
0.14195117354393005
0.25464919209480286
0.2755642533302307
0.0030881166458129883
-0.1339799463748932
0.37033170461654663
-0.024636805057525635
-0.010090172290802002
0.26987424492836
-0.14139533042907715
0.2513713836669922
1.2866461127996445
-0.0032098591327667236
0.058342427015304565
-0.08109968900680542
-0.05122852325439453
0.07555806636810303
0.20727577805519104
-0.10802525281906128
0.15795165300369263
0.1999051570892334
0.04072672128677368
0.27238330245018005
-0.20285406708717346
0.38218703866004944
-0.09501269459724426
0.24974370002746582
0.12900489568710327
0.08936581015586853
-0.020606040954589844
0.330619752407074
0.33507537841796875
0.6863783150911331
-0.09536302089691162
0.1770467907190323
0.3542567491531372
0.19768014550209045
0.38831934332847595
-0.5976900309324265
-0.31209950149059296
0.18139556050300598
0.21773117780685425
0.13704651594161987
0.13884902000427246
0.5276323109865189
0.36386147141456604
-0.09476494789123535
-0.05534547567367554
0.13795191049575806
1.0525434613227844
0.09410318732261658
0.16755470633506775
0.03554454445838928
0.12755614519119263
0.19935256242752075
0.18359985947608948
-0.2542739510536194
0.06906706094741821
0.3840789794921875
-0.33930252492427826
0.15460920333862305
0.0587540864944458
-0.04270648956298828
-0.2319084107875824
0.10924452543258667
-0.01193159818649292
0.8313852846622467
0.35040077567100525
0.11662191152572632
0.4138946831226349
-0.7745297253131866
0.05702531337738037
0.5063271075487137
0.4373543858528137
0.11191678047180176
0.005327135324478149
0.06488555669784546
-0.1111738383769989
0.34073546528816223
-0.08814898133277893
0.30904872715473175
0.520257443189621
-0.014289051294326782
0.16214805841445923
0.02080896496772766
0.5085305273532867
0.17796126008033752
0.10588729381561279
0.15124201774597168
0.4092368483543396
0.08331304788589478
0.08586937189102173
0.5469991117715836
0.431122750043869
0.35359564423561096
0.3569994121789932
0.3040056526660919
0.4590224027633667
0.1619475781917572
0.3452070355415344
0.8969177305698395
0.05476808547973633
-0.4009997248649597
-0.23324379324913025
0.23870176076889038
0.03932100534439087
0.3790733218193054
0.04503247141838074
0.0030475258827209473
0.3012257218360901
-0.4035518616437912
0.018154948949813843
0.08541783690452576
0.123313307762146
0.18222063779830933
-0.0598069429397583
0.011474311351776123
-0.05744612216949463
0.4609748423099518
-0.6787988394498825
0.5709077417850494
0.3250507414340973
0.25355246663093567
0.3843921571969986
-0.03289216756820679
-0.07289981842041016
0.20747873187065125
0.15841633081436157
0.31571604311466217
0.25347959995269775
0.5372667908668518
0.2001917064189911
-0.0603826642036438
0.3908325135707855
0.19027301669120789
0.2595472037792206
-0.009313136339187622
0.6135363727807999
0.04506808519363403
0.864729717373848
0.36356648802757263
0.15182670950889587
0.5215140879154205
-0.02409014105796814
0.08974847197532654
-0.02010655403137207
0.5306780934333801
-0.01690247654914856
0.3963477462530136
0.2859169840812683
0.20986855030059814
-0.620760440826416
0.11423128843307495
-0.3490273207426071
0.011271357536315918
0.3289928436279297
0.3998756557703018
-0.08638620376586914
0.17274346947669983
0.10364493727684021
0.06870508193969727
-0.2080652415752411
0.06427425146102905
0.13447198271751404
0.7384451031684875
0.46225297451019287
0.07889297604560852
-0.26523298025131226
0.5304926335811615
-0.079599529504776
-0.19927558302879333
0.00043323636054992676
0.8865906298160553
0.2668624222278595
0.06352123618125916
0.15529587864875793
0.16560477018356323
0.10371947288513184
0.0008208751678466797
0.1703759729862213
0.11505544185638428
0.12420123815536499
0.07013645768165588
0.07585126161575317
0.26472777128219604
-0.09107714891433716
0.11683890223503113
0.044514745473861694
0.01802903413772583
0.12571391463279724
0.15273213386535645
-0.2112402617931366
0.1547003984451294
0.3663133829832077
0.6240597665309906
0.5748804956674576
0.048658162355422974
-0.1923704743385315
0.533527672290802
-0.0014131665229797363
0.12186208367347717
-0.6991621851921082
-0.41449105739593506
0.1473444700241089
0.41334298253059387
-0.19271910190582275
0.11926761269569397
0.499021053314209
-0.5342292934656143
0.1477041244506836
0.7113879024982452
0.42911893129348755
0.05638834834098816
-0.20494982600212097
0.019466280937194824
-0.06789907813072205
1.2419583052396774
0.9722214788198471
-0.411348357796669
0.10590550303459167
0.012617439031600952
-0.042875438928604126
-0.3208485096693039
0.7549823373556137
0.07181468605995178
0.384366512298584
0.07203173637390137
-0.3821316063404083
0.050909608602523804
0.32336747646331787
0.5977181047201157
0.20880985260009766
-0.13845884799957275
0.04588979482650757
0.5028446614742279
0.03438904881477356
0.2065328061580658
-0.1928716003894806
0.05813944339752197
-0.2054659128189087
-0.1941099762916565
0.1508120596408844
0.08535656332969666
0.07919120788574219
-0.7052406817674637
0.09220123291015625
0.045014262199401855
-0.11607438325881958
0.13196873664855957
-0.0521182119846344
0.3541887551546097
0.00072479248046875
0.04193025827407837
0.08512133359909058
0.04265508055686951
-0.07536423206329346
0.05670645833015442
0.22907224297523499
0.5410547852516174
0.26576974987983704
-0.029296278953552246
-0.04413536190986633
0.9656235575675964
0.27373188734054565
0.4776628017425537
0.03690055012702942
-0.17336806654930115
0.10113087296485901
-0.23261839151382446
-0.02468731999397278
-0.05142319202423096
0.04154098033905029
1.2695763409137726
1.276736557483673
-0.0058539509773254395
0.1374681293964386
0.3768848180770874
0.2554650753736496
0.33260194957256317
0.5149908065795898
0.13069891929626465
0.2543667256832123
-0.2702246755361557
-0.1773342788219452
0.04581615328788757
0.019765257835388184
-0.07280212640762329
0.22631707787513733
-0.003360569477081299
-0.2650855779647827
0.23354943096637726
-0.06579682230949402
-0.2660033851861954
0.5471829771995544
0.006317764520645142
0.1939939558506012
0.15314555168151855
0.2908174395561218
0.2922687530517578
-0.460337832570076
0.328509122133255
0.4419650137424469
-0.02479502558708191
0.20149055123329163
0.11993205547332764
-0.18804901838302612
-0.2603299915790558
-0.015519946813583374
0.4561215043067932
0.05931901931762695
-0.33846837282180786
0.14851254224777222
0.5719631612300873
0.21485605835914612
-0.026603281497955322
0.21054860949516296
-0.00750732421875
-0.04708263278007507
0.022531121969223022
-0.04183170199394226
0.2831187844276428
0.09612348675727844
0.18939745426177979
0.28532713651657104
0.1310906708240509
0.25454485416412354
0.051154762506484985
-0.2619245648384094
0.29610811173915863
0.09247958660125732
-0.1565873622894287
0.038482725620269775
0.04873436689376831
0.1410433053970337
0.3385603129863739
0.07484564185142517
0.8480657786130905
0.264312744140625
-0.010508447885513306
0.11169978976249695
0.26362770795822144
0.1567472517490387
0.387511745095253
0.10294333100318909
0.4714609384536743
0.27196499705314636
0.5042155981063843
0.02737453579902649
-0.2062685191631317
-0.1635662019252777
-0.006652504205703735
0.11217117309570312
0.26980552077293396
-0.22398361563682556
0.32139353454113007
0.045053184032440186
-0.40754371881484985
-0.1570015549659729
0.5074329525232315
0.0008192062377929688
-0.09433180093765259
0.040887415409088135
0.2854546904563904
0.2943578064441681
0.03386300802230835
0.7135738730430603
0.09647634625434875
0.19894418120384216
-0.2891002595424652
0.8581915944814682
1.2667392492294312
0.4472532272338867
0.009536832571029663
0.08418941497802734
0.03791528940200806
0.18328261375427246
0.3299669921398163
0.01406872272491455
0.4136834144592285
0.005421549081802368
0.29541152715682983
0.08607310056686401
0.08168119192123413
-0.04159891605377197
0.18164992332458496
0.12165415287017822
0.9251396507024765
-0.017922192811965942
0.5625397861003876
0.40273594856262207
0.1193968653678894
0.2294871211051941
0.046819210052490234
0.20789119601249695
0.1800362765789032
0.35961779952049255
-0.04427039623260498
0.011373192071914673
0.19165557622909546
0.026593387126922607
-0.1560497283935547
-0.19567471742630005
0.24988368153572083
0.09814631938934326
0.08671095967292786
0.18908607959747314
0.6170046478509903
0.1459198296070099
0.1428333818912506
0.28384770452976227
0.17371350526809692
0.3062281310558319
0.27748018503189087
0.7218134850263596
0.18245673179626465
0.029871195554733276
0.5065283477306366
-0.04227742552757263
-0.19076010584831238
0.30815574526786804
0.32053616642951965
0.0843144953250885
0.09258309006690979
-0.44003576040267944
0.4160442352294922
-0.06250238418579102
0.10221683979034424
-0.4850226789712906
-0.043444544076919556
0.30952000617980957
0.2049795687198639
-0.052925050258636475
-0.4730778634548187
-0.061215102672576904
0.027982503175735474
0.23454347252845764
0.0010909438133239746
0.1854272484779358
0.1679895520210266
-0.024196118116378784
0.4669654071331024
0.055512845516204834
-0.025421231985092163
0.2815043330192566
0.2154184877872467
0.27927353978157043
0.31216660141944885
0.051142364740371704
0.48952561616897583
0.03750193119049072
-0.157731294631958
0.1724030077457428
0.301992729306221
-0.2031770944595337
-0.10452631115913391
0.6176549345254898
0.07958212494850159
0.03372049331665039
-0.05826786160469055
0.2524382770061493
0.06556558609008789
0.003995120525360107
0.09321016073226929
0.2521716356277466
-0.025039345026016235
-0.010530799627304077
0.08694121241569519
0.11719673871994019
0.2880309820175171
0.042153120040893555
0.41619670391082764
0.3521966338157654
0.1887463629245758
0.18163415789604187
-0.037375181913375854
-0.007374852895736694
-0.12597396969795227
-0.06810951232910156
0.1837969720363617
0.4201570302248001
0.26910969614982605
0.052860409021377563
-0.1905149221420288
0.25511643290519714
0.0739145576953888
0.14946353435516357
0.2014831006526947
0.2648014426231384
-0.21019738912582397
0.2533884793519974
0.23245185613632202
-0.04376843571662903
-0.23289838433265686
0.2634603679180145
-0.09826397895812988
0.03876680135726929
-0.04361599683761597
0.319778248667717
0.04944676160812378
0.3551936149597168
0.16991880536079407
-0.3547222465276718
0.4207112044095993
0.13264214992523193
0.14641433954238892
0.34858499467372894
0.05380469560623169
0.1823987364768982
0.09604474902153015
-0.05452123284339905
-0.03399965167045593
0.32010625302791595
0.12902894616127014
0.4191737771034241
0.004516124725341797
0.5284183770418167
0.19206476211547852
0.01765546202659607
0.2622617483139038
0.28132040798664093
0.07089352607727051
-0.10090559720993042
0.05703195929527283
0.1356889009475708
-0.24053740501403809
0.025953024625778198
-0.1314062476158142
0.21338894963264465
0.40420621633529663
-0.4276054948568344
0.33902251720428467
0.21018660068511963
0.06160777807235718
0.8763870745897293
0.14837172627449036
0.35975782573223114
0.4246019721031189
-0.061524927616119385
0.11933884024620056
1.0401662588119507
0.4271913170814514
0.2808324694633484
0.14292612671852112
0.6660240143537521
-0.38877080380916595
0.1950128674507141
-0.2116701602935791
-0.06759840250015259
-0.2902260571718216
0.002514064311981201
0.03985026478767395
0.3618195652961731
0.05937120318412781
0.48943784832954407
0.22025689482688904
0.0017212927341461182
0.2192719578742981
-0.2615658938884735
0.38442277908325195
0.30354921519756317
0.22524100542068481
0.09712085127830505
0.049530357122421265
0.4588666707277298
0.022454053163528442
0.2528906315565109
0.26898878812789917
0.38953372836112976
0.08393844962120056
0.36084288358688354
-0.21189960837364197
-0.04462406039237976
0.1169101893901825
0.0073483288288116455
0.23901741206645966
0.10887429118156433
-0.31079815328121185
0.17468592524528503
0.42161163687705994
0.06835803389549255
-0.004041522741317749
0.20576071739196777
0.022130250930786133
0.03960016369819641
0.4786609560251236
0.12394198775291443
0.1555188000202179
-0.3483555316925049
-0.020080864429473877
0.6160188913345337
-0.15058258175849915
-0.3086286336183548
0.2075209617614746
-0.13019609451293945
-0.016068369150161743
0.1280117630958557
0.02892768383026123
0.14967140555381775
0.17818906903266907
0.1328144371509552
0.07960370182991028
1.07749243080616
-0.11137756705284119
1.0361660420894623
0.3290773332118988
-0.3817422240972519
-1.236269123852253
0.28055253624916077
0.13014554977416992
-0.02409672737121582
-0.2605196535587311
-0.5148457884788513
0.29596394300460815
0.06335562467575073
1.0009402930736542
-0.13056308031082153
0.28053176403045654
-0.009352922439575195
0.12066423892974854
-0.016800612211227417
-0.04421159625053406
-0.19478839635849
0.006119877099990845
0.1155947744846344
0.3516879677772522
0.18150576949119568
0.005751252174377441
-0.4535445272922516
0.028334587812423706
-0.025841206312179565
0.11531141400337219
0.25446856021881104
0.08511143922805786
0.06063699722290039
-0.16937130689620972
0.5024950951337814
0.0746302604675293
0.005269140005111694
0.07489621639251709
-0.2621309161186218
0.09507480263710022
0.17977777123451233
-0.04072672128677368
0.0024701356887817383
0.5971408039331436
-0.25208957493305206
0.15979552268981934
-0.11263176798820496
-0.06990623474121094
0.28396207094192505
0.026797115802764893
0.5162341594696045
0.08701500296592712
-0.4001034051179886
-0.17224565148353577
-0.3038349747657776
0.44039949774742126
0.1894918978214264
-0.0616665780544281
0.3088018298149109
0.17245939373970032
-0.18246999382972717
0.19767022132873535
0.0015307962894439697
-0.3170803040266037
-0.07698780298233032
-0.004875630140304565
0.22164186835289001
0.28829425573349
-0.07194721698760986
0.1051102876663208
0.004598170518875122
0.1037028431892395
0.07870164513587952
0.25271496176719666
0.45954930782318115
0.29583072662353516
-0.2795361876487732
0.009547591209411621
0.06681975722312927
-0.02143937349319458
0.3236367106437683
0.5589580535888672
0.16754058003425598
0.29278564453125
0.07919532060623169
1.06514011323452
0.23454096913337708
0.1118108332157135
0.19039392471313477
0.20191389322280884
0.12276160717010498
0.055537670850753784
-0.24958793818950653
0.2436785101890564
1.237730324268341
0.4701090455055237
0.016197562217712402
0.06090199947357178
-0.16883617639541626
-0.04389595985412598
-0.005114197731018066
0.211117684841156
0.32040122151374817
-0.31067797541618347
0.1949259340763092
0.08326086401939392
-0.0054042041301727295
-0.10680752992630005
0.45943665504455566
0.038609445095062256
0.30618663132190704
-0.022307515144348145
0.9109193682670593
0.31467726826667786
-0.27627575397491455
0.5268685519695282
0.37175893783569336
0.27930665016174316
0.3826178014278412
0.13885650038719177
0.2829696834087372
0.03257820010185242
-0.02907431125640869
-0.035258710384368896
0.03847688436508179
-0.0014413297176361084
0.36067892611026764
0.16683074831962585
0.08288389444351196
0.10309654474258423
-0.7059299051761627
-0.06497418880462646
0.3535493165254593
0.35046203434467316
-0.6882096827030182
0.13849115371704102
0.34270787239074707
-0.16504064202308655
0.07808950543403625
0.11019635200500488
-0.14148321747779846
0.12267383933067322
-0.14085525274276733
-1.3593530096113682
0.11140164732933044
0.294217050075531
0.255056768655777
-0.06452357769012451
0.1642155945301056
0.17556071281433105
0.03260967135429382
-0.004766345024108887
0.17623993754386902
0.12905123829841614
0.3331826627254486
0.33615143597126007
0.16742628812789917
0.5570163726806641
0.5200693607330322
-0.10994452238082886
-0.2536270320415497
0.26151207089424133
0.03466236591339111
0.4421497583389282
0.19702082872390747
0.13523325324058533
-0.15060243010520935
0.5945588201284409
0.0903780460357666
0.07360151410102844
0.08340668678283691
0.021800577640533447
0.12440922856330872
0.3319774270057678
0.22755134105682373
0.238679438829422
0.16030997037887573
0.2765168100595474
-0.0291232168674469
0.08644172549247742
-0.0030615925788879395
0.25595469772815704
0.11837297677993774
0.14590075612068176
0.49152690172195435
0.048133790493011475
0.18798181414604187
0.10843858122825623
0.35395267605781555
0.9026748389005661
0.04179692268371582
0.1274815797805786
0.5040333271026611
0.5125861167907715
0.43362848460674286
0.5310392677783966
0.14988434314727783
0.26230478286743164
0.12071806192398071
-0.14859455823898315
0.06735733151435852
0.032753825187683105
-0.07990685105323792
0.22147613763809204
0.12365451455116272
-0.617754340171814
-0.14777863025665283
0.023250162601470947
0.2997835576534271
0.17874488234519958
0.32815125584602356
0.09619143605232239
0.41161587834358215
0.11203530430793762
0.40817660093307495
0.4423693120479584
0.0719282329082489
0.0050355494022369385
0.20735445618629456
-0.12965598702430725
0.2961661219596863
0.3148338496685028
0.10605129599571228
0.22007128596305847
0.3673090785741806
0.20658990740776062
0.14718303084373474
0.2534745931625366
0.35241779685020447
-0.04053783416748047
-0.9684947431087494
0.8247029930353165
0.23255538940429688
0.46550261974334717
0.18059706687927246
-0.25494980812072754
0.03620392084121704
0.9408444762229919
0.09100839495658875
0.2800505757331848
0.4359271228313446
0.040085554122924805
0.6633252203464508
0.1526203751564026
0.13157612085342407
-0.38786378502845764
0.3379274606704712
0.3650824576616287
-0.5908428430557251
0.026191622018814087
0.7033272534608841
-0.007605075836181641
-0.023267537355422974
0.23214542865753174
-0.018948525190353394
0.23688018321990967
-0.1844000220298767
0.08902451395988464
-0.19702410697937012
-0.2703099250793457
0.03890103101730347
-0.07327759265899658
0.3201601356267929
-0.7313395217061043
-0.5158282071352005
0.5937943160533905
-0.1902174949645996
-0.28870266675949097
0.050764650106430054
0.22644799947738647
0.48189571499824524
0.20564144849777222
-0.5086240917444229
0.21293175220489502
0.1420663297176361
0.14564478397369385
0.5754429996013641
0.0772959291934967
0.5307559669017792
0.12735232710838318
0.05393305420875549
-0.03927379846572876
-0.12916478514671326
-0.20843878388404846
0.014214545488357544
-0.08560669422149658
0.3455515503883362
0.16526174545288086
0.1252218782901764
0.15580371022224426
0.10404172539710999
0.12558215856552124
-0.16752153635025024
0.12214288115501404
0.20852744579315186
0.2262210249900818
0.03550562262535095
-0.05402171611785889
0.17877888679504395
0.11693909764289856
0.27471762895584106
0.05345183610916138
-0.0013651251792907715
-1.0749188587069511
0.08910652995109558
0.31950658559799194
-0.5655052810907364
-0.10585331916809082
-0.11507454514503479
-0.13348209857940674
0.04930675029754639
0.08086279034614563
0.7291426956653595
-0.04226577281951904
0.16989478468894958
0.14669352769851685
0.19548499584197998
0.47982315719127655
-0.2632599472999573
0.3251526355743408
0.15063315629959106
0.019406646490097046
0.18365702033042908
-0.10413947701454163
0.047455400228500366
-0.0011306703090667725
0.03831532597541809
0.39708074927330017
0.08289968967437744
0.08346548676490784
0.48693618178367615
0.10140261054039001
-0.036157459020614624
0.3693997859954834
0.4044150710105896
0.09947499632835388
0.016239821910858154
0.2665451467037201
0.44188880920410156
0.17770612239837646
0.18067654967308044
0.10393649339675903
1.0662667453289032
-0.566434696316719
0.29344168305397034
0.47738614678382874
0.5486400723457336
0.3133220672607422
0.1817285716533661
0.30505354702472687
0.2049398124217987
-0.025638282299041748
0.09534567594528198
-0.07086873054504395
0.02400723099708557
-0.6758631765842438
-0.0033250153064727783
0.31053802371025085
0.12681472301483154
-0.03553956747055054
0.17754709720611572
-0.06424027681350708
0.08586686849594116
0.1429576277732849
-0.12491199374198914
-0.054452478885650635
-0.8868235349655151
0.024737030267715454
0.043548911809921265
-0.07349711656570435
0.024076849222183228
0.21260622143745422
0.2155352234840393
0.4152705669403076
-0.13183704018592834
0.4291231036186218
-0.0007985532283782959
0.41777220368385315
0.3646508604288101
0.4651132822036743
0.07979336380958557
-1.017482578754425
-0.10101738572120667
-0.3675079345703125
0.21769890189170837
-0.5310483276844025
-0.08963003754615784
0.42106735706329346
0.07346150279045105
0.3436596393585205
-0.15324652194976807
-0.22980114817619324
0.08916205167770386
0.6787325888872147
-0.09109538793563843
0.032324761152267456
0.37799058854579926
0.1274442970752716
0.26707032322883606
0.164262056350708
-0.2133815884590149
0.6054864823818207
0.07057219743728638
0.1702195107936859
0.10301700234413147
0.08894920349121094
0.09239676594734192
0.13946613669395447
0.11542236804962158
-0.08583289384841919
0.38409724831581116
1.5208632200956345
0.08266198635101318
0.11603623628616333
0.050070494413375854
-0.0421125590801239
0.04795905947685242
0.30139966309070587
0.2450014352798462
0.21199488639831543
0.024632632732391357
0.2487206757068634
0.38753241300582886
0.09851494431495667
-0.06890058517456055
-0.005641907453536987
0.2027290165424347
0.34042736887931824
-0.01961788535118103
0.06863301992416382
0.32115338742733
0.18298354744911194
0.21472343802452087
0.04957681894302368
-0.0015192031860351562
0.0009169876575469971
0.03211766481399536
0.3394573926925659
-0.1571812629699707
0.1968643069267273
0.08244410157203674
0.15560489892959595
0.11376407742500305
0.45674610137939453
0.1319895088672638
-0.006784200668334961
0.21661460399627686
0.16094690561294556
0.17286115884780884
0.10440781712532043
0.2057839334011078
0.32493314146995544
-0.1444072127342224
-0.08959856629371643
0.09928369522094727
0.2884864807128906
0.42389944195747375
0.129426509141922
0.08865845203399658
0.3699954152107239
0.6345143467187881
0.27726566791534424
0.09731876850128174
0.17572638392448425
0.23193249106407166
0.05505302548408508
0.10369378328323364
-0.02723449468612671
0.011910796165466309
0.3794759064912796
0.11081430315971375
0.1126980185508728
0.24638968706130981
0.0554216206073761
-0.05018812417984009
0.37416115403175354
0.18132689595222473
0.02125301957130432
0.4205123782157898
0.25721460580825806
0.5464184880256653
0.25796425342559814
-0.43464070558547974
-0.20210853219032288
0.4186088740825653
0.23734241724014282
0.2294946312904358
0.16664430499076843
-0.20692288875579834
-0.35852932929992676
-0.38606205582618713
0.14479658007621765
0.413096159696579
-0.013778775930404663
0.22167420387268066
-0.5612376630306244
-0.023821711540222168
0.14391270279884338
0.055531829595565796
0.645588606595993
0.1296948790550232
0.049155205488204956
0.2684801518917084
0.5952977538108826
0.016912370920181274
0.28940349817276
0.11022040247917175
0.12909024953842163
0.08629018068313599
0.1612277328968048
0.039360761642456055
0.463212251663208
0.35137900710105896
-0.052995383739471436
0.39881615340709686
-0.022234618663787842
0.12015393376350403
0.617963895201683
-0.024280637502670288
0.12269040942192078
-0.40578265488147736
-0.008184969425201416
0.39183326065540314
0.3835107535123825
-0.02527296543121338
0.08389207720756531
-0.9664951860904694
0.24467337131500244
0.5714122354984283
0.45156142115592957
0.20051148533821106
-0.5172712653875351
0.3116024434566498
0.1105690598487854
0.1537170708179474
0.5375120490789413
-0.06259602308273315
0.7494671493768692
0.07663241028785706
0.03762197494506836
0.09007656574249268
0.3025013506412506
-0.17423033714294434
0.17925015091896057
0.12161847949028015
0.2222282886505127
0.36685097217559814
0.18075203895568848
0.42862945795059204
-0.02322867512702942
0.0942804217338562
0.36495569348335266
0.4891081750392914
-0.044632405042648315
0.05486169457435608
0.2913675010204315
0.23243772983551025
0.42214590311050415
0.11166173219680786
0.15734943747520447
0.02459871768951416
-0.23207584023475647
0.25566717982292175
0.0699111819267273
0.05095598101615906
0.22072568535804749
0.17708903551101685
0.3557453155517578
0.020704656839370728
-0.2800191342830658
0.14033257961273193
0.038808226585388184
-0.04453963041305542
0.15253835916519165
0.06315845251083374
0.10004910826683044
-0.11365634202957153
-0.023526012897491455
0.3945452570915222
0.4728906750679016
-0.10387188196182251
-0.17280232906341553
0.27929678559303284
-0.026335686445236206
1.4354825615882874
0.23938101530075073
0.04014107584953308
0.4248148500919342
0.37664711475372314
0.6644525974988937
0.4241107404232025
-0.2873755991458893
0.15981212258338928
0.08292290568351746
0.28635935485363007
0.20636874437332153
-0.026590019464492798
-0.0900019109249115
0.08749040961265564
0.5794389545917511
0.3350779265165329
-1.3294089660048485
0.0880918800830841
0.35174931585788727
-0.027496248483657837
0.13447698950767517
0.015913426876068115
0.04250267148017883
0.07374894618988037
0.2567457854747772
0.22060802578926086
0.524535059928894
-0.1701764464378357
0.05258035659790039
0.10232371091842651
-0.0786784291267395
0.1500135362148285
-0.2894614636898041
0.09463745355606079
0.3894144594669342
-0.05286288261413574
0.37663382291793823
0.7437731176614761
0.0517810583114624
0.13481247425079346
-0.03407174348831177
0.3003459870815277
0.4096328169107437
0.011277198791503906
-0.14601343870162964
-0.083921879529953
0.05839291214942932
0.23580917716026306
0.4987683892250061
0.013688534498214722
0.1223101019859314
-0.39558808505535126
-0.09272065758705139
0.10316863656044006
0.0005640983581542969
0.13947436213493347
0.3959534168243408
0.017322421073913574
0.20536813139915466
0.4953472912311554
0.2488764524459839
0.2176913619041443
0.3172294348478317
0.4069124758243561
0.13820123672485352
-0.19435268640518188
0.10761517286300659
0.1469552218914032
-0.353024959564209
0.1749328374862671
0.19948846101760864
0.31014543771743774
0.3158850222826004
-0.07181057333946228
-0.0333593487739563
-0.02626866102218628
-0.013041526079177856
0.548890233039856
0.6076666712760925
-0.24100375175476074
-0.1398853063583374
-0.017680257558822632
0.2821628749370575
0.6942493319511414
0.2823326885700226
0.4339713752269745
0.42115771770477295
-0.35597142577171326
0.06243523955345154
-0.14192473888397217
0.06088542938232422
1.3390823602676392
-0.004117727279663086
0.07576268911361694
0.06626147031784058
-0.0242292582988739
0.0241696834564209
0.04043847322463989
0.2377840280532837
-0.09849593043327332
0.11879467964172363
-0.06998240947723389
0.07245588302612305
0.14867326617240906
-0.01650071144104004
-0.16604134440422058
0.24072706699371338
0.07841336727142334
0.43716633319854736
-0.6847050786018372
-0.32361026108264923
-0.21697160601615906
0.5826405137777328
-0.3969027251005173
0.4140263795852661
0.6222108900547028
0.08805954456329346
-0.295865535736084
0.12442246079444885
-0.1466653048992157
0.09826067090034485
0.7046144306659698
0.44135454297065735
-0.1275867521762848
0.14576324820518494
0.13767939805984497
-0.2035183310508728
-0.15866655111312866
-0.9224889129400253
0.16633033752441406
0.4106864631175995
0.46549850702285767
0.3389330804347992
-0.04986339807510376
0.19952821731567383
0.17038848996162415
0.4502750039100647
0.5931481420993805
-0.10241234302520752
-0.06645193696022034
0.09536221623420715
0.5647605657577515
0.07696211338043213
0.07021105289459229
0.1636788249015808
0.30935677886009216
0.6789877563714981
0.18823781609535217
-0.14872705936431885
0.2511410713195801
0.39860089123249054
0.21304357051849365
0.19247645139694214
0.2000592052936554
-0.1399325132369995
0.020122289657592773
0.08944949507713318
0.10567277669906616
-0.15131160616874695
0.12883836030960083
0.25351181626319885
0.30920764803886414
0.01634255051612854
0.09416693449020386
0.5588453710079193
0.3272566795349121
0.21785050630569458
0.5262894928455353
0.22037619352340698
-0.005749553442001343
0.284140944480896
0.1625117063522339
0.011079192161560059
0.7086957693099976
0.532482236623764
0.04355469346046448
0.12113392353057861
0.20742902159690857
0.03656014800071716
0.04298478364944458
0.3698537349700928
0.33838221430778503
0.04309162497520447
-0.12907949090003967
0.5864965319633484
-0.20184758305549622
0.5267160981893539
-0.013026654720306396
0.0761900246143341
0.30578911304473877
-0.05561134219169617
0.1074884831905365
0.201607346534729
-0.046424925327301025
0.05777743458747864
0.6325975656509399
0.033908575773239136
0.2740168571472168
0.7644942700862885
1.2097023278474808
0.40760746598243713
0.37638862431049347
0.06491288542747498
-0.014003276824951172
-0.014216989278793335
-0.012243002653121948
0.1200123131275177
0.004279285669326782
0.07964757084846497
-0.5291539281606674
-0.03512868285179138
0.09775036573410034
0.45799943804740906
0.1989946961402893
0.25169190764427185
0.017078101634979248
0.5910192728042603
0.2662651240825653
0.18413996696472168
0.0975126326084137
0.38040947914123535
0.15381976962089539
0.3619827628135681
0.4182625710964203
-0.17431902885437012
-0.12533855438232422
0.11028245091438293
-0.006796598434448242
0.28979700803756714
0.08466330170631409
0.04481709003448486
0.10439381003379822
0.21223104000091553
0.09078475832939148
0.01445719599723816
-0.18366533517837524
0.3831380307674408
-0.07051587104797363
-0.056416451930999756
0.21814212203025818
0.358859047293663
-0.32601994276046753
0.30715999007225037
0.20227253437042236
0.1749899983406067
-0.4884504973888397
0.08669105172157288
0.17766636610031128
0.21697905659675598
0.16827291250228882
-0.15764182806015015
-0.27139756083488464
0.5253973305225372
0.30525726079940796
-0.044555336236953735
0.6823309063911438
0.24147585034370422
0.07825765013694763
0.07595396041870117
-0.13969063758850098
0.3787602186203003
0.5521382242441177
0.01723882555961609
0.014203757047653198
-0.05663350224494934
0.007653951644897461
0.1451544463634491
0.1564083695411682
-0.06419304013252258
-0.17996421456336975
0.26073840260505676
0.27690616250038147
-0.14366337656974792
0.5006421208381653
-0.19085612893104553
0.2439900040626526
0.42688652873039246
0.4758089780807495
0.08903202414512634
-0.07545536756515503
0.13564744591712952
-0.04668256640434265
0.529047891497612
0.399483785033226
0.1543615162372589
0.2980712950229645
0.11326128244400024
-0.23801755905151367
0.2162940502166748
0.25433608889579773
-0.024759441614151
-0.39788679778575897
0.602349579334259
0.302224725484848
-0.4915931671857834
-0.24000801146030426
0.896876335144043
0.49435238540172577
0.2652255892753601
0.03248131275177002
0.14315646886825562
0.1969321370124817
0.018403440713882446
0.08432942628860474
0.15585339069366455
0.16266492009162903
0.049878329038619995
-0.20483380556106567
-0.10625341534614563
0.2713644802570343
-0.05608433485031128
0.13566315174102783
0.05316847562789917
0.19660577178001404
-0.489977091550827
0.06981757283210754
0.2605544626712799
0.5454665720462799
-0.02480494976043701
0.6878361999988556
0.15227162837982178
0.2061997652053833
0.3400712013244629
0.1995995044708252
0.1616593301296234
0.5000183284282684
0.1665101945400238
0.3022545278072357
0.5295631736516953
-0.27286291122436523
-0.14209863543510437
-0.02602839469909668
0.49330127239227295
0.0028280317783355713
0.19748547673225403
0.010833173990249634
0.26078474521636963
0.24448859691619873
0.6655891388654709
-0.010451316833496094
0.38737666606903076
0.6281286180019379
0.2781701982021332
0.1349698305130005
-0.042615294456481934
0.3390324115753174
0.04020315408706665
0.07931214570999146
0.06921201944351196
0.2533528804779053
-0.4973304122686386
-0.03129422664642334
0.1725405752658844
0.03254595398902893
-0.06627056002616882
0.05517148971557617
0.28901413083076477
0.1022706925868988
-0.025498300790786743
-0.10090059041976929
0.15258055925369263
-0.016615867614746094
0.09005168080329895
-0.012919813394546509
0.27996355295181274
-0.14977911114692688
-0.04425877332687378
0.10111844539642334
0.02092742919921875
0.7066671401262283
0.024783402681350708
-0.04705116152763367
0.21816030144691467
0.16546228528022766
0.060955822467803955
-0.04607200622558594
0.1091650128364563
0.21323904395103455
0.9181474894285202
0.16611340641975403
-0.5393145084381104
-0.18114957213401794
0.651213064789772
-0.1381051242351532
0.0371059775352478
0.09700322151184082
1.1617746353149414
0.3537381887435913
0.17819318175315857
0.039158642292022705
0.5730880051851273
0.08690977096557617
0.10529085993766785
0.23662588000297546
0.11119037866592407
0.1552661657333374
0.4095458388328552
-0.02129027247428894
0.11900588870048523
0.6556141376495361
0.1080285906791687
0.2519943416118622
0.3059779107570648
0.023960888385772705
0.014144092798233032
0.6358596235513687
0.018651187419891357
0.18125230073928833
0.09814634919166565
0.21886196732521057
0.11561459302902222
-0.09224268794059753
0.08082714676856995
0.8959966450929642
0.20885300636291504
0.1727873682975769
0.09176802635192871
0.49644647538661957
-0.0292930006980896
0.15180030465126038
0.24879276752471924
0.019020646810531616
0.23454177379608154
0.20110872387886047
0.3557933121919632
0.43455952405929565
-0.1256600320339203
0.30514125525951385
0.2601635754108429
0.40316006541252136
0.1298796832561493
0.27402013540267944
-0.16562464833259583
-0.04316696524620056
0.036891430616378784
-0.02994653582572937
0.1751241683959961
0.333525612950325
0.4655888080596924
0.26228243112564087
0.1477024257183075
0.20478081703186035
0.027631312608718872
0.07368841767311096
0.0677243173122406
0.1941870152950287
-0.23668640851974487
0.2663048803806305
-0.03088587522506714
-0.13419455289840698
0.03360453248023987
0.08783668279647827
0.062032729387283325
0.007756710052490234
-0.03608882427215576
0.08018434047698975
0.3514726310968399
-0.056556493043899536
0.009605586528778076
0.9101026952266693
0.145769864320755
-0.09552791714668274
-0.053185105323791504
0.37382152676582336
0.2979346811771393
0.0233420729637146
0.068386971950531
0.11062043905258179
0.4346921145915985
-0.27834582328796387
0.11854451894760132
0.3060152232646942
0.18362799286842346
0.17027989029884338
0.2370566725730896
-0.03804284334182739
0.03648057579994202
-0.2268836796283722
0.3289763033390045
0.07832971215248108
0.7087471187114716
-0.042943358421325684
-0.08768674731254578
0.32661543786525726
-0.184090256690979
-0.09739834070205688
0.39418987929821014
0.43058347702026367
0.004536867141723633
0.09057438373565674
0.04908794164657593
0.0853375494480133
1.1523224115371704
-0.051097601652145386
0.17856013774871826
0.5269480347633362
0.4434071332216263
0.08079153299331665
-0.21446344256401062
-0.05026760697364807
0.08405941724777222
0.08351683616638184
0.4928961545228958
0.35594406723976135
0.11781716346740723
0.039103150367736816
-0.06749817728996277
0.026766479015350342
-0.038446247577667236
-0.0640149712562561
0.2441464364528656
0.43131156265735626
0.14689311385154724
0.19948095083236694
-0.024067699909210205
0.13698610663414001
0.20938974618911743
0.27359020709991455
-0.11322891712188721
0.07711777091026306
0.23634928464889526
-0.08276885747909546
0.08542698621749878
-0.11298707127571106
0.06873902678489685
-0.05992290377616882
0.2002289891242981
0.02336031198501587
-0.024650901556015015
1.1115990281105042
0.3139168322086334
0.2267361879348755
0.3267902135848999
-0.0639735758304596
0.44679929316043854
0.22434237599372864
-0.08944535255432129
0.32610026001930237
0.14957699179649353
0.1481969654560089
0.3732599467039108
0.31514281034469604
-0.004425048828125
0.1444089710712433
-0.14467981457710266
0.32732778787612915
-0.04040279984474182
0.3380351662635803
0.7170992791652679
0.5881201028823853
-0.504488155245781
0.1784798502922058
-0.048982053995132446
0.5651697814464569
-0.2211829423904419
0.6937853097915649
-0.01584714651107788
-0.03786975145339966
0.7718940079212189
0.05300867557525635
0.10720434784889221
0.04735103249549866
-0.39142897725105286
0.5695973783731461
0.45535117387771606
0.0325981080532074
0.16411536931991577
0.07845062017440796
0.8413180187344551
0.013285934925079346
0.09529098868370056
0.07547765970230103
0.5154662877321243
-0.08279949426651001
0.14576241374015808
0.3042334169149399
0.1743960678577423
0.2856824994087219
-0.18983644247055054
0.1697026789188385
0.7258723974227905
0.1450873613357544
-0.058606624603271484
0.44641822576522827
-0.05698469281196594
0.13217169046401978
0.3388899862766266
0.1436493694782257
-0.1730773150920868
-0.10575973987579346
0.07709798216819763
-0.128501296043396
0.10846760869026184
0.33963462710380554
0.00941997766494751
0.2706073224544525
0.11424779891967773
0.3209901452064514
0.2925785183906555
0.17576032876968384
0.03922075033187866
0.20339494943618774
0.5172007828950882
0.12999314069747925
0.08345970511436462
0.10981941223144531
0.5908312797546387
0.1614464521408081
0.08820861577987671
0.14577645063400269
-0.12173449993133545
0.13872233033180237
-0.11225980520248413
0.18139556050300598
0.20599094033241272
-0.13318312168121338
0.4759232699871063
0.20710843801498413
0.2859674096107483
0.6269656121730804
0.3416815400123596
0.006032109260559082
-0.06186950206756592
-0.09639516472816467
0.8456553220748901
0.17180824279785156
0.4479771703481674
0.6705352216959
-0.062408775091171265
0.3819724917411804
0.6984390616416931
0.12800750136375427
0.3135714828968048
0.33672139048576355
0.20754578709602356
0.0536406934261322
0.1934572160243988
0.038688093423843384
0.029092490673065186
-0.23913168907165527
0.22328117489814758
0.08902451395988464
-0.5372634530067444
0.3206406533718109
0.12141305208206177
0.23696306347846985
-0.003778904676437378
0.13726767897605896
0.28961801528930664
0.39296066761016846
0.07218417525291443
0.1430429220199585
0.09153524041175842
0.38830435276031494
0.20849096775054932
-0.009864002466201782
0.3341236412525177
0.38188716769218445
0.03936654329299927
0.03324422240257263
0.13394513726234436
-0.15343385934829712
-0.058534592390060425
-0.08090171217918396
-0.10581105947494507
0.18780705332756042
-0.17494359612464905
-0.10375097393989563
0.11215049028396606
0.23202863335609436
0.24422603845596313
0.6471260637044907
-0.08865177631378174
0.1335475742816925
0.49368971586227417
-0.0706666111946106
0.014894545078277588
0.1822545826435089
-0.007781565189361572
0.3928802013397217
0.46350711584091187
-0.0067303478717803955
0.08318299055099487
0.2321586012840271
-0.1523304581642151
0.1838732361793518
0.07832059264183044
0.4313107430934906
-0.5793735980987549
-0.019459664821624756
0.0010503530502319336
0.18778380751609802
0.9067974537611008
-0.05596914887428284
0.07418292760848999
0.2897289991378784
0.2634793817996979
-0.014142453670501709
0.7181596457958221
0.0908534824848175
-0.6310294419527054
0.12308633327484131
-0.41075940430164337
0.4895719885826111
-0.07430639863014221
0.20077738165855408
-0.18837034702301025
0.2961810529232025
-0.4593636840581894
0.10964220762252808
0.10227403044700623
-0.12356838583946228
0.09784814715385437
0.010455459356307983
0.2785397171974182
0.4567469656467438
0.0543844997882843
0.14913299679756165
0.3676329255104065
0.33922961354255676
-0.04290032386779785
-0.32822656631469727
-0.577706903219223
-0.6737376153469086
-0.2835801839828491
0.11601054668426514
1.122451275587082
0.46781957149505615
0.05096510052680969
0.15047326683998108
0.14450415968894958
0.3119453489780426
0.08116179704666138
0.4170225262641907
0.2631240487098694
0.18559038639068604
0.14692214131355286
0.06698295474052429
-0.1808190941810608
-0.4324638992547989
-0.042602092027664185
0.21522054076194763
0.12422698736190796
0.2788013815879822
-0.10444512963294983
0.12354111671447754
-0.05357608199119568
-0.018027395009994507
0.27358779311180115
-0.013082146644592285
0.11222749948501587
0.27815525233745575
-0.07042145729064941
0.19024404883384705
0.3876657783985138
0.45708492398262024
0.26954542100429535
0.3653292804956436
0.07839679718017578
0.24883171916007996
0.2463880479335785
0.26204463839530945
-0.04784223437309265
-0.05232363939285278
-0.2791559398174286
0.2695031762123108
0.3898327052593231
0.5782602429389954
0.25381505489349365
0.09829705953598022
0.5563362240791321
0.1758348047733307
-0.5967797338962555
0.17546293139457703
0.3441168963909149
0.21146062016487122
-0.03138542175292969
0.9330016076564789
0.18381106853485107
0.041758835315704346
0.2997487783432007
0.20710265636444092
0.1391165554523468
-0.1392541229724884
-0.06366622447967529
0.2051626741886139
0.14897722005844116
0.023569941520690918
-0.20425817370414734
-0.0766829252243042
-0.019332081079483032
0.01876962184906006
0.22715622186660767
-0.11445820331573486
0.05534711480140686
0.24369418621063232
0.1597822904586792
-0.04780331254005432
0.18707475066184998
0.8276436030864716
0.9408245384693146
-0.0807824432849884
-0.09329798817634583
0.31141936779022217
0.08998623490333557
0.169097900390625
0.17132285237312317
0.21841296553611755
0.12675344944000244
0.5721833854913712
0.7538076341152191
-0.10291433334350586
0.20439070463180542
0.39163437485694885
0.25649893283843994
-0.19830800592899323
0.38076312839984894
0.017705202102661133
0.10475412011146545
0.279396191239357
0.4969369173049927
-0.24696871638298035
-0.23988381028175354
0.018600672483444214
-0.19349539279937744
0.08771905303001404
-0.0918881893157959
-0.18558701872825623
0.07499223947525024
0.06545296311378479
0.2779216766357422
0.22605201601982117
0.05557897686958313
0.603137269616127
0.20346283912658691
0.11799699068069458
0.46631190180778503
0.056114137172698975
-0.07162588834762573
0.3438493609428406
0.13623562455177307
0.1306823194026947
0.09913617372512817
0.16139760613441467
0.3116670548915863
0.13339349627494812
-0.2861224412918091
0.456804096698761
-0.011394798755645752
0.47139303386211395
0.10626500844955444
-0.17481935024261475
1.0652262270450592
-0.2716486006975174
0.3891941010951996
0.7316219657659531
0.028189629316329956
1.0208795964717865
0.06936860084533691
-0.6277807056903839
0.47413401305675507
0.7326110750436783
0.14205807447433472
-0.08015123009681702
0.19427484273910522
0.32263779640197754
0.2978037893772125
-0.0033051669597625732
0.022381216287612915
0.09123289585113525
0.36526134610176086
-0.005561560392379761
-0.2108079195022583
0.16907060146331787
0.21902677416801453
0.27376922965049744
0.2540271580219269
-0.15312564373016357
0.40817245841026306
-0.6218754351139069
0.09846937656402588
0.22457009553909302
0.05405154824256897
0.5929029881954193
0.16263097524642944
0.10256561636924744
-0.6847124099731445
0.08669853210449219
-0.3487018495798111
0.6850496232509613
0.17557063698768616
-0.24570709466934204
0.15328800678253174
0.5670286267995834
0.2363491952419281
0.5262414216995239
-0.11614969372749329
0.10886934399604797
0.4156119376420975
0.11630874872207642
0.1190042495727539
0.13100039958953857
0.05999746918678284
0.3474303334951401
-0.6829886585474014
0.08729076385498047
-0.0961359441280365
0.3474120497703552
0.019136518239974976
0.11212888360023499
0.11571484804153442
-0.047608643770217896
0.2156604528427124
0.326566606760025
0.2763635814189911
-0.032955944538116455
0.14738517999649048
0.021944671869277954
0.6443850547075272
0.1951371431350708
0.33133041858673096
0.06114310026168823
0.11298209428787231
0.1963721513748169
0.39248430728912354
-0.11216455698013306
-0.06424936652183533
0.012122958898544312
0.014254242181777954
-0.08700919151306152
-0.12644612789154053
0.38307592272758484
-0.21739742159843445
0.26651282608509064
-0.12689423561096191
-0.014583945274353027
0.5219182372093201
-0.02331557869911194
0.292986124753952
0.11455351114273071
-0.24327510595321655
-0.20124955475330353
0.1857444941997528
0.26766088604927063
0.2463342547416687
0.4668760299682617
0.7350066900253296
0.3697427213191986
0.05373099446296692
0.0713765025138855
0.28489142656326294
-0.07152062654495239
0.07604429125785828
0.2893264889717102
-0.03965476155281067
0.14739516377449036
-0.015827298164367676
-0.17851713299751282
-0.12045052647590637
0.11311796307563782
0.1943427324295044
0.531875878572464
0.030088216066360474
-0.09471198916435242
0.2436768114566803
1.1556150764226913
-0.047918468713760376
0.3303074538707733
0.19729498028755188
0.408377081155777
0.018429160118103027
1.5170777440071106
0.1809035837650299
0.21811145544052124
0.14815396070480347
0.493542343378067
0.34801262617111206
0.08040720224380493
-0.03764939308166504
-0.07821953296661377
0.06801590323448181
0.17913585901260376
0.22320497035980225
0.025836259126663208
0.10679766535758972
-0.03814554214477539
0.25451916456222534
-0.22478550672531128
0.11582249402999878
0.1283338963985443
0.025731921195983887
0.011886835098266602
0.49473512172698975
0.2470589578151703
0.34805814921855927
-0.01625800132751465
0.04494217038154602
-0.17472994327545166
0.06617781519889832
0.11562454700469971
0.40346992015838623
0.1711306869983673
-0.09826231002807617
0.43351173400878906
-0.1567057967185974
-0.10374346375465393
0.0819736123085022
0.7803828865289688
0.6192884743213654
0.2457617223262787
-0.05128404498100281
-0.12635165452957153
0.07783931493759155
0.06562778353691101
-0.7716454416513443
0.09774291515350342
0.21090728044509888
-0.04959830641746521
-0.026110440492630005
0.3803837299346924
0.4204113036394119
0.41330650448799133
0.2309078574180603
0.03821679949760437
0.16793325543403625
0.04455286264419556
0.040990084409713745
0.5092121958732605
0.02619078755378723
-0.0022224783897399902
0.42646077275276184
0.18994420766830444
0.15294504165649414
0.202561616897583
0.12783530354499817
0.059220463037490845
0.32969775795936584
-0.19203826785087585
0.10192525386810303
0.5967771708965302
-0.6319357007741928
0.0633622407913208
0.3872838765382767
-0.30825184285640717
0.42416541278362274
-0.22523438930511475
-0.5954287201166153
0.14601841568946838
-0.14833283424377441
0.6506257802248001
0.024874508380889893
0.029438763856887817
-0.033198654651641846
-0.01191827654838562
0.2459026575088501
0.06758099794387817
0.041444867849349976
0.18170708417892456
0.2507302761077881
-0.09621953964233398
-0.029285550117492676
0.13529127836227417
0.07200685143470764
0.22725564241409302
0.4405451864004135
0.10050466656684875
0.09498864412307739
0.32660388946533203
0.38005325198173523
0.8331984728574753
0.13711026310920715
0.1462983787059784
0.190629243850708
0.16683313250541687
0.1970697045326233
0.050746411085128784
0.7020225375890732
-0.21568608283996582
0.2777079939842224
0.37790781259536743
0.18072468042373657
0.18032532930374146
0.1809714436531067
0.19819459319114685
0.5150562524795532
0.29519692063331604
0.027708321809768677
-0.04939788579940796
0.3112098276615143
0.06425684690475464
0.07438585162162781
0.39908212423324585
-0.04521968960762024
-0.07394689321517944
0.21639680862426758
0.013959378004074097
0.034098267555236816
-0.1827930510044098
0.5160609483718872
0.46199530363082886
0.025889277458190918
0.24324360489845276
0.36440399289131165
0.2678978145122528
-0.08504924178123474
0.020495861768722534
0.028844863176345825
0.146018385887146
0.4332466423511505
0.025218337774276733
-0.1690167486667633
0.08365845680236816
0.15501266717910767
0.08648896217346191
-0.19709619879722595
0.2611848711967468
0.10210996866226196
-0.25965237617492676
0.1439143717288971
0.09961581230163574
0.5816274732351303
-0.3171415627002716
0.10708177089691162
-0.06266972422599792
-0.6786240637302399
0.31391358375549316
-0.21049150824546814
0.14881983399391174
0.24699854850769043
-0.05914011597633362
0.5263035893440247
0.008329957723617554
-0.05992788076400757
0.11531141400337219
-0.06784525513648987
0.5812207162380219
-0.051132410764694214
0.13510653376579285
-0.4762628823518753
0.22477301955223083
-0.32348354160785675
-0.040216416120529175
0.4902545213699341
0.15542516112327576
0.019650161266326904
0.05638924241065979
0.44853469729423523
0.15816286206245422
0.06761002540588379
-0.07393524050712585
0.355761855840683
0.21989569067955017
0.03900286555290222
0.22991213202476501
0.4450472742319107
-0.044404566287994385
0.19958537817001343
0.28705185651779175
0.5636672377586365
-0.7645506039261818
-0.3097933828830719
0.006355941295623779
0.14408665895462036
-0.05515909194946289
0.07456231117248535
0.13156366348266602
0.2606920301914215
0.18049025535583496
0.3995899111032486
0.12332239747047424
0.49217717349529266
0.08526548743247986
0.13441479206085205
0.17832988500595093
0.36890944838523865
0.6659859120845795
0.1114993691444397
1.072751760482788
-0.005031406879425049
0.11096754670143127
0.1928541660308838
-0.09656667709350586
0.16367223858833313
0.4222113937139511
0.07930135726928711
0.10290521383285522
-0.09572836756706238
-1.1901382729411125
0.5048898309469223
0.35072293877601624
0.26158004999160767
0.023443996906280518
-0.10176953673362732
-0.2292776107788086
-0.15131321549415588
0.15179279446601868
0.6099984645843506
0.27729132771492004
-0.06999891996383667
-0.05639079213142395
-0.043657392263412476
-0.14851915836334229
0.1981307864189148
-0.005107611417770386
-0.27033156156539917
0.13778793811798096
0.1339658498764038
-0.12266963720321655
0.040740758180618286
0.18876466155052185
0.44649527966976166
0.11060798168182373
0.2729872018098831
-0.07440909743309021
-0.1686282753944397
0.02946612238883972
0.08985701203346252
0.21474838256835938
-0.018368661403656006
0.2475411295890808
-0.03680858016014099
-0.3322954475879669
0.18527397513389587
-0.24879848957061768
0.3168101906776428
0.47832298278808594
0.20204058289527893
0.02123725414276123
-2.816319465637207e-05
0.03928789496421814
-0.013599038124084473
0.07572785019874573
0.05946895480155945
0.12322962284088135
0.21054446697235107
0.1953699290752411
0.058375537395477295
0.9342498928308487
0.1960143744945526
0.09158658981323242
-0.038566380739212036
0.00979769229888916
0.11924359202384949
0.49171000719070435
0.15276449918746948
0.08953312039375305
0.1252301037311554
-0.4946845769882202
0.08468896150588989
0.41076022386550903
0.25946521759033203
0.1642586886882782
0.13813579082489014
0.06988304853439331
-0.08420023322105408
0.30294783413410187
-0.2065591812133789
0.10851311683654785
0.21477648615837097
0.05345183610916138
0.2975527346134186
0.12081584334373474
0.3842795193195343
0.8685060739517212
0.04642075300216675
0.23437941074371338
0.05251908302307129
0.3917122185230255
0.46218669414520264
0.37100929021835327
0.426785483956337
0.09321102499961853
0.14623042941093445
0.35891538858413696
0.16349664330482483
0.36713677644729614
0.04232874512672424
0.2164977490901947
0.1809789538383484
0.09840893745422363
-0.15026700496673584
0.2757108211517334
0.693540170788765
1.0776167958974838
0.22522863745689392
0.35012906789779663
0.22376331686973572
0.03731384873390198
0.7314430624246597
0.1739197075366974
0.1729174256324768
-0.13686680793762207
-0.13376298546791077
-0.21857532858848572
-0.10868877172470093
-0.11475145816802979
-0.5034998506307602
0.3073248863220215
0.500723198056221
0.2627256214618683
0.22149118781089783
0.06636500358581543
-0.2674447298049927
0.11009448766708374
0.2959292531013489
0.2766096293926239
0.7803463786840439
0.3558695912361145
0.18322795629501343
-0.10363495349884033
0.3646574914455414
0.13301494717597961
0.3296670615673065
0.0427909791469574
-0.0046885013580322266
0.16482111811637878
0.36307285726070404
-0.01637899875640869
-1.1782456077635288
0.5109708607196808
-0.10020065307617188
0.1832188367843628
-0.1688212752342224
0.04539033770561218
0.4688607156276703
0.5373727530241013
-0.11943075060844421
0.2607176899909973
0.08590489625930786
0.07803642749786377
0.3282945305109024
1.3306663632392883
-0.2122947871685028
0.15131819248199463
0.21032413840293884
0.07931295037269592
0.09306192398071289
0.23136425018310547
0.18099719285964966
0.09310495853424072
0.0533408522605896
0.2597443461418152
0.2541828155517578
0.1226705014705658
0.08685344457626343
0.4208139181137085
-0.060271620750427246
0.1801995038986206
0.04063144326210022
-0.1316920816898346
0.11391481757164001
-0.27991560101509094
-0.07861551642417908
-0.008542835712432861
0.9110925048589706
0.40352869033813477
0.1225976049900055
0.1296725571155548
0.24874475598335266
-0.1780027151107788
0.5267815291881561
0.31472283601760864
-0.3386513888835907
0.20659491419792175
0.9005608558654785
0.3653375655412674
-0.15630319714546204
-1.0211181566119194
0.09171828627586365
-0.15463736653327942
-0.24696871638298035
0.19163241982460022
0.1398737132549286
0.13870736956596375
-0.2515312731266022
0.5807420462369919
0.5480784922838211
-0.19940979778766632
-0.28420552611351013
0.3750450611114502
-0.3749348670244217
0.18637564778327942
0.030665546655654907
0.3252395987510681
0.8285829126834869
0.14077413082122803
-0.07880768179893494
0.14992740750312805
0.34508606791496277
0.14996543526649475
-0.49399955570697784
0.24363046884536743
0.1257602870464325
0.31146828830242157
0.07305392622947693
0.17195406556129456
-0.23161447048187256
-0.13895833492279053
-0.10436058044433594
0.14819693565368652
0.22521701455116272
0.28909118473529816
0.39160120487213135
0.031308382749557495
-0.36532269418239594
0.2637345492839813
-0.1886005401611328
0.1043945848941803
-0.2836828827857971
0.016937285661697388
-0.12255784869194031
0.36236128211021423
-1.116014152765274
0.03769412636756897
-0.08546596765518188
0.1592852771282196
-0.2293446958065033
0.2174065113067627
0.01609155535697937
-0.13726770877838135
-0.0683671236038208
-0.09113264083862305
0.8604148179292679
0.5462121665477753
0.24628865718841553
0.29001396894454956
0.02732148766517639
0.6617291271686554
0.05686715245246887
0.037358641624450684
-0.0802539587020874
0.15088903903961182
0.2843198776245117
-0.00526583194732666
-0.8525844067335129
0.3566034436225891
0.0767102837562561
0.10558491945266724
0.33438459038734436
0.25259236991405487
0.16360345482826233
0.046021491289138794
0.04664692282676697
0.3441707193851471
0.06268960237503052
0.2183111310005188
-0.10042181611061096
0.061190247535705566
0.5891961306333542
0.29037269949913025
-0.02351522445678711
0.19361630082130432
-0.02339264750480652
-0.027139246463775635
0.30720141530036926
-0.7364172339439392
-0.21083852648735046
1.3708852529525757
0.18181228637695312
0.0455477237701416
-0.7455001249909401
0.18637564778327942
0.4075114279985428
-0.069009929895401
0.46346232295036316
-0.41470232605934143
0.18212953209877014
0.132589191198349
0.17565098404884338
-0.31720542907714844