0.43269577622413635
0.3630852699279785
-0.09049242734909058
0.26419754326343536
-0.10676616430282593
-0.3795553892850876
0.3522653579711914
-0.09106555581092834
-0.38558200001716614
0.15272146463394165
-0.10406321287155151
0.145244300365448
0.4186050593852997
-0.13278713822364807
1.0202501565217972
0.12945836782455444
0.1319761872291565
-0.18698790669441223
-0.2993510961532593
0.2622157335281372
0.04971843957901001
0.2653953731060028
-0.38093213737010956
0.4020504951477051
0.14407676458358765
-0.06789496541023254
0.2803926467895508
0.0357508659362793
-0.34250161051750183
-0.04598337411880493
0.16158771514892578
-0.08185186982154846
0.005463004112243652
0.17676016688346863
-0.2137063443660736
-0.7984855771064758
0.8421778082847595
0.1152985692024231
-0.025898396968841553
0.09441959857940674
0.8110132068395615
0.13588100671768188
0.0980096161365509
0.03964236378669739
0.030953824520111084
-0.05553266406059265
0.10179689526557922
-0.06835553050041199
0.47508418560028076
0.030372321605682373
0.13362544775009155
0.08213269710540771
0.5774348080158234
0.1549588143825531
0.5365904420614243
-0.41392529010772705
0.27668413519859314
0.5129008293151855
0.787941500544548
-0.1627776026725769
0.04964965581893921
0.42934055626392365
0.18592798709869385
-0.11001905798912048
0.49512773752212524
0.2893238961696625
0.27097514271736145
0.25807440280914307
0.21640539169311523
-0.15360528230667114
0.3123620003461838
0.2711516320705414
-0.3817824125289917
0.5418119430541992
-1.8779983967542648
0.4648531824350357
0.044245511293411255
0.5849144011735916
0.4322642534971237
1.1190222352743149
0.06744018197059631
0.13778749108314514
-0.30184774100780487
0.2575037479400635
-0.06899499893188477
0.07706314325332642
0.5466697961091995
0.5227392017841339
0.16485512256622314
-0.07196459174156189
-0.1951669454574585
-0.2259427011013031
0.2976212203502655
0.11288684606552124
0.3772476017475128
0.43680766224861145
-0.15014025568962097
0.335447758436203
0.1724792718887329
0.263875812292099
-0.4518459737300873
0.07194063067436218
0.04884782433509827
-0.16864478588104248
0.165492981672287
0.15146398544311523
1.092869557440281
0.02077546715736389
-0.46605759859085083
0.028710633516311646
0.03598606586456299
0.33725273609161377
0.14124879240989685
0.2621912956237793
-0.00011348724365234375
0.005694091320037842
-0.10800290107727051
0.2976066768169403
-0.3362363427877426
-0.019117504358291626
-0.05730864405632019
0.03233882784843445
-0.05122852325439453
0.10013186931610107
0.18144696950912476
0.48812659084796906
-0.016909122467041016
0.023599743843078613
0.20433682203292847
-0.1696007251739502
-0.05536201596260071
-0.22948473691940308
0.06679072976112366
0.012214034795761108
0.005540013313293457
0.13066652417182922
-0.2792474031448364
0.3771403133869171
0.5223333537578583
-0.10870775580406189
0.10184413194656372
0.4461059272289276
0.3336540460586548
1.3450725823640823
-0.12057483196258545
0.36361463367938995
0.04965963959693909
0.11687624454498291
0.18977603316307068
0.15156212449073792
-0.07904788851737976
0.1443086564540863
0.11391809582710266
-0.5110970884561539
-0.03982958197593689
-0.24253374338150024
0.5456903129816055
-0.06367287039756775
0.7827660441398621
0.09135967493057251
0.1566154956817627
0.16056835651397705
-0.12567076086997986
-0.21725332736968994
0.061446189880371094
0.9788250923156738
0.05408802628517151
0.6139534264802933
0.053436100482940674
-0.037215352058410645
-0.13037750124931335
0.7286564856767654
0.4937502145767212
0.08224114775657654
-0.08399397134780884
0.31185096502304077
-0.020864516496658325
0.3091816306114197
-0.14360705018043518
0.057371586561203
-0.16368544101715088
-0.03462591767311096
-0.0014446079730987549
0.00424608588218689
0.23205837607383728
0.20579466223716736
0.017971903085708618
0.14529693126678467
0.3733096718788147
-0.14804542064666748
0.35793793201446533
0.48093274235725403
0.17448881268501282
-0.06809377670288086
0.02376699447631836
0.2708215117454529
0.3400546908378601
-0.3934357017278671
0.12869423627853394
-0.018975824117660522
0.37642091512680054
0.2498057782649994
-0.17582166194915771
-0.28659170866012573
-0.021644800901412964
0.21992382407188416
-0.3299148231744766
-0.09605389833450317
0.9733281433582306
0.15264806151390076
0.1221233606338501
-0.6102254539728165
0.28380173444747925
0.02154955267906189
-0.013184010982513428
0.10028138756752014
0.22508037090301514
0.08449923992156982
0.6694616675376892
0.06737804412841797
0.06768867373466492
0.10756966471672058
-0.10596680641174316
-0.41717788577079773
0.10452795028686523
0.25673413276672363
0.22444254159927368
0.06651157140731812
0.9736901670694351
0.1898505687713623
-0.4207409918308258
-0.0671130120754242
0.01653549075126648
0.3455589711666107
0.0003446042537689209
-0.22347420454025269
-0.31465737521648407
-0.002515733242034912
0.1404038369655609
0.16992294788360596
0.3334923982620239
0.17346414923667908
-0.6542564630508423
0.2394062876701355
-0.03554949164390564
0.13542500138282776
0.10821080207824707
0.7115526646375656
0.05288192629814148
-0.17442503571510315
0.7181947976350784
0.3412466049194336
-0.5126267224550247
-0.10348010063171387
0.21476611495018005
0.18027570843696594
0.09908735752105713
0.5189088582992554
0.12208402156829834
-0.18593540787696838
-0.3873733580112457
-0.0864429771900177
0.31180086731910706
0.03328314423561096
0.21086671948432922
0.20053556561470032
0.13037580251693726
-0.05181834101676941
-0.35376718640327454
0.08482971787452698
-0.3742547929286957
0.1840878129005432
-0.35777390003204346
0.17946800589561462
0.07130280137062073
0.11569821834564209
0.2452096939086914
0.20328396558761597
0.00688856840133667
0.024992167949676514
-0.45124250650405884
0.106076180934906
0.08593067526817322
-0.09486237168312073
0.2549859285354614
0.38980209827423096
-0.03980061411857605
-0.05730697512626648
0.0745665431022644
-0.0028445422649383545
0.02635270357131958
0.13835981488227844
0.30890950560569763
0.06499654054641724
0.2211962342262268
0.24740025401115417
0.06489217281341553
-0.02037075161933899
0.574967086315155
0.3061336874961853
-0.29643116891384125
0.3369789719581604
-0.2103150188922882
-0.03559589385986328
0.4846416413784027
0.019999712705612183
0.25508156418800354
0.27229052782058716
0.19714832305908203
0.08261638879776001
-0.011792421340942383
0.27203333377838135
0.2182328701019287
-0.5469900220632553
0.1857718527317047
-0.2952338457107544
0.5424787700176239
0.3165452480316162
-0.16728627681732178
0.2818787097930908
0.736303836107254
0.15697911381721497
0.9894917905330658
0.23729437589645386
0.06057232618331909
0.17634934186935425
-0.5653458088636398
0.23572593927383423
1.254524290561676
0.1518930196762085
0.21784886717796326
0.22493043541908264
0.25629016757011414
-0.009708255529403687
-0.06830170750617981
0.19329985976219177
0.40553081035614014
0.2443949580192566
-1.1665613055229187
-0.352782279253006
-0.28913092613220215
0.1886197030544281
0.48313409090042114
0.652321383357048
0.24851778149604797
0.19124427437782288
0.9524280577898026
0.1999804675579071
-1.02556811273098
0.16016742587089539
0.04801952838897705
-1.05539870262146
-0.03374868631362915
-0.6118581593036652
0.7162680327892303
0.348619744181633
0.5834577530622482
-0.0484900176525116
0.12109369039535522
-0.43100593984127045
0.18713781237602234
-0.6890079379081726
-0.02560308575630188
-0.0039023756980895996
0.5989765226840973
0.15877750515937805
0.013565897941589355
-0.05088314414024353
0.16277840733528137
0.0639263391494751
-0.18236973881721497
0.023702502250671387
0.14875856041908264
0.04700058698654175
0.397864431142807
-0.21597930788993835
0.058324217796325684
1.3506420478224754
0.38297852873802185
0.30777010321617126
-0.31081637740135193
0.5554922223091125
0.3535451889038086
0.04234245419502258
-0.1347561478614807
-0.06206333637237549
0.0418168306350708
0.3064732998609543
0.04129329323768616
0.546150803565979
0.13014385104179382
0.11806318163871765
0.16430965065956116
0.3850109130144119
-0.018750548362731934
0.27844899892807007
0.002660304307937622
0.20762121677398682
0.007301121950149536
-0.20358715951442719
0.037909477949142456
0.47660498321056366
0.8489044159650803
0.16107863187789917
0.3346724212169647
0.5237928181886673
0.3177662044763565
0.11822804808616638
0.23570233583450317
0.5160087943077087
0.30618003010749817
-0.12580665946006775
0.2366797924041748
0.3283773958683014
0.6675117611885071
-0.015932530164718628
-0.025399744510650635
-0.11943411827087402
-0.018270909786224365
-0.14707863330841064
-0.11214381456375122
0.5091476440429688
-0.002424180507659912
-0.23277491331100464
0.121090829372406
-0.2024141550064087
0.09248870611190796
-0.5610309541225433
-0.11505293846130371
0.4569362699985504
0.23223736882209778
0.07537496089935303
-0.040130287408828735
0.0560917854309082
0.0359463095664978
0.26308345794677734
0.2980141341686249
-0.04421570897102356
0.012958765029907227
0.03492826223373413
-0.1489027440547943
0.27682703733444214
-0.1838558316230774
0.15046212077140808
0.017384618520736694
0.44324561953544617
0.8485188633203506
0.34612733125686646
0.18603354692459106
0.25872090458869934
0.1723971664905548
0.5709314197301865
-0.2651749849319458
-0.40052011609077454
-0.1884639859199524
0.3967171609401703
-0.11476346850395203
-0.07186111807823181
-0.4086412638425827
-0.059826821088790894
0.10770797729492188
-0.006082594394683838
0.6959987133741379
0.35354188084602356
-0.21526983380317688
0.2906753718852997
0.16362544894218445
0.06021696329116821
0.05042174458503723
-0.02010151743888855
0.2603292763233185
0.09802868962287903
0.2806399464607239
0.32888105511665344
0.03822097182273865
0.38843365013599396
0.5524521768093109
-0.04190462827682495
0.10596108436584473
1.082288682460785
0.4718403220176697
0.011577069759368896
-0.09408244490623474
-0.2288394272327423
0.4733276218175888
-0.2608221173286438
0.3151075839996338
0.09621044993400574
0.07018622756004333
0.05737820267677307
0.16782721877098083
-0.05481362342834473
-0.006626784801483154
0.0980229377746582
-0.009883880615234375
-0.13485640287399292
0.35831400752067566
0.24083852767944336
-0.2708533853292465
-0.013652056455612183
0.1398223638534546
0.31393590569496155
-0.2176765501499176
-0.09613427519798279
-0.008617311716079712
0.2737625539302826
0.3047039359807968
-0.42970624566078186
0.003460824489593506
0.17026004195213318
0.2161296308040619
0.1714591383934021
0.333442747592926
0.9516928941011429
0.6846714913845062
0.19822686910629272
-0.0021288692951202393
-0.13822439312934875
0.7850058674812317
0.3070920705795288
0.5506251603364944
0.08266860246658325
0.0954861044883728
-0.16603389382362366
-0.09845858812332153
0.05928671360015869
0.47802112996578217
0.2541910707950592
-0.050509512424468994
-0.23683711886405945
0.00963205099105835
0.9663658291101456
-0.41903215646743774
0.07227364182472229
0.3358619809150696
0.5373678505420685
0.30534587800502777
-0.01856246590614319
0.9394793212413788
0.8059205412864685
0.22397369146347046
-0.1745418906211853
0.46437105536460876
0.5733672082424164
0.03342476487159729
0.1872653067111969
0.13185608386993408
0.3094935119152069
0.1835327446460724
0.05277380347251892
0.08583536744117737
0.22199970483779907
-0.4118412286043167
0.4148750603199005
0.00987476110458374
-0.15435120463371277
-0.037750452756881714
0.10866224765777588
0.14667606353759766
0.1637418568134308
0.2617928981781006
1.5111747682094574
0.2695139944553375
0.4079057276248932
0.3543892502784729
0.06297948956489563
-0.0328010618686676
-0.0503578782081604
0.2711334228515625
0.07243350148200989
0.3904486447572708
0.5069897472858429
-0.011669784784317017
-0.21571919322013855
-0.038478195667266846
0.17021366953849792
0.05750077962875366
0.625276580452919
0.05279412865638733
0.24738043546676636
-0.20530101656913757
0.03666442632675171
0.31045854091644287
-0.2525485157966614
0.19405114650726318
0.5379701107740402
0.12506449222564697
-0.021330058574676514
-0.0027261078357696533
0.14496803283691406
0.14156436920166016
-0.09265848994255066
0.18988743424415588
0.12245839834213257
-0.1112053394317627
0.5657686740159988
0.21562349796295166
-0.01059877872467041
0.25033390522003174
-0.1174854040145874
0.10637852549552917
-0.15542349219322205
-0.2640956938266754
-0.2860991656780243
-0.5945175141096115
0.21373695135116577
-0.18529504537582397
0.14983132481575012
0.41437384486198425
-0.3044206351041794
0.3517356216907501
0.13934847712516785
0.25940725207328796
0.12483334541320801
0.5628064721822739
-0.6417683064937592
0.04975241422653198
0.25937989354133606
-0.019106745719909668
-0.07122820615768433
-0.2227899730205536
-0.34765809774398804
0.05489066243171692
-0.5573252737522125
0.06128230690956116
0.4890393912792206
-0.32438144087791443
0.8193095028400421
0.2496190369129181
0.2309981882572174
-0.18751797080039978
0.30901795625686646
0.581777423620224
0.4087444543838501
0.25217655301094055
0.2001917064189911
-0.4121986925601959
-0.7141325771808624
0.08204609155654907
-0.22440940141677856
-0.0536920428276062
0.1049620509147644
0.40496009588241577
0.26282957196235657
0.33804967999458313
0.04121294617652893
0.08803880214691162
0.13196048140525818
0.4971145987510681
0.2997089922428131
0.21051672101020813
0.3960764706134796
0.1654987335205078
0.1795976459980011
0.13096395134925842
0.28746920824050903
0.23880690336227417
-0.17585310339927673
0.2028035819530487
0.09105804562568665
0.3483476787805557
0.06427672505378723
0.02403956651687622
-0.3634365200996399
0.4145006388425827
0.15287300944328308
0.3652808666229248
0.5068846046924591
-0.028677552938461304
-0.09333935379981995
0.6276253908872604
-0.32111856341362
0.4224553108215332
-0.021015286445617676
0.2657763957977295
-0.06477126479148865
0.7958547919988632
0.31937405467033386
0.08084124326705933
0.09928452968597412
-0.1074511706829071
0.6427001059055328
0.07410928606987
0.1613503098487854
0.33207595348358154
0.11895120143890381
0.008870810270309448
0.04124364256858826
0.11526671051979065
0.1813260316848755
0.19384735822677612
0.061630576848983765
0.5519820302724838
-0.16446083784103394
-0.268629252910614
0.3016216605901718
0.8351849615573883
0.4737936109304428
-0.22707170248031616
0.9171602576971054
0.04423895478248596
0.44490891695022583
-0.4541691094636917
0.6927582770586014
0.49532243609428406
-0.849883645772934
0.018115192651748657
-0.36091043055057526
0.23744842410087585
0.040199846029281616
0.8809272795915604
0.16333714127540588
0.3591936528682709
-0.16311636567115784
-0.00953182578086853
-0.2753007709980011
-0.18440043926239014
-0.18246832489967346
0.6956367194652557
0.09735691547393799
0.26933005452156067
0.6251101791858673
0.26600176095962524
-0.09142756462097168
0.2785475552082062
-0.6670693606138229
0.02831551432609558
0.053231507539749146
0.3058595061302185
0.241887629032135
0.16219854354858398
0.21074074506759644
-0.01687350869178772
0.60519078373909
1.0752754211425781
0.3326777517795563
-0.36203786730766296
0.14792528748512268
-0.05688700079917908
-0.13548842072486877
0.11785361170768738
0.0018903017044067383
-0.11662191152572632
0.3147936761379242
1.3051059246063232
-0.9174550324678421
0.6678348183631897
0.15696504712104797
0.20305368304252625
-0.12461215257644653
0.14738517999649048
0.9751431494951248
0.15160143375396729
0.34877389669418335
0.32952308654785156
0.009929478168487549
0.4100726693868637
-0.023179739713668823
0.08293530344963074
-0.013299167156219482
0.5123492181301117
0.22725766897201538
-0.01854589581489563
0.14603498578071594
0.2698560357093811
-0.16857272386550903
-0.16527509689331055
0.04572826623916626
0.2982378602027893
0.3477422297000885
0.03747457265853882
0.3375373035669327
0.1678624153137207
0.33185070753097534
0.25325509905815125
0.26205626130104065
-0.018556684255599976
-0.13027849793434143
0.10782313346862793
0.6231506019830704
0.1440957486629486
-0.40664660930633545
0.6887332946062088
-0.26028774678707123
-0.06416073441505432
0.5774348080158234
0.22531306743621826
0.02274152636528015
0.01300761103630066
0.30810849368572235
0.32685402035713196
-0.23951101303100586
0.2592514753341675
0.7290461361408234
0.53153295814991
0.2219516634941101
-0.13276728987693787
0.5833442956209183
0.1313076913356781
-0.35657110810279846
0.1264035403728485
0.4828440845012665
-0.3479529023170471
-0.20096451044082642
0.3748934715986252
-0.01810067892074585
-0.1961750090122223
0.12015226483345032
0.09093350172042847
0.6148352324962616
-0.3318854421377182
0.19220638275146484
-0.12492525577545166
0.13744166493415833
0.02147999405860901
-0.046112626791000366
0.3361005187034607
0.14029034972190857
-0.06376644968986511
0.28889980912208557
-0.005381792783737183
0.37367406487464905
0.3353819251060486
-0.08331716060638428
-0.13416218757629395
-0.1389724314212799
0.47225986421108246
0.574661448597908
0.10978052020072937
0.27749431133270264
0.06816127896308899
0.7377439588308334
0.37404683232307434
0.6680655628442764
0.023793548345565796
0.42114314436912537
-0.1874549686908722
-0.04474753141403198
-0.17197975516319275
0.36640286445617676
0.23341360688209534
-0.02910822629928589
0.301547110080719
1.6092340797185898
0.17282721400260925
0.11064285039901733
-0.46223144233226776
0.7151294499635696
0.07754233479499817
0.304889440536499
0.11341536045074463
-0.11667323112487793
0.14935946464538574
0.03562116622924805
0.47720181941986084
-0.4101438969373703
-0.2523173987865448
0.20509016513824463
0.6515518575906754
0.05424627661705017
0.3933979868888855
0.02813410758972168
-0.24174514412879944
0.07238215208053589
0.3118028938770294
0.22984418272972107
-0.34941667318344116
0.25924238562583923
0.025322705507278442
-0.26849794387817383
1.0767387002706528
0.13636106252670288
0.7634724974632263
0.2865845859050751
0.28371891379356384
0.0503198504447937
0.20162972807884216
0.5457739681005478
-0.283556193113327
0.18142667412757874
0.18898284435272217
0.16721338033676147
-0.24461203813552856
0.30669358372688293
0.259174108505249
-0.02815115451812744
-0.2233234941959381
0.1307004988193512
-0.04657405614852905
0.16107702255249023
0.17247506976127625
0.11098083853721619
2.075325667858124
0.16571903228759766
0.1413067877292633
-0.09820100665092468
0.05165302753448486
0.20347777009010315
-0.021023571491241455
0.057954341173172
0.029153794050216675
0.4137331545352936
-0.38383300602436066
-2.8967857360839844e-05
0.004495441913604736
-0.3756239712238312
0.08782678842544556
-0.2413972020149231
0.10324400663375854
0.2435111701488495
0.23313027620315552
0.40512868762016296
0.1996590793132782
-0.29269376397132874
0.3730267584323883
0.01920446753501892
0.060205429792404175
0.5636145621538162
-0.19218656420707703
0.33737701177597046
1.4622594714164734
0.058136969804763794
-0.0004100203514099121
-0.020173639059066772
0.06518378853797913
-0.008393704891204834
0.22587135434150696
-0.1617744266986847
0.15445265173912048
0.22163686156272888
-0.06268131732940674
0.407297283411026
-0.1736343502998352
0.5554325729608536
-0.06357675790786743
0.32157909870147705
0.1493665874004364
0.053757935762405396
-0.31708571314811707
0.4645322263240814
0.34555239975452423
0.8329561650753021
-0.2374725341796875
0.17748332023620605
0.453070729970932
0.23357009887695312
0.240133136510849
-0.864470511674881
-0.24892690777778625
0.3109911382198334
0.3422497510910034
0.08043289184570312
0.05642727017402649
0.5340085327625275
0.6184502094984055
-0.09048989415168762
-0.08734381198883057
0.24309119582176208
0.6948986649513245
0.05337229371070862
0.41438090801239014
-0.03400382399559021
0.02647736668586731
0.08231902122497559
0.1812261939048767
-0.13724693655967712
0.04000690579414368
0.5091509521007538
-0.4330701678991318
0.11277252435684204
-0.08036908507347107
-0.003725886344909668
-0.5182565301656723
0.12936443090438843
-0.0012942850589752197
0.7668973058462143
0.24548888206481934
-0.03185915946960449
0.551147073507309
-1.1230923309922218
-0.00017639994621276855
0.48507821559906006
0.23619267344474792
0.11586564779281616
0.0035072267055511475
0.04042521119117737
-0.25835683941841125
0.4051291346549988
-0.2693176567554474
0.36474278569221497
0.4046693444252014
0.12540778517723083
0.3547135591506958
-0.03902691602706909
0.43510209023952484
0.2012503445148468
0.14622381329536438
0.08997383713722229
0.33664441108703613
0.09655261039733887
0.06890970468521118
0.6386010646820068
0.43714816868305206
0.3517356216907501
0.3870440721511841
0.5292284786701202
0.3918828219175339
0.13617762923240662
0.4719807505607605
0.764683872461319
-0.014850616455078125
-0.4554563909769058
-0.344106063246727
0.35122746229171753
-0.0077152252197265625
0.2821943014860153
0.03141355514526367
-0.00032719969749450684
0.22890159487724304
-0.6560009568929672
0.010153919458389282
0.050303250551223755
0.21909880638122559
0.26738211512565613
-0.104938805103302
0.13746154308319092
-0.05556082725524902
0.6139418184757233
-1.132325991988182
0.6589950621128082
0.29229849576950073
0.20018014311790466
0.2728857398033142
-0.16977965831756592
-0.05283385515213013
0.0887710452079773
0.394956111907959
0.4354715943336487
0.11168158054351807
0.6142550110816956
0.1717718541622162
-0.1890089511871338
0.22647526860237122
0.01346820592880249
0.18593043088912964
-0.024018019437789917
0.4633008539676666
0.09461429715156555
1.020751267671585
0.3516598045825958
0.14124956727027893
0.41138558089733124
0.16563209891319275
0.16644713282585144
0.007537186145782471
0.3947785198688507
-0.14542856812477112
0.26534152030944824
0.1576700210571289
0.17329347133636475
-0.5421893298625946
0.09395655989646912
-0.4450862556695938
-0.043681442737579346
0.29612597823143005
0.4897836744785309
-0.13380184769630432
0.0021445751190185547
0.2343040406703949
0.16486507654190063
-0.2503872811794281
0.15172237157821655
0.03868231177330017
0.7211024165153503
0.6172176003456116
-0.015200257301330566
-0.12482589483261108
0.4111267626285553
-0.021007001399993896
-0.1593109369277954
-0.06644782423973083
1.1178766787052155
0.1933371126651764
-0.025822967290878296
0.17553174495697021
0.035864293575286865
0.16888004541397095
-0.21390092372894287
0.25129687786102295
0.07144856452941895
0.1207297146320343
0.06241294741630554
0.1440204381942749
0.1827143132686615
-0.230563223361969
0.1713501513004303
-0.053768306970596313
-0.11028912663459778
0.16608932614326477
0.0926518440246582
-0.14854073524475098
0.1821514368057251
0.3624611049890518
0.6296648681163788
0.5610694885253906
0.07937011122703552
-0.06293106079101562
0.5666143447160721
-0.2416316270828247
0.17511337995529175
-0.5271269679069519
-0.41337989270687103
0.19439822435379028
0.4816749095916748
-0.46959468722343445
0.011678129434585571
0.5233413577079773
-0.907764196395874
0.2243000566959381
0.7432710528373718
0.6168340742588043
0.06141972541809082
-0.09597364068031311
-0.0139693021774292
-0.15003591775894165
0.8877015709877014
1.2368258833885193
-0.2352401614189148
0.21656322479248047
0.03402036428451538
-0.1676214039325714
-0.4265758991241455
0.8893905878067017
-0.01868423819541931
0.3780515193939209
0.016072899103164673
-0.34512248635292053
-0.1583157181739807
0.23071813583374023
0.671215295791626
0.20144835114479065
-0.1829148232936859
-0.02005442976951599
0.6330916881561279
0.058874160051345825
0.15879115462303162
-0.10666260123252869
0.0036232173442840576
-0.27253082394599915
-0.2657366544008255
0.1439533233642578
0.08202987909317017
0.04045665264129639
-0.673036053776741
0.1265753209590912
0.004657000303268433
-0.20911474525928497
0.1352672278881073
-0.01002967357635498
0.3361961990594864
-0.05423542857170105
-0.05209830403327942
0.014635264873504639
-0.06704837083816528
-0.15108171105384827
0.01975947618484497
0.19636517763137817
1.0648899674415588
0.2981491982936859
-0.04205957055091858
-0.2837822139263153
0.9761450588703156
0.3891178369522095
0.6302409172058105
0.21346190571784973
-0.20092234015464783
0.08593809604644775
-0.12980306148529053
-0.09542936086654663
-0.07896173000335693
0.1476527750492096
1.2279239296913147
1.6927548050880432
-0.07584172487258911
0.2286282181739807
0.4586430937051773
0.21751999855041504
0.2301962673664093
0.5531007349491119
0.06277987360954285
0.22295519709587097
-0.1975940763950348
-0.3297532647848129
0.09103244543075562
-0.021855205297470093
-0.013345569372177124
0.15894070267677307
-0.09756818413734436
-0.3325887620449066
0.15497946739196777
-0.34446725249290466
-0.20538881421089172
0.6707402169704437
0.09725752472877502
0.2214178442955017
0.09422656893730164
0.4277272969484329
0.40674932301044464
-0.45586229860782623
0.3391086608171463
0.35794946551322937
-0.1836627721786499
0.3286946713924408
-0.01863536238670349
-0.5103482902050018
-0.23079437017440796
-0.022901445627212524
0.5593046694993973
-0.09726491570472717
-0.4708637148141861
0.23188239336013794
0.4304554760456085
0.09221446514129639
-0.03986269235610962
0.26158247888088226
-0.02152884006500244
-0.32309913635253906
0.0019342005252838135
0.0009583532810211182
0.37116916477680206
-0.03848102688789368
0.04094293713569641
0.25232604146003723
-4.1812658309936523e-05
0.17813438177108765
0.03316053748130798
-0.3164457827806473
0.264764204621315
-0.0551946759223938
-0.3217804431915283
-0.1691434681415558
0.08771863579750061
0.07318240404129028
0.44289684295654297
-0.03030937910079956
0.8061366975307465
0.4164261519908905
0.029862046241760254
0.041489601135253906
0.3652936816215515
0.4135873019695282
0.4316578507423401
0.03148648142814636
0.2808135151863098
0.33208422362804413
0.46714234352111816
0.18421119451522827
-0.18453505635261536
-0.132392019033432
-0.12688925862312317
0.04821917414665222
0.5152119994163513
-0.6320368498563766
0.5387279987335205
-0.046628713607788086
-0.2910924553871155
-0.21063891053199768
0.4820087403059006
0.03592562675476074
-0.17155852913856506
0.014524400234222412
0.20301973819732666
0.3642134368419647
0.07471150159835815
0.7582037150859833
0.046483755111694336
0.1838955581188202
-0.3441653847694397
0.8484741449356079
1.2897914350032806
0.33015623688697815
-0.10368052124977112
0.06429165601730347
0.011162877082824707
0.08346298336982727
0.49934573471546173
-0.008114129304885864
0.49316370487213135
-0.09345293045043945
0.302061527967453
0.03393131494522095
-0.09282088279724121
-0.1336544156074524
0.029384911060333252
0.16811299324035645
1.2964727729558945
-0.3038308620452881
0.518392413854599
0.2874477207660675
0.06369271874427795
0.15571263432502747
0.13370496034622192
0.11023363471031189
0.13098546862602234
0.383589506149292
-0.10492059588432312
0.17867198586463928
0.344069704413414
0.2548981010913849
-0.12651988863945007
-0.2479296326637268
0.22864142060279846
0.13144603371620178
0.030049294233322144
0.2502622604370117
0.6841189861297607
0.11369940638542175
0.19398492574691772
0.553858682513237
0.23561865091323853
0.37671127915382385
0.3949477970600128
0.6111739724874496
0.03493073582649231
-0.03518831729888916
0.3554620146751404
0.07901141047477722
-0.43053293228149414
0.2210777997970581
0.2945483922958374
0.10790103673934937
-0.045802414417266846
-0.43137994408607483
0.534888967871666
0.019206970930099487
0.04131856560707092
-0.5489548593759537
-0.05206519365310669
0.2837196886539459
0.27819426357746124
-0.06941911578178406
-0.6333596855401993
-0.045055657625198364
-0.11324962973594666
0.18673858046531677
0.0973270833492279
0.2074538767337799
0.19932860136032104
-0.0902024507522583
0.3944375514984131
0.09078845381736755
-0.0036812424659729004
0.20028284192085266
0.2113906443119049
0.4566650241613388
0.2254638671875
-0.00628429651260376
0.5386559367179871
0.12147268652915955
-0.24593570828437805
0.17430990934371948
0.16824722290039062
-0.1265389621257782
-0.20459192991256714
0.810471847653389
0.27016009390354156
-0.04133632779121399
-0.1338018774986267
0.16160550713539124
0.1759500503540039
0.1436343789100647
0.17016443610191345
0.30187758803367615
0.07575273513793945
-0.11822137236595154
-0.16398534178733826
0.12154975533485413
0.2737998068332672
0.053666383028030396
0.3474973887205124
0.28873416781425476
0.27547964453697205
0.1846311092376709
0.04180938005447388
0.011192649602890015
-0.17776286602020264
-0.1946699023246765
0.22130638360977173
0.4124719798564911
0.16050711274147034
-0.024873673915863037
-0.20742696523666382
0.36919353902339935
-0.029090017080307007
-0.008401960134506226
0.17968586087226868
0.3495633006095886
-0.2793891131877899
0.3830353170633316
0.15939128398895264
0.02818050980567932
-0.27205654978752136
0.1962081491947174
-0.2591463327407837
0.10471352934837341
0.18024417757987976
0.43344956636428833
0.07164326310157776
0.18217429518699646
0.2300960123538971
-0.2591056823730469
0.37121930718421936
0.20003685355186462
0.2018459141254425
0.3151295483112335
0.0518622100353241
0.1747414469718933
-0.09246879816055298
-0.08837920427322388
-0.04911792278289795
0.1752624809741974
0.09969821572303772
0.33507418632507324
0.15897506475448608
0.6766728609800339
0.21102240681648254
0.0035718679428100586
0.1487768292427063
0.36551813781261444
0.001483529806137085
-0.061557263135910034
0.09518790245056152
0.2654135674238205
-0.10146638751029968
-0.08578234910964966
-0.1694805920124054
0.3966177850961685
0.3700840175151825
-0.7438820600509644
0.47898487746715546
0.28246766328811646
0.11583828926086426
0.6570464074611664
0.12420129776000977
0.3868374228477478
0.43302422761917114
-0.07814660668373108
0.15776771306991577
1.1553711295127869
0.32407206296920776
0.2920857071876526
0.03049987554550171
0.5482872128486633
-0.39415261149406433
0.13573437929153442
-0.1753983199596405
-0.05656641721725464
-0.3792638033628464
0.06858125329017639
-0.11750322580337524
0.31572429835796356
0.1793135404586792
0.5559510588645935
0.41518734395504
0.1655285656452179
0.1951371133327484
-0.31319454312324524
0.0328250527381897
0.3256801962852478
0.27758827805519104
0.18306893110275269
0.026438474655151367
0.3677144944667816
0.08730944991111755
0.18256691098213196
0.23950985074043274
0.474724680185318
0.17472156882286072
0.21350163221359253
-0.2682390809059143
-0.076311856508255
0.04457518458366394
-0.09491080045700073
0.146570086479187
0.05259448289871216
-0.5752392262220383
0.3097945749759674
0.31403738260269165
0.3247649669647217
0.05362245440483093
0.2718776762485504
0.15971684455871582
-0.1025664210319519
0.32124364376068115
-0.0014040768146514893
0.11738774180412292
-0.8668945282697678
-0.1974482536315918
0.41714760661125183
-0.4073503017425537
-0.2640145719051361
0.3313511312007904
-0.3024711012840271
-0.12543055415153503
0.17794719338417053
0.0022029876708984375
0.21836817264556885
0.01439511775970459
0.057902514934539795
0.03266271948814392
1.1143119484186172
-0.14286822080612183
1.1136085838079453
0.32943275570869446
-0.5738948732614517
-1.2984604015946388
0.10095444321632385
0.1562041938304901
-0.031804561614990234
-0.19349369406700134
-0.34602293372154236
0.1659601330757141
-0.013531982898712158
0.8081711977720261
-0.06668221950531006
0.29278185963630676
0.0959528386592865
0.12082162499427795
0.10283726453781128
-0.08294779062271118
-0.169660747051239
0.012148618698120117
0.19880253076553345
0.31199753284454346
0.11306080222129822
-0.022295057773590088
-0.22070255875587463
0.09586590528488159
-0.02248227596282959
0.14969953894615173
0.44110606610774994
0.09958109259605408
-0.016086548566818237
-0.024630993604660034
0.6212413161993027
0.08148738741874695
-0.0033324360847473145
0.12179407477378845
-0.4984354078769684
0.06094512343406677
0.21787744760513306
0.03537803888320923
-0.06556898355484009
0.4578801691532135
-0.3371463567018509
0.3381929397583008
-0.111998051404953
-0.2637867033481598
0.30345939099788666
-0.0068902671337127686
0.4763266295194626
0.0688525140285492
-0.28446900844573975
-0.19645169377326965
-0.11556816101074219
0.27470025420188904
0.024052023887634277
-0.035302698612213135
0.3221200108528137
0.15015515685081482
-0.2593277096748352
0.1975521743297577
-0.08818131685256958
-0.6509207338094711
-0.11376819014549255
-0.02971544861793518
0.28456422686576843
0.1813020408153534
-0.06522852182388306
0.06481513381004333
-0.04278102517127991
0.21063390374183655
0.2500928044319153
0.28437748551368713
0.7116835564374924
0.3142867386341095
-0.08917447924613953
0.05307412147521973
-0.1353377103805542
0.09432262182235718
0.17242375016212463
0.7313345074653625
0.07010835409164429
0.210780531167984
0.11549079418182373
1.0479617714881897
0.21451765298843384
0.14105486869812012
0.19290512800216675
0.19676899909973145
0.20884555578231812
-0.07739117741584778
-0.1956166923046112
0.2846984565258026
1.2477049678564072
0.4317224621772766
0.22153833508491516
0.07163825631141663
-0.253131702542305
-0.0475117564201355
-0.11544564366340637
0.38077226281166077
0.1307966113090515
-0.5216635465621948
0.2526106536388397
0.2508487105369568
0.013354629278182983
-0.09398925304412842
0.7658481597900391
0.13136571645736694
0.3043254315853119
-0.25511056184768677
0.805186539888382
0.18161922693252563
-0.36058947443962097
0.7502574473619461
0.2720698118209839
0.3095390200614929
0.28178343176841736
0.06028777360916138
0.32287877798080444
0.012532949447631836
-0.011353373527526855
0.06681808829307556
-0.15446263551712036
0.16085746884346008
0.396433025598526
0.07919237017631531
0.08049875497817993
0.17077025771141052
-0.7854482010006905
-0.06922939419746399
0.45964623987674713
0.26447591185569763
-0.5518428683280945
0.17259851098060608
0.33758583664894104
-0.2627115249633789
-0.14710769057273865
0.0642949640750885
-0.2451280802488327
0.09887117147445679
-0.0995611846446991
-1.1851474791765213
0.03334689140319824
0.057730257511138916
0.1714686155319214
-0.29268211126327515
0.05056500434875488
0.05466631054878235
0.07928726077079773
0.1038205623626709
0.07613292336463928
0.07798591256141663
0.3316572308540344
0.2875189781188965
0.08327534794807434
0.7454459369182587
0.3859759420156479
-0.12730181217193604
-0.4395483285188675
0.24168464541435242
-0.08212023973464966
0.30415306985378265
0.10673967003822327
0.18967163562774658
-0.32131074368953705
0.556070014834404
0.19037285447120667
0.12499064207077026
0.14650920033454895
-0.01987960934638977
0.03411349654197693
0.18274950981140137
0.163659006357193
0.350288450717926
0.17306071519851685
0.25431114435195923
-0.1477210521697998
0.08582213521003723
0.07366770505905151
0.10538485646247864
0.21976032853126526
0.18231254816055298
0.712187185883522
-0.06896519660949707
0.11093279719352722
0.18308135867118835
0.20823830366134644
0.8682733178138733
-0.025414586067199707
0.17906510829925537
0.6213771104812622
0.9119532108306885
0.40669137239456177
0.4949318915605545
0.08120739459991455
0.1360243558883667
-0.03920668363571167
-0.22135692834854126
-0.11497843265533447
-0.004642099142074585
-0.021768242120742798
0.23197472095489502
0.24758043885231018
-1.098997801542282
-0.12318697571754456
0.15436360239982605
0.2854447662830353
0.11120948195457458
0.3719179630279541
0.1401548683643341
0.48091737926006317
0.10075646638870239
0.2921249568462372
0.5316820740699768
0.009703308343887329
0.08563408255577087
0.28359755873680115
-0.03896898031234741
0.36344558000564575
0.3477781265974045
0.0597538948059082
0.22773846983909607
0.45122475922107697
0.21996277570724487
0.12090444564819336
0.21347472071647644
0.4036861062049866
-0.00013959407806396484
-0.8478032350540161
0.7869998216629028
0.43103328347206116
0.6993804425001144
0.28752559423446655
-0.41231173276901245
-0.1274169683456421
0.5207760632038116
0.14491045475006104
0.16132637858390808
0.2782837748527527
-0.053277045488357544
0.45858918130397797
0.10105133056640625
0.025786995887756348
-0.5926106423139572
0.43583476543426514
0.4725104719400406
-0.7218068093061447
-0.0010863840579986572
0.7420526593923569
0.013908863067626953
-0.2675718069076538
0.1537303328514099
-0.06513199210166931
0.19287821650505066
-0.2715831696987152
0.21755146980285645
-0.22098258137702942
-0.10271134972572327
0.0008606612682342529
-0.2122267782688141
0.24701431393623352
-0.6067413985729218
-0.47098754346370697
0.5560819804668427
-0.16976389288902283
-0.2571367025375366
-0.01702180504798889
0.09040459990501404
0.17924687266349792
0.022360533475875854
-0.6653480976819992
0.094180166721344
0.3403860181570053
0.03254592418670654
0.5079729855060577
0.10622274875640869
0.48166413605213165
0.03765439987182617
-0.06402325630187988
0.08074265718460083
-0.20397770404815674
-0.18306395411491394
0.144184410572052
0.04283815622329712
0.2243099808692932
0.1555742621421814
0.10415354371070862
0.07090598344802856
0.10231789946556091
0.0020974278450012207
-0.19795390963554382
0.1343958079814911
0.19712677597999573
0.44338230788707733
0.07187187671661377
-0.07798880338668823
0.22361624240875244
0.1601392924785614
0.16786649823188782
0.08725517988204956
-0.20937815308570862
-1.00183667242527
0.21289953589439392
0.4407937228679657
-0.8153540790081024
-0.14455804228782654
-0.23113563656806946
-0.32604730129241943
-0.015489339828491211
0.048354119062423706
0.4777870923280716
-0.029937416315078735
-0.009497016668319702
0.2126525640487671
0.2212289571762085
0.29374733567237854
-0.2051800787448883
0.4511588513851166
0.19239282608032227
-0.05611997842788696
0.2021789848804474
-0.33276426792144775
-0.06268459558486938
-0.13190162181854248
-0.12923189997673035
0.325703501701355
0.16980034112930298
0.013104945421218872
0.4491385668516159
0.09325036406517029
0.06621840596199036
0.472749799489975
0.4027496576309204
-0.1287083625793457
0.01294216513633728
0.3711049556732178
0.23587211966514587
0.16911032795906067
0.20662136375904083
0.15487930178642273
0.7145164757966995
-0.5303169935941696
0.1819688379764557
0.6405299305915833
0.5523585230112076
0.2671266496181488
0.2689986824989319
0.24448898434638977
0.18703174591064453
-0.06957319378852844
0.1415950357913971
-0.16547557711601257
0.08375784754753113
-0.39918723702430725
0.060433149337768555
0.2666313052177429
0.1523875594139099
-0.10144811868667603
0.12695977091789246
-0.20729979872703552
0.05949011445045471
0.11778655648231506
-0.03130421042442322
-0.058773159980773926
-0.8062431812286377
-0.1048775315284729
-0.14288389682769775
-0.10658305883407593
0.21445098519325256
0.17764857411384583
0.11217197775840759
0.4218948781490326
0.07195639610290527
0.46519121527671814
0.1293867826461792
0.5760356485843658
0.33620698750019073
0.4932755380868912
0.03677216172218323
-0.9375682547688484
-0.2256411612033844
-0.5583168566226959
0.15234073996543884
-0.4799622744321823
-0.05348828434944153
0.21305441856384277
-0.09361070394515991
0.6297944486141205
-0.15599924325942993
-0.3657567799091339
0.20611566305160522
0.5944797098636627
0.038293033838272095
-0.006151348352432251
0.39259612560272217
0.24902227520942688
0.1968154013156891
0.23516714572906494
-0.3152008056640625
0.6976048350334167
0.04652097821235657
0.14459607005119324
0.20407047867774963
0.08447688817977905
0.11604282259941101
0.1042429506778717
0.10517281293869019
-0.10408851504325867
0.24029383063316345
0.8436432182788849
0.18993547558784485
0.2305333912372589
0.04307591915130615
0.06584233045578003
0.10449731349945068
0.5259730219841003
0.3539477586746216
0.140171080827713
0.05956336855888367
0.26587745547294617
0.3966301828622818
0.15825897455215454
-0.2106364369392395
0.12734487652778625
0.31544969975948334
0.39521706104278564
-0.04451975226402283
0.08153912425041199
0.3708009868860245
0.09567368030548096
0.0616607666015625
0.1779654324054718
-0.08007833361625671
-0.0035751760005950928
0.10233408212661743
0.21372780203819275
-0.25437165796756744
0.1704290509223938
0.10988739132881165
0.3052746504545212
0.1479484736919403
0.4706503599882126
-0.033368438482284546
-0.03641843795776367
0.19630178809165955
0.22933311760425568
0.24534180760383606
0.16514667868614197
0.07151731848716736
0.5657686740159988
0.013498812913894653
-0.11232274770736694
0.07392615079879761
0.35389065742492676
0.5924908816814423
0.13236963748931885
0.07016882300376892
0.5465584397315979
0.2948093116283417
0.326751708984375
0.10862824320793152
0.16222095489501953
0.26637615263462067
0.08454236388206482
0.09658735990524292
-0.013538569211959839
0.002876877784729004
0.4925462007522583
0.14141437411308289
0.07626628875732422
0.2967036962509155
0.12522926926612854
0.03660902380943298
0.36083468794822693
0.19082018733024597
-0.20454141497612
0.3484313488006592
0.5073757320642471
0.6293719708919525
0.12513571977615356
-0.36289677023887634
-0.13417628407478333
0.2552952766418457
0.24469903111457825
0.20129668712615967
0.17713665962219238
-0.32433585822582245
-0.8420901000499725
-0.5746664553880692
0.2173265516757965
0.5551882535219193
-0.03219348192214966
0.1741674542427063
-0.6800451278686523
-0.1467253863811493
0.19284012913703918
-0.029497593641281128
0.6941457390785217
0.06629827618598938
0.022255271673202515
0.24692729115486145
0.6720321178436279
-0.020172804594039917
0.20540454983711243
0.07227692008018494
0.25849027931690216
0.02804383635520935
0.07429641485214233
0.11773023009300232
0.34255462884902954
0.17192590236663818
-0.11555492877960205
0.44760192930698395
0.15437564253807068
0.10847008228302002
1.0801797583699226
0.04513022303581238
-0.05433154106140137
-0.44401557743549347
-0.1223822832107544
0.3627033829689026
0.27007636427879333
0.12056982517242432
-0.07772332429885864
-0.7904506921768188
0.24527308344841003
0.40983040630817413
0.3391898423433304
0.25907838344573975
-0.5958548188209534
0.3301454931497574
0.10458970069885254
0.1192825436592102
0.24029472470283508
0.1987122893333435
0.7877063304185867
0.10740652680397034
0.2617025673389435
0.09566956758499146
0.1929912567138672
-0.3860877454280853
0.2539355754852295
0.09113270044326782
0.3825996071100235
0.33969756960868835
0.21954774856567383
0.22243919968605042
-0.108798086643219
0.03426805138587952
0.32921355962753296
0.5794720649719238
-0.2526068687438965
0.14156439900398254
0.19237872958183289
0.3420082926750183
0.4148269593715668
0.24968406558036804
0.3020014762878418
0.09471365809440613
-0.10646545886993408
0.09163379669189453
0.26165375113487244
0.09270158410072327
0.23954585194587708
0.2806934118270874
0.3357422351837158
0.1406552493572235
-0.3403296172618866
-0.03032594919204712
-0.01945546269416809
0.15265759825706482
0.20613813400268555
0.11077290773391724
0.1668994426727295
-0.2831335961818695
-0.02179393172264099
0.29718001186847687
0.5899665504693985
0.050936102867126465
-0.28346920013427734
0.2801657021045685
0.059124380350112915
1.7954483032226562
0.11822724342346191
0.07822614908218384
0.5020105391740799
0.22591611742973328
0.5252863764762878
0.3571104258298874
-0.28009699285030365
0.08463427424430847
0.12289953231811523
0.2777477353811264
0.16389048099517822
0.030885428190231323
-0.1551298201084137
0.03866082429885864
0.7596923261880875
0.458127424120903
-1.6611354053020477
0.030628293752670288
0.24045783281326294
-0.06084364652633667
0.02610546350479126
0.013365417718887329
0.18132776021957397
-0.028624534606933594
0.19414222240447998
0.2942352294921875
0.13494664430618286
-0.3956304341554642
0.3649105131626129
0.08638709783554077
-0.28294309973716736
0.1486508548259735
-0.1436518132686615
0.1152186393737793
0.5289824455976486
-0.025834590196609497
0.3992942273616791
0.49947410821914673
0.002629220485687256
0.16484394669532776
0.06753215193748474
0.39178264141082764
0.4460698813199997
0.03346869349479675
-0.2557141184806824
-0.08617249131202698
0.032502830028533936
0.24129867553710938
0.5709715783596039
0.02006092667579651
-0.08929795026779175
-0.4101521968841553
-0.12269282341003418
0.17191016674041748
-0.05379974842071533
0.13025319576263428
0.3801845610141754
-0.0655730664730072
0.2373979389667511
0.4311666190624237
0.21557709574699402
0.1871439814567566
0.5294033139944077
0.33264751732349396
0.03931102156639099
-0.36191312968730927
-0.13421723246574402
0.26736852526664734
-0.08023157715797424
0.13345402479171753
0.27894675731658936
0.3578774034976959
0.2426973283290863
-0.28416579961776733
0.19677647948265076
0.1125803291797638
0.12224966287612915
0.3149091899394989
0.7694423496723175
-0.4354831576347351
0.10419908165931702
-0.05900013446807861
0.48157916963100433
0.865130215883255
0.09315964579582214
0.550734132528305
0.360641211271286
-0.3170323371887207
0.008924692869186401
-0.1563268005847931
0.21229764819145203
0.8341639637947083
-0.024118751287460327
-0.0251007080078125
0.02480912208557129
-0.10758951306343079
0.17782458662986755
0.0828193724155426
0.42440763115882874
-0.22216956317424774
0.17293232679367065
-0.16442683339118958
-0.054972678422927856
0.2553164064884186
-0.0846201479434967
-0.10004577040672302
0.1852622926235199
-0.035471707582473755
0.5400919020175934
-0.8355812877416611
-0.3089028596878052
-0.4137497842311859
0.3384045660495758
-0.6084064394235611
0.322526752948761
0.7563796788454056
0.21469533443450928
-0.29781703650951385
0.18153852224349976
-0.23302966356277466
0.004806965589523315
0.5318933427333832
0.23075458407402039
-0.05294489860534668
0.2523132264614105
0.01847139000892639
-0.31390027701854706
-0.25649476051330566
-0.9146216809749603
0.1294327676296234
0.32138606905937195
0.4160003662109375
0.37982796132564545
-0.06636914610862732
0.12350049614906311
0.1620362102985382
0.3162502646446228
0.6332142651081085
-0.13258585333824158
-0.2891077399253845
0.036913007497787476
0.6806684732437134
0.1449257731437683
0.11739972233772278
0.03695353865623474
0.22205564379692078
0.727976068854332
0.25867414474487305
-0.3141670525074005
0.327455073595047
0.6648767739534378
0.20601338148117065
0.41472095251083374
0.22810962796211243
-0.2588382363319397
-0.06124991178512573
0.019916027784347534
0.1271899938583374
-0.26596856117248535
0.015826046466827393
0.21639633178710938
0.2885991334915161
-0.10921475291252136
0.09646070003509521
0.5945493578910828
0.3503149598836899
0.30713143944740295
0.4912129193544388
0.30268651247024536
0.18845650553703308
0.32701438665390015
0.13552731275558472
0.031067311763763428
0.6580254435539246
0.5962313115596771
0.13609060645103455
0.15005743503570557
0.3171432912349701
0.2472769021987915
0.13787239789962769
0.40505534410476685
0.6058153510093689
0.034896790981292725
-0.20811322331428528
0.454361692070961
-0.2525882124900818
0.59871806204319
0.05700543522834778
0.09587079286575317
0.33120784163475037
0.2732175588607788
0.08194217085838318
0.2685091495513916
-0.20518416166305542
-0.003916442394256592
0.4482795149087906
0.11067929863929749
0.13199937343597412
0.6861719191074371
1.04617540538311
0.6864847093820572
0.24320390820503235
0.012207388877868652
-0.019958287477493286
0.0918169617652893
-0.03690922260284424
0.19094902276992798
-0.08231571316719055
0.21052205562591553
-0.3393315076828003
-0.033170491456985474
0.21027690172195435
0.5340610891580582
0.26773086190223694
0.2829919904470444
0.16990306973457336
0.6816525757312775
0.26129674911499023
0.17081302404403687
0.03826242685317993
0.29723960161209106
0.05169236660003662
0.37856969237327576
0.49226419627666473
-0.2314147651195526
-0.10167509317398071
0.05441933870315552
0.013833433389663696
0.33083176612854004
0.172471821308136
0.0961085855960846
0.11602464318275452
0.19745156168937683
-0.018218696117401123
-0.06806144118309021
-0.40844830870628357
0.3893141746520996
-0.03404232859611511
-0.06186532974243164
0.30417096614837646
0.42248301208019257
-0.13248810172080994
0.17126569151878357
0.11355862021446228
0.1521233320236206
-0.7291920781135559
0.12652897834777832
0.3895784616470337
0.1654299795627594
0.20729976892471313
-0.16893640160560608
-0.31436000764369965
0.29957064986228943
0.31605687737464905
-0.003805100917816162
0.47896744310855865
0.2688450515270233
0.00991368293762207
0.024971455335617065
-0.3084886372089386
0.564451277256012
0.36812831461429596
-0.06811866164207458
0.050460636615753174
-0.18081989884376526
0.07555222511291504
0.32337164878845215
0.13374638557434082
-0.22796380519866943
0.036874860525131226
0.25909656286239624
0.3190327435731888
-0.1915901005268097
0.6356897801160812
-0.09346365928649902
0.03721451759338379
0.3327535390853882
0.4752921015024185
0.13442811369895935
-0.1438075602054596
0.13438254594802856
0.08567962050437927
0.4857500493526459
0.3208025097846985
0.2914462387561798
0.4034806191921234
0.1975923776626587
-0.15804192423820496
0.16547635197639465
0.2758673429489136
-0.0371491014957428
-0.29160434007644653
0.6302400231361389
0.5599860101938248
-0.322090208530426
-0.3062099367380142
0.6578991264104843
0.6474842876195908
0.07510322332382202
-0.03938639163970947
0.01715099811553955
0.24111267924308777
0.085764080286026
0.026938796043395996
0.2903428375720978
0.28966188430786133
0.022777169942855835
-0.2370566725730896
-0.2980016767978668
0.21288785338401794
-0.12263816595077515
-0.004793643951416016
0.1526949405670166
0.0316222608089447
-0.38165445625782013
-0.03972810506820679
0.13714885711669922
0.46452684700489044
0.16837146878242493
0.7142017632722855
0.22281894087791443
0.1875552237033844
0.44268524646759033
0.144872784614563
0.025844573974609375
0.29948368668556213
0.22704893350601196
0.19729000329971313
0.5550556182861328
-0.2799594849348068
-0.2338028997182846
0.03299444913864136
0.5729099214076996
0.022051572799682617
0.3119288235902786
-0.027799487113952637
0.14391183853149414
0.09264561533927917
0.8008973449468613
0.018376976251602173
0.3557978868484497
0.6064091920852661
0.36069682240486145
0.16932031512260437
-0.1343783140182495
0.515104278922081
-0.20737680792808533
-0.14326083660125732
0.16033852100372314
0.3413083255290985
-0.647570863366127
0.008844316005706787
0.2841392755508423
-0.05163854360580444
-0.17418569326400757
0.13266706466674805
0.34700365364551544
-0.040807873010635376
-0.37155525386333466
-0.18992677330970764
0.1438141167163849
0.16947394609451294
0.0775800347328186
-0.23304542899131775
0.2987489402294159
-0.271516889333725
-0.10013774037361145
0.18817314505577087
0.06581082940101624
0.6257562637329102
-0.008387088775634766
0.07053989171981812
0.1550614833831787
0.08495649695396423
-0.02243882417678833
-0.08975100517272949
0.1276853382587433
0.2746090888977051
1.0125307440757751
0.2315150499343872
-0.44820499420166016
-0.5864062458276749
0.5852655917406082
-0.14679372310638428
0.2291947901248932
0.08666372299194336
1.7905297875404358
0.6120569258928299
0.22619614005088806
0.07121169567108154
0.6111482381820679
-0.05949962139129639
0.02963218092918396
0.20225346088409424
0.08617091178894043
0.050547629594802856
0.46900656819343567
-0.16365158557891846
0.1507379412651062
0.43269577622413635
0.1665051281452179
0.2699487805366516
0.38188719749450684
-0.026747435331344604
-0.12624359130859375
0.7245784848928452
0.2261754274368286
0.02938327193260193
0.18988698720932007
0.22171062231063843
0.11392557621002197
-0.12707611918449402
0.07587030529975891
1.1479607075452805
0.260130375623703
0.07315582036972046
0.13547101616859436
0.6055949330329895
0.03376856446266174
0.20053139328956604
0.3785737454891205
0.010501831769943237
0.058450907468795776
0.09811857342720032
0.31703194975852966
0.5792583227157593
-0.2243257761001587
0.33654989302158356
0.23980176448822021
0.1943037509918213
0.17062538862228394
0.20124706625938416
0.1389981210231781
-0.03797408938407898
0.028836548328399658
0.08931028842926025
0.041228681802749634
0.36962345242500305
0.5260509699583054
0.21684697270393372
0.17374083399772644
0.16971254348754883
0.08715248107910156
0.0910051167011261
0.031900644302368164
0.08239442110061646
-0.13759568333625793
0.2679177522659302
-0.07420697808265686
-0.02018362283706665
-0.009071707725524902
0.0879741907119751
0.17331373691558838
0.025627583265304565
0.067629873752594
0.06798198819160461
0.34547117352485657
0.08353421092033386
0.013301640748977661
1.0661064833402634
0.11665377020835876
-0.15273460745811462
-0.2488817274570465
0.41312137246131897
0.3524649739265442
0.09215235710144043
0.05964702367782593
0.2624741792678833
0.35433125495910645
-0.6711758822202682
-0.07107082009315491
0.33011193573474884
0.20531880855560303
-0.12823697924613953
0.24110150337219238
-0.41343162953853607
0.08481651544570923
-0.1702004373073578
0.2970135360956192
0.05386686325073242
0.6440627872943878
-0.08997133374214172
-0.06402900815010071
0.23463380336761475
-0.21056510508060455
-0.1771238148212433
0.4934719651937485
0.3596162050962448
-0.13453996181488037
-0.10851976275444031
0.19317278265953064
0.08845213055610657
1.298258364200592
-0.06645449995994568
0.17429259419441223
0.37962910532951355
0.5623724609613419
0.09336423873901367
-0.2539219260215759
0.006838053464889526
0.16868376731872559
-0.20105195045471191
0.6189624667167664
0.3069123923778534
0.23522517085075378
-0.029794931411743164
0.05400770902633667
0.04145318269729614
-0.09439143538475037
0.047624409198760986
0.4281415343284607
0.3228936791419983
0.35947534441947937
0.1370597779750824
-0.033625245094299316
0.4369596987962723
0.3042053282260895
0.3063705712556839
-0.22598078846931458
0.05475565791130066
0.3651205897331238
0.07832562923431396
0.1208539605140686
-0.2045794427394867
0.08655187487602234
-0.05635601282119751
0.2313033938407898
0.04838067293167114
-0.1874268352985382
1.484161138534546
0.31613685190677643
0.22344478964805603
0.23877960443496704
-0.061469435691833496
0.4476463198661804
0.18791720271110535
-0.07979008555412292
0.27068692445755005
0.12929481267929077
0.31562909483909607
0.5270747393369675
0.453108012676239
0.08175328373908997
0.10399618744850159
-0.3097788095474243
0.35027238726615906
0.06519538164138794
0.4918246567249298
0.6580225974321365
0.7458798885345459
-0.7417320907115936
0.1443500816822052
0.035591691732406616
0.45329684019088745
-0.23541077971458435
0.8384791612625122
-0.0017618834972381592
-0.1512349247932434
0.4678725302219391
-0.08103010058403015
0.15464156866073608
0.054977625608444214
-0.43650291860103607
0.5162109136581421
0.37082788348197937
0.13299426436424255
0.3752429783344269
0.29858070611953735
0.850747138261795
-0.09945100545883179
0.12883344292640686
0.3241391181945801
0.6821533143520355
-0.17856019735336304
0.2199006974697113
0.499612420797348
0.2557935416698456
0.40760664641857147
-0.1999722719192505
0.26146116852760315
0.5081763863563538
0.05417913198471069
0.09194490313529968
0.4488750845193863
-0.08022826910018921
0.05008786916732788
0.31348901987075806
0.14496049284934998
-0.2387775480747223
-0.013579994440078735
-0.02512386441230774
-0.05951616168022156
0.09320101141929626
0.44914717972278595
-0.03229817748069763
0.13006430864334106
0.20395991206169128
0.3252776563167572
0.30462270975112915
0.09081956744194031
0.008116215467453003
0.220121830701828
0.48686082661151886
0.1408279836177826
0.14807021617889404
-0.1337902843952179
0.4809066653251648
0.017580896615982056
0.013389497995376587
0.22520413994789124
-0.22208666801452637
0.08987358212471008
0.0714452862739563
0.3109911382198334
0.3386530578136444
-0.1859697699546814
0.39982104301452637
0.2045356035232544
0.15942195057868958
0.4874265789985657
0.2059943974018097
0.08284756541252136
0.07377418875694275
-0.06451442837715149
0.9326984286308289
0.31479696929454803
0.3194701373577118
0.5699958205223083
-0.08475852012634277
0.647455707192421
0.4514923095703125
0.11642307043075562
0.3947705328464508
0.2871288061141968
0.11646947264671326
0.13105672597885132
0.1715170443058014
0.02154707908630371
0.14604488015174866
-0.41753818094730377
0.22125005722045898
0.21755146980285645
-0.6650432869791985
0.2608237862586975
-0.05714711546897888
0.06979849934577942
-0.064738929271698
-0.014912009239196777
0.4967695623636246
0.4951716214418411
-0.030448585748672485
0.102824866771698
0.054005175828933716
0.37041783332824707
0.19211527705192566
-0.06506738066673279
0.5953437387943268
0.5697588622570038
0.05190536379814148
0.058426082134246826
0.005402505397796631
-0.2983148396015167
-0.12479114532470703
-0.32748356461524963
-0.2654934525489807
0.04480758309364319
-0.2878560721874237
-0.3191925585269928
0.10381513833999634
0.47231122851371765
0.22535951435565948
0.6684312075376511
-0.1479749083518982
0.18406787514686584
0.4671700894832611
-0.0730803906917572
0.1264965832233429
0.11861822009086609
0.11282140016555786
0.22439038753509521
0.5231255888938904
0.05350238084793091
0.06644701957702637
0.1525718867778778
-0.07589763402938843
0.23782166838645935
0.041740626096725464
0.5613104999065399
-0.7176813036203384
-0.11804574728012085
-0.03885301947593689
0.30243515968322754
1.1724654287099838
-0.1409720778465271
-0.09536725282669067
0.18236643075942993
-0.016038954257965088
-0.14394211769104004
0.8450742065906525
0.03798899054527283
-0.8078116476535797
0.1959877908229828
-0.3185638338327408
0.6100436449050903
-0.1830432415008545
0.27222852408885956
-0.4753264784812927
0.3715245723724365
-0.6069613993167877
0.08061015605926514
-0.17049363255500793
-0.32533982396125793
0.15161719918251038
-0.02162325382232666
0.18250593543052673
0.6228637099266052
0.06657373905181885
0.06437653303146362
0.3419271409511566
0.2800273895263672
-0.19931700825691223
-0.15666022896766663
-0.8682427927851677
-0.9378852173686028
-0.389269083738327
0.0608481764793396
1.206344485282898
0.36391401290893555
0.13048598170280457
0.2311314046382904
0.011133849620819092
0.24214357137680054
0.1915561854839325
0.3615168333053589
0.2277078926563263
0.10885277390480042
0.17789289355278015
-0.074057936668396
-0.010158926248550415
-0.1714777648448944
-0.13368508219718933
0.04940614104270935
0.08717235922813416
0.22207841277122498
0.09367656707763672
-0.05721092224121094
-0.10551953315734863
0.008889824151992798
0.16997843980789185
-0.20945674180984497
0.11499994993209839
0.31760677695274353
-0.2749371826648712
0.07603475451469421
0.3993943780660629
0.6002472043037415
0.23567578196525574
0.3440232425928116
0.18970933556556702
0.4062485992908478
0.2969684302806854
0.17644792795181274
-0.022902220487594604
-0.18398165702819824
-0.5044003129005432
0.2743075489997864
0.3804790675640106
1.0272070318460464
0.49504607915878296
0.2050359845161438
0.8251756131649017
0.12731677293777466
-0.45354583859443665
0.26984903216362
0.17851215600967407
0.24344158172607422
-0.12401407957077026
1.0549641847610474
0.02603834867477417
-0.033229291439056396
0.24584713578224182
0.3321886658668518
0.2975147068500519
-0.4401450753211975
-0.0037482380867004395
0.31861236691474915
0.06026417016983032
0.1752985417842865
-0.16434818506240845
-0.006818950176239014
-0.18433043360710144
0.17787349224090576
0.2589189410209656
-0.05432900786399841
-0.14294523000717163
0.3431278169155121
-0.13535794615745544
-0.3144163638353348
0.19295355677604675
0.9190463125705719
1.0815556198358536
-0.3742535412311554
-0.13306957483291626
0.43732625246047974
-0.027053922414779663
0.04751506447792053
0.19647905230522156
0.10506224632263184
0.14842477440834045
0.5244183093309402
0.7015341818332672
-0.11433061957359314
0.02112463116645813
0.5587881803512573
0.4416137784719467
-0.25142523646354675
0.3605479598045349
0.0684255063533783
0.29559168219566345
0.18922895193099976
0.6450266540050507
-0.09865659475326538
-0.4070400893688202
-0.04774200916290283
-0.2720383107662201
0.10733109712600708
-0.1177327036857605
-0.33185774087905884
-0.10101655125617981
0.04930838942527771
0.49737219512462616
0.28965070843696594
0.13017204403877258
0.5556445419788361
0.21499770879745483
0.1032291054725647
0.3534312844276428
0.015145540237426758
-0.17248544096946716
0.20481064915657043
0.2166096568107605
0.07732492685317993
0.20818617939949036
0.20298326015472412
0.32131901383399963
0.2995266616344452
-0.4242772161960602
0.4738245904445648
-0.0728137195110321
0.5858421921730042
0.17546877264976501
-0.27825844287872314
1.010407641530037
-0.1970423460006714
0.5049752295017242
0.9950093626976013
0.10383874177932739
1.3970081210136414
0.2236916422843933
-0.5623132288455963
0.5087876915931702
0.332602858543396
0.3603214621543884
-0.18509918451309204
0.3742775022983551
0.29757389426231384
0.545148566365242
-0.04059910774230957
0.06402409076690674
0.12864702939987183
0.15362763404846191
-0.07936760783195496
-0.23799186944961548
0.020725339651107788
0.19793200492858887
0.3666529655456543
0.29082241654396057
-0.1900850236415863
0.7945393025875092
-0.8104677274823189
0.07954859733581543
0.28879213333129883
0.15608540177345276
0.5979956090450287
0.15919625759124756
0.026575982570648193
-0.8773296922445297
-0.02827325463294983
-0.5076064318418503
0.7616769969463348
0.1573602557182312
-0.27756884694099426
0.03551638126373291
0.8462972044944763
0.32750388979911804
0.5744497925043106
-0.2625483274459839
0.1876927614212036
0.32746946811676025
0.1401321291923523
0.27182793617248535
0.13474121689796448
0.12934371829032898
0.4253014475107193
-0.8961585015058517
0.016118019819259644
-0.2841525673866272
0.48425400257110596
-0.07291314005851746
0.1345158815383911
0.180742084980011
0.0420612096786499
0.3421834707260132
0.41227109730243683
0.3133966773748398
-0.048657357692718506
0.12462583184242249
-0.11277332901954651
0.8151093125343323
0.07062026858329773
0.4660274088382721
0.20717966556549072
0.24057212471961975
0.33035464584827423
0.5729248225688934
-0.1992407739162445
-0.09167444705963135
0.11779975891113281
0.11960315704345703
-0.07251423597335815
0.02413320541381836
0.37507157027721405
-0.2609732151031494
0.16777130961418152
-0.012181758880615234
0.015876978635787964
0.567817285656929
0.12547117471694946
0.20333737134933472
-0.01754528284072876
-0.5207880437374115
-0.09529677033424377
0.2254887819290161
0.33748307824134827
0.189380943775177
0.4459117203950882
0.4734601676464081
0.3802739679813385
0.01678401231765747
0.10317933559417725
0.30353599786758423
-0.017019271850585938
0.062365323305130005
0.34890687465667725
0.10901430249214172
0.2284393310546875
0.055695027112960815
-0.40099766850471497
0.008784681558609009
0.012548655271530151
0.1990937888622284
0.8143559992313385
0.10271552205085754
-0.2255209982395172
0.19659671187400818
1.0341320931911469
-0.08925065398216248
0.36380675435066223
0.1668340265750885
0.49464812874794006
-0.11243206262588501
2.115091383457184
0.10976269841194153
0.12407496571540833
0.16898521780967712
0.6406019330024719
0.625617042183876
0.020850419998168945
-0.11986404657363892
0.010966569185256958
0.2031281590461731
0.15471109747886658
0.0742177665233612
0.09488880634307861
0.009371131658554077
-0.08609962463378906
0.30306464433670044
-0.34505707025527954
-0.10921552777290344
0.10083514451980591
-0.09245887398719788
-0.15061244368553162
0.6263571679592133
0.3680073320865631
0.20798569917678833
0.07073414325714111
0.0755687952041626
-0.04725906252861023
0.045571744441986084
-0.005183815956115723
0.41313880681991577
0.2731682360172272
-0.18178579211235046
0.6762798428535461
-0.10410717129707336
-0.041546761989593506
-0.05874001979827881
0.9139938801527023
0.8232865035533905
0.1737159788608551
-0.005049198865890503
0.2849270701408386
0.17964112758636475
0.03939804434776306
-0.40361401438713074
0.036095380783081055
0.2058800458908081
-0.05594843626022339
-0.18513068556785583
0.5967382937669754
0.5052899718284607
0.3736554682254791
0.33081772923469543
0.08354991674423218
0.2204672396183014
-0.05999410152435303
0.10041934251785278
0.5026549398899078
-0.01814168691635132
0.1388539969921112
0.6195618510246277
0.37863343954086304
0.17982587218284607
0.12394115328788757
0.24145931005477905
0.08260315656661987
0.33585822582244873
-0.16686755418777466
0.21930259466171265
0.4975481480360031
-0.5396110266447067
-0.04670819640159607
0.5095837265253067
-0.47056883573532104
0.563898354768753
-0.12964272499084473
-0.8078816384077072
0.1514192521572113
-0.10634121298789978
0.7265772372484207
0.013653695583343506
-0.28563785552978516
0.11955586075782776
0.02259659767150879
0.06626725196838379
0.14619731903076172
0.034031957387924194
0.0571843683719635
0.1429659128189087
-0.12341594696044922
0.017415285110473633
0.19374963641166687
0.16931834816932678
0.07500553131103516
0.44299544394016266
-0.029225081205368042
0.15032252669334412
0.3448818773031235
0.3581727147102356
1.0509909391403198
0.23992854356765747
0.2403530776500702
0.20124536752700806
0.17683887481689453
0.13083642721176147
0.030161112546920776
0.6813202947378159
-0.15734529495239258
0.23945394158363342
0.5877593755722046
0.17032882571220398
0.13000640273094177
0.13710036873817444
0.24775069952011108
0.8519229888916016
0.2593522071838379
0.16941604018211365
-0.32274043560028076
0.1527305245399475
0.06531712412834167
0.0957871675491333
0.5332526564598083
-0.060593873262405396
0.10173642635345459
0.09324824810028076
0.1419222056865692
-0.07435277104377747
-0.2750208079814911
0.594615176320076
0.40596115589141846
0.025014519691467285
0.2636082172393799
0.4013277143239975
0.21774780750274658
0.005984842777252197
0.09288796782493591
-0.011671066284179688
0.12963521480560303
0.6013832241296768
0.04446503520011902
0.01924341917037964
0.15087169408798218
0.2791402339935303
0.14970457553863525
-0.443708598613739
0.11628597974777222
0.158433735370636
-0.35614289343357086
0.27788445353507996
0.02482399344444275
0.6090599894523621
-0.12977191805839539
0.09963363409042358
-0.06899416446685791
-0.4534865915775299
0.364592045545578
-0.10972133278846741
0.1490236520767212
0.39284878969192505
-0.10135787725448608
0.37408991158008575
-0.21485766768455505
-0.04203218221664429
0.10860627889633179
-0.20258399844169617
0.9148788899183273
-0.088981032371521
0.01986798644065857
-0.4679259657859802
0.35153062641620636
-0.3815997838973999
-0.10794985294342041
0.48301897943019867
0.11114153265953064
0.03303542733192444
0.20099687576293945
0.5642941892147064
0.035489827394485474
0.06207001209259033
-0.12785431742668152
0.2250927984714508
0.13995110988616943
0.05534583330154419
0.23615705966949463
0.6400146335363388
0.11069545149803162
0.1058906614780426
0.2590418756008148
0.4694215655326843
-0.6262242943048477
-0.3658229857683182
0.07396173477172852
0.21057552099227905
-0.08769339323043823
0.07053491473197937
0.08874458074569702
0.3436596989631653
0.27962109446525574
0.30906355381011963
0.1392739713191986
0.5964255630970001
0.22775298357009888
0.16958624124526978
0.27394017577171326
0.30944833159446716
0.44798046350479126
0.17518508434295654
0.9413454830646515
0.0022332370281219482
0.165889710187912
0.16437795758247375
-0.08833622932434082
0.1608554720878601
0.4904533624649048
0.02846914529800415
0.12333983182907104
-0.11741545796394348
-0.48742248117923737
0.38102322816848755
0.2894871234893799
0.2220134437084198
-0.0316811203956604
-0.2070164531469345
-0.17202118039131165
-0.5110970884561539
0.12293350696563721
0.5784946382045746
0.4324522614479065
-0.20213830471038818
-0.18786832690238953
-0.1651674211025238
-0.3005385398864746
0.42910653352737427
-0.0766671895980835
-0.1627075970172882
0.12749192118644714
0.1409190595149994
-0.15327146649360657
0.056187063455581665
0.0972285270690918
0.5490385293960571
0.057808130979537964
0.21003377437591553
-0.11237406730651855
-0.2838622033596039
0.12411680817604065
-0.0032736659049987793
0.08175325393676758
0.005272418260574341
0.2469363510608673
0.03884965181350708
-0.6506096422672272
0.2520829141139984
-0.4201710522174835
0.34677959978580475
0.37866702675819397
0.1095808744430542
0.08326497673988342
-0.18113428354263306
0.014722317457199097
-0.011483430862426758
0.06086060404777527
0.10142332315444946
0.20256245136260986
0.2152639627456665
0.13019856810569763
-0.10408228635787964
0.9366219490766525
0.12146192789077759
-0.0575413703918457
0.030336737632751465
0.14370477199554443
0.1740986406803131
0.5718231052160263
0.2751781791448593
0.06170797348022461
0.2156015932559967
-0.5037624686956406
0.25382915139198303
0.1383611559867859
0.416107177734375
0.18153148889541626
0.088530033826828
-0.05834609270095825
-0.13868993520736694
0.29584139585494995
-0.34278078377246857
0.17703768610954285
0.2481781542301178
0.08725517988204956
0.21050801873207092
0.1901819109916687
0.3295544683933258
0.8449966907501221
-0.0006560385227203369
0.4611935615539551
0.12881314754486084
0.5746469348669052
0.5378591269254684
0.7071947902441025
0.3864613175392151
0.22689521312713623
0.10717374086380005
0.4491969048976898
0.21439462900161743
0.3203382194042206
-0.2585660517215729
0.10815858840942383
0.18662410974502563
0.1398322582244873
-0.1564200222492218
0.297818660736084
0.675307422876358
1.0977340340614319
0.15268170833587646
0.0687929093837738
0.045445799827575684
0.06931224465370178
0.7943798899650574
0.044970422983169556
0.24829277396202087
-0.2765797972679138
-0.048199206590652466
-0.24657613039016724
-0.1842029094696045
-0.20629581809043884
-0.694629892706871
0.16422227025032043
0.4604359567165375
0.1438455581665039
0.1358412504196167
0.16269144415855408
-0.04378831386566162
0.03585353493690491
0.1905232071876526
0.1858057677745819
0.7835645377635956
0.5000828802585602
0.18144693970680237
-0.002460181713104248
0.35821330547332764
0.07104185223579407
0.29990074038505554
0.18576228618621826
0.00468018651008606
0.4924463778734207
0.4899836927652359
-0.1115075945854187
-0.9293049946427345
0.3412325382232666
-0.14569860696792603
0.19557538628578186
-0.23002475500106812
0.05817171931266785
0.410017192363739
0.5911365449428558
0.04808327555656433
0.2731943130493164
0.001316666603088379
0.05880790948867798
0.37778232991695404
1.3182394802570343
-0.26243655383586884
0.16973742842674255
0.21901437640190125
0.07424262166023254
0.24031874537467957
0.16686967015266418
0.34795963764190674
0.22736170887947083
-0.07145774364471436
0.24404335021972656
0.1245872974395752
0.110035240650177
0.1352199912071228
0.3509582579135895
-0.05209416151046753
0.14945274591445923
-0.008044987916946411
-0.1846485733985901
0.02406194806098938
-0.4247659593820572
-0.3017723560333252
0.05035752058029175
1.0075547695159912
0.5258678793907166
0.25249628722667694
0.09737429022789001
0.3011602759361267
-0.1357327699661255
0.2908787429332733
0.5087744295597076
-0.14049077033996582
0.31065067648887634
0.878079354763031
0.5891546458005905
-0.26515766978263855
-0.817951038479805
-0.01795327663421631
-0.3902415335178375
-0.09865659475326538
0.23190930485725403
0.23025795817375183
0.14581048488616943
-0.1694623827934265
0.6871159076690674
0.46187858283519745
-0.09160071611404419
-0.17447394132614136
0.21377915143966675
-0.3680889308452606
0.18525657057762146
0.14207708835601807
0.41455572843551636
1.199723169207573
0.3335603177547455
-0.1546192169189453
0.06196644902229309
0.4666217118501663
0.3589485138654709
-0.7923769652843475
0.20916688442230225
0.32416027784347534
0.20421668887138367
-0.13485515117645264
0.13844728469848633
-0.21963053941726685
-0.05083918571472168
-0.1685197353363037
0.22943124175071716
0.36664310097694397
0.19987115263938904
0.39606112241744995
0.028305619955062866
-0.38411179184913635
0.24852845072746277
-0.2533602714538574
0.13368922472000122
-0.24652966856956482
0.1066228449344635
-0.22659659385681152
0.2688280940055847
-1.0453814789652824
-0.09898880124092102
-0.15116333961486816
0.1762756109237671
-0.3966434597969055
0.29956404864788055
0.04669910669326782
-0.2057308852672577
-0.09206369519233704
-0.1911962330341339
0.7142953276634216
0.666899561882019
0.3669603317975998
0.3408731073141098
0.17964112758636475
0.6544221937656403
-0.015770137310028076
0.02212110161781311
-0.1912873387336731
0.20029687881469727
0.26368898153305054
0.046571552753448486
-0.8736025094985962
0.3720008134841919
0.19473126530647278
0.2695147544145584
0.24050554633140564
0.3142634779214859
0.43686115741729736
0.0789915919303894
6.708502769470215e-05
0.13061276078224182
0.14715534448623657
0.106244295835495
-0.19307449460029602
0.04254990816116333
0.5322925597429276
0.22330766916275024
-0.01753118634223938
0.1565757393836975
-0.22825923562049866
-0.11568915843963623
0.20695480704307556
-1.0466636717319489
-0.2521600127220154
1.6007485687732697
0.14993438124656677
-0.01846104860305786
-0.6728695183992386
0.18525657057762146
0.483554869890213
-0.07550418376922607
0.603434607386589
-0.5848406553268433
0.07394605875015259
0.2071085274219513
0.0474848747253418
-0.40018631517887115