0.21035313606262207
0.02234518527984619
-0.07589805126190186
0.09193825721740723
-0.24952709674835205
-1.0587132573127747
0.29205167293548584
-0.7422837018966675
-0.535120964050293
-0.05353343486785889
-0.27259576320648193
-0.11830353736877441
-0.5145432949066162
-0.5404961109161377
1.0224800109863281
-0.3648345470428467
-0.5463247299194336
-0.5072540640830994
-0.2969532012939453
-0.5204839706420898
-0.09000617265701294
-0.8096191883087158
-0.8245266675949097
-0.011144757270812988
-0.18227827548980713
-0.6315546035766602
0.47549620270729065
0.30059200525283813
-0.6748067140579224
-0.3756343722343445
0.23964029550552368
-0.4614264965057373
-0.205000638961792
0.2864198088645935
-0.5669528245925903
-1.155361533164978
0.5357846021652222
-0.11923873424530029
-0.00044357776641845703
0.13528627157211304
0.4888877868652344
0.07687711715698242
0.1570338010787964
-0.1721826195716858
-0.3176229000091553
-0.4527629613876343
0.07061117887496948
-0.18268537521362305
0.7998147010803223
-0.2453758716583252
0.07820165157318115
-0.06454384326934814
0.7508910894393921
-0.11828231811523438
0.24186646938323975
-0.6190598607063293
0.42411279678344727
0.4670846462249756
0.6467655897140503
-0.24166560173034668
-0.08624792098999023
0.70914226770401
0.3362085819244385
-0.1483054757118225
0.23504090309143066
-0.12018585205078125
-0.1421184539794922
0.4343608617782593
-0.1984865665435791
-0.6665882468223572
-0.3023643493652344
0.03201949596405029
-0.8409892320632935
0.4328208565711975
-1.3076013326644897
0.4399566054344177
-0.3096786141395569
0.13913726806640625
0.42235881090164185
0.5551497936248779
-0.24603843688964844
-0.5426630973815918
-0.36400890350341797
-0.19059622287750244
-0.12036353349685669
-0.7242339849472046
0.9789816737174988
0.4187554717063904
-0.13611119985580444
-0.40830039978027344
-0.5903652906417847
-0.02490311861038208
0.19259041547775269
0.14857053756713867
-0.0532381534576416
0.13661301136016846
-0.6227100491523743
-0.10445594787597656
-0.3324453830718994
-0.07272136211395264
-0.4261167049407959
0.010496914386749268
-0.07449650764465332
0.02560722827911377
-0.343744158744812
0.07467496395111084
0.43341064453125
-0.11745691299438477
-0.8497157990932465
0.1950293779373169
-0.1397821307182312
0.47630584239959717
-0.317887544631958
-0.1872856616973877
-0.42980313301086426
0.040785908699035645
0.08202660083770752
-0.17901182174682617
-0.707127720117569
-0.22867083549499512
-0.0317460298538208
-0.14081889390945435
-0.21167141199111938
0.29850131273269653
0.08903032541275024
0.45444583892822266
-0.6208345293998718
-0.8550243377685547
0.3662446141242981
-0.5555435419082642
-0.05969059467315674
-0.5554081797599792
-0.45705342292785645
-0.6036844253540039
-0.04765087366104126
-0.13552194833755493
-0.13314706087112427
0.3751092553138733
0.5220897197723389
-0.37573927640914917
-0.32288336753845215
0.03542447090148926
-0.11962568759918213
1.412336826324463
-0.21526777744293213
0.27351653575897217
-0.22958672046661377
0.23971211910247803
-0.06914985179901123
-0.056600093841552734
-0.09266430139541626
-0.2795548439025879
0.06811988353729248
-0.4521760940551758
-0.3297818899154663
-0.27811717987060547
0.2895629405975342
-0.06213045120239258
0.14702081680297852
-0.9020428657531738
-0.02695167064666748
0.47063881158828735
-0.3681105375289917
-0.18896591663360596
0.24636733531951904
0.6570092439651489
-0.141013503074646
0.4590233564376831
0.054705142974853516
-0.3041534423828125
-0.4784952998161316
0.928827166557312
0.6273433566093445
-0.05131673812866211
-0.11465537548065186
-0.4418771266937256
-0.49663496017456055
-0.24792909622192383
-0.6071875393390656
-0.0517764687538147
-0.2866525650024414
-0.07199370861053467
0.0011364221572875977
0.008975625038146973
-0.05116593837738037
0.4701049327850342
-0.22816765308380127
-0.012167572975158691
0.2891690731048584
-0.18755567073822021
-0.06295967102050781
0.40626227855682373
-0.2714487314224243
-0.09507393836975098
0.1677335500717163
0.5212967395782471
0.45034217834472656
-0.9014409780502319
-0.3236243724822998
0.02313995361328125
0.25483548641204834
0.19348424673080444
-0.5728589296340942
-0.5128988027572632
-0.03546583652496338
-0.043221235275268555
-0.0711514949798584
-0.24928230047225952
1.0374876260757446
-0.07536500692367554
-0.8254220485687256
-0.5734355449676514
-0.14647746086120605
-0.29382020235061646
-0.30962222814559937
-0.5304869413375854
0.3068443536758423
-0.2011948823928833
0.34418976306915283
0.038576722145080566
0.25263500213623047
0.2813034653663635
-0.7237808108329773
-0.4637370705604553
-0.5096297264099121
-0.44214558601379395
0.38755184412002563
0.08039236068725586
1.1534571647644043
0.19656193256378174
-0.4443415403366089
-0.6839946508407593
-0.12243068218231201
-0.012805938720703125
-0.15667104721069336
-0.3846133351325989
-1.1435093879699707
-0.30513888597488403
-0.2762928009033203
-0.41173434257507324
0.36294811964035034
0.2776350975036621
-0.7934054136276245
0.09568232297897339
-0.16717863082885742
-0.29234039783477783
-0.7028325796127319
-0.3186326026916504
-0.3649742603302002
-0.5173081755638123
0.5224533677101135
0.3719063997268677
-0.44854456186294556
-0.2441394329071045
0.11566197872161865
-0.5133087635040283
-0.361261248588562
0.08211958408355713
-0.8077813386917114
-0.27985918521881104
-0.49009016156196594
-0.32790857553482056
0.563063383102417
-0.15046203136444092
-0.2847236394882202
-0.16380274295806885
0.09278029203414917
-0.1974436640739441
-0.4742090106010437
0.005200386047363281
-0.6552882790565491
0.4274883270263672
-0.6303195953369141
0.05601012706756592
-0.006980597972869873
-0.35379910469055176
-0.053121328353881836
-0.17921662330627441
-0.5071595907211304
0.24167096614837646
-0.5681424736976624
-0.03790318965911865
0.2799088954925537
-0.12654387950897217
0.01163339614868164
-0.08346223831176758
-0.06774914264678955
-0.21773457527160645
0.030089616775512695
-0.12198710441589355
0.4011215567588806
0.19892644882202148
0.2762291431427002
-0.14332127571105957
0.06233423948287964
0.5484660863876343
-0.22763419151306152
-0.22245067358016968
0.3563117980957031
0.10450804233551025
-0.4691232442855835
0.6540854573249817
-0.2348734736442566
0.07533895969390869
0.017862558364868164
-0.35118556022644043
0.7116789817810059
0.47670185565948486
-0.20274889469146729
-0.15718626976013184
-0.0706823468208313
0.3878326714038849
0.08557027578353882
-0.5114389657974243
0.4218716621398926
-0.33581429719924927
-0.2807455062866211
0.12511587142944336
-0.8796175718307495
0.24018537998199463
0.16403675079345703
0.18952006101608276
0.9300277233123779
-0.17066848278045654
-0.051865458488464355
-0.057181477546691895
-0.6422548294067383
0.36170148849487305
0.8885354995727539
-0.03441309928894043
0.2699085474014282
0.4474586248397827
0.20000696182250977
-0.2419290542602539
-0.262876033782959
-0.01766759157180786
-0.367750883102417
-0.07845234870910645
-0.7170346975326538
-0.43060576915740967
-0.722133606672287
0.30197787284851074
0.3038889169692993
0.31021952629089355
0.13616406917572021
0.16667169332504272
0.9777059555053711
-0.1751294732093811
-1.0874467492103577
-0.14138579368591309
-0.44127875566482544
-1.0026322603225708
-0.42412900924682617
-0.680467963218689
0.5810339450836182
0.10804367065429688
0.32905781269073486
-0.23187696933746338
0.3391815423965454
-0.6254613995552063
-0.0162125825881958
-0.8186220526695251
0.034621238708496094
-0.07981616258621216
0.45737695693969727
0.05168122053146362
-0.23282462358474731
-0.16657519340515137
0.12008780241012573
-0.4193713665008545
-0.35901689529418945
-0.10362017154693604
-0.3223975896835327
-0.17272651195526123
0.5271137356758118
-0.33506548404693604
-0.04587370157241821
1.16294527053833
0.11195862293243408
0.11004149913787842
-0.5250027179718018
0.37685906887054443
0.16403836011886597
-0.37887030839920044
-0.5896922945976257
-0.30381715297698975
-0.3192816376686096
0.6528134346008301
-0.30005943775177
0.06828427314758301
-0.17679941654205322
-0.35034650564193726
0.16838055849075317
0.028481245040893555
-0.6788203716278076
0.5011904239654541
-0.2796401381492615
0.11425316333770752
-0.0789194107055664
-0.6152013540267944
-0.40382111072540283
0.10532879829406738
0.28258776664733887
0.3863835334777832
-0.21625733375549316
0.10686469078063965
0.13464772701263428
0.06295132637023926
-0.09441542625427246
1.1602360010147095
0.3405805826187134
-0.0219041109085083
-0.16698062419891357
0.04371374845504761
0.7265934348106384
-0.09914195537567139
-0.4777383804321289
-0.10870236158370972
0.11700165271759033
-0.4999147057533264
-0.3408515155315399
0.3287191390991211
-0.7757498025894165
-0.6357263326644897
0.09369230270385742
-0.32089364528656006
-0.17572259902954102
-0.6860325336456299
-0.10483825206756592
0.04236268997192383
-0.5819013118743896
0.13859009742736816
-0.33599328994750977
0.08165478706359863
-0.42856884002685547
-0.04157364368438721
-0.10046947002410889
-0.12632477283477783
-0.2688636779785156
-0.10589337348937988
0.002050161361694336
0.27012693881988525
-0.5397162437438965
0.32198667526245117
-0.18285775184631348
0.12326860427856445
0.6161341667175293
0.15500307083129883
0.3386198878288269
-0.4003453254699707
-0.15760540962219238
0.4397321939468384
-0.09607791900634766
-0.33728134632110596
-0.02799201011657715
0.15949022769927979
-0.2323545217514038
-0.2257537841796875
-0.7176104485988617
-0.14316964149475098
-0.3342849016189575
-0.21608901023864746
0.5796306133270264
-0.1530134677886963
-0.4524155259132385
-0.4203305244445801
0.19094645977020264
-0.09177041053771973
-0.19188284873962402
-0.40818119049072266
-0.3665734529495239
-0.18397176265716553
0.12378215789794922
0.030545473098754883
-0.062259674072265625
0.12872660160064697
0.37588655948638916
-0.29657161235809326
0.06932759284973145
0.4594695568084717
0.31843101978302
0.13960283994674683
-0.23453056812286377
-0.17653024196624756
0.48339420557022095
-0.5983717441558838
-0.013186454772949219
-0.34485650062561035
-0.050273776054382324
-0.26748931407928467
-0.31584322452545166
-1.0252026319503784
-0.1331160068511963
0.007564902305603027
-0.1526145339012146
-0.43426185846328735
0.30146098136901855
-0.12684905529022217
-0.7629501819610596
0.20566058158874512
-0.4664885997772217
0.2787691354751587
-0.2704821825027466
-0.3166736364364624
-0.3606768846511841
0.4062801003456116
0.009764313697814941
-0.416930615901947
-0.5898458957672119
0.4100933074951172
-0.9588797092437744
0.06800180673599243
0.5717133581638336
0.34531092643737793
0.4080221652984619
-0.1000901460647583
-0.6089775860309601
-0.2713213562965393
0.20665621757507324
-0.0070716142654418945
0.22615301609039307
-0.25084078311920166
-0.08633410930633545
-0.2308465838432312
-0.17330098152160645
-0.4650537967681885
0.21395349502563477
0.20633506774902344
-0.46989333629608154
-0.3785027265548706
0.07664763927459717
0.7746496200561523
-0.7965116500854492
-0.39663589000701904
0.38651275634765625
0.7877639532089233
0.1094052791595459
-0.18345046043395996
0.777716875076294
0.5836001634597778
0.016965508460998535
-0.3097180128097534
0.24142706394195557
0.34912657737731934
-0.07457226514816284
-0.24152016639709473
0.07459008693695068
0.1857427954673767
-0.5875571966171265
-0.49778926372528076
0.17125576734542847
-0.20308434963226318
-0.5184669494628906
0.04874598979949951
-0.5017102956771851
-0.2330695390701294
-0.09598267078399658
0.16378486156463623
0.5757561326026917
0.059784531593322754
0.5465701222419739
1.0161703824996948
0.13766038417816162
0.5221779346466064
0.323055624961853
-0.4553288221359253
-0.6077390909194946
-0.09665858745574951
0.5202707648277283
-0.07388877868652344
0.5305712223052979
0.15827560424804688
0.04872030019760132
-0.4682362675666809
-0.11219602823257446
-0.3068501949310303
-0.34579920768737793
0.04314589500427246
-0.1028674840927124
-0.1686919927597046
-0.4042465090751648
-0.41668176651000977
0.20623129606246948
-0.49185991287231445
0.16954189538955688
0.5146362781524658
-0.2011318802833557
-0.06567502021789551
-0.36416375637054443
-0.6210726499557495
0.1335620880126953
-0.24415558576583862
-0.20178139209747314
-0.7492676973342896
-0.296627402305603
0.9069768190383911
0.5080491900444031
-0.08468401432037354
0.3286516070365906
-0.11859583854675293
-0.22572028636932373
-0.6404005289077759
-0.33151018619537354
-0.9594050645828247
-0.49177086353302
0.10838401317596436
-0.6551176309585571
0.041835904121398926
-0.14852619171142578
-0.523230791091919
0.33069348335266113
-0.48266565799713135
-0.39151978492736816
-0.07074153423309326
0.4321010112762451
-0.7983734607696533
-0.25551044940948486
0.13948214054107666
-0.08181679248809814
-0.46816617250442505
-0.1630319356918335
-0.8493750095367432
0.22576749324798584
-0.7827768325805664
0.01087874174118042
1.048837423324585
-0.7061941623687744
0.6051667928695679
0.20993810892105103
-0.042110443115234375
-0.29365795850753784
-0.24365246295928955
0.37435996532440186
0.1904698610305786
-0.2152113914489746
0.3446916937828064
-0.6313144564628601
-0.6483306288719177
0.2379392385482788
-0.2417384386062622
-0.16476726531982422
-0.39920681715011597
0.6633015871047974
0.1234276294708252
0.39840447902679443
-0.2625234127044678
-0.32859528064727783
-0.00019788742065429688
0.45708906650543213
-0.08874702453613281
0.49027347564697266
-0.1093294620513916
-0.11552178859710693
0.12221574783325195
-0.12309873104095459
0.07566416263580322
0.14558148384094238
-0.1749315857887268
0.21081572771072388
-0.23427963256835938
0.14723694324493408
-0.13594037294387817
-0.13763844966888428
-0.2611140012741089
0.8436526358127594
-0.6060330867767334
0.5083391070365906
0.6701613068580627
-0.3467874825000763
-0.1858123540878296
-0.12513530254364014
-0.7430906295776367
0.759611964225769
-0.3362557888031006
0.2907109260559082
-0.2545709013938904
0.34165680408477783
0.503500759601593
-0.011947274208068848
0.2559252381324768
-0.6070247888565063
0.4004521369934082
0.10067057609558105
0.21417850255966187
-0.1046442985534668
-0.19542324542999268
-0.16326135396957397
-0.13115984201431274
0.0945359468460083
0.5753986835479736
0.18452692031860352
0.09792470932006836
0.7474554181098938
-0.42730987071990967
-0.3983307480812073
0.43908822536468506
0.39313173294067383
0.04079008102416992
-0.6513750553131104
0.2881603240966797
-0.10873401165008545
0.675451397895813
-0.44666630029678345
0.7322044372558594
0.6267560720443726
-0.9977740049362183
-0.06148642301559448
-0.39680832624435425
-0.13138681650161743
-0.2596074342727661
0.6752904653549194
0.08750033378601074
0.27401429414749146
-0.1927875280380249
-0.04085057973861694
-0.4572083353996277
-0.6945077776908875
-0.8611868023872375
0.4138747453689575
0.039254724979400635
0.018815994262695312
-0.2141563892364502
-0.219535231590271
-0.8804535865783691
-0.26061463356018066
-0.7101805806159973
-0.30300456285476685
-0.048933565616607666
0.40002113580703735
0.08903366327285767
0.02210867404937744
-0.2389432191848755
-0.13553893566131592
0.06408417224884033
0.880702018737793
0.6719052791595459
-0.6467557549476624
0.2502439022064209
-0.1783902645111084
-0.13787496089935303
-0.02403956651687622
-0.2103932499885559
-0.34226834774017334
0.14228588342666626
1.3144397735595703
-0.574166476726532
0.6551920175552368
0.062325477600097656
0.40043187141418457
-0.300495982170105
0.02513831853866577
0.9087768793106079
0.07041728496551514
0.5700504183769226
0.20574617385864258
-0.3945721983909607
0.4946058988571167
-0.34526360034942627
-0.04065752029418945
-0.22876322269439697
-0.26993465423583984
0.3655935525894165
0.00960475206375122
-0.643592119216919
-0.2099716067314148
-0.605998694896698
-0.6635915637016296
0.06226760149002075
-0.19934511184692383
0.041185975074768066
0.007862746715545654
0.2619006633758545
0.0731019377708435
-0.6453330516815186
0.3162130117416382
-0.054198503494262695
-0.39918816089630127
-0.4980752468109131
-0.3801841139793396
-0.0035254955291748047
-0.053415775299072266
-0.552516758441925
0.6149587631225586
-0.3498138189315796
-0.06589442491531372
0.7508910894393921
0.41859763860702515
0.20825040340423584
0.0027025341987609863
0.033627331256866455
-0.09478521347045898
-0.3671077489852905
0.5503091216087341
0.5836449861526489
0.1549009084701538
0.49911630153656006
-0.328957200050354
0.344032883644104
-0.08159887790679932
-0.6527583003044128
0.1809893250465393
0.19240069389343262
-0.4477195739746094
-0.5101772546768188
0.17540574073791504
0.02010321617126465
-0.27752864360809326
0.20905184745788574
0.33632373809814453
0.9496746063232422
-0.4371352791786194
0.18111884593963623
-0.06525164842605591
0.16199564933776855
0.016649842262268066
-0.46275341510772705
0.414145290851593
-0.1828460693359375
-0.08882737159729004
0.576134204864502
-0.30264681577682495
0.6318379044532776
-0.35042476654052734
-0.19233274459838867
-0.23147565126419067
-0.2867465615272522
0.3648015856742859
0.8480707406997681
-0.1883077621459961
0.08169817924499512
-0.2414175271987915
0.9989050626754761
0.06137585639953613
0.3281627893447876
0.09435296058654785
0.5675223469734192
-0.3495093882083893
-0.22660410404205322
-0.2922217845916748
0.6497308611869812
-0.2663538455963135
0.07433748245239258
0.014335393905639648
0.9296368360519409
0.03284788131713867
-0.6666146516799927
-0.5455508232116699
0.4830589294433594
-0.5194796919822693
-0.012516379356384277
0.07419741153717041
0.07839679718017578
0.10079300403594971
0.09690803289413452
0.509285569190979
-0.2489050030708313
-0.26933836936950684
0.3101516366004944
0.2984398603439331
-0.3009257912635803
0.35413670539855957
-0.2115040421485901
-0.32220083475112915
0.10039454698562622
0.10654664039611816
-0.17272281646728516
-0.7576632499694824
0.06197017431259155
-0.1882249116897583
-0.40889668464660645
0.5276474952697754
-0.05002284049987793
0.018842220306396484
0.337241530418396
0.27796316146850586
0.03942131996154785
0.2553951144218445
-0.007976531982421875
-0.5692034363746643
0.5440129041671753
0.6100689172744751
0.4330212473869324
-0.17178475856781006
-0.061223506927490234
-0.024303793907165527
-0.5703859329223633
-0.41723787784576416
-0.3638676404953003
-0.028968632221221924
0.22435802221298218
0.23563766479492188
-0.21638143062591553
1.3020820617675781
0.653529167175293
-0.009307801723480225
-0.14809918403625488
-0.10893803834915161
0.3418844938278198
-0.2113441824913025
-0.6473371982574463
-0.15875297784805298
0.6890568435192108
-0.5876836180686951
-0.3376549482345581
-0.06029319763183594
-0.5230763852596283
0.18827968835830688
-0.5309567451477051
-0.3049135208129883
0.14133906364440918
-0.05122804641723633
-0.29697632789611816
0.29977118968963623
-0.48617157340049744
0.6221213340759277
-0.026418566703796387
-0.09555691480636597
0.22094941139221191
-0.7183579206466675
0.614077627658844
0.8955568075180054
0.0838325023651123
-0.28580474853515625
-0.6241028308868408
0.1321169137954712
-0.2393507957458496
0.46863293647766113
-0.5924317240715027
-0.15470987558364868
0.07059401273727417
-0.19396507740020752
-0.09591019153594971
-0.391235888004303
-0.03956902027130127
-0.6219545602798462
-0.0768730640411377
0.12352454662322998
-0.2088010311126709
-0.22740185260772705
0.5618999600410461
0.11939144134521484
0.40784764289855957
-0.657726377248764
-0.10502207279205322
0.21565794944763184
-0.11476635932922363
-0.030667543411254883
-0.9431049823760986
-0.24782109260559082
0.2074352502822876
-0.007859468460083008
0.1731817126274109
0.11647814512252808
0.7210720777511597
0.6248616576194763
-0.22482186555862427
-0.18402063846588135
0.04827380180358887
1.0382269620895386
-0.19635027647018433
0.038189053535461426
-0.07747024297714233
-0.4789077639579773
-0.20921951532363892
-0.13928216695785522
-0.8101744651794434
-0.27293503284454346
0.5823477506637573
-0.546568363904953
-0.19416332244873047
0.15779340267181396
-0.2993217706680298
-0.6949624419212341
0.05266416072845459
-0.18754613399505615
0.6053769588470459
0.1615055799484253
0.02248138189315796
-0.08051645755767822
-1.2286322116851807
-0.4968780279159546
0.23294305801391602
0.12448954582214355
-0.035713136196136475
-0.09406006336212158
-0.18385016918182373
-0.748682975769043
0.3659186363220215
-0.5273581147193909
-0.10017800331115723
0.23398244380950928
-0.09310829639434814
0.4400854706764221
-0.3979949951171875
0.11700558662414551
0.029665231704711914
0.022148847579956055
0.0821065902709961
0.0430142879486084
-0.10309946537017822
-0.24440085887908936
0.6178512573242188
0.11462593078613281
0.33069348335266113
-0.14375650882720947
-0.3384995460510254
0.2552145719528198
-0.2244611382484436
0.6349302530288696
0.5138194561004639
-0.1638515591621399
-1.1994251012802124
-0.7635449469089508
0.6294970810413361
-0.3038673400878906
0.5348222851753235
-0.31937646865844727
0.29307305812835693
0.06133377552032471
-0.6519022881984711
-0.4461183547973633
0.16028016805648804
0.15901607275009155
0.5321377515792847
-0.4587366580963135
-0.32851487398147583
-0.36944788694381714
0.8451559543609619
-0.9045771360397339
0.8328497409820557
0.0283735990524292
0.6454066634178162
0.2506084442138672
-0.2458152174949646
-0.605915904045105
-0.21068692207336426
-0.23059725761413574
0.5047696828842163
-0.04405379295349121
-0.019200682640075684
0.06285935640335083
-0.9214692115783691
0.21968328952789307
-0.01806008815765381
0.22837305068969727
-0.5124509930610657
-0.1423206329345703
0.19210422039031982
0.22976136207580566
0.04939007759094238
-0.14462602138519287
0.16043305397033691
0.08508402109146118
0.33778953552246094
-0.2594958543777466
0.0033124685287475586
-0.4808465242385864
-0.09910178184509277
-0.34366679191589355
0.14952033758163452
-0.5485851764678955
-0.030550360679626465
-1.0878112018108368
-0.0780414342880249
0.42028915882110596
0.5939003229141235
-0.23339414596557617
-0.3936522603034973
0.15334218740463257
0.19682204723358154
-0.2858424186706543
0.07558834552764893
-0.24367260932922363
1.0776183903217316
0.5619914531707764
-0.3526025414466858
-0.28318244218826294
0.6791691780090332
-0.23043608665466309
-0.12291157245635986
-0.05061030387878418
0.5719566345214844
0.13603508472442627
-0.8142240047454834
-0.09884923696517944
-0.1553041934967041
0.17556524276733398
-0.36521458625793457
-0.05744194984436035
-0.03610992431640625
-0.16317451000213623
-0.08187258243560791
0.29331547021865845
0.13886594772338867
-0.2942526638507843
0.14506655931472778
-0.08541619777679443
-0.1151353120803833
0.29856544733047485
-0.01653921604156494
-0.07347679138183594
-0.0717078447341919
0.5531073808670044
-0.19614219665527344
0.5063494443893433
0.08226066827774048
-0.006952047348022461
0.14537978172302246
-0.24295908212661743
0.1534818410873413
-0.4291420578956604
-0.3341221809387207
0.23719125986099243
0.3062199354171753
-0.7933340966701508
-0.07665956020355225
0.30472707748413086
-1.084170162677765
0.522605299949646
0.15941429138183594
0.6538870930671692
-0.3846973180770874
0.004156529903411865
-0.17369651794433594
-0.16294538974761963
0.8064887523651123
1.0455071926116943
-0.3331739902496338
-0.22611373662948608
-0.2830604314804077
-0.1861802339553833
-1.074013739824295
0.7041870355606079
-0.504291832447052
0.06342518329620361
-0.44031012058258057
-0.5819960832595825
-0.09176063537597656
-0.2649571895599365
0.7706502676010132
-0.01190805435180664
-0.331317663192749
-0.22886598110198975
-0.08946061134338379
0.027697622776031494
0.2227344512939453
-0.2552679777145386
0.15900230407714844
-0.45789992809295654
-0.8158288598060608
0.012400269508361816
0.01073545217514038
-0.19741439819335938
-0.6869699954986572
-0.2953411340713501
-0.4026055335998535
-0.6235023736953735
-0.13920021057128906
-0.006645083427429199
-0.36774343252182007
-0.21595734357833862
-0.3736674189567566
-0.33539819717407227
-0.325780987739563
-0.6653444766998291
0.1458626389503479
0.04626500606536865
1.0289899706840515
0.5057750940322876
-0.23100066184997559
-0.27342909574508667
0.8145092725753784
0.15227901935577393
-0.30906033515930176
0.4073847532272339
-0.42082589864730835
-0.18165242671966553
0.3805374503135681
-0.5144184827804565
-0.25795304775238037
-0.7254507541656494
1.0153824090957642
1.4021625518798828
-0.024050891399383545
-0.20842409133911133
0.45557940006256104
-0.2738313674926758
-0.1520993709564209
0.09591794013977051
-0.2039167284965515
0.18575525283813477
-0.31082630157470703
-0.3903660774230957
-0.09410274028778076
-0.011360466480255127
-0.3689681887626648
0.3387153148651123
-0.35348016023635864
-0.5107514262199402
-0.5954564809799194
-0.506134957075119
-0.41823530197143555
0.6772725582122803
0.019733786582946777
0.1814967393875122
-0.13137900829315186
0.3536449670791626
-0.08485472202301025
-0.8272086381912231
-0.07411086559295654
0.3441380262374878
-0.3659990429878235
0.34476137161254883
-0.45515406131744385
-0.4334169626235962
-0.2142179012298584
0.13001954555511475
0.3403531312942505
-0.3726329207420349
-0.718200147151947
-0.18359404802322388
0.400229811668396
-0.05130767822265625
-0.2723228335380554
-0.23136675357818604
-0.2943185567855835
-0.5543428659439087
0.08082050085067749
-0.10849356651306152
0.43295013904571533
-0.2770073413848877
0.0069391727447509766
-0.03659403324127197
-0.3323294520378113
-0.30955982208251953
0.147743821144104
-0.6292431354522705
-0.5080865621566772
-0.47880101203918457
-0.3594840168952942
-0.8231743574142456
-0.5963177680969238
-0.014168143272399902
0.4501934051513672
-0.30388468503952026
0.4605370759963989
0.5297760963439941
-0.20264607667922974
-0.3588441014289856
0.030242562294006348
0.8019009232521057
0.18973040580749512
-0.06941330432891846
0.2709962725639343
0.23402202129364014
0.6576940417289734
0.01172947883605957
-0.6513150930404663
-0.23958104848861694
-0.21863335371017456
-0.049024224281311035
0.569581151008606
-0.8316448330879211
0.23016560077667236
-0.15427416563034058
-0.28832125663757324
-0.49426668882369995
-0.2775900363922119
-0.0099526047706604
-0.04051709175109863
-0.19006764888763428
-0.07796227931976318
0.31428462266921997
0.010085582733154297
0.6014355421066284
-0.569521427154541
-0.2119792103767395
-0.8254384994506836
0.778186559677124
1.0429129600524902
0.39435875415802
-0.46475380659103394
0.2439427375793457
-0.24012649059295654
-0.26094019412994385
-0.04226946830749512
-0.25565552711486816
0.4617609977722168
-0.20888864994049072
0.45208340883255005
-0.2669328451156616
-0.12366712093353271
-0.4175983667373657
-0.13324368000030518
0.45967191457748413
1.6303584575653076
-0.513258695602417
0.6614420413970947
-0.21792387962341309
0.22711396217346191
0.0029804110527038574
0.26379460096359253
-0.04069399833679199
-0.038519978523254395
0.24120831489562988
-0.05243635177612305
0.0625309944152832
0.24070590734481812
0.2620213031768799
-0.5033378601074219
-0.28107237815856934
-0.43041396141052246
-0.15390843152999878
-0.27568185329437256
0.6263887882232666
0.6857209205627441
0.0663459300994873
0.22398823499679565
0.2036832571029663
0.2536700963973999
0.3306424617767334
0.36081933975219727
0.1795421838760376
-0.10442531108856201
-0.22621607780456543
-0.3187296390533447
0.06167691946029663
-0.6095797419548035
-0.1151503324508667
0.39816176891326904
-0.17417824268341064
-0.30043917894363403
-0.3965332508087158
0.12398838996887207
-0.08793163299560547
-0.2546318769454956
-0.8637911081314087
0.007153987884521484
-0.16390514373779297
0.19462060928344727
-0.4106619954109192
-0.5573426485061646
-0.005153179168701172
-0.3183087110519409
-0.1575005054473877
0.35909050703048706
0.09155267477035522
-0.15894365310668945
-0.01516711711883545
0.3602142333984375
-0.19456517696380615
0.018565773963928223
0.23543024063110352
-0.40927648544311523
-0.029140472412109375
-0.21970105171203613
-0.56428062915802
-0.21554231643676758
-0.08188742399215698
-0.3112753629684448
-0.08316183090209961
0.02825796604156494
-0.8569929599761963
-0.04436850547790527
0.8987314105033875
0.11140835285186768
0.09575915336608887
-0.28360915184020996
0.006312966346740723
0.2167140245437622
0.38258135318756104
-0.11831259727478027
0.007605433464050293
-0.30624306201934814
-0.25791287422180176
-0.40239012241363525
-0.1816089153289795
-0.3322482109069824
-0.19454526901245117
0.2928502559661865
0.0965646505355835
0.49791717529296875
0.025409698486328125
-0.029382526874542236
0.18048393726348877
-0.7468657493591309
-0.23901736736297607
-0.12178361415863037
0.5133834481239319
-0.027603626251220703
-0.6680699586868286
-0.361289381980896
-0.17499065399169922
-0.09449958801269531
-0.5063254833221436
-0.10740029811859131
0.19190454483032227
-0.49452096223831177
-0.25024914741516113
-0.1295027732849121
-0.07702255249023438
-0.44258713722229004
0.16479170322418213
-0.5270905494689941
-0.3181576132774353
0.3927775025367737
0.012479186058044434
-0.33391237258911133
0.2985503673553467
0.0836670994758606
-0.04646718502044678
-0.3027709722518921
0.10989940166473389
-0.3801157474517822
0.018342554569244385
-0.23342442512512207
-0.04024946689605713
-0.45202410221099854
-0.572147011756897
-0.3761938810348511
-0.3142721652984619
0.24329626560211182
-0.6666512489318848
0.44142377376556396
0.7635677456855774
-0.09031558036804199
-0.04964548349380493
-0.016257166862487793
-0.12353825569152832
-0.2434864640235901
0.013314485549926758
0.02020806074142456
0.22589457035064697
-0.2625114917755127
-0.29927992820739746
-0.3275569677352905
0.1367734670639038
0.035923004150390625
-0.6568843722343445
0.3469432592391968
-0.033274054527282715
0.06949853897094727
0.26367223262786865
-0.003571748733520508
0.14705586433410645
-0.12345492839813232
-0.37698090076446533
0.37201201915740967
1.1428717374801636
0.16091680526733398
-0.09640693664550781
-0.4075171947479248
0.2390453815460205
-0.25281810760498047
-0.055414438247680664
-0.5156912207603455
-0.5081937313079834
-0.654503345489502
-0.007317602634429932
-0.30764418840408325
-0.11607098579406738
-0.18447422981262207
-0.017867326736450195
0.24115204811096191
0.05434560775756836
0.32483169436454773
-0.315653920173645
0.16060316562652588
0.2551153898239136
0.24834072589874268
0.022411823272705078
-0.13350647687911987
0.017850637435913086
-0.5976154804229736
-0.08379316329956055
0.3680408000946045
-0.16835618019104004
-0.3314000368118286
-0.16193389892578125
-0.4977606534957886
-0.2778642177581787
-0.17403537034988403
-0.39496147632598877
-0.3482717275619507
-0.305749773979187
-0.7197592854499817
0.3584083914756775
0.7676767110824585
-0.06796085834503174
-0.18178331851959229
0.0716104507446289
0.24204176664352417
-0.305828332901001
-0.0981220006942749
-0.1511211395263672
-0.48447632789611816
-0.5922295451164246
-0.21275949478149414
-0.0591731071472168
-0.4284985065460205
-0.54349684715271
0.635543167591095
-1.2078711986541748
-0.42869114875793457
0.451427698135376
0.01522672176361084
-0.001971125602722168
0.032326340675354004
-0.34076619148254395
-0.34300804138183594
0.2887091636657715
-0.25226104259490967
0.9210951328277588
0.4747653007507324
-0.5734447240829468
-0.9518812894821167
0.03573918342590332
0.08965533971786499
-0.2676893472671509
-0.35268378257751465
-0.05192190408706665
-0.1059030294418335
-0.6447892189025879
0.26073431968688965
-0.028067827224731445
0.035082221031188965
0.16140788793563843
-0.02297264337539673
0.23229819536209106
-0.04341459274291992
-0.17764389514923096
-0.15810644626617432
-0.2700258493423462
0.06889569759368896
0.26429039239883423
-0.03326284885406494
-0.4167139530181885
0.009978711605072021
0.03861898183822632
-0.23240548372268677
0.738832414150238
-0.05022084712982178
-0.3817861080169678
-0.6311086416244507
-0.0061866044998168945
-0.24529802799224854
-0.0779106616973877
0.10220319032669067
-0.8452048301696777
0.034335553646087646
0.3943108320236206
-0.24763977527618408
-0.5601177215576172
0.3352568745613098
-0.24391204118728638
0.47611409425735474
-0.4335709512233734
-0.42312538623809814
0.4355970621109009
0.11422175168991089
0.0672752857208252
0.038132309913635254
-0.38443267345428467
-0.21404504776000977
-0.6366524696350098
0.17159748077392578
-0.03798067569732666
-0.6126053333282471
0.12172043323516846
-0.09258115291595459
-0.44916415214538574
0.1896136999130249
-0.05379188060760498
-0.9126386642456055
-0.2928568124771118
-0.395687997341156
0.3093658685684204
-0.059012532234191895
-0.17264729738235474
-0.07580280303955078
-0.3063589334487915
0.2999430298805237
-0.26561856269836426
0.5493086576461792
0.39809882640838623
0.04017162322998047
-0.2365400791168213
0.1381930112838745
-0.35466551780700684
0.14182442426681519
-0.14774584770202637
0.5279409885406494
0.07840347290039062
0.044614195823669434
-0.04389142990112305
0.8036433458328247
0.40332162380218506
-0.22052645683288574
0.1694127321243286
0.2821395993232727
0.08295679092407227
-0.6507234573364258
-0.5810200572013855
0.2721841335296631
1.2075448036193848
-0.10626792907714844
0.15334439277648926
-0.2105059027671814
-0.5282146334648132
-0.49780207872390747
-0.2902247905731201
0.5732690095901489
0.3783646821975708
-1.1271148920059204
0.19243299961090088
0.45388197898864746
-0.6544771194458008
-0.34390974044799805
0.031713008880615234
-0.45186305046081543
0.030715227127075195
-0.5279078483581543
1.2270543575286865
-0.01874721050262451
-0.3032228946685791
0.4771488904953003
0.1439192295074463
0.22082644701004028
0.3821207880973816
-0.34058594703674316
0.30687224864959717
-0.4678630232810974
-0.04417020082473755
-0.40504908561706543
-0.15003418922424316
0.009689807891845703
-0.09187483787536621
-0.07885479927062988
-0.08463931083679199
0.18575018644332886
-1.0389277637004852
-0.35008591413497925
-0.34215307235717773
0.19008994102478027
-0.4192429184913635
0.06326282024383545
0.1854376196861267
-0.23590683937072754
-0.3157362937927246
0.01746833324432373
-0.8563857674598694
-0.3519803285598755
-0.17325448989868164
-0.8455474376678467
-0.1607578992843628
-0.27232825756073
-0.05777335166931152
-0.8339129686355591
-0.10177493095397949
0.10242229700088501
-0.5437254905700684
-0.32267624139785767
-0.3325531482696533
-0.3956228494644165
-0.04329550266265869
-0.318453311920166
0.17361950874328613
0.16221022605895996
0.26773643493652344
-0.7691169381141663
-0.7695484161376953
0.28513407707214355
-0.5310744643211365
0.508988618850708
-0.29370880126953125
0.27705812454223633
-0.5478000640869141
1.0374255180358887
0.1227160096168518
0.004881501197814941
-0.30357086658477783
-0.2889230251312256
-0.017257094383239746
0.027388930320739746
-0.13566523790359497
0.5357087254524231
-0.4879903197288513
0.42529112100601196
-0.4534475803375244
-0.32521969079971313
0.24092721939086914
-0.060740530490875244
0.02671182155609131
-0.007192552089691162
0.10811233520507812
-0.05648982524871826
-0.02458202838897705
0.28129976987838745
0.5341336727142334
0.3918344974517822
-0.04843449592590332
0.2194044589996338
0.13033246994018555
0.3575296401977539
-0.08645892143249512
0.15909934043884277
-0.5637359619140625
0.0366213321685791
-0.09793388843536377
-0.9129264950752258
-0.4592241048812866
0.07454788684844971
0.057350873947143555
0.11673533916473389
0.12585508823394775
-0.8946633338928223
-0.2612345814704895
0.19202208518981934
0.3406975269317627
-0.26938390731811523
-0.18577790260314941
0.2597671151161194
0.40569448471069336
-0.4181167483329773
0.17823779582977295
0.3728930950164795
-0.15797483921051025
0.05429965257644653
0.08968305587768555
0.1530900001525879
0.7086721956729889
0.31318092346191406
0.10031569004058838
0.03497052192687988
0.6065873503684998
0.7481551170349121
0.26555609703063965
0.31713056564331055
-0.20800679922103882
0.13293874263763428
-0.6546880602836609
0.007234334945678711
-0.3351414203643799
0.5960294008255005
0.32194775342941284
-0.17013168334960938
-0.1533365249633789
0.6342988610267639
0.10445129871368408
0.09405714273452759
0.22423005104064941
-0.26151251792907715
-0.02350759506225586
-0.006139993667602539
0.06644004583358765
-0.5898419618606567
0.19669365882873535
-0.20714569091796875
-0.9284547567367554
-0.7290226221084595
1.1403005719184875
-0.10970187187194824
-0.31186413764953613
0.05113577842712402
-0.7919235229492188
-0.05111968517303467
-0.6091436147689819
-0.25747179985046387
-0.3997596800327301
-0.3166412115097046
-0.20550358295440674
-0.10001921653747559
-0.09603023529052734
-1.1708319187164307
-0.8524879217147827
-0.5122396945953369
-0.4277157783508301
-0.8637733459472656
-0.20286023616790771
-0.06644535064697266
0.08198046684265137
-0.24125611782073975
-0.7129124402999878
-0.19374847412109375
0.5109156966209412
-0.0229378342628479
0.11059021949768066
-0.2989339828491211
0.5100882649421692
-0.024956941604614258
-0.03825908899307251
0.2157658338546753
-0.7744150757789612
-0.47181129455566406
0.2924513816833496
0.19772487878799438
0.5381411910057068
0.0865626335144043
-0.4215150475502014
0.24421489238739014
-0.22106242179870605
0.08913922309875488
-0.33577990531921387
-0.2724711298942566
0.27233612537384033
0.033313870429992676
-0.29948365688323975
-0.07790064811706543
0.12628567218780518
0.5363543629646301
-0.08410495519638062
0.10882461071014404
-0.48805856704711914
-0.7525290250778198
0.26764893531799316
0.25744760036468506
-1.0778093934059143
0.03936779499053955
-0.24001920223236084
-0.5135341882705688
-0.1940995454788208
-0.1292179822921753
0.3876652717590332
-0.3237398862838745
-0.3587343692779541
-0.09749025106430054
0.007324278354644775
0.1417088508605957
-0.32555192708969116
-0.16502583026885986
-0.3842376470565796
-0.447784423828125
-0.4213539958000183
-0.5401303768157959
-0.14135277271270752
-0.5096836686134338
-0.08646535873413086
0.3578658103942871
0.23080098628997803
0.05075258016586304
0.4294412136077881
0.1582382321357727
-0.38867390155792236
0.37087512016296387
0.6929931044578552
-0.21167349815368652
-0.21553075313568115
-0.6713652610778809
-0.21981775760650635
0.02971673011779785
-0.07002264261245728
-0.5136455297470093
0.06792557239532471
-0.2572871446609497
-0.3378159999847412
0.46371257305145264
0.23819208145141602
-0.07915782928466797
0.4820161461830139
0.386743426322937
0.24565529823303223
-0.22665786743164062
0.14136314392089844
-0.37443411350250244
-0.08607721328735352
-0.32953959703445435
-0.1489250659942627
-0.25335776805877686
-0.09393948316574097
-0.12695181369781494
-0.1426072120666504
-0.3099527955055237
-0.07938182353973389
0.04830658435821533
-0.25428760051727295
-0.10696327686309814
-0.5364273190498352
-0.31787925958633423
-0.3782350420951843
-0.22647523880004883
0.2803075909614563
0.19970673322677612
0.011417627334594727
0.5069955587387085
-0.478743314743042
0.008520364761352539
-0.0749737024307251
0.6306670904159546
-0.050181031227111816
0.27296721935272217
0.10541146993637085
-1.0799469947814941
-0.22174715995788574
-0.852049320936203
0.44960296154022217
-0.3937954902648926
-0.13388967514038086
-0.002398967742919922
-0.3113386034965515
0.8746545016765594
-0.4687643051147461
-0.5059990882873535
-0.28039562702178955
0.16161417961120605
-0.26754486560821533
-0.37853819131851196
-0.29304540157318115
0.2850272059440613
0.15489953756332397
0.1208428144454956
-0.24449527263641357
0.5333759784698486
-0.543976902961731
0.3886125683784485
0.13877654075622559
-0.288774311542511
-0.2891673445701599
0.0525895357131958
-0.19764620065689087
-0.6465377807617188
0.04671609401702881
0.7355778217315674
0.24292343854904175
0.283392071723938
-0.13859057426452637
-0.06127142906188965
0.22191810607910156
0.39487290382385254
0.33187389373779297
0.027127563953399658
-0.2251596450805664
-0.032561659812927246
-0.138871431350708
0.1739189624786377
-0.4782228469848633
0.22989845275878906
0.2352156639099121
-0.003771066665649414
-0.7630468606948853
-0.22824883460998535
0.4525049924850464
0.1173851490020752
-0.06652367115020752
0.41484564542770386
-0.1848059892654419
0.20315337181091309
-0.021977782249450684
0.14647901058197021
-0.8713806867599487
0.08611661195755005
-0.022072315216064453
0.24889260530471802
-0.43524885177612305
0.8213017582893372
-0.3088552951812744
0.1387975811958313
0.3011739253997803
-0.1273289918899536
0.48319077491760254
0.3452742099761963
-0.11961674690246582
0.9069768190383911
0.022722482681274414
-0.34926342964172363
-0.08584529161453247
0.47524893283843994
0.8299579620361328
-0.29685044288635254
-0.07394933700561523
-0.027287602424621582
0.6009776592254639
-0.06486356258392334
0.25051701068878174
-0.24855715036392212
0.27595722675323486
-0.33611512184143066
-0.1531522274017334
-0.6564681529998779
-0.13104844093322754
0.16137588024139404
-0.08628809452056885
0.4448464512825012
0.21752333641052246
0.1871659755706787
-0.16060853004455566
-0.1971210241317749
0.4273640513420105
-0.7226356267929077
-0.3894660472869873
0.42443418502807617
0.588411271572113
0.1335592269897461
-0.3215435743331909
-0.1836796998977661
-0.19280529022216797
-0.4641232490539551
-0.2975412607192993
-0.11451447010040283
-0.7380052804946899
-0.8308132588863373
-0.8418689370155334
0.3382219076156616
0.44184577465057373
-0.31907373666763306
-0.3837597370147705
-0.44806504249572754
-0.317264199256897
0.16070342063903809
0.0354878306388855
0.5814706087112427
0.20844918489456177
-0.6749684810638428
-0.48611342906951904
0.7087075710296631
0.03508192300796509
-0.3063191771507263
0.17454099655151367
-0.2491551637649536
-0.25112032890319824
-0.22694087028503418
-0.2202005386352539
0.32438814640045166
0.025373220443725586
-0.3620750904083252
0.03553891181945801
-0.2782008647918701
-0.4349149465560913
0.5403928756713867
-0.049401164054870605
-0.26407182216644287
-0.5943202376365662
-0.22260117530822754
0.28547751903533936
-0.07454824447631836
0.046605825424194336
-0.38039159774780273
-0.7136104106903076
0.17757833003997803
0.3040309548377991
0.3821622133255005
0.6809831857681274
-1.1384085416793823
0.05576205253601074
-0.12455034255981445
-0.10711324214935303
-0.5090932846069336
-0.7773101329803467
0.3418707847595215
-0.15300679206848145
-0.12136048078536987
0.0419154167175293
0.4889582395553589
-0.534730851650238
0.37959933280944824
0.2948257327079773
-0.1627979278564453
0.24004042148590088
0.008443832397460938
-0.32776200771331787
-0.23224812746047974
-0.2738611698150635
-0.031143903732299805
-0.03409862518310547
-0.41905367374420166
-0.3585693836212158
-0.07687294483184814
-0.17716312408447266
0.22220885753631592
0.40958231687545776
0.4770129919052124
0.06125783920288086
-0.19334626197814941
0.1270885467529297
0.14571475982666016
-0.41236841678619385
0.23953843116760254
0.022516489028930664
0.2556721568107605
0.11696690320968628
-0.839553713798523
-0.031669557094573975
-0.05905485153198242
-0.2843232750892639
-0.1857978105545044
-0.09089422225952148
0.148939847946167
-0.4662891626358032
-0.014129161834716797
-0.1198740005493164
0.07732224464416504
0.22592777013778687
-0.7359912395477295
-0.29861557483673096
-0.22660118341445923
1.2017399072647095
-0.2258826494216919
-0.564743161201477
0.6929780840873718
0.027342557907104492
0.1802070140838623
0.03754007816314697
-0.34164124727249146
0.06479114294052124
-0.03647971153259277
-0.11348152160644531
-0.11981308460235596
-0.10964298248291016
-0.5238748788833618
-0.41004741191864014
0.5845412611961365
-0.06799459457397461
-1.298905372619629
-0.433879017829895
0.1700953245162964
0.008397936820983887
-0.40456992387771606
-0.0874100923538208
0.1046668291091919
-0.09342354536056519
0.419966459274292
0.08052599430084229
0.31047511100769043
-0.572883814573288
0.14798122644424438
0.061759352684020996
-0.5131629705429077
-0.28119540214538574
-0.2970069646835327
-0.02196335792541504
0.6682617664337158
-0.45593899488449097
0.6460814476013184
0.2373642921447754
-0.5325866937637329
-0.02562713623046875
-0.32969021797180176
0.40567129850387573
-0.3259139060974121
-0.05948758125305176
-0.2275957465171814
0.016786515712738037
-0.15706610679626465
0.06106144189834595
0.6143897771835327
-0.096499502658844
-0.26079273223876953
-0.4226984977722168
-0.3220629096031189
0.13433074951171875
-0.31783032417297363
-0.43438684940338135
0.5146121978759766
0.0055005550384521484
0.09028077125549316
-0.20991814136505127
0.037233591079711914
-0.8527941703796387
0.25620603561401367
0.46056675910949707
-0.3675435185432434
-0.7856598496437073
-0.8239765167236328
0.17382121086120605
-0.1793462634086609
-0.4856116771697998
0.3502699136734009
-0.2233898639678955
0.1514817476272583
-0.4599211812019348
0.44555842876434326
-0.49252426624298096
0.024050414562225342
0.36148250102996826
0.5738245248794556
-0.36024826765060425
0.09080111980438232
-0.22914713621139526
0.6850941181182861
0.5561888217926025
-0.08846747875213623
-0.284212589263916
0.031557321548461914
-0.2097744345664978
-0.020059704780578613
-0.0916358232498169
-0.11065328121185303
0.8832145929336548
-0.33794105052948
-0.09362185001373291
0.15351003408432007
-0.24887806177139282
0.17820024490356445
0.25054311752319336
-0.3380429744720459
-0.7375662326812744
-0.3051416873931885
-0.23969614505767822
-0.20467019081115723
-0.11404240131378174
-0.9103868007659912
-0.2812425494194031
-0.12920331954956055
-0.18147766590118408
0.11487078666687012
-1.088259756565094
-0.3380235433578491
-0.5149796009063721
0.18068945407867432
-0.47473442554473877
-0.2128990888595581
0.5682097673416138
0.1810551881790161
-0.545971155166626
0.23123210668563843
-0.6438565850257874
-0.3186715841293335
0.07388269901275635
0.022122740745544434
0.008110404014587402
0.1620275378227234
-0.2949036955833435
-0.7302924990653992
-0.3500159978866577
-1.0636955201625824
-0.4170392155647278
-0.02741682529449463
0.1020352840423584
-0.32691216468811035
-0.646202802658081
0.01889801025390625
0.16128164529800415
0.6180053353309631
0.24838876724243164
-0.2543138265609741
-0.3192269802093506
0.21104633808135986
0.4754202365875244
0.3154451251029968
0.1732061505317688
-0.3290019631385803
0.33096182346343994
0.253004789352417
0.2481566071510315
-0.4933609962463379
0.13749217987060547
0.5882957875728607
0.3044666051864624
0.5993201732635498
0.11048382520675659
-0.3850862979888916
0.1412959098815918
0.05327576398849487
0.0073607563972473145
-0.5199154019355774
0.0942758321762085
0.02902209758758545
0.3712272047996521
-0.3040313720703125
-0.009350061416625977
0.0200045108795166
-0.03341865539550781
0.36992335319519043
0.6322393417358398
0.4275285601615906
0.2909213900566101
0.36457347869873047
-0.34342771768569946
0.09551882743835449
0.10332846641540527
0.13365936279296875
-0.08109307289123535
0.28877806663513184
0.13058960437774658
0.24615943431854248
0.027833402156829834
0.6374210715293884
-0.5336456298828125
-0.07456433773040771
-0.567188560962677
0.4231916069984436
-1.0066710710525513
-0.18309783935546875
-0.024663329124450684
-0.28093767166137695
-0.3417983055114746
-0.18775981664657593
-0.5658717155456543
0.48878753185272217
-0.6551872491836548
-0.598789632320404
0.30119049549102783
-0.19696688652038574
-0.006787538528442383
-0.014857053756713867
0.1397871971130371
0.7491769790649414
-0.013703346252441406
-0.2552025318145752
-0.18298733234405518
-0.40599966049194336
-0.3902427554130554
-0.10302072763442993
-0.31252771615982056
0.23516052961349487
-0.343509316444397
-0.22704648971557617
-0.3859412670135498
0.6090483665466309
0.14926350116729736
0.16047561168670654
0.36881667375564575
0.5898588299751282
0.12366771697998047
-0.17090868949890137
-0.1329178810119629
-0.2030487060546875
-0.24533569812774658
-0.3376739025115967
0.69040447473526
-0.4731992483139038
0.06224203109741211
-0.11490178108215332
-0.10026943683624268
0.09949201345443726
0.31504374742507935
0.2547767162322998
-0.04244637489318848
0.23789739608764648
-0.28367722034454346
0.08920586109161377
-0.7071015238761902
0.0903698205947876
-0.05142366886138916
-0.30355334281921387
0.40996336936950684
-0.34505367279052734
-0.48294568061828613
-0.3496847152709961
0.2017601728439331
0.15404844284057617
-1.109410583972931
0.08089756965637207
-0.22351527214050293
0.630447119474411
-0.038199424743652344
-0.0856466293334961
-0.7374362945556641
0.09959578514099121
0.3212609887123108
0.21820008754730225
-0.09487271308898926
0.3174133598804474
0.03840529918670654
-0.4117699861526489
-0.5415891408920288
0.723142147064209
-0.15347909927368164
-0.13611197471618652
-0.05524265766143799
-0.8282309770584106
-0.06935524940490723
0.16632461547851562
-0.484375
-0.1368510127067566
-0.18349295854568481
0.23454713821411133
-0.3583587408065796
-0.28871017694473267
0.40888190269470215
-0.25213420391082764
-0.06019872426986694
0.028351902961730957
0.4120582342147827
-0.36034637689590454
-0.5847455263137817
0.11744904518127441
-0.12389636039733887
0.5449782609939575
0.3597925305366516
-0.4059232473373413
0.2610941529273987
-0.4082789421081543
-0.14570772647857666
0.19693470001220703
0.10124355554580688
-0.2212243676185608
-0.97586989402771
0.021019458770751953
-0.6533317565917969
-0.6069952547550201
-0.7365341186523438
0.002454400062561035
0.5351395606994629
-0.6007297039031982
-0.30068349838256836
0.044020235538482666
0.21836364269256592
0.19218480587005615
-0.2447599172592163
0.0019238591194152832
-0.17920458316802979
-0.4691200256347656
-0.34528565406799316
-0.6108438968658447
-0.26910972595214844
0.09987014532089233
-0.08558940887451172
0.02760106325149536
-0.2766873836517334
-0.42935967445373535
-0.11157631874084473
-0.10974162817001343
0.42238855361938477
0.4679388403892517
0.48581457138061523
-0.15127217769622803
-0.24075853824615479
0.5737918019294739
-0.36161988973617554
-0.7378330230712891
0.11518049240112305
0.17867690324783325
-0.7517774105072021
0.19696247577667236
-0.4932639002799988
-0.4401058554649353
0.20050156116485596
0.958786129951477
0.19639497995376587
-0.07377994060516357
-0.10547184944152832
0.24845516681671143
-0.12076348066329956
0.4316445589065552
-0.4122205972671509
-0.1354736089706421
0.469341516494751
0.36873793601989746
0.0818750262260437
-0.4578532576560974
0.46883928775787354
-0.4758673310279846
-0.3356436491012573
0.4821631908416748
0.451233446598053
-0.8849522173404694
-0.13264620304107666
0.31033873558044434
0.1366746425628662
-0.7557737827301025
-0.06616342067718506
-0.019739627838134766
-0.43921735882759094
-0.5170119404792786
-0.5767766237258911
0.051542043685913086
0.3393169045448303
-0.20107483863830566
-0.19115939736366272
-0.2052367925643921
-0.5176647305488586
-0.3371206521987915
0.6003937721252441
-0.21719908714294434
1.1216660141944885
-0.12598556280136108
-0.13955473899841309
-0.04263150691986084
-0.2276896834373474
0.02982151508331299
-0.1668095588684082
-0.17562365531921387
-0.45440518856048584
0.9190913438796997
-0.14229947328567505
-0.044202566146850586
-0.441792368888855
0.35586047172546387
-0.7961462736129761
-0.7269561290740967
0.014284074306488037
1.3078196048736572
-0.3123631477355957
0.25590914487838745
-0.2825091481208801
0.5546232461929321
-0.6543914675712585
-0.5817397832870483
-0.18911129236221313
-0.08492660522460938
0.04122328758239746
-0.3568871021270752
-0.38529133796691895
-0.5072422027587891
0.21035313606262207
0.005610346794128418
-0.21341705322265625
0.3585399389266968
-0.04263770580291748
-0.3290785551071167
0.5300803780555725
-0.2987323999404907
-0.22389006614685059
0.20512783527374268
0.2652127742767334
-0.17171204090118408
-0.98067307472229
-0.10464268922805786
0.7274780869483948
0.20770609378814697
-0.37243354320526123
-0.8400743007659912
0.1781708002090454
-0.2982800006866455
0.07654213905334473
-0.10397380590438843
0.04152262210845947
-0.1276479959487915
-0.04361677169799805
0.028306007385253906
0.8656144738197327
-0.36308109760284424
0.1414993405342102
0.07219696044921875
0.2868521809577942
-0.40363645553588867
-0.1010967493057251
0.07166814804077148
-0.25319212675094604
-0.3780684471130371
-0.1421082615852356
-0.1903102993965149
0.9114101529121399
0.7475532293319702
0.4156053066253662
-0.060596346855163574
-0.09007948637008667
-0.05930495262145996
-0.07328087091445923
-0.36980414390563965
-0.030532240867614746
-0.5785645246505737
-0.34223318099975586
-0.265048623085022
-0.18494629859924316
-0.01667952537536621
-0.29704713821411133
0.3114052414894104
-0.2029339075088501
0.0156632661819458
-0.0911596417427063
-0.3314315676689148
0.15168976783752441
-0.1964794397354126
0.39204978942871094
0.19605237245559692
-0.4505467414855957
-0.6798599362373352
0.47166603803634644
0.08272683620452881
0.14203321933746338
-0.015741944313049316
0.29463696479797363
0.24365293979644775
-0.611980676651001
-0.19140887260437012
0.0732121467590332
0.04866063594818115
-0.30582016706466675
0.20878595113754272
-0.4990036189556122
-0.17088717222213745
-0.3321037292480469
-0.23865866661071777
0.018563389778137207
0.4540153741836548
-0.21148955821990967
-0.3283470869064331
0.4018263816833496
-0.7099502086639404
-0.43177464604377747
0.15366864204406738
0.049327850341796875
-0.674755334854126
-0.2527480721473694
-0.13841044902801514
-0.12340778112411499
0.8536865711212158
-0.5781525373458862
-0.1748601198196411
0.059714555740356445
0.6031079292297363
-0.2270066738128662
-0.5893868207931519
-0.6421904563903809
0.3268246650695801
-0.353937029838562
0.2912449836730957
0.5816879868507385
-0.1559596061706543
-0.17239809036254883
0.27038246393203735
-0.14974522590637207
-0.49989378452301025
-0.06982088088989258
0.19194507598876953
-0.0046002864837646484
0.2841442823410034
-0.21365201473236084
-0.952347993850708
0.20939266681671143
-0.42188918590545654
0.5171031355857849
-0.9395003318786621
-0.2102135419845581
0.22759854793548584
-0.11666703224182129
0.00980067253112793
-0.37364065647125244
0.014646470546722412
-0.0894768238067627
0.23925471305847168
-0.09692704677581787
-0.07392656803131104
0.9892094135284424
-0.08563458919525146
0.3567802906036377
0.20609700679779053
-0.07122993469238281
0.3836026191711426
-0.5348131656646729
-0.5390510559082031
0.39279085397720337
-0.042299747467041016
0.08341667056083679
0.6106069684028625
0.14026761054992676
0.076663076877594
-0.1410287618637085
-0.4898967146873474
0.15118396282196045
0.1377055048942566
0.5403591394424438
0.12710213661193848
0.9209266901016235
-0.6060404777526855
0.058203279972076416
0.16019606590270996
0.07342743873596191
-0.37203449010849
0.09099102020263672
-0.4905702471733093
-0.13548129796981812
0.18318438529968262
-0.05082392692565918
0.05434978008270264
0.17300355434417725
-0.4649696946144104
0.120353102684021
0.13772296905517578
0.03303128480911255
0.7951440215110779
0.5137607753276825
0.5628829002380371
-0.23185479640960693
-0.1823022961616516
0.6644646525382996
0.46454501152038574
-0.23960459232330322
-0.04721724987030029
0.3877192735671997
0.28406500816345215
-0.06589031219482422
-0.2674124836921692
0.34842753410339355
0.2578861713409424
-0.00953519344329834
-0.30534934997558594
0.23786920309066772
-0.759448766708374
0.19246280193328857
0.2680104970932007
0.14144796133041382
-0.5437436699867249
0.1529456377029419
-0.13210129737854004
-0.7444718480110168
-0.4094783663749695
0.339973509311676
-0.04602861404418945
-0.20626020431518555
0.00472944974899292
0.16377198696136475
0.16262531280517578
-0.10684728622436523
-0.5051073431968689
-0.011793255805969238
0.7591555714607239
-0.13401395082473755
-0.059828877449035645
-0.2378854751586914
0.3241080045700073
-0.2012271285057068
-0.3609941005706787
0.33265578746795654
-0.20376718044281006
-0.03154027462005615
0.3259519338607788
0.2074352502822876
-0.6697980165481567
-0.4667778015136719
0.13189423084259033
0.01893293857574463
-0.29756271839141846
0.27162671089172363
0.15835297107696533
-0.2652546167373657
-0.04867219924926758
-0.3726027011871338
1.142767071723938
0.08558106422424316
0.21189939975738525
0.37799978256225586
-0.2938082814216614
0.6866822242736816
-0.16122937202453613
-0.0330355167388916
0.7704645991325378
-0.26017916202545166
-0.3356648087501526
-0.40189552307128906
-0.24584662914276123
0.05761843919754028
-0.0043728649616241455
-1.040523111820221
0.04044628143310547
-0.25747179985046387
-0.7818382978439331
0.14769577980041504
-0.4746463894844055
0.10288405418395996
-0.5721424221992493
-0.06642794609069824
0.8427038788795471
-0.08921957015991211
-0.21438509225845337
-0.02231001853942871
-0.4101964235305786
0.4272575378417969
0.1387752890586853
-0.0205228328704834
-0.43024444580078125
1.0396401286125183
0.1520887017250061
0.17370355129241943
-0.23509180545806885
-0.7235065698623657
-0.2895162105560303
-0.8404080867767334
-0.48110634088516235
-0.5339083671569824
-0.31038594245910645
-0.5238674581050873
0.10984516143798828
0.6738262176513672
0.15734857320785522
1.187810242176056
-0.8487834930419922
0.008280634880065918
0.4264259338378906
-0.27055060863494873
-0.1981809139251709
-0.10309088230133057
0.005828261375427246
-0.19863975048065186
0.4132452607154846
-0.09794795513153076
-0.34817326068878174
-0.16720640659332275
-0.07046699523925781
0.239693284034729
0.033543169498443604
-0.07467174530029297
-0.3698389530181885
-0.18978726863861084
-0.43849003314971924
-0.6647570133209229
0.8421930074691772
-0.8663197755813599
-0.2184079885482788
0.04244387149810791
-0.29421043395996094
-0.0628361701965332
0.8350722789764404
-0.34861111640930176
-0.9237585067749023
0.15566915273666382
-0.5822040438652039
-0.4335923194885254
-0.18532657623291016
-0.40802550315856934
-0.6839843988418579
-0.5802669525146484
-0.5502598285675049
-0.3000950813293457
-0.27999794483184814
-0.7540578842163086
-0.0054645538330078125
-0.1266855001449585
0.11177349090576172
0.28987807035446167
0.09167969226837158
-0.19870400428771973
0.3691273331642151
0.3940606713294983
-0.9767157435417175
-0.1391916275024414
-0.734618067741394
-0.6584200859069824
-0.13769763708114624
0.1431547999382019
0.7731617093086243
-0.2321147918701172
0.03140413761138916
0.40570396184921265
-0.20496422052383423
0.07177877426147461
0.1331682801246643
0.05951952934265137
0.288263201713562
-0.07158398628234863
0.205815851688385
-0.06136345863342285
-0.3674742579460144
-0.2988947629928589
-0.6378289461135864
-0.1397033929824829
0.06151378154754639
-0.12039750814437866
0.27040356397628784
-0.35776394605636597
0.06155848503112793
0.032804250717163086
-0.14803946018218994
-0.30549418926239014
0.23636245727539062
-0.24994218349456787
-0.5074408054351807
-0.23871707916259766
-0.2991640567779541
-0.08336973190307617
-0.15528392791748047
-0.4309384822845459
0.39085114002227783
0.7551795244216919
0.24857908487319946
0.10224175453186035
-0.17489594221115112
-0.8137377500534058
-0.6299625933170319
-0.23421216011047363
0.2843860387802124
0.4044787883758545
-0.30657196044921875
0.5333304405212402
0.15012001991271973
-0.16074484586715698
-0.6442058086395264
0.2332707643508911
-0.40943706035614014
-0.0908510684967041
-0.6500252485275269
1.0190097093582153
-0.7386903762817383
0.021635711193084717
0.0743100643157959
0.12242329120635986
0.13408350944519043
-0.8193874359130859
-0.07931667566299438
0.9727173447608948
-0.18711328506469727
0.38397377729415894
-0.07680249214172363
-0.23846817016601562
-0.7648918032646179
-0.10988855361938477
0.09815126657485962
0.2483065128326416
-0.43876516819000244
0.506034255027771
-0.34447556734085083
-0.3405756950378418
-0.10969686508178711
1.0288387537002563
0.7284771203994751
-0.40741443634033203
-0.3272789716720581
-0.5887625217437744
-0.4275667071342468
-0.24883782863616943
-0.14565140008926392
-0.1725662350654602
-0.2246723175048828
0.486814022064209
0.02856898307800293
-0.6122583150863647
0.02904146909713745
0.9968231320381165
0.25590968132019043
-0.8091558814048767
0.2767446041107178
-0.30681419372558594
-0.10408270359039307
0.1768110990524292
0.21481847763061523
-0.1757810115814209
-0.8150652050971985
-0.25276100635528564
-0.5579711198806763
-0.01563018560409546
-0.872697651386261
-0.39236825704574585
-0.4326213002204895
0.051756203174591064
0.665558934211731
0.5819024443626404
0.02924656867980957
0.08482277393341064
-0.3904299736022949
-0.1050870418548584
0.30698513984680176
-0.3679734468460083
-0.8126641511917114
0.22799956798553467
-0.016291677951812744
-0.19516444206237793
0.1200934648513794
0.0377497673034668
0.3185882568359375
0.15547728538513184
-0.46532320976257324
0.6708531975746155
-0.006162166595458984
-0.19644606113433838
0.31836217641830444
-0.3861731290817261
0.32777976989746094
-0.771550178527832
-0.027609825134277344
0.8063549995422363
-0.2533556818962097
1.0521869659423828
0.09738582372665405
-0.6150141954421997
0.4206249713897705
0.115226149559021
0.22082382440567017
-0.24054282903671265
-0.19025444984436035
0.33312058448791504
0.29379451274871826
-0.4402884244918823
0.2182328701019287
-0.18068504333496094
-0.17707526683807373
-0.24006032943725586
-0.22125667333602905
0.04441237449645996
0.49372321367263794
-0.08177733421325684
-0.0740346908569336
-0.2892717719078064
-0.3012971878051758
-1.0300710201263428
-0.00902867317199707
0.3868597745895386
-0.19030916690826416
0.6515101194381714
-0.31295353174209595
0.054750680923461914
-0.8555242419242859
-0.46974217891693115
-0.6370756030082703
0.5868792533874512
-0.4972151517868042
-1.054244875907898
-0.15387237071990967
1.109236240386963
0.10169994831085205
0.6229445934295654
-0.5264858305454254
0.3519365191459656
-0.06232762336730957
-0.20401620864868164
0.041109323501586914
-0.22871673107147217
0.5223987698554993
-0.03307950496673584
-0.9610922336578369
-0.49850332736968994
-0.4866102635860443
0.1698744297027588
-0.1391492486000061
0.04724091291427612
0.13584619760513306
-0.014476299285888672
-0.18599379062652588
0.5336452722549438
0.250968873500824
-0.39147496223449707
0.175462007522583
-0.14222413301467896
0.6406184434890747
-0.06428790092468262
0.7196801006793976
0.16077256202697754
-0.09281623363494873
-0.16139256954193115
0.42183613777160645
-0.8447039723396301
-0.19484299421310425
0.3179253339767456
0.10003125667572021
-0.3474273681640625
-0.07250630855560303
0.49676454067230225
-0.609241247177124
0.23875480890274048
0.0007828474044799805
-0.03005051612854004
0.29083549976348877
0.01103895902633667
0.2723608613014221
-0.18066632747650146
-0.6305946707725525
-0.35827672481536865
0.038720011711120605
0.5563056468963623
-0.30568552017211914
0.4887063503265381
-0.3635241985321045
0.5814167261123657
-0.038180768489837646
-0.08704888820648193
0.7256060838699341
-0.11984747648239136
0.04027277231216431
-0.4426649808883667
0.03458982706069946
-0.025642871856689453
-0.09692615270614624
-0.30402541160583496
-0.14673739671707153
-0.17668193578720093
-0.4494006633758545
0.6956219673156738
-0.14392930269241333
-0.4550206661224365
-0.0024237632751464844
0.47439324855804443
-0.029124975204467773
0.06020742654800415
-0.03428053855895996
0.7589127421379089
-0.7332526445388794
1.225177526473999
0.17005646228790283
-0.5287364721298218
-0.16594839096069336
0.404607892036438
0.5634251832962036
-0.12311196327209473
-0.31360745429992676
0.07475364208221436
-0.20968878269195557
-0.006453752517700195
-0.2837566137313843
0.14332127571105957
-0.14462387561798096
-0.14382654428482056
0.09836733341217041
-0.56787109375
0.05901002883911133
-0.0665634274482727
-0.12167978286743164
-0.04632139205932617
-0.024868011474609375
0.3789398670196533
-0.026454925537109375
-0.059099555015563965
-0.0018318891525268555
-0.09554904699325562
0.09122627973556519
-0.4041591286659241
0.04962325096130371
0.4198596179485321
-0.38910508155822754
-0.3166694641113281
-0.4284785985946655
0.07506930828094482
-0.41528213024139404
0.4717245101928711
0.35746443271636963
-0.349948525428772
0.3537178635597229
0.284756064414978
0.02126377820968628
-0.18888330459594727
-0.26679325103759766
-0.08755749464035034
-0.14983296394348145
-0.3669707179069519
-0.06250566244125366
0.050277113914489746
0.03029155731201172
-0.004656195640563965
0.7946570515632629
-0.15346455574035645
0.08705347776412964
-0.37479984760284424
0.31368863582611084
0.2643740177154541
-0.4456217288970947
-0.03734534978866577
0.8430325984954834
0.5938941240310669
0.20939922332763672
0.058439016342163086
-0.2673614025115967
-0.3286738991737366
-0.17324578762054443
0.07399952411651611
0.19938689470291138
0.0723884105682373
-0.7555133104324341
-0.3302561044692993
0.7913274765014648
-1.08189058303833
-0.07126140594482422
-0.023398876190185547
-0.8753366470336914
0.04119926691055298
-0.2038484811782837
0.4568781852722168
0.026117920875549316
-0.47968733310699463
0.3108208179473877
-0.4570000171661377
-0.2696170210838318
0.429734468460083
-0.20253676176071167
-0.06257879734039307
0.15988755226135254
-0.3769034147262573
-0.026717662811279297
0.5759715437889099
-0.4954438805580139
-0.13086342811584473
0.47216081619262695
-0.2760881185531616
-0.534415602684021
0.0035477876663208008
-0.10494124889373779
0.9418450593948364
-0.3079063892364502
0.10043257474899292
-0.07700467109680176
-0.18267709016799927
-0.35983991622924805
-0.6259549856185913
0.26242661476135254
-0.4812275171279907
0.20051109790802002
1.1021358966827393
-0.25591814517974854
-0.2398216724395752
0.23539382219314575
0.02208256721496582
0.7765833139419556
-0.4789388179779053
-0.37450408935546875
-0.6867232918739319
-0.33177101612091064
-0.47496527433395386
-0.02006971836090088
0.19567632675170898
-0.46615660190582275
-0.9659695625305176
-0.396348237991333
0.3274837136268616
-0.5446200370788574
-0.5454107522964478
0.6716865301132202
0.29580217599868774
-0.283933162689209
0.4336578845977783
-0.2180936336517334
0.5991218686103821
-0.005474567413330078
0.1594998836517334
-0.16560101509094238
0.13876241445541382
0.5949852466583252
0.09724301099777222
0.16707921028137207
0.12316298484802246
-0.031111598014831543
0.062282025814056396
-0.4551396369934082
-0.053164005279541016
-0.07146269083023071
-0.5628475546836853
0.25444167852401733
0.11729192733764648
0.18048357963562012
-0.4160177707672119
-0.002665579319000244
-0.1824115514755249
-0.629233717918396
-0.16427254676818848
-0.04131472110748291
0.10475414991378784
0.35893404483795166
-0.36551612615585327
0.3585745096206665
-0.3907918930053711
0.08304178714752197
-0.4208502769470215
-0.06635963916778564
0.14773821830749512
-0.2537861466407776
-0.03315925598144531
-0.5677944421768188
0.05714428424835205
-0.5440252423286438
-0.38593876361846924
0.4651409983634949
-0.29512786865234375
0.04785877466201782
0.31417369842529297
0.05050015449523926
-0.254671573638916
0.009373605251312256
-0.44437098503112793
-0.053639888763427734
0.3970453143119812
-0.4426840543746948
-0.6418881416320801
0.3465232849121094
0.3931121826171875
0.010836899280548096
-0.22571253776550293
0.6641350984573364
-0.5441122651100159
-0.5949573516845703
0.01700305938720703
0.088969886302948
-0.8532574772834778
-0.12033510208129883
-0.34829181432724
0.47012972831726074
0.24430805444717407
-0.05959892272949219
-0.2722185254096985
0.7855515480041504
0.4301522374153137
0.2981089949607849
0.1933586597442627
0.39092540740966797
-0.1631488800048828
0.023921549320220947
0.6810755729675293
-0.4085403084754944
0.3296530246734619
-0.18451762199401855
-0.3848270773887634
-0.10187888145446777
0.1061323881149292
-0.7446420192718506
-0.16552609205245972
-0.2802770733833313
-0.9518932104110718
-0.07836031913757324
-0.006691098213195801
0.07740068435668945
-0.19726347923278809
-0.6219547986984253
-0.1992933750152588
-0.4521760940551758
-0.14600884914398193
0.2356623411178589
-0.05317187309265137
-0.163618803024292
-0.3505131006240845
-0.25608354806900024
-0.7057111263275146
-0.10627663135528564
-0.29522550106048584
-0.17969787120819092
0.08056789636611938
0.15081369876861572
-0.6120229959487915
-0.13552123308181763
0.18554985523223877
1.1264331936836243
-0.45038437843322754
-0.004351794719696045
-0.43765389919281006
-0.6130149364471436
0.25663769245147705
-0.3349118232727051
-0.12510788440704346
-0.2938501238822937
-0.18095743656158447
-0.08049875497817993
-0.5116907358169556
-0.24583470821380615
-0.6337796449661255
-0.4210219383239746
0.6063318848609924
-0.4327678680419922
-0.2709747552871704
-0.037417054176330566
0.09537923336029053
-0.05693709850311279
-0.07256770133972168
-0.07317489385604858
0.016898274421691895
-0.07541680335998535
-0.43314099311828613
-0.6375776529312134
0.5960538387298584
-0.08995020389556885
-0.4533179998397827
0.21522462368011475
0.4153140187263489
0.48073720932006836
0.7501703500747681
-0.3314995765686035
-0.14450079202651978
0.016765356063842773
-0.8037014007568359
-0.10055679082870483
-0.09208524227142334
0.20811688899993896
-0.33194994926452637
-0.29931384325027466
-0.86045241355896
-0.35297316312789917
0.5073040723800659
-0.6507931351661682
0.012988567352294922
-0.1608060598373413
0.10882461071014404
-0.009522676467895508
-0.010600566864013672
0.07596224546432495
0.7202437520027161
-0.49700772762298584
0.8474925756454468
-0.006476879119873047
0.47997021675109863
0.9193394184112549
0.6423527002334595
0.16605448722839355
-0.016895055770874023
-0.21826469898223877
0.2580106258392334
0.01553654670715332
0.3643651604652405
-0.3024284839630127
-0.12583816051483154
0.34621182084083557
0.29963183403015137
-0.26166820526123047
-0.2268129587173462
0.4457554817199707
1.1861181259155273
-0.2697417736053467
-0.05241727828979492
-0.20464742183685303
-0.016161561012268066
0.44220268726348877
-0.4968276023864746
0.10792243480682373
-0.7011921405792236
-0.17206841707229614
-0.23946022987365723
-0.747452974319458
-0.11906802654266357
-0.5577113032341003
-0.015535831451416016
0.1780611276626587
-0.18501591682434082
0.1402795910835266
-0.012941718101501465
0.01931053400039673
-0.017150521278381348
-0.17765605449676514
-0.010839462280273438
0.3507131338119507
0.17296314239501953
-0.20127856731414795
-0.060862720012664795
0.4987686276435852
-0.06971776485443115
0.4403807520866394
-0.21227240562438965
-0.23908114433288574
-0.3820617198944092
-0.24523627758026123
-0.46934783458709717
-0.9332462549209595
0.04760122299194336
-0.3229699730873108
0.21166980266571045
-0.1751154661178589
-0.06073504686355591
0.4646126627922058
0.009344100952148438
-0.41548919677734375
0.4322890639305115
0.15855538845062256
0.12358462810516357
-0.4276905059814453
0.40308403968811035
-0.682788610458374
-0.12534773349761963
0.09721744060516357
-0.7898308038711548
0.03564637899398804
0.0217362642288208
0.43804436922073364
0.6799023449420929
-0.3136429786682129
0.26274216175079346
-0.43143415451049805
0.08630090951919556
-0.41447997093200684
-0.2513692378997803
-0.8274397850036621
0.10233032703399658
-0.20081138610839844
-0.24815398454666138
-0.11311054229736328
-0.6762036085128784
-0.6641742885112762
0.21858859062194824
0.37915992736816406
0.9327082633972168
-0.1695849895477295
-0.05992257595062256
0.21295905113220215
-0.26824814081192017
0.3421354293823242
0.6283650398254395
-0.4172200560569763
0.18374693393707275
0.2885708808898926
0.39978617429733276
-0.5254056453704834
-0.5781218409538269
0.017830610275268555
-0.5896389484405518
-0.1757810115814209
0.33006638288497925
0.32705873250961304
0.25439906120300293
-0.3935321569442749
0.3092299699783325
-0.04710090160369873
-0.8720208406448364
-0.3561972379684448
-0.03416895866394043
-0.4125468134880066
0.35290729999542236
0.176874041557312
0.4901944398880005
0.8329964876174927
0.2651933431625366
-0.3530515432357788
0.10380434989929199
0.8414261341094971
0.19322943687438965
-0.9805423021316528
-0.11284750699996948
0.5997721552848816
-0.10752326250076294
-0.17289626598358154
0.1247861385345459
-0.3214195966720581
-0.27319926023483276
-0.4777771234512329
0.23006796836853027
0.04637181758880615
-0.6108582019805908
-0.009656190872192383
-0.727951169013977
-0.24889999628067017
-0.12977278232574463
-0.42351871728897095
0.008922576904296875
-0.24018704891204834
0.516303300857544
-0.44209015369415283
0.04461956024169922
-1.0246796607971191
-0.24651473760604858
-0.9191080331802368
0.3155590891838074
-0.586522251367569
0.43790191411972046
0.07488620281219482
-0.40309810638427734
-0.6863598823547363
-0.6015883088111877
0.7522528767585754
-0.21547603607177734
0.2176806926727295
0.20867443084716797
0.32578593492507935
0.5123002529144287
-0.6248487830162048
-0.015271425247192383
-0.240012526512146
0.145044207572937
0.1950157880783081
-0.0909426212310791
-1.1341640949249268
0.38111376762390137
0.10836106538772583
0.05669355392456055
0.3210792541503906
0.37442338466644287
0.6009553670883179
-0.07117891311645508
-0.4876211881637573
0.3346172571182251
-0.2891275882720947
-0.06645280122756958
-0.4524092674255371
-0.15564382076263428
0.34653735160827637
0.4546213150024414
-0.006955623626708984
-0.5884189605712891
-0.4050164222717285
-0.20100265741348267
-0.5483853816986084
-0.978906661272049
-0.38785219192504883
0.8048722147941589
-0.11627310514450073
-0.6674857139587402
-1.0469043850898743
0.35290729999542236
-0.1959078311920166
-0.014246821403503418
0.9181748628616333
-0.8915159702301025
-0.031202375888824463
0.5390477776527405
-0.48980653285980225
-0.47962772846221924