0.3332819938659668
0.00544893741607666
-0.3269733786582947
0.14847195148468018
-0.24200111627578735
-0.5005491971969604
-0.09645986557006836
-0.1260303258895874
-0.07340186834335327
-0.01885986328125
-0.12536263465881348
-0.4415675401687622
0.3807666301727295
0.015894412994384766
0.814215898513794
0.07200360298156738
-0.38509702682495117
-0.27423226833343506
0.005586385726928711
-0.2928452491760254
-0.24925583600997925
-0.052800774574279785
-0.2349468469619751
0.4255636930465698
-0.20735454559326172
0.03890097141265869
0.11589622497558594
0.7358423471450806
-0.23163509368896484
-0.1239544153213501
0.45401090383529663
-0.2697409391403198
0.1327863335609436
0.14945268630981445
-0.5490756630897522
-0.5920968055725098
0.276816725730896
0.007286190986633301
-0.1002005934715271
-0.03783905506134033
0.4580085277557373
0.2229987382888794
-0.17577117681503296
-0.20844948291778564
-0.0694124698638916
-0.41358232498168945
-0.3109431266784668
-0.08943384885787964
-0.05895042419433594
0.13799011707305908
0.348974347114563
-0.39531898498535156
0.6518030166625977
-0.03609144687652588
0.39931821823120117
-0.5729538202285767
-0.0038352608680725098
-0.10343289375305176
0.5683828592300415
-0.059478759765625
-0.27152687311172485
0.610547661781311
0.001368403434753418
-0.45003968477249146
0.34373247623443604
0.09678113460540771
0.1965726613998413
0.48098206520080566
-0.17580246925354004
-0.20746546983718872
-0.09974360466003418
-0.14538049697875977
-0.23918962478637695
-0.19823771715164185
-0.8862825632095337
0.2151392698287964
0.05949223041534424
0.4771087169647217
0.15122878551483154
0.14600026607513428
-0.17527401447296143
0.13766026496887207
-0.2509140968322754
0.02038741111755371
0.09654772281646729
-0.5565243363380432
0.4896697402000427
-0.013916254043579102
0.223996102809906
-0.5377075672149658
-0.09228658676147461
-0.016901671886444092
-0.37259888648986816
-0.22649598121643066
0.28829431533813477
-0.06264317035675049
-0.3056067228317261
0.0740213394165039
0.1315387487411499
0.164459228515625
-0.23406219482421875
-0.3123281002044678
-0.18625807762145996
-0.7023999691009521
0.2501288056373596
0.060029029846191406
0.7509665489196777
-0.07332396507263184
-0.37846189737319946
-0.029353439807891846
-0.35239875316619873
0.5404393672943115
0.2398291826248169
0.09396815299987793
-0.7017624378204346
-0.002304375171661377
-0.1000068187713623
0.1696629524230957
-0.46380382776260376
-0.1514110565185547
0.06289839744567871
-0.25324171781539917
-0.44240736961364746
-0.20709264278411865
-0.42551398277282715
-0.26941442489624023
-0.37217646837234497
-0.48884642124176025
-0.1702260971069336
-0.07300436496734619
0.026866674423217773
-0.15809911489486694
-0.2579982280731201
-0.24885499477386475
-0.28439611196517944
-0.24925577640533447
-1.1563266515731812
-0.014830827713012695
-0.022811055183410645
-0.07932615280151367
-0.34132373332977295
0.2894010543823242
0.2661871910095215
0.2999889850616455
-0.08427810668945312
-0.24292397499084473
0.030518174171447754
0.23753464221954346
0.17310041189193726
0.12597233057022095
0.07753360271453857
-0.49466806650161743
-0.14375531673431396
-0.39337724447250366
-0.4144107699394226
-0.28913092613220215
-0.007475018501281738
-0.05055427551269531
0.22036290168762207
0.26989316940307617
-0.12987542152404785
-0.0825883150100708
-0.15153682231903076
-0.09983110427856445
0.037696659564971924
1.2349934577941895
-0.02154374122619629
0.11831510066986084
-0.04759359359741211
-0.004579126834869385
-0.6557027697563171
0.5263625383377075
0.2899891138076782
-0.2732962369918823
-0.03993487358093262
0.19813013076782227
-0.5872229337692261
-0.2089167833328247
-0.847855418920517
-0.5531231164932251
-0.24083471298217773
0.3804898262023926
0.2500162124633789
0.14811241626739502
-0.11537277698516846
-0.16217786073684692
-0.0716937780380249
-0.28046971559524536
0.02660667896270752
-0.11335325241088867
-0.07126134634017944
0.16164445877075195
-0.1357053518295288
-0.48235541582107544
-0.17836058139801025
0.025866150856018066
-0.1776217222213745
-0.3705925941467285
-0.4908874034881592
0.02266693115234375
-0.040705204010009766
0.36173415184020996
-0.1849426031112671
-0.679274320602417
-0.15769153833389282
-0.16697895526885986
0.6575714349746704
-0.41667383909225464
0.4341287612915039
-0.21691358089447021
-0.21514594554901123
-0.398966908454895
-0.2322300672531128
-0.2675970792770386
-0.40636932849884033
-0.25460362434387207
-0.33190035820007324
-0.42557036876678467
0.33390170335769653
0.21261954307556152
-0.2852345108985901
0.1959332823753357
-0.6163544058799744
-0.16137433052062988
0.13880515098571777
0.003992676734924316
0.41250717639923096
0.14159655570983887
0.8134472966194153
0.13900208473205566
-0.4272252321243286
-0.8008315563201904
-0.3174141049385071
0.4347202777862549
-0.33470189571380615
-0.1025547981262207
-0.9227499961853027
-0.37789034843444824
-0.42467236518859863
-0.40626466274261475
-0.029340147972106934
-0.06035184860229492
-0.8589138984680176
-0.15613257884979248
-0.26210182905197144
-0.19905602931976318
0.6536551713943481
0.09187746047973633
-0.10262274742126465
-0.33727967739105225
-0.10728633403778076
0.2791558504104614
-0.35002458095550537
-0.2006017565727234
-0.1064596176147461
-0.042810797691345215
-0.36885976791381836
0.1453922986984253
-0.28279733657836914
-0.10364317893981934
-0.5409198999404907
0.04463493824005127
-0.12876391410827637
-0.11283135414123535
-0.2806735038757324
-0.5217368602752686
-0.23441672325134277
0.23342931270599365
-0.27111268043518066
0.384765625
-0.16192609071731567
0.28211480379104614
-0.282570481300354
0.18210136890411377
-0.0005831718444824219
-0.09589314460754395
-0.14036893844604492
0.042540788650512695
-0.1562882661819458
0.1443483829498291
-0.2950717806816101
-0.12701433897018433
-0.03374361991882324
-0.03272974491119385
-0.4143577814102173
-0.12129867076873779
-0.011216044425964355
-0.5695874094963074
-0.13727426528930664
-0.14890605211257935
-0.1989019513130188
0.020932316780090332
0.1048046350479126
-0.3226262331008911
-0.3692985773086548
-0.12167823314666748
-0.2634603977203369
-0.6247556209564209
0.6437779664993286
0.2705957889556885
-0.3158203363418579
-0.024315357208251953
0.08839988708496094
0.18255537748336792
-0.13209384679794312
0.009603917598724365
0.004739880561828613
0.10458433628082275
-0.18291980028152466
-0.033322811126708984
-0.4379475712776184
-0.11545389890670776
-0.41218072175979614
-0.6247655153274536
0.12607502937316895
-0.3199803829193115
-0.11281478404998779
-0.38043344020843506
-0.14346373081207275
0.19712603092193604
-0.12100708484649658
0.12225127220153809
0.06745433807373047
-0.020702123641967773
-0.33911025524139404
-0.13411825895309448
-0.27783894538879395
-0.4725792407989502
0.5612096786499023
-0.2682265043258667
-0.1068042516708374
0.2013290524482727
0.2065492868423462
-0.17707157135009766
0.04336750507354736
-0.22889655828475952
-0.015530109405517578
0.3803391456604004
-0.6098867654800415
-0.2592177391052246
0.08168536424636841
-0.10991895198822021
0.43923139572143555
0.3628607988357544
-0.17522943019866943
-0.09767252206802368
0.7333790063858032
0.3017815351486206
-0.7002266645431519
0.41595137119293213
-0.8565845489501953
-0.6970027685165405
-0.01306140422821045
-0.31004512310028076
0.8298155069351196
0.15232205390930176
0.8338463306427002
-0.5992739200592041
0.1838756799697876
-0.16396713256835938
0.1579798460006714
-0.22962713241577148
-0.29372501373291016
0.147375226020813
-0.013291716575622559
-0.3779599666595459
-0.6359929144382477
-0.28533363342285156
0.2611626386642456
0.05583751201629639
-0.24991846084594727
-0.09228825569152832
0.13363122940063477
-0.22297227382659912
0.10670483112335205
-0.13920438289642334
-0.18932121992111206
0.5710865259170532
-0.009976625442504883
-0.20893168449401855
-0.2409408688545227
0.2611658573150635
0.0797155499458313
-0.2679450511932373
-0.589539110660553
-0.4745391011238098
-0.5868288278579712
0.1725090742111206
-0.33289605379104614
0.22511601448059082
-0.4326047897338867
-0.1608508825302124
-0.30138885974884033
0.20230817794799805
-0.01283276081085205
0.007249653339385986
-0.6568226218223572
-0.12415659427642822
-0.08339512348175049
-0.20380085706710815
-0.08478498458862305
-0.0015357732772827148
0.5155292749404907
-0.006574034690856934
0.1347031593322754
-0.008684515953063965
0.41038501262664795
-0.12282454967498779
-0.028067827224731445
0.5764859914779663
-0.21469688415527344
-0.011124610900878906
-0.04029440879821777
-0.028498530387878418
0.49102985858917236
-0.1612071394920349
-0.36235547065734863
-0.29976367950439453
0.14434850215911865
-0.9786818623542786
-0.273044228553772
-0.022892236709594727
-0.5455915927886963
-0.48391926288604736
0.09137701988220215
-0.2274121642112732
-0.36311089992523193
-0.2367311716079712
0.1460697054862976
0.17457997798919678
-0.22258782386779785
0.06343346834182739
-0.5357028841972351
0.133713960647583
-0.30474853515625
0.11147773265838623
0.09017932415008545
-0.41306883096694946
-0.7065983712673187
0.287156343460083
-0.5851686596870422
-0.002442002296447754
-0.17080771923065186
0.16065692901611328
-0.2570803165435791
0.24668121337890625
0.8765742182731628
0.3575047254562378
-0.048470139503479004
-0.13605165481567383
-0.04213309288024902
0.9715166091918945
-0.3465307950973511
0.10508954524993896
0.04540359973907471
0.6557590961456299
-0.27007055282592773
-0.45512259006500244
-0.3201327919960022
-0.26668262481689453
0.3062562942504883
-0.4173794984817505
0.07062029838562012
0.29668867588043213
-0.1442754864692688
-0.12548184394836426
0.23060303926467896
-0.0853731632232666
0.05729544162750244
0.4719398021697998
0.26559269428253174
0.09851241111755371
-0.40330415964126587
0.28064870834350586
-0.06962114572525024
-0.40156304836273193
0.3544994592666626
-0.34828847646713257
0.34694647789001465
0.5556693077087402
-0.14083456993103027
0.050095438957214355
0.09348440170288086
-0.01578998565673828
-0.044321656227111816
-0.6969199180603027
0.17789995670318604
-0.008086442947387695
0.041263461112976074
0.07561850547790527
-0.12347733974456787
-0.28166091442108154
-0.20656585693359375
-0.03333783149719238
-0.4344668388366699
-0.3247501850128174
0.20225012302398682
0.013641297817230225
-0.5439515709877014
-0.11240053176879883
-0.011741042137145996
0.018062949180603027
-0.16058409214019775
-0.26748448610305786
-0.0022118091583251953
0.15497779846191406
-0.13632333278656006
-0.08979642391204834
-0.3644678592681885
-0.08119833469390869
-0.18763816356658936
-0.24691987037658691
-0.1960458755493164
0.3749680519104004
0.4846980571746826
-0.07135915756225586
-0.2759948968887329
-0.1223905086517334
-0.00894784927368164
0.489835262298584
0.3168424367904663
0.026369571685791016
-0.4485635757446289
0.03199756145477295
-0.25797510147094727
0.046520233154296875
1.4517892599105835
0.2102586030960083
-0.011519014835357666
-0.24823683500289917
-0.06510341167449951
0.5014803409576416
-0.5979865789413452
-0.8811003565788269
0.15002590417861938
0.42577898502349854
0.14632654190063477
-0.12004446983337402
-0.07213938236236572
0.7479147911071777
-0.2225050926208496
-0.4757385849952698
-0.4449951648712158
0.4254758358001709
-0.3901384472846985
-0.2517193555831909
-0.15469777584075928
0.5112698078155518
-0.3534259796142578
-0.43842798471450806
0.12031471729278564
-0.24433696269989014
-0.12498331069946289
0.12497162818908691
-0.21770226955413818
0.05890238285064697
-0.22209584712982178
-0.19863194227218628
0.11321574449539185
-0.27927517890930176
0.10889166593551636
0.0286940336227417
1.0444891452789307
-0.1028066873550415
-0.2358165979385376
-0.31384557485580444
-0.38385945558547974
-0.12757593393325806
0.136205792427063
0.04332602024078369
-0.679564356803894
0.27765655517578125
0.22907721996307373
-0.24350035190582275
-0.05155152082443237
-0.047025442123413086
0.3953535556793213
0.029092073440551758
-0.06764960289001465
0.07487297058105469
-0.21083348989486694
0.10603880882263184
0.018386006355285645
-0.39725708961486816
0.07079422473907471
0.3192514181137085
0.0323372483253479
-0.018517017364501953
-0.32072746753692627
-0.24693477153778076
-0.1295873522758484
-1.1437755227088928
0.0737464427947998
-0.1851099729537964
-0.07595992088317871
0.17604774236679077
-0.05598491430282593
-0.17813193798065186
-0.18919378519058228
-0.008853554725646973
-0.23005962371826172
-0.6223037242889404
-0.35812437534332275
-0.7212883234024048
-0.7676992416381836
-0.048084139823913574
-0.6301283836364746
0.10860013961791992
-0.0007387399673461914
-0.7373749315738678
0.17686939239501953
0.051177263259887695
0.036492109298706055
-0.3006798028945923
0.26343226432800293
-0.6698227524757385
-0.09147477149963379
0.16682171821594238
-0.10606372356414795
-0.46386992931365967
-0.0642237663269043
-0.3284510374069214
-0.4061306118965149
-0.31707948446273804
-0.25867414474487305
0.7018319368362427
-0.37512046098709106
0.18905949592590332
0.11619782447814941
0.18572133779525757
-0.616528332233429
0.23825180530548096
0.24983561038970947
0.4525679349899292
0.33191192150115967
0.009801030158996582
-0.7643013000488281
-0.33525681495666504
-0.058049142360687256
-0.19994902610778809
-0.3403344750404358
-0.36289727687835693
0.31512629985809326
0.2793614864349365
0.2484208345413208
-0.2998531460762024
-0.12325191497802734
0.05910944938659668
0.11830008029937744
-0.34104371070861816
0.30027222633361816
0.4888148307800293
-0.39261680841445923
-0.02176743745803833
0.27168262004852295
0.14843714237213135
-0.149835467338562
-0.10573732852935791
-0.1211545467376709
0.04313391447067261
0.33015739917755127
-0.06557059288024902
-0.05085575580596924
-0.14221954345703125
0.4065214991569519
-0.4640306234359741
0.04156994819641113
0.18512821197509766
-0.3504191040992737
-0.17311710119247437
0.6085894107818604
-0.396647572517395
-0.11787426471710205
-0.11868774890899658
-0.12649083137512207
-0.6390628814697266
0.0849374532699585
0.3712735176086426
-0.16335082054138184
-0.09070456027984619
-0.2965596318244934
0.7712444067001343
-0.04828298091888428
-0.531786322593689
-0.21389341354370117
-0.13784754276275635
-0.05107283592224121
-0.13555467128753662
-0.23226308822631836
0.009307384490966797
-0.053842782974243164
-0.03881657123565674
0.40615713596343994
-0.1875288486480713
-0.22828030586242676
0.3694213628768921
0.794468104839325
-0.06251561641693115
-0.4032245874404907
0.9401519298553467
-0.0414656400680542
-0.057127952575683594
0.040837764739990234
0.06163918972015381
0.18685609102249146
-0.8486309051513672
-0.04552948474884033
-0.33406734466552734
-0.18360239267349243
0.19657272100448608
0.6730583906173706
-0.5489548444747925
-0.29777389764785767
0.0880587100982666
-0.11356687545776367
0.16778409481048584
0.002354145050048828
-0.4829816222190857
0.8448036909103394
-0.12334811687469482
0.21121621131896973
0.038306236267089844
0.04655659198760986
-0.28934311866760254
0.22511589527130127
-0.5291754007339478
-0.03129678964614868
-0.20057201385498047
0.2051924467086792
-0.2860942482948303
-0.549461841583252
0.1721644401550293
-0.0018422603607177734
0.42206132411956787
0.9410034418106079
-0.37803947925567627
-0.45441675186157227
-0.19637537002563477
0.06248736381530762
0.07557547092437744
-0.24234402179718018
-0.04856133460998535
0.22652757167816162
-0.12715017795562744
0.1570206880569458
-0.42817139625549316
0.22866308689117432
0.7899421453475952
0.04589402675628662
-0.5464515089988708
0.45935535430908203
0.31896162033081055
0.31605565547943115
0.27512192726135254
-0.15945422649383545
-0.18970555067062378
0.23987388610839844
-0.23099392652511597
-0.15032917261123657
0.18986964225769043
-0.109832763671875
0.2524864673614502
-0.37471121549606323
-0.41617345809936523
0.1089712381362915
-0.16319847106933594
-0.2961801290512085
-0.02834939956665039
0.49390602111816406
-0.6047210395336151
0.08123135566711426
0.12128031253814697
-0.29405802488327026
-0.14252281188964844
0.10730457305908203
0.09928286075592041
-0.8906497955322266
-0.5972229242324829
-0.4580235481262207
-0.09704446792602539
-0.08337676525115967
-0.29251885414123535
0.3512439727783203
-0.3301128149032593
-0.4276130199432373
0.6518030166625977
-0.14409160614013672
0.1534469723701477
-0.21560651063919067
0.12855517864227295
0.8267654180526733
-0.7564319372177124
0.526962161064148
0.03915596008300781
-0.19662725925445557
0.05945241451263428
-0.40320640802383423
0.2078796625137329
0.33627402782440186
-0.49141108989715576
0.1716376543045044
-0.20327067375183105
-0.38140928745269775
-0.19810521602630615
0.08551228046417236
-0.2570505142211914
-0.18361401557922363
-0.21383225917816162
-0.09746384620666504
0.25737524032592773
-0.38877344131469727
0.7061461210250854
-0.30674999952316284
-0.08954310417175293
-0.07337033748626709
-0.04940617084503174
0.19425493478775024
-0.46995991468429565
-0.1521134376525879
-0.004640460014343262
-0.4243808388710022
-0.05629807710647583
0.0027616024017333984
-0.3424336910247803
-0.3543934226036072
-0.17563354969024658
0.0029572248458862305
0.6575417518615723
0.00513911247253418
0.17531883716583252
-0.07062685489654541
-0.08651971817016602
0.009275853633880615
-0.08503693342208862
0.3274770975112915
-0.23977452516555786
-0.5569021105766296
0.22686707973480225
-0.25964999198913574
0.41324448585510254
0.06369519233703613
0.25867903232574463
-0.1108698844909668
0.6916167736053467
0.30093657970428467
-0.13518691062927246
-0.5275136232376099
1.0447742938995361
-0.18481838703155518
-0.5488472580909729
-0.34081846475601196
0.06950521469116211
0.15185153484344482
0.25369393825531006
0.04397547245025635
-0.33666670322418213
-0.00537109375
-0.20236116647720337
0.31919169425964355
-0.24771344661712646
0.34410369396209717
0.02162492275238037
-0.23937523365020752
0.09650945663452148
0.2769591808319092
-0.00887000560760498
-0.4202060103416443
-0.16706186532974243
-0.5419105291366577
-0.2489691972732544
0.8228193521499634
-0.019913554191589355
0.7697468996047974
-0.021548867225646973
-0.818500280380249
-0.2698436975479126
0.16549962759017944
0.6247023344039917
-0.3785780668258667
-0.05354297161102295
0.2795684337615967
0.38155508041381836
-0.32625091075897217
0.02858632802963257
-0.09572267532348633
-0.4084995985031128
0.2083834409713745
-0.3435966968536377
-0.1357583999633789
0.2455000877380371
0.2655709981918335
0.07908761501312256
0.4371124505996704
0.09368467330932617
0.053581058979034424
-0.483026385307312
-0.4970901310443878
0.18671023845672607
-0.07863873243331909
0.09963059425354004
-0.16455024480819702
0.29997575283050537
-0.08511137962341309
-0.13375216722488403
-0.2577779293060303
-1.0047186613082886
-0.07932615280151367
-0.2584587335586548
0.1494593620300293
0.0279882550239563
-0.35333478450775146
-0.3198230266571045
-0.27024948596954346
-0.4107295274734497
0.53924161195755
0.06894034147262573
-0.001328587532043457
0.07259190082550049
0.03916943073272705
0.2105468511581421
0.9991536140441895
0.022516250610351562
-0.5848158597946167
-0.7680702805519104
-0.11962878704071045
0.19179636240005493
0.826207160949707
-0.0923992395401001
-0.3231579065322876
-0.2542126774787903
-0.16315197944641113
0.6323930025100708
-0.19672667980194092
-0.1857825517654419
-0.08597958087921143
-0.26146402955055237
0.21456468105316162
-0.0701596736907959
-0.26897716522216797
0.27554261684417725
0.11526191234588623
0.4591284990310669
-0.45363807678222656
-0.05655813217163086
0.6929620504379272
0.5858561992645264
0.2657814025878906
-0.6265846490859985
-0.32711583375930786
0.02467167377471924
-0.1940644383430481
-0.015321135520935059
-0.18414580821990967
-0.021573543548583984
0.6378136873245239
-0.46183890104293823
-0.15016186237335205
0.3703606128692627
1.02018404006958
-0.5058673024177551
-0.08330214023590088
-0.3128780722618103
-0.10291099548339844
-0.39206355810165405
0.1284739375114441
0.230665922164917
0.2929231524467468
0.3758162260055542
-0.4002344608306885
-0.08217406272888184
-0.1248323917388916
0.05896878242492676
-0.3184744715690613
-0.048238158226013184
-0.11447799205780029
1.3455965518951416
0.18139231204986572
-0.10593950748443604
0.6813619136810303
-0.6564880013465881
-0.4189302921295166
0.15310746431350708
0.23315274715423584
-0.046493709087371826
-0.09137880802154541
-0.33192354440689087
-0.4153021574020386
0.4410438537597656
-0.3313421607017517
-0.07739949226379395
0.07876455783843994
-0.055680155754089355
0.22464704513549805
0.04092717170715332
0.4026350975036621
-0.09961092472076416
0.04905819892883301
0.3153681755065918
0.1643282175064087
0.1536540985107422
0.17246931791305542
0.10486602783203125
0.18668878078460693
0.17686939239501953
0.513691782951355
0.007390618324279785
0.5202457904815674
-0.14662158489227295
-0.015796661376953125
0.7195321321487427
-0.22730445861816406
-0.7086525559425354
-0.977765679359436
-0.06219750642776489
-0.15854805707931519
0.45616960525512695
-0.19371813535690308
-0.13363945484161377
1.5934045314788818
-1.2590388059616089
0.008020102977752686
-0.022597432136535645
0.07693731784820557
0.15409648418426514
-0.5250834822654724
-0.34580016136169434
-0.12706565856933594
0.3925323486328125
-0.10081362724304199
1.1549150943756104
-0.08405280113220215
0.4361151456832886
-0.22450637817382812
-0.47549331188201904
-0.13789379596710205
0.04376506805419922
0.32326412200927734
0.21650445461273193
0.42608726024627686
0.5970472097396851
-0.25741010904312134
-0.3161003589630127
-0.22164517641067505
-0.1815100908279419
-0.40284204483032227
-0.7617316246032715
0.13768351078033447
0.021687865257263184
1.0310850143432617
0.108512282371521
-0.1373058557510376
-0.11011767387390137
0.14350169897079468
-0.07341504096984863
0.14103829860687256
-0.07640218734741211
-0.1648087501525879
0.0401153564453125
0.0950019359588623
-0.08147656917572021
0.10286283493041992
-0.33344268798828125
-0.9037591218948364
0.27512025833129883
-0.018659472465515137
0.0013502836227416992
-0.23438525199890137
-0.395516037940979
-0.0014330148696899414
-0.2547510862350464
-0.187414288520813
-0.13231730461120605
0.02581965923309326
0.1727575659751892
-0.16766494512557983
-0.2746316194534302
0.26242655515670776
0.4533267021179199
0.061498403549194336
-0.19483983516693115
-0.19939064979553223
0.6587544679641724
0.8207366466522217
-0.042403221130371094
-0.2591959238052368
-0.0185202956199646
-0.46570390462875366
-0.36165809631347656
-0.16880136728286743
0.0795283317565918
-0.22385358810424805
0.05256211757659912
-0.18847638368606567
-0.09014606475830078
-0.22195827960968018
-0.15017998218536377
-0.10452115535736084
-0.18694067001342773
0.1237027645111084
-0.24944627285003662
-0.44006478786468506
0.3692821264266968
0.13965672254562378
0.17279565334320068
0.1954941749572754
-0.0762297511100769
0.6083724498748779
0.1050879955291748
-0.0632479190826416
0.07377302646636963
-0.36274152994155884
-0.6226300001144409
0.3041505813598633
0.285777747631073
-0.8335365056991577
0.12125563621520996
-0.15586256980895996
-0.3104526996612549
0.25901544094085693
0.4551440477371216
0.4957331418991089
-0.554509699344635
-0.2629798650741577
0.027582406997680664
-0.12740039825439453
0.5406465530395508
1.093396782875061
-0.05394548177719116
-0.5076217651367188
-0.12569069862365723
-0.39617371559143066
-0.4015728831291199
0.8827506303787231
-0.6656148433685303
0.16192448139190674
-0.1315024495124817
-0.4716299772262573
0.2749677896499634
-0.07265961170196533
1.113548994064331
-0.2161582112312317
-0.46959227323532104
0.1383213996887207
0.4745309352874756
0.11896109580993652
0.18829405307769775
-0.33393651247024536
-0.07317984104156494
-0.09948170185089111
-0.5175155401229858
-0.16815197467803955
-0.5139554142951965
-0.18261492252349854
-0.7625188231468201
-0.09122633934020996
-0.13041245937347412
-0.26493823528289795
-0.2257288694381714
-0.3492858409881592
-0.2849295735359192
-0.41507673263549805
-0.3624582290649414
-0.31068623065948486
-0.6734427809715271
0.024138212203979492
0.19624972343444824
-0.03466641902923584
0.6675317287445068
-0.008653044700622559
-0.5147588849067688
-0.06248748302459717
-0.16461151838302612
0.5997377634048462
-0.05916738510131836
-0.035990238189697266
0.035411953926086426
-0.6038563251495361
-0.8177000880241394
-0.4637308120727539
-0.0770101547241211
-0.24729907512664795
0.3519132137298584
1.073291301727295
0.22568917274475098
0.016649603843688965
0.05516815185546875
-0.190606951713562
-0.24552655220031738
0.031560301780700684
-0.13539564609527588
0.08058035373687744
-0.20320284366607666
-0.2635713815689087
0.04388272762298584
-0.5018895864486694
-0.5374804735183716
0.25878024101257324
-0.4955361485481262
-0.23975121974945068
-0.17471742630004883
-0.34365636110305786
0.015993833541870117
0.709697961807251
0.3041207790374756
0.2703157663345337
0.316819429397583
0.26499778032302856
-0.2309856414794922
-0.6473347544670105
0.24696135520935059
-0.149469256401062
-0.7065702080726624
0.2720935344696045
-0.23614799976348877
-0.47273993492126465
-0.3840235471725464
0.1904594898223877
0.47046029567718506
-0.3862086534500122
-0.07319307327270508
-0.199090838432312
0.42898309230804443
0.08849954605102539
-0.24370920658111572
-0.25798994302749634
0.020142197608947754
-0.39025604724884033
-0.6035746335983276
0.09752339124679565
-0.07966423034667969
0.03961527347564697
0.5186935663223267
-0.238056480884552
-0.2804928421974182
-0.37731897830963135
0.21512949466705322
-0.3303529620170593
0.032262563705444336
-0.4364813566207886
-0.5671040415763855
-0.3884850740432739
-0.20141184329986572
0.039701223373413086
0.5131204128265381
-0.35172444581985474
-0.07815158367156982
0.3626188039779663
-0.2633510231971741
-0.47115278244018555
-0.24792200326919556
0.2719309329986572
0.183121919631958
-0.5650778412818909
-0.0853118896484375
-0.25738030672073364
0.35847723484039307
-0.22868114709854126
-0.06508839130401611
-0.2866790294647217
0.26620209217071533
-0.5353615283966064
0.4599553346633911
-0.2403625249862671
0.4890170097351074
-0.2645190358161926
-0.05493950843811035
-0.3787253499031067
-0.15898048877716064
-0.07043296098709106
-0.048238158226013184
0.0012691020965576172
0.04692435264587402
-0.06449055671691895
-0.0901409387588501
0.4193875193595886
-0.12400412559509277
-0.17481690645217896
-0.5616716146469116
0.6012072563171387
1.290474772453308
0.2550227642059326
-0.6029070615768433
0.35292720794677734
-0.3747493028640747
0.05531740188598633
-0.08021581172943115
0.37816035747528076
0.4163177013397217
0.20966064929962158
-0.16881972551345825
-0.2700340747833252
-0.41061699390411377
-0.12529945373535156
-0.13880670070648193
-0.010480165481567383
1.0083268880844116
-0.08235800266265869
0.9633026123046875
-0.05090212821960449
0.28312039375305176
-0.38227736949920654
0.02878350019454956
-0.3387871980667114
0.07679152488708496
0.29716765880584717
-0.25439995527267456
-0.5017537474632263
-0.23165827989578247
-0.20582866668701172
-0.2881534695625305
-0.29195064306259155
-0.4526439905166626
0.05507379770278931
-0.4275484085083008
0.49700891971588135
0.0444493293762207
-0.2335221767425537
0.10427945852279663
0.24764716625213623
-0.1858852505683899
0.2811340093612671
-0.41413581371307373
0.5268130302429199
0.2417393922805786
0.0288083553314209
0.01909506320953369
0.42173171043395996
-0.654680609703064
-0.11842435598373413
0.14651215076446533
0.01787590980529785
-0.11344265937805176
-0.6728496551513672
0.18408608436584473
-0.2664821743965149
-0.1275695562362671
-0.36011719703674316
-0.4830430746078491
0.21266579627990723
0.42201173305511475
0.004189729690551758
-0.8460992574691772
0.16467952728271484
-0.2407670021057129
0.02225947380065918
0.04174065589904785
-1.0640417635440826
-0.1923961639404297
-0.149732768535614
0.012531280517578125
0.09638535976409912
-0.010433793067932129
0.06797611713409424
-0.09916031360626221
0.2787832021713257
0.5722315311431885
-0.3569529056549072
-0.1360914707183838
-0.2790284752845764
-0.5004316568374634
-0.1169896125793457
0.3943977355957031
-0.021694540977478027
-0.0505824089050293
0.16321158409118652
0.3991260528564453
-0.08433109521865845
-0.41993415355682373
-0.022314071655273438
-0.5803212225437164
-0.051722168922424316
-0.1641542911529541
-0.06682801246643066
0.09357047080993652
-0.08864849805831909
-0.38847339153289795
-0.13686847686767578
0.6942576169967651
-0.37035083770751953
0.9444842338562012
0.13285589218139648
-0.04030752182006836
-0.0034111738204956055
-0.2522941827774048
0.1502976417541504
-0.41488784551620483
-0.6950411200523376
0.1614588499069214
0.38899528980255127
0.254336953163147
-0.4889374375343323
-0.04032242298126221
-0.17708826065063477
-0.09022396802902222
-0.3782217502593994
0.08497381210327148
0.2606140375137329
-0.04322659969329834
-0.3195497989654541
0.1565781831741333
-0.40531545877456665
-0.41639387607574463
0.5102708339691162
-0.26242315769195557
0.05008876323699951
0.06841027736663818
-0.1624462604522705
-0.42590826749801636
0.11767220497131348
-0.0794287919998169
-0.525770902633667
-0.09922647476196289
0.1939103603363037
-0.17663425207138062
0.08141529560089111
0.2893099784851074
0.11182057857513428
-0.10255002975463867
-0.2627164125442505
-0.20169693231582642
-0.10378563404083252
0.0038815736770629883
-0.24176406860351562
-0.3073214888572693
0.4022637605667114
-0.12720143795013428
-0.2326141595840454
0.12410342693328857
-0.4017634987831116
-0.06446897983551025
-0.24816566705703735
-0.4837189316749573
-0.06796121597290039
-0.008821845054626465
-0.14444446563720703
-0.32579708099365234
0.2439262866973877
0.4202258586883545
-0.6092305779457092
-0.05642056465148926
-0.2175266146659851
0.26879990100860596
-0.13557785749435425
-0.07808864116668701
-0.02206563949584961
0.03056943416595459
-0.8529811501502991
-0.12512069940567017
0.8921191692352295
0.02316570281982422
0.1907360553741455
-0.28124499320983887
0.18211793899536133
-0.3127157688140869
0.04859441518783569
-0.45949625968933105
-0.31344807147979736
-0.5047276020050049
0.02824503183364868
-0.34203439950942993
1.7729363441467285
-0.36056292057037354
0.24360322952270508
0.210252046585083
0.22471511363983154
0.030436933040618896
-0.4050072431564331
-0.0005831718444824219
0.9845547676086426
-0.025461792945861816
0.13470137119293213
-0.9009692370891571
0.295668363571167
-0.3906271457672119
-0.2744905948638916
-0.1059841513633728
-0.09060180187225342
-0.0032140016555786133
0.48753929138183594
-0.016008734703063965
0.11565768718719482
-0.48604661226272583
-0.11336153745651245
-0.5392831563949585
-0.42583537101745605
-1.158122569322586
-0.2729814052581787
-0.27128660678863525
-0.10572749376296997
-0.034078359603881836
0.2057126760482788
-0.22612494230270386
-0.17616713047027588
-0.4750560522079468
-0.026288628578186035
-0.1319265365600586
-0.5522218942642212
-0.47651219367980957
0.4766862392425537
-0.32560163736343384
-0.09978646039962769
-0.06624650955200195
-0.3049739599227905
-0.5046910047531128
-0.07587862014770508
-0.20995712280273438
-0.26562732458114624
-0.10371947288513184
-0.21866315603256226
-0.34243863821029663
0.08173835277557373
-0.3383897542953491
0.4339878559112549
0.015551447868347168
-0.34943658113479614
-0.581134557723999
0.3581724166870117
0.02695620059967041
0.08270418643951416
-0.182944655418396
-0.29500073194503784
0.12259924411773682
-0.3278597593307495
0.5859158039093018
-0.19358724355697632
0.25467485189437866
0.35101544857025146
0.2938656806945801
-0.041208744049072266
-0.21316444873809814
-0.22522211074829102
0.3493025302886963
0.005091071128845215
-0.17958664894104004
0.01903378963470459
-0.34381043910980225
-0.9130514860153198
-0.025016307830810547
-0.1888425350189209
-0.12930727005004883
-0.3892504572868347
-0.29217594861984253
-0.30959129333496094
0.03769659996032715
-0.37770140171051025
-0.03626203536987305
-0.336381733417511
0.008702635765075684
-0.015584707260131836
-0.7476397156715393
-0.22096264362335205
-0.003410935401916504
-0.3570159673690796
0.1931830644607544
-0.029930055141448975
0.11314940452575684
-0.8420850336551666
-0.6564267873764038
-0.3388287425041199
-0.06152820587158203
0.3238488435745239
-0.01689004898071289
-0.2747291922569275
-0.25673913955688477
0.07009494304656982
0.7659199237823486
0.532712459564209
-0.4419351816177368
-0.13798511028289795
0.03003096580505371
-0.46368277072906494
-0.09551060199737549
-0.3631308078765869
-0.6490081548690796
-0.19044125080108643
-0.26072007417678833
0.12082159519195557
-0.0962228775024414
-0.3840567469596863
-0.12940657138824463
-0.3654734492301941
0.027869105339050293
-0.3815467357635498
-0.1632481813430786
0.18284523487091064
-0.040433406829833984
0.23487889766693115
-0.03180861473083496
-0.250302791595459
-0.05392235517501831
0.13878202438354492
0.01512908935546875
0.17579257488250732
0.042510986328125
-0.06338715553283691
0.5460869073867798
-0.05447566509246826
0.0252763032913208
-0.47922754287719727
0.06392538547515869
0.7331867218017578
-0.1449812650680542
-0.309906005859375
-0.34808629751205444
0.6086474657058716
0.03814578056335449
0.09918999671936035
0.18696361780166626
-0.6586102843284607
-0.5490922927856445
-0.1378706693649292
0.45970678329467773
0.12488389015197754
-0.5451809167861938
0.478649377822876
-0.037863969802856445
-0.05605626106262207
-0.22502654790878296
0.47033441066741943
-0.08043110370635986
0.28554749488830566
-0.36777782440185547
0.6441209316253662
0.08565473556518555
-0.08073115348815918
-0.3410404920578003
0.2522047162055969
0.10936373472213745
0.00399935245513916
-0.12327027320861816
-0.18266797065734863
-0.01079171895980835
-0.29392385482788086
-0.37215656042099
0.10215878486633301
0.05078935623168945
-0.3462423086166382
-0.4239235520362854
-0.17232686281204224
0.13486051559448242
-0.6284698843955994
0.08461117744445801
-0.3303612470626831
0.21918845176696777
-0.04277604818344116
0.04736518859863281
-0.09141016006469727
-0.4598855972290039
-0.09542423486709595
0.1832575798034668
-0.2557847499847412
-0.504863440990448
0.07492601871490479
-0.4269256591796875
-0.056142330169677734
0.18243610858917236
0.0682675838470459
-0.2428823709487915
0.03744637966156006
-0.14221620559692383
-0.017675280570983887
-0.024022161960601807
-0.11756950616836548
0.26795172691345215
0.6425817608833313
-0.1670452356338501
-0.3047686219215393
-0.0819934606552124
0.3622394800186157
-0.34189850091934204
-0.3061354160308838
0.6044691801071167
-0.454744815826416
0.2084181308746338
-0.23735582828521729
-0.29248738288879395
-0.04738664627075195
-0.16080951690673828
-0.05109095573425293
-0.48185837268829346
-0.6849237084388733
-0.07486963272094727
0.323192834854126
0.37027454376220703
0.12231099605560303
0.17712295055389404
-0.34776002168655396
0.09813129901885986
-0.4406677484512329
-0.2824958562850952
0.19119668006896973
-0.46553826332092285
0.21788442134857178
-0.2774661183357239
0.41960954666137695
0.08511972427368164
0.28530073165893555
-0.6164952516555786
0.6227045059204102
0.6502174139022827
-0.8362518548965454
0.29717421531677246
0.05184972286224365
0.8150742053985596
0.4253002405166626
0.3574765920639038
-0.295881986618042
0.3702315092086792
0.10829037427902222
-0.48164308071136475
-0.24503767490386963
-0.032310664653778076
-0.2491183876991272
-0.016552090644836426
-0.11358016729354858
-0.25069546699523926
0.13090598583221436
0.27185148000717163
0.15108799934387207
0.2354820966720581
0.030428647994995117
-0.21205294132232666
0.22564935684204102
-0.37460845708847046
0.2860826253890991
-0.1612633466720581
-0.0026009082794189453
-0.1632547378540039
0.2960244417190552
-0.12311786413192749
-0.07834374904632568
0.03695106506347656
-0.011061668395996094
0.18943393230438232
0.34214210510253906
0.17297303676605225
0.4452170729637146
-0.26805102825164795
-0.17138248682022095
0.04856455326080322
-0.17216289043426514
0.050923705101013184
-0.2867170572280884
1.7855087518692017
0.27172231674194336
-0.08667361736297607
-0.017201542854309082
-0.06905138492584229
0.14390945434570312
-0.11385011672973633
0.4217184782028198
0.12664330005645752
0.16938114166259766
0.2121340036392212
-0.2221604585647583
-0.17870688438415527
-0.17827433347702026
0.847224235534668
-0.6195087432861328
-0.5150124430656433
0.11837303638458252
0.24485397338867188
-0.456335186958313
0.20540452003479004
-0.39986497163772583
0.1480245590209961
-0.7367137670516968
0.5140084028244019
-0.41099458932876587
-0.32167351245880127
-0.33925938606262207
0.1136331558227539
0.18216097354888916
0.07278883457183838
-0.1439424753189087
-0.18864202499389648
-0.1272016167640686
0.03581798076629639
-0.02940809726715088
-0.208335280418396
0.8146781921386719
-0.14329981803894043
-1.2862767279148102
-0.14683020114898682
-0.09131741523742676
0.05016493797302246
-0.02621901035308838
0.14839744567871094
-0.23840773105621338
-0.11887824535369873
-0.6209733486175537
0.3013838529586792
-0.2724711298942566
-0.3264482021331787
-0.02210867404937744
0.17662763595581055
0.6176035404205322
-0.13310444355010986
-0.10267758369445801
-0.07535505294799805
-0.15925538539886475
-0.0787879228591919
-0.07673680782318115
-0.33838313817977905
-0.3325233459472656
0.23939836025238037
-0.36369574069976807
0.13435685634613037
0.11517393589019775
0.02261066436767578
-0.04491317272186279
-0.059217095375061035
0.2564260959625244
-0.230560302734375
0.19701993465423584
-0.042865633964538574
-0.8431205153465271
0.11882519721984863
-0.6524221897125244
-0.3028584122657776
-0.06250572204589844
-0.011202692985534668
-0.22057175636291504
0.0015292167663574219
-0.07203996181488037
-0.26376020908355713
-0.08594805002212524
-0.009540915489196777
-0.22271370887756348
0.12079846858978271
0.20872461795806885
-0.23993515968322754
0.11699795722961426
-0.6319092512130737
0.11517393589019775
-0.13303321599960327
-0.469396710395813
0.38080286979675293
0.12302672863006592
-0.024025440216064453
0.23653388023376465
-0.2360137701034546
-0.14813232421875
-0.34072059392929077
0.07894504070281982
-0.0818709135055542
-0.5676855444908142
0.019681572914123535
0.15456366539001465
-0.26702880859375
-0.387714684009552
0.09388196468353271
0.5394734144210815
-0.14260220527648926
0.09150612354278564
0.07403814792633057
0.266629695892334
0.6451497077941895
0.2547576427459717
-0.08404123783111572
-0.06758677959442139
0.0600968599319458
-0.04906320571899414
-0.24979424476623535
-0.44038283824920654
0.07497882843017578
-0.01522839069366455
0.02919447422027588
-0.5040698051452637
-0.29503536224365234
-0.2040313482284546
0.1961749792098999
-0.03827810287475586
0.02790546417236328
-0.05114555358886719
0.0994253158569336
-0.5109219551086426
-0.40089869499206543
0.0035387277603149414
-0.04568350315093994
-0.13238036632537842
0.039989471435546875
0.0996672511100769
-0.020756840705871582
0.02223789691925049
-0.2642720937728882
0.21781647205352783
0.14745306968688965
-0.05257880687713623
0.042368531227111816
0.17112243175506592
-0.502843976020813
-0.24980419874191284
-0.4221210479736328
0.3802098035812378
-0.41283518075942993
-0.551022469997406
0.39898860454559326
-0.3102439045906067
0.3717871308326721
-0.5397154092788696
-0.12012255191802979
0.6639182567596436
0.3851034641265869
-0.2617954611778259
-0.5046711564064026
0.024145007133483887
-0.30588358640670776
0.287003755569458
0.4365873336791992
-0.10452306270599365
0.6758549213409424
-0.3310403823852539
0.26424556970596313
-0.11939185857772827
-0.3792455792427063
-0.49500274658203125
-0.191700279712677
0.02541053295135498
-0.31862354278564453
-0.2517889738082886
0.6310113668441772
-0.4159928560256958
0.058943748474121094
0.17671549320220947
-0.08466410636901855
0.06574130058288574
-0.08082211017608643
-0.12377059459686279
-0.12401747703552246
-0.1404435634613037
0.1841590404510498
-0.3337029218673706
-0.18547946214675903
0.13629353046417236
0.3562009334564209
0.20985114574432373
0.055582404136657715
-0.3719494342803955
-0.06678831577301025
0.27812373638153076
-0.06586885452270508
0.32046568393707275
0.059044837951660156
-0.03771650791168213
0.18581068515777588
0.008336544036865234
0.05616044998168945
-0.39421725273132324
0.19803214073181152
-0.04114258289337158
0.11017227172851562
0.021151185035705566
0.32838475704193115
0.289709210395813
-0.005090951919555664
0.12617278099060059
-0.5050603151321411
0.10296070575714111
0.06901818513870239
0.24904215335845947
0.17604774236679077
0.027181565761566162
0.3164169192314148
0.07884907722473145
0.23820054531097412
0.2973681688308716
-0.2016289234161377
0.12244522571563721
0.18773913383483887
0.41651809215545654
-0.014827489852905273
0.20625603199005127
-0.06868863105773926
0.11516237258911133
-0.4697943925857544
0.1141517162322998
-0.15690946578979492
-0.7368016242980957
0.036513686180114746
-0.16684985160827637
0.1313367486000061
-0.0051457881927490234
-0.022365450859069824
-0.3256761431694031
0.2481755018234253
-0.11164164543151855
-0.5123286247253418
-0.23997163772583008
0.2917684316635132
0.05028092861175537
0.06655466556549072
-0.8430708050727844
-0.3720853924751282
-0.21740567684173584
-0.08976519107818604
-0.23831164836883545
-0.2822059392929077
-0.5210641622543335
-0.5244289636611938
-0.431713342666626
0.22622931003570557
-0.15092718601226807
-0.27306586503982544
-0.6884359121322632
-0.4052889347076416
-0.3102588653564453
0.3193061947822571
0.18392705917358398
0.2889155149459839
-0.02380681037902832
-0.22463369369506836
-0.14611947536468506
-0.10026359558105469
-0.31698840856552124
0.15436315536499023
-0.3243340849876404
-0.20979642868041992
-0.11955583095550537
0.24323534965515137
-0.25947248935699463
-0.22498834133148193
-0.5630583763122559
-0.03869062662124634
0.030807852745056152
-0.1032257080078125
-0.5973801612854004
0.06667900085449219
-0.201216459274292
-0.4588998556137085
-0.15090566873550415
-0.21653759479522705
0.41461288928985596
0.28811705112457275
0.12052333354949951
-0.37141597270965576
-0.4359179735183716
0.09514093399047852
-0.08891522884368896
0.34829163551330566
0.22179782390594482
-1.4632373452186584
0.0862959623336792
-0.09193706512451172
0.02848529815673828
-0.13058292865753174
0.12688016891479492
0.15192782878875732
0.0301055908203125
0.18860560655593872
-0.22822558879852295
0.3108088970184326
-0.5529738664627075
-0.02815401554107666
0.19594806432724
0.20640850067138672
0.2795851230621338
-0.05882620811462402
-0.16417253017425537
-0.38288038969039917
0.10185730457305908
0.6478369235992432
-0.10804998874664307
-0.34851694107055664
-0.1590200662612915
0.7523381114006042
0.009118437767028809
-0.06928324699401855
0.15158331394195557
0.367534339427948
-0.5013810396194458
-0.19172680377960205
0.22281146049499512
-0.08086693286895752
-0.08550739288330078
0.03617739677429199
-0.044203996658325195
0.10879886150360107
0.10303032398223877
-0.43119317293167114
-0.2019636631011963
-0.5492961406707764
-0.2499549388885498
-0.019260764122009277
0.1250113844871521
-0.40720415115356445
0.05885601043701172
-0.016709446907043457
0.15652525424957275
0.11254310607910156
0.31103092432022095
-0.28153491020202637
-0.232397198677063
-0.03749275207519531
0.20345139503479004
0.03740823268890381
-0.30664730072021484
0.182409405708313
-0.3669579029083252
0.09226512908935547
-0.5795342922210693
-0.4095184803009033
0.016169428825378418
-0.11498838663101196
0.21806347370147705
0.04675877094268799
-0.20077073574066162
-0.0006526708602905273
-0.4757120609283447
0.31502848863601685
-0.10767066478729248
-0.8496263027191162
-0.24031460285186768
-0.15095365047454834
0.20558512210845947
-0.5561895966529846
0.30729520320892334
0.15848839282989502
-0.0320621132850647
0.3544447422027588
0.195265531539917
0.27030742168426514
-0.8972450196743011
-0.1971210241317749
-0.552808403968811
-0.25832951068878174
0.043070971965789795
0.05122530460357666
0.4705796241760254
0.4842241406440735
-0.24340426921844482
0.4877629280090332
0.15508556365966797
-0.181879460811615
-0.23593753576278687
-0.1932377815246582
0.373924195766449
0.012857675552368164
-0.09508144855499268
-0.3067765235900879
0.30320632457733154
-0.4084814190864563
-0.2992004156112671
0.4801403284072876
-0.21864163875579834
-0.19602930545806885
-0.8070127964019775
-0.47585612535476685
0.13376712799072266
0.03677213191986084
-0.1699610948562622
-0.18985146284103394
-0.08472859859466553
0.3699615001678467
0.007894158363342285
0.17768800258636475
0.013505339622497559
-0.03394913673400879
-0.03615915775299072
-0.6143978834152222
-1.4934042692184448
-0.2948431968688965
0.1980205774307251
-0.0013881921768188477
0.0480576753616333
-0.03135645389556885
0.03547167778015137
0.09034991264343262
-0.24989694356918335
0.08941388130187988
-0.2275480031967163
0.2820337414741516
0.5264501571655273
0.5101995468139648
-0.03966808319091797
0.40952837467193604
-0.14106154441833496
0.3465040922164917
1.4485987424850464
0.2662733197212219
-0.0825568437576294
0.47713351249694824
-0.13515204191207886
-0.2918412685394287
0.1016535758972168
-0.011542260646820068
1.360569715499878
-0.19207477569580078
-0.03567707538604736
-0.176627516746521
-0.7895759642124176
-0.30357909202575684
0.05329442024230957
0.17818164825439453
-0.25891929864883423
-0.37474602460861206
-0.32956117391586304
-0.161371111869812
-0.07852911949157715
-0.32406413555145264
-0.4499867558479309
0.5208935737609863
-0.16300463676452637
-0.22456586360931396
-0.3230104446411133
-0.09603250026702881
-0.3982396721839905
0.06150329113006592
-0.4107860326766968
0.15622210502624512
0.2723749876022339
0.1312621831893921
-0.17237484455108643
-0.06768453121185303
-0.2345409393310547
-0.029492616653442383
0.5447119474411011
0.3782466650009155
-0.05547475814819336
0.09476500749588013
0.08017444610595703
0.1362273097038269
-0.6478201150894165
-0.5391339063644409
-0.47046685218811035
-0.022176504135131836
0.31403112411499023
0.17221570014953613
-0.468048095703125
-0.029688000679016113
-0.4851917624473572
-0.014948368072509766
0.2645256519317627
-0.13895750045776367
-0.10889160633087158
-0.19736123085021973
0.37093234062194824
-0.22679740190505981
0.05062210559844971
-0.12111985683441162
0.2672309875488281
0.08533012866973877
-0.06245923042297363
-0.27056264877319336
0.8193684816360474
0.4801553189754486
0.06464290618896484
0.1426718831062317
-0.0714867115020752
-0.1390172243118286
-0.10773360729217529
0.004544317722320557
-0.1916208267211914
-0.17121684551239014
-0.32564806938171387
0.16287696361541748
0.17030882835388184
-0.3660632371902466
-0.15658819675445557
0.21954631805419922
-0.15589392185211182
0.27725398540496826
0.1472245454788208
-0.02369081974029541
-0.18602770566940308
-0.09094810485839844
-0.07136750221252441
0.005281567573547363
0.17284870147705078
-0.15450561046600342
-0.029815673828125
-0.10079371929168701
-0.14568698406219482
-0.16147708892822266
-0.123416006565094
-0.05269968509674072
0.2763693332672119
-0.41112715005874634
-0.16564857959747314
1.4138063192367554
-0.6993236541748047
-0.0760425329208374
-0.2769823670387268
-0.1472642421722412
0.10947644710540771
-0.08343803882598877
0.1211247444152832
0.1297379732131958
0.19819962978363037
-0.6238675713539124
1.1011731624603271
-0.29130280017852783
-0.16785216331481934
0.4203070402145386
-0.18706989288330078
0.09752011299133301
-0.24659687280654907
-0.4502418637275696
-0.0899888277053833
-0.24425756931304932
-0.41238462924957275
-0.6662758588790894
-0.25361132621765137
-0.10219860076904297
-0.5286321043968201
-0.3145182132720947
0.15283417701721191
0.3151460886001587
0.24472641944885254
-0.20546066761016846
-0.0075414180755615234
-0.10233616828918457
-0.1297314167022705
-0.1358546018600464
0.07924997806549072
-0.341058611869812
-0.619204044342041
0.23500490188598633
0.013318181037902832
-0.3428792953491211
-0.09370803833007812
-0.06924676895141602
0.11402571201324463
0.38548970222473145
0.12299185991287231
-0.021247148513793945
-0.2769972085952759
-0.04235351085662842
-0.01710379123687744
-0.27538537979125977
-0.4425034523010254
0.1487354040145874
0.1809864044189453
-0.6488224864006042
0.15217971801757812
0.39142894744873047
-0.021578550338745117
-0.0033217668533325195
-0.16735011339187622
-0.36525148153305054
-0.758111834526062
-0.09188723564147949
-0.02216506004333496
-0.12854015827178955
0.07664239406585693
0.43407249450683594
-0.48186999559402466
0.3548588752746582
0.40106260776519775
-0.4777330160140991
0.8258576393127441
-0.3345808982849121
-0.3702596426010132
-0.16979873180389404
-0.5187994837760925
0.290848970413208
0.6259485483169556
0.028936028480529785
-0.2264397144317627
-0.44512104988098145
1.021790862083435
0.4613598585128784
-0.45146292448043823
-0.20315134525299072
-0.29657286405563354
-0.2011866569519043
-0.5570080280303955
0.011280417442321777
0.13198280334472656
0.0388646125793457
-0.4133206009864807
0.11619281768798828
-0.01721811294555664
-0.1878567337989807
-0.6216955780982971
0.18997728824615479
0.2939188480377197
0.6781080365180969
-0.23075538873672485
0.057552218437194824
0.22458922863006592
-0.01388484239578247
0.13897907733917236
0.316211462020874
-0.03905010223388672
-0.4718238115310669
-0.7310959696769714
0.017425179481506348
-0.07954823970794678
-0.2025202512741089
-0.26288866996765137
-0.08350777626037598
-0.18641209602355957
0.07190585136413574
-0.3628077507019043
-0.1199120283126831
-0.002156972885131836
0.34614479541778564
-0.2985144257545471
0.42293286323547363
0.5135476589202881
0.3771597743034363
0.14299321174621582
-0.4127325415611267
-0.29246753454208374
-0.21751338243484497
0.06594347953796387
-0.23434048891067505
-0.45604026317596436
-0.4453943967819214
0.09205794334411621
-0.09850752353668213
-0.09862339496612549
0.12362140417098999
0.4113342761993408
-0.004005908966064453
-0.3149406909942627
0.4298743009567261
-0.6849617958068848
-0.21755480766296387
0.3556591272354126
-0.27137601375579834
-0.18190419673919678
0.013232111930847168
-0.5454393029212952
-0.17172706127166748
-0.010707259178161621
0.24809741973876953
-0.199587881565094
-0.5009884238243103
0.37995630502700806
0.5563137531280518
0.051699042320251465
0.3666612505912781
0.16909468173980713
-0.6036872863769531
0.5068051815032959
-0.439880907535553
-0.05176365375518799
-0.4808361828327179
0.5590027570724487
-0.4085559844970703
0.06504547595977783
0.1365950107574463
-0.03174406290054321
-0.3786574602127075
0.2152388095855713
0.055486321449279785
0.15117239952087402
-0.15596365928649902
-0.015796661376953125
-0.04841876029968262
-0.34546560049057007
-0.4718204736709595
-0.34160369634628296
0.17357265949249268
0.16163450479507446
0.12370920181274414
-0.11307156085968018
-0.10529828071594238
-0.2276076078414917
-0.2147665023803711
0.3848069906234741
-0.3244568109512329
0.2790696620941162
-0.3976896405220032
-0.026680946350097656
0.27006733417510986
0.018119335174560547
-0.5748192071914673
-0.08603250980377197
0.451640248298645
-0.24784588813781738
0.47796201705932617
-0.2076924443244934
-0.5738036632537842
-0.6030428409576416
0.027002573013305664
-0.059429049491882324
0.5332496166229248
-0.01740187406539917
0.8696426153182983
0.37231242656707764
-0.4759240746498108
-0.14179879426956177
0.40592849254608154
-0.4189881980419159
0.11771368980407715
0.12489044666290283
0.05834078788757324
-0.2136995792388916
0.3270711898803711
-0.11914503574371338
-0.14210176467895508
0.3332819938659668
-0.043198466300964355
-0.06266975402832031
0.2772176265716553
-0.2541778087615967
0.2265622615814209
0.0753781795501709
-0.1626948118209839
-0.36642444133758545
0.0731731653213501
0.04556596279144287
0.15969276428222656
-0.39174866676330566
-0.18075287342071533
0.34266382455825806
0.6889493465423584
0.8445038795471191
-0.21334350109100342
0.35985398292541504
-0.476815402507782
0.1687631607055664
-0.0005832314491271973
0.07867348194122314
-0.028989017009735107
-0.18912899494171143
0.16031908988952637
0.12318581342697144
-0.3531326651573181
0.1752161979675293
-0.15107297897338867
0.15455210208892822
-0.17561054229736328
0.12067747116088867
-0.02191162109375
-0.2548404932022095
-0.6155624985694885
0.3875986337661743
-0.09989416599273682
0.19823098182678223
-0.051185429096221924
-0.3045830726623535
-0.1301836371421814
-0.21365153789520264
-0.1787051558494568
-0.12887334823608398
-0.4824979305267334
0.06392550468444824
-0.016103148460388184
-0.5445231199264526
0.014081954956054688
-0.5428315997123718
-0.3603590726852417
-0.3120929002761841
0.1095958948135376
0.1136629581451416
-0.16769474744796753
-0.060847342014312744
0.027647018432617188
-0.2722938060760498
0.17873001098632812
0.7986928224563599
-0.22951608896255493
-0.28192102909088135
-0.5947626829147339
0.39953023195266724
-0.25680041313171387
-0.02219480276107788
-0.03753256797790527
-0.2820601463317871
0.672594428062439
-0.25781428813934326
-0.0896904468536377
-0.03344535827636719
0.0424199104309082
-0.21234118938446045
-0.14959847927093506
-0.26937806606292725
-0.3344848155975342
-0.32891666889190674
0.7258789539337158
-0.25895577669143677
0.48044025897979736
-0.03936648368835449
0.16540181636810303
-0.23998653888702393
-0.32371294498443604
-0.4930710792541504
0.38686811923980713
0.007745146751403809
0.21821415424346924
-0.3638002276420593
0.14962011575698853
0.23207086324691772
1.5167007446289062
-0.0636206865310669
0.12167811393737793
0.10048556327819824
0.18843483924865723
0.20714080333709717
-0.47733891010284424
0.1314244270324707
-0.023331284523010254
-0.49818527698516846
0.2911372184753418
-0.11163026094436646
-0.05805087089538574
0.2266981601715088
0.6426944136619568
-0.13148069381713867
-0.18616700172424316
0.08067142963409424
0.11868607997894287
0.04891073703765869
0.08974349498748779
0.08818292617797852
-0.5125222206115723
-0.3749481439590454
-0.021669745445251465
0.15486514568328857
-0.5286900401115417
-0.41121333837509155
0.1804332733154297
0.06323301792144775
0.0730208158493042
-0.15179193019866943
-0.12402576208114624
0.3969971537590027
0.3866078853607178
-0.34790241718292236
-0.23948454856872559
1.3025305271148682
-0.2182738184928894
-0.1496896743774414
0.05156981945037842
-0.10054850578308105
-0.05746769905090332
-0.2871429920196533
-0.2012876272201538
-0.215742290019989
-0.3171689510345459
-0.6339818239212036
-0.28581929206848145
0.1701880693435669
-0.1958237886428833
0.05050957202911377
-0.1108018159866333
0.23553991317749023
0.16807079315185547
0.5358734130859375
0.23092281818389893
0.2131710648536682
-0.2884865999221802
0.04888272285461426
0.012108922004699707
0.4067087173461914
-0.49512362480163574
0.22491562366485596
-0.9622108340263367
0.3219568729400635
-0.2371203899383545
0.0276486873626709
0.0570751428604126
-0.11376404762268066
-0.1931382417678833
0.08882081508636475
0.4333733320236206
-0.03455549478530884
0.08677297830581665
0.06137746572494507
0.6154747009277344
-0.6459348201751709
0.0595850944519043
0.3882629871368408
0.01760244369506836
0.3193178176879883
-0.025153756141662598
0.43699324131011963
-0.05123186111450195
0.7867544889450073
-0.006949782371520996
0.09894156455993652
0.8165502548217773
0.3126528263092041
-0.24317395687103271
0.16083931922912598
-0.46554654836654663
-0.2797870635986328
0.14782416820526123
-0.2989203929901123
-0.27045661211013794
0.20145833492279053
-0.17651820182800293
-0.2322828769683838
-0.11346423625946045
-0.31637871265411377
0.19531846046447754
-0.16072988510131836
-0.0677640438079834
0.005185484886169434
-0.01802647113800049
0.023256778717041016
-0.3056017756462097
-0.11134696006774902
0.1591494083404541
0.15735691785812378
-0.21766746044158936
-0.455167293548584
0.32643163204193115
-0.1340504288673401
-0.0954890251159668
-0.22533798217773438
0.00274503231048584
-0.02371072769165039
-0.17454683780670166
0.02467167377471924
0.17332744598388672
-0.03348517417907715
0.171578049659729
-0.002152085304260254
0.15124356746673584
0.2715780735015869
-0.2609107494354248
0.0002849102020263672
-0.08200681209564209
-0.7097775936126709
0.3741694986820221
0.11559140682220459
0.21519404649734497
-0.22215527296066284
-0.15661633014678955
0.3300830125808716
0.054344892501831055
-0.071072518825531
0.161391019821167
0.9264857769012451
0.18593502044677734
-0.006862044334411621
-0.5606479644775391
0.24731576442718506
-0.4023450016975403
-0.20635062456130981
-0.21445012092590332
0.5140084028244019
-0.17736315727233887
-0.16991806030273438
-0.21529686450958252
0.13010406494140625
-0.2715218663215637
-0.7729840278625488
0.2781205177307129
0.20151293277740479
-0.057691335678100586
-0.23688030242919922
0.0389324426651001
0.06483334302902222
0.028168916702270508
-0.1491527557373047
0.2429652214050293
0.6502405405044556
0.3492807149887085
-0.011396408081054688
-0.6268861293792725
-0.44170987606048584
0.28349655866622925
-0.6803576946258545
-0.1270458698272705
-0.21404242515563965
-0.6648494005203247
-0.7369822263717651
-0.13670939207077026
0.1201556921005249
-0.34151917695999146
0.15334266424179077
-0.32004833221435547
0.33049213886260986
-0.02477443218231201
-0.2234973907470703
-0.20774877071380615
-0.17000246047973633
-0.22044074535369873
-0.2984682321548462
0.6700249910354614
-0.11776834726333618
-0.19194716215133667
-0.03205221891403198
-0.12058305740356445
0.05509364604949951
-0.1624462604522705
-0.04075503349304199
-0.21577036380767822
-0.17330420017242432
-0.3766063451766968
0.18454337120056152
1.2016125917434692
-0.6754855513572693
0.18102121353149414
-0.13752436637878418
-0.009163141250610352
-0.06514966487884521
0.1673266887664795
-0.0306241512298584
-0.4324026107788086
-0.007523059844970703
-0.24558448791503906
-0.0630640983581543
-0.22783291339874268
-0.23129212856292725
-0.4070284962654114
0.2666661739349365
-0.1784433126449585
-0.23525488376617432
-0.14220470190048218
-0.539162278175354
0.016764163970947266
-0.3706573247909546
-0.33740389347076416
0.2004610300064087
0.3576122522354126
-0.2299966812133789
-0.0880272388458252
-0.16205191612243652
-0.6747399568557739
-0.7659496665000916
-0.4473841190338135
-0.5720162391662598
-0.22192031145095825
-0.09093809127807617
-0.033904433250427246
-0.3109762668609619
-0.1495223045349121
0.373370885848999
-0.23813927173614502
-0.23387324810028076
0.011968016624450684
0.1151275634765625
0.5608433485031128
-0.027381956577301025
-0.33840620517730713
-0.00604701042175293
-0.47764211893081665
0.004887104034423828
-0.31887543201446533
0.12454259395599365
-0.03812074661254883
-0.5570560693740845
0.1889750361442566
-0.4444136619567871
-0.375007688999176
0.4227787256240845
-0.15476572513580322
-0.20666366815567017
-0.11253154277801514
-0.12978434562683105
-0.29361891746520996
-0.26791518926620483
0.08074092864990234
0.0545039176940918
-0.07480990886688232
0.1668034791946411
0.21646469831466675
0.587917149066925
-0.22478294372558594
-0.1683971881866455
-0.5486235022544861
-0.14500117301940918
-0.49470454454421997
0.2176889181137085
0.3960411548614502
0.3991938829421997
-0.27064383029937744
0.23468351364135742
0.5958744287490845
-0.30950844287872314
-0.21423137187957764
0.07290482521057129
0.30188417434692383
-0.11173796653747559
-0.1282336711883545
0.617734432220459
-0.2218555212020874
-0.2162625789642334
0.13763880729675293
-0.22030818462371826
0.15645062923431396
-0.48937976360321045
-0.03273320198059082
0.5547913908958435
-0.008020162582397461
0.043488383293151855
0.20023226737976074
-0.317924439907074
-0.6934656500816345
-0.03490173816680908
-0.08052575588226318
-0.2007773518562317
0.09588158130645752
0.13022994995117188
-0.6506367921829224
0.13882160186767578
0.2145165205001831
0.39257383346557617
0.2097550630569458
0.22281146049499512
0.005268216133117676
-0.005135774612426758
-0.44045406579971313
0.07693719863891602
0.08193051815032959
0.06349146366119385
-0.1381208896636963
0.31234288215637207
0.3251941204071045
-0.6619982719421387
-0.12321388721466064
-0.07710134983062744
-0.19501864910125732
-0.8184190392494202
0.07160425186157227
-0.4581577181816101
-0.2152354121208191
-0.3149605393409729
0.5436104536056519
0.14179039001464844
-0.31212103366851807
-0.3488931655883789
-0.0908551812171936
-0.43799889087677
-0.4046114683151245
-0.31861358880996704
-0.026699423789978027
0.1010504961013794
-0.018946051597595215
0.3602631092071533
-0.04098343849182129
-0.1820152997970581
-0.06596487760543823
0.23906052112579346
0.13825011253356934
-0.3285588026046753
-0.3021277189254761
0.41135573387145996
0.38145899772644043
-0.2059694528579712
-0.4049874544143677
-0.001404881477355957
0.24135494232177734
-0.1669938564300537
-0.049533724784851074
-0.2394927740097046
0.14770162105560303
0.006795763969421387
0.045072197914123535
-0.062426209449768066
0.5123085975646973
-0.12823045253753662
0.1380479335784912
0.515285849571228
0.11490380764007568
0.062461018562316895
-0.11499828100204468
-0.47352027893066406
-0.2566297650337219
0.1638014316558838
-0.0287703275680542
-0.45589137077331543
0.09937882423400879
-0.01688849925994873
-0.06829249858856201
-0.059507131576538086
0.10472673177719116
-0.2269151210784912
-0.4257476329803467
0.007879257202148438
-0.1479649543762207
0.28372669219970703
0.05137091875076294
-0.2405613660812378
0.12833964824676514
-0.794609010219574
0.15701723098754883
-0.6904189586639404
-0.09674811363220215
-0.014676690101623535
-0.12009763717651367
0.5975856781005859
-0.38378167152404785
0.041828453540802
-0.34116625785827637
0.04137778282165527
-0.20622295141220093
0.5637359619140625
-0.6753097772598267
-0.38777077198028564
0.46479761600494385
0.4224954843521118
0.05373024940490723
0.31342148780822754
-0.5631991028785706
-0.164739191532135
0.20000708103179932
0.1306905746459961
0.22721344232559204
-0.22119128704071045
-0.21575891971588135
0.02560102939605713
-0.4985131621360779
-0.09002023935317993
-0.45079028606414795
0.12826192378997803
0.012209892272949219
-0.12071079015731812
0.03497791290283203
-0.15212500095367432
-0.08433282375335693
0.07390391826629639
-0.07762312889099121
-0.13659167289733887
0.08152461051940918
-0.09583032131195068
0.6970474720001221
0.5311617851257324
0.503786563873291
-0.2294532060623169
0.045555949211120605
-0.09734129905700684
-0.11757123470306396
-0.5805233716964722
-0.1080251932144165
0.0005980730056762695
0.07953488826751709
-0.06882941722869873
-0.19857215881347656
-0.16711652278900146
-0.723292887210846
-0.015211820602416992
0.11833488941192627
-0.06519627571105957
-0.12653577327728271
-0.3308069109916687
0.06814020872116089
-0.1804513931274414
-0.14899718761444092
0.24756431579589844
-0.08641356229782104
0.3006782531738281
-0.1198575496673584
-0.16055262088775635
-0.25293028354644775
0.31176817417144775
-0.40682634711265564
-0.6590708494186401
-0.07435941696166992
-0.25782591104507446
-0.1128726601600647
-0.08930432796478271
-0.0944254994392395
-0.1968974471092224
-0.21363836526870728
-0.05461156368255615
-0.6354710459709167
-0.2872936725616455
-0.13943469524383545
1.4043066501617432
0.15881973505020142
-0.5369950532913208
-0.16887927055358887
0.5872030258178711
-0.18298101425170898
0.15657496452331543
-0.21529340744018555
0.1292824149131775
-0.33600914478302
1.0077385902404785
-0.03518843650817871
-0.3781191110610962
0.03298163414001465
0.12083494663238525
0.7235249280929565
-0.11063778400421143
-0.032822608947753906
-0.6263809204101562
-0.08388054370880127
0.19846296310424805
-0.10215222835540771
0.003319978713989258
0.2881038188934326
-0.09769070148468018
0.03249788284301758
-0.4456198215484619
1.0539987087249756
0.3051478862762451
-0.12866616249084473
-0.22659051418304443
-0.24801325798034668
0.19774389266967773
0.11186885833740234
-0.10180771350860596
-0.12289750576019287
-0.07482326030731201
-0.21033823490142822
-0.1255415678024292
-0.2881286144256592
-0.08339834213256836
-0.06389737129211426
0.02794194221496582
-0.08425819873809814
0.149760901927948
-0.11066603660583496
0.18115699291229248
0.5203152894973755
0.021721065044403076
-0.2748286724090576
0.21602892875671387
-0.10063308477401733
-0.2739108204841614
-0.4468374252319336
-0.1914566159248352
-0.453856885433197
-0.038577914237976074
0.08360552787780762
0.10724818706512451
0.04406332969665527
0.9962478876113892
0.5591634511947632
-0.19268441200256348
-0.2822225093841553
-0.5631858706474304
0.536296010017395
0.12528979778289795
0.0038170814514160156
-0.23196160793304443
0.6801143884658813
0.3839653730392456
0.09245550632476807
0.13053500652313232
-6.127357482910156e-05
-0.5023683905601501
-0.09119641780853271
-0.2360866665840149
0.2343272566795349
0.36931025981903076
-0.0970313549041748
-0.3815518021583557
0.3665386438369751
-0.28206515312194824
0.2504885196685791
-0.00042748451232910156
-0.8948858976364136
-0.03764522075653076
-0.08121657371520996
0.3465174436569214
-0.14941632747650146
-0.33755308389663696
0.13867586851119995
-0.2984863519668579
-0.5679688453674316
-0.02628350257873535
-0.42163562774658203
-0.1761934757232666
0.07441413402557373
-0.4092649221420288
0.00539088249206543
0.3902825713157654
-0.10979306697845459
0.05856430530548096
0.4746732711791992
-0.14569687843322754
-0.6227791905403137
0.15790843963623047
0.15685486793518066
0.5898057222366333
0.2759915590286255
-0.12169802188873291
0.08039641380310059
-0.24978923797607422
-0.20903921127319336
-0.47154712677001953
-0.08222377300262451
-0.07052910327911377
0.3391566276550293
0.40785521268844604
-0.06403148174285889
-0.3049027919769287
-0.23523664474487305
0.006142973899841309
0.636276364326477
0.31554698944091797
0.16935491561889648
-0.5238409638404846
0.5639680624008179
-0.8607445359230042
0.023057937622070312
0.80427086353302
-0.31248217821121216
-0.46282458305358887
-0.3952922821044922
-0.02078831195831299
-0.28829944133758545
-0.3344417214393616
0.4624518156051636
0.49651193618774414
-0.12654876708984375
-0.11792236566543579
0.09170675277709961
0.27435147762298584
-0.08609879016876221
0.28161776065826416
-0.4260309338569641
-0.10847592353820801
0.03995800018310547
0.1749112606048584
0.19146335124969482
-0.18214112520217896
0.3755362033843994
-0.3857432007789612
-0.5252755880355835
-0.004075527191162109
-0.18534517288208008
-0.26452887058258057
0.1532101035118103
-0.26930177211761475
0.13359642028808594
-0.02795177698135376
-0.31225037574768066
-0.5624586343765259
-0.4296225309371948
-0.003916501998901367
-0.06403481960296631
0.026397883892059326
0.25747132301330566
-0.2165507674217224
0.49992966651916504
-0.3035459518432617
0.03783583641052246
-0.269903302192688
0.5446641445159912
0.4236818552017212
-0.19776219129562378
-0.15087753534317017
-0.19394028186798096
-0.19301080703735352
0.12980926036834717
-0.11671459674835205
0.05426192283630371
-0.14798986911773682
-0.07576429843902588
0.20627760887145996
0.5875295400619507
-0.10436230897903442
-0.44036805629730225
-0.5830081701278687
0.405134916305542
-0.11815929412841797
-0.43863344192504883
0.13248968124389648
0.31001853942871094
-0.02024662494659424
-0.13690489530563354
-0.2579634189605713
0.5924085378646851
-0.7854042649269104
0.07522761821746826
0.20052051544189453
-0.1392524242401123
-0.6691683828830719
-0.16040515899658203
-0.35822534561157227
0.09316134452819824
-0.38953208923339844
0.25706708431243896
0.1722639799118042
-0.4162217378616333
-0.12453913688659668
0.16856610774993896
-0.11644959449768066
0.22111499309539795
0.07475388050079346
0.3368953466415405
0.12512409687042236
-0.38493800163269043
0.1726217269897461
0.1324152946472168
-0.29902809858322144
-0.1613776683807373
0.012287735939025879
-0.160791277885437
0.03943943977355957
-0.2846231460571289
-0.427820086479187
-0.006863713264465332
-0.054364562034606934
0.16475236415863037
0.02963179349899292
-0.5935466289520264
-0.17001092433929443
-0.39337724447250366
-0.2799130082130432
0.05724227428436279
-0.04185819625854492
-0.006152987480163574
0.02492499351501465
0.05734008550643921
-0.42101430892944336
0.4921598434448242
-0.19707143306732178
-0.19367831945419312
-0.2872108221054077
-0.24750468134880066
-0.7759594321250916
-0.04718625545501709
-0.14439642429351807
1.0165176391601562
0.6217470169067383
-0.32596611976623535
-0.21211421489715576
-0.2191237211227417
-0.019062042236328125
-0.35224127769470215
0.25362950563430786
0.19048094749450684
-0.41463279724121094
-0.4143742322921753
0.031798720359802246
-0.27967119216918945
-0.37336599826812744
-0.37599003314971924
0.07153308391571045
-0.21316289901733398
-0.00984567403793335
-0.47850847244262695
-0.4439200162887573
-0.12106847763061523
-0.45440852642059326
-0.26164311170578003
0.4337560534477234
0.10302531719207764
-0.18215441703796387
-0.9591194987297058
0.18551743030548096
-0.4401724934577942
-0.10077059268951416
0.0797584056854248
0.015597939491271973
-0.25493478775024414
0.5865952372550964
0.016815543174743652
0.025963902473449707
-0.13565075397491455
-0.13261234760284424
-0.15897715091705322
0.4211004972457886
-0.10071426630020142
0.07091343402862549
-0.11916995048522949
-0.09242916107177734
-0.1157156229019165
-0.12557482719421387
0.09144651889801025
-0.2689937353134155
-0.24476778507232666
-0.059217095375061035
-0.19765782356262207
0.09317135810852051
-0.4316885471343994
0.08008497953414917
-0.030128836631774902
0.720850944519043
-0.2865779399871826
-0.06671535968780518
0.7134420871734619
0.1751166582107544
0.058113694190979004
0.11474978923797607
-0.6018930673599243
0.4086339473724365
-0.19303220510482788
-0.1148260235786438
0.29209470748901367
0.16818678379058838
0.025819599628448486
-0.4865783452987671
-0.3242861032485962
-0.1948811411857605
0.7733137607574463
1.5299463272094727
-0.27803438901901245
-0.34834975004196167
0.01083981990814209
-0.07315671443939209
0.008222222328186035
-0.05160951614379883
0.14791369438171387
-0.5615274906158447
-0.1407848596572876
-0.1202998161315918
0.011229157447814941
0.2069154977798462
-0.5410921573638916
-0.0764850378036499
-0.009752869606018066
0.3075600862503052
-0.07255208492279053
-0.1295938491821289
-0.00344926118850708
0.05575454235076904
-0.1842285394668579
-0.012493252754211426
-0.029684782028198242
0.04910624027252197
-0.18603599071502686
0.09648287296295166
0.25267016887664795
-0.20220547914505005
0.10932731628417969
-0.11609005928039551
-0.569739818572998
0.3214383125305176
-0.09918010234832764
0.3696401119232178
-0.6532045602798462
0.43846285343170166
0.17099487781524658
-0.10260283946990967
-0.021487414836883545
-0.27256888151168823
0.25549155473709106
0.20774555206298828
0.10133391618728638
0.34265899658203125
0.5308651924133301
-0.110420823097229
-0.03619891405105591
0.2838444709777832
-0.7478717267513275
0.08385562896728516
0.054483890533447266
-0.8613110780715942
-0.22368955612182617
0.17237329483032227
-0.02703404426574707
-0.013848483562469482
-0.22024190425872803
0.030347466468811035
-0.07201683521270752
-0.11115634441375732
0.02221304178237915
0.07168209552764893
-0.15643084049224854
-0.2852807641029358
-0.21874427795410156
0.04367554187774658
-0.3093726634979248
0.11208093166351318
-0.35627037286758423
-0.16786861419677734
0.3569962978363037
0.22579360008239746
-0.03610283136367798
-0.1913970708847046
0.2939436435699463
-0.2573322057723999
0.1112062931060791
0.17726731300354004
-0.9138600528240204
-0.1376936435699463
0.3081996440887451
0.1456141471862793
-0.3439825773239136
-0.4838845729827881
0.17020606994628906
-0.3505018949508667
0.14179039001464844
-0.13943630456924438
-0.0367274284362793
-0.27846837043762207
-0.8428504467010498
0.02051985263824463
0.012382268905639648
-0.5340843200683594
0.034134864807128906
0.1472461223602295
-0.3237212896347046
-0.31500375270843506
-0.20770394802093506
0.5526012182235718
0.2753009796142578
1.2536495923995972
-0.31694698333740234
-0.42269909381866455
0.017493128776550293
0.36134159564971924
-0.3415555953979492
-0.15710508823394775
-0.06441760063171387
-0.249378502368927
-0.4013841152191162
-0.02658843994140625
-0.18039816617965698
-0.6319473683834076
-0.7484018206596375
0.3511296510696411
0.36747467517852783
0.21211767196655273
0.02914142608642578
-0.3325812816619873
-0.3393820524215698
-0.5959489345550537
-0.340132474899292
-0.061004638671875
-0.30503690242767334
0.10182929039001465
-0.2029029130935669
0.13567733764648438
-0.075661301612854
-0.3977012634277344
-0.005158901214599609
-0.00040268898010253906
-0.7391607165336609
-0.02990853786468506
-0.07091343402862549
-0.5820110440254211
-0.3954198360443115
-0.8218169510364532
0.55656898021698
0.4774816036224365
0.05747270584106445
-0.5826653838157654
-0.35298359394073486
0.3898916244506836
-0.4119504690170288
0.09107053279876709
-1.088476449251175
0.7461421489715576
0.44543397426605225
-0.11105537414550781
-0.5132098197937012
0.20787298679351807
0.07472556829452515
0.08314317464828491
0.036899685859680176
0.20352256298065186
0.06368029117584229
0.22674787044525146
-0.1968759298324585
0.16964799165725708
0.4987419843673706
-0.2003963589668274
-0.39802098274230957
0.05706512928009033
0.2912266254425049
0.027020812034606934
-0.4158189296722412
-0.1336592435836792
-0.30872470140457153
0.08169698715209961
-0.3695206642150879
-0.8160167336463928
0.07297611236572266
0.8707494139671326
-0.03464329242706299
0.09086847305297852
-1.2012050151824951
-0.31500375270843506
0.20036649703979492
-0.22577178478240967
0.17005383968353271
-0.3528096675872803
-0.13744831085205078
0.03850841522216797
0.433368444442749
-0.20470869541168213