-0.259475976228714
0.043531447649002075
-0.3424668312072754
-0.29273098707199097
-0.40798771381378174
-0.28209322690963745
-0.14671748876571655
-0.6860700994729996
-0.11702612042427063
-0.5120899230241776
-0.4635816812515259
-0.3374403119087219
0.14108967781066895
-0.32767242193222046
0.18485483527183533
-0.07873806357383728
-0.2956947982311249
-0.5679009109735489
-0.38645052909851074
-0.38264352083206177
-0.41284188628196716
0.20821097493171692
-0.4369601458311081
-0.16596508026123047
-0.37806934118270874
-0.3198528587818146
-0.1625158190727234
-0.31179454922676086
-0.362806111574173
-0.1954726278781891
-0.1962297260761261
-0.15509048104286194
-0.3316270112991333
-0.46616941690444946
-0.4449370801448822
-0.6527289748191833
-0.44270554184913635
-0.23608672618865967
-0.3166868984699249
-0.4118644595146179
0.39960816502571106
-0.5438786745071411
-0.29605430364608765
-0.2983587980270386
-0.4872940480709076
-0.5108291506767273
-0.3025883436203003
-0.3846166431903839
-0.15381649136543274
-0.1864767074584961
-0.43180447816848755
-0.2945599853992462
0.1773400604724884
-0.22392648458480835
-0.23271363973617554
-0.8315334022045135
-0.039091557264328
-0.22172805666923523
0.023497045040130615
-0.36600857973098755
-0.4611165225505829
-0.11075553297996521
-0.22397950291633606
-0.2674812376499176
-0.2914271354675293
-0.019360274076461792
0.018849939107894897
-0.13114947080612183
-0.20130258798599243
-0.4146890491247177
0.18770268559455872
-0.23694482445716858
0.025998592376708984
-0.2565104812383652
-0.32358869910240173
-0.1682894229888916
-0.3215957283973694
0.024111688137054443
-0.4668155610561371
-0.09601247310638428
-0.09619477391242981
0.25773976743221283
-0.41640710830688477
0.03647896647453308
-0.09661218523979187
-0.5565889775753021
-0.12212708592414856
-0.26980215311050415
-0.3646683096885681
-0.29771095514297485
-0.28589707612991333
-0.29145699739456177
-0.19201180338859558
-0.3156382441520691
-0.06608083844184875
0.025524824857711792
-0.665024995803833
0.18004217743873596
-0.46397267282009125
-0.18647673726081848
-0.44271379709243774
-0.4848271906375885
-0.07934609055519104
-0.6655717641115189
-0.36777128279209137
-0.35564756393432617
0.05861079692840576
-0.4144505262374878
-0.44924625754356384
-0.3446105420589447
-0.5144143104553223
-0.14033102989196777
0.08657926321029663
0.03165954351425171
-0.07110559940338135
-0.3058040142059326
-0.48073849081993103
0.0189245343208313
-0.5228187590837479
-0.5100505352020264
-0.17619529366493225
-0.36579975485801697
-0.2333100140094757
-0.15613090991973877
-0.5865851491689682
-0.1826348602771759
-0.24355176091194153
-0.23576366901397705
-0.1816175878047943
-0.3563748300075531
-0.4399603307247162
-0.49255572259426117
-0.35141462087631226
-0.16837391257286072
-0.5522665977478027
-0.45734086632728577
-0.9526103883981705
-0.029459446668624878
-0.013089597225189209
-0.5183340460062027
0.07707637548446655
0.2248227298259735
-0.24640300869941711
0.5016228556632996
-0.2413516640663147
-0.04385453462600708
-0.5668173581361771
-0.2701301872730255
-0.22656390070915222
0.07323786616325378
-0.2945798635482788
-0.5411699414253235
-0.46313774585723877
-0.43692535161972046
-0.2728588283061981
-0.3440423309803009
-0.1916389763355255
-0.354953408241272
0.16588887572288513
0.13850361108779907
-0.16657805442810059
-0.16836240887641907
-0.2355416715145111
-0.8580241650342941
-0.21330863237380981
0.1702924370765686
-0.522268682718277
-0.13166144490242004
-0.28343188762664795
-0.47827497124671936
-0.2503574788570404
-0.3083801567554474
-0.1883801817893982
-0.362824410200119
-0.38401684165000916
-0.055146634578704834
-0.11442509293556213
0.0847303569316864
-0.4912436157464981
-0.38146722316741943
-0.2825753688812256
-0.27845680713653564
-0.44653254747390747
-0.37715813517570496
-0.23929575085639954
-0.18973055481910706
-0.649268165230751
-0.4598458409309387
-0.1955786943435669
-0.27198413014411926
-0.966518223285675
0.10769224166870117
-0.4810831546783447
-0.5386551022529602
-0.4383235573768616
-0.6010183393955231
-0.06511503458023071
-0.3982910066843033
-0.12877213954925537
-0.400689959526062
-0.028087735176086426
-0.17646363377571106
-0.14796334505081177
-0.5663170516490936
-0.5942987203598022
-0.06054583191871643
-0.2974509000778198
-0.6845492571592331
-0.11148610711097717
-0.4266073405742645
-0.03672906756401062
-0.5726108551025391
-0.2457883059978485
-0.2027173638343811
-0.22670978307724
-0.1227235198020935
-0.1421002745628357
-0.3807796835899353
-0.07298925518989563
-0.6816169619560242
-0.3253795802593231
-0.07040157914161682
-0.29261666536331177
-0.5828642547130585
-0.2922753691673279
-0.3131498396396637
-0.35382184386253357
-0.35124897956848145
0.21472519636154175
-0.07776221632957458
-0.5340179353952408
-0.4767308980226517
-0.47311432659626007
-0.08151969313621521
-0.4871979057788849
-0.4003652483224869
-0.2875951826572418
-0.2215275764465332
-0.3033968210220337
-0.40771767497062683
-0.18556055426597595
-0.2174321711063385
-0.7743839025497437
-0.5633864104747772
-0.7601097971200943
-0.18683624267578125
0.09302377700805664
0.1958983838558197
-0.17452526092529297
-0.16520801186561584
-0.4447532296180725
-0.20563149452209473
-0.6005361974239349
-0.3011651635169983
-0.16020309925079346
-0.06542980670928955
-0.4032661020755768
-0.43286144733428955
-0.3855576366186142
-0.21722179651260376
-0.6874004751443863
-0.4068959653377533
-0.18675664067268372
-0.5394867658615112
0.024603664875030518
-0.10971510410308838
-0.19986456632614136
-0.38414281606674194
-0.2152785062789917
-0.26592716574668884
-0.4078403115272522
-0.520908534526825
-0.06981673836708069
-0.3062760829925537
-0.4611678421497345
-0.5114040523767471
-0.20055699348449707
-0.21760287880897522
-0.3297317326068878
-0.2649199366569519
-0.5993052423000336
-0.5056536495685577
-0.2669593393802643
-0.26703882217407227
-0.14170432090759277
-0.09361523389816284
-0.1685296595096588
-0.4200020730495453
-0.4699168801307678
-0.33011773228645325
-0.0953298807144165
-0.2296818196773529
-0.7009456753730774
-0.5827333182096481
-0.13509076833724976
-0.4261285960674286
-0.45900917053222656
-0.39891065657138824
-0.12185871601104736
0.1278708279132843
-0.4891047924757004
-0.12968164682388306
-0.2780343294143677
-0.35410186648368835
-0.2620256841182709
-0.527008518576622
-0.07590007781982422
-0.10013437271118164
-0.18742603063583374
-0.2874774932861328
-0.43147969245910645
-0.2250480353832245
-0.17937782406806946
-0.749084398150444
-0.1491595208644867
-0.32743221521377563
-0.15506067872047424
-0.10686066746711731
-0.3522379696369171
-0.21471849083900452
0.09537965059280396
-0.2658675014972687
0.055943578481674194
-0.2078498899936676
-0.21959257125854492
-0.2715384364128113
-0.28815513849258423
-0.2772705852985382
0.12025341391563416
-0.2966821789741516
-0.2585582137107849
-0.17633602023124695
-0.2871164083480835
-0.17533376812934875
-0.39073312282562256
-0.28500911593437195
0.16069015860557556
-0.08983126282691956
-0.5424274355173111
-0.38963475823402405
-0.46523338556289673
0.016374856233596802
0.03869062662124634
0.4845886528491974
-0.20910564064979553
-0.23938852548599243
0.03989335894584656
-0.049245476722717285
-0.4203367531299591
-0.2024688422679901
-0.43186403810977936
-0.7285479456186295
-0.2300446331501007
-0.7721673101186752
-0.12040248513221741
-0.3409509062767029
-0.11203613877296448
-0.4782286733388901
-0.3545491397380829
-0.600511446595192
-0.4221790134906769
-0.22225981950759888
-0.2901398837566376
-0.3120845556259155
-0.35153892636299133
-0.04165613651275635
-0.5890635848045349
-0.4281614124774933
-0.37571677565574646
-0.0703468918800354
-0.121002197265625
-0.3509276211261749
-0.37759220600128174
-0.6125191897153854
-0.12000653147697449
-0.4923735707998276
-0.34379711747169495
0.37367579340934753
0.023424118757247925
-0.09489595890045166
-0.3486230969429016
-0.18314677476882935
0.03310588002204895
-0.2513449490070343
-0.29328101873397827
-0.3117317259311676
-0.5664081871509552
-0.19519752264022827
-0.41893360018730164
-0.14226430654525757
-0.3070664405822754
-0.17867201566696167
-0.3107675015926361
-0.05939608812332153
0.241578608751297
-0.23660346865653992
-0.32981622219085693
-0.09709268808364868
-0.36747631430625916
-0.4083637595176697
-0.3791942298412323
-0.19705480337142944
0.07058876752853394
-0.35193976759910583
-0.23069578409194946
-0.10744538903236389
-0.30964425206184387
-0.40877628326416016
-0.17393049597740173
-0.01758754253387451
-0.29536017775535583
-0.5954187661409378
-0.17136266827583313
0.28622177243232727
0.046286553144454956
-0.7105098515748978
0.02433037757873535
-0.32779011130332947
-0.3266634941101074
-0.6029302030801773
-0.40537676215171814
-0.0712895393371582
-0.2397778034210205
-0.5201448202133179
0.01552492380142212
-0.300330251455307
-0.1646447479724884
-0.5694896727800369
-0.5560686886310577
-0.27151355147361755
-0.23966184258460999
-0.16218113899230957
-0.33053523302078247
-0.5307725071907043
-0.131086528301239
-0.09608536958694458
-0.28570491075515747
-0.3787916600704193
-0.5640026330947876
-0.31403279304504395
-0.5491900742053986
-0.16614732146263123
-0.5317913889884949
-0.22352880239486694
-0.22632700204849243
0.026447534561157227
0.01348721981048584
0.001996368169784546
-0.31877601146698
0.09561985731124878
-0.24948769807815552
0.37476590275764465
-0.48281267285346985
-0.49356962740421295
-0.5638386011123657
0.27079451084136963
-0.4536215364933014
-0.3891426920890808
-0.1903119683265686
-0.5129463970661163
-0.07648497819900513
-0.36664310097694397
0.1149204671382904
0.2108302116394043
-0.369285523891449
-0.19631922245025635
0.1219465434551239
-0.2675060033798218
-0.1358545422554016
-0.21231627464294434
0.07035183906555176
-0.37162643671035767
-0.22118961811065674
-0.3013606667518616
-0.01837444305419922
-0.11950120329856873
-0.23001983761787415
-0.18689584732055664
-0.1913391351699829
0.1645900309085846
0.0650072991847992
-0.4653991162776947
-0.4660186618566513
-0.2713644504547119
-0.188829243183136
-0.34499499201774597
-0.3056432604789734
0.17058730125427246
-0.642177402973175
-0.20399627089500427
-0.26690301299095154
-0.3808707594871521
-0.2694062292575836
-0.4420809745788574
-0.42902281880378723
-0.5573543459177017
-0.117779940366745
-0.14161157608032227
-0.36295855045318604
-0.6136159002780914
-0.058918893337249756
-0.22863805294036865
-0.555563434958458
-0.25191813707351685
-0.1581752598285675
0.033488571643829346
-0.2694393992424011
-0.5561001896858215
-0.018846631050109863
-0.0878598690032959
-0.01413002610206604
-0.1882195770740509
-0.21492892503738403
0.32283326983451843
0.2079293131828308
-0.18206989765167236
-0.27503904700279236
-0.4798620790243149
-0.09815791249275208
-0.14507409930229187
-0.24633502960205078
-0.5981704890727997
-0.5814559459686279
-0.21245869994163513
-0.44370952248573303
-0.3567226827144623
-0.2787036597728729
-0.2247498631477356
-0.19816473126411438
-0.529496893286705
-0.36729082465171814
0.07991427183151245
-0.43697506189346313
-0.30703163146972656
-0.0787116289138794
-0.1540335714817047
-0.4137977957725525
-0.3072022497653961
0.030796408653259277
0.18046453595161438
-0.2716609835624695
-0.451617032289505
-0.07262319326400757
-0.07472717761993408
-0.17958489060401917
-0.12102705240249634
-0.7768541574478149
-0.18150165677070618
0.008722543716430664
-0.37313732504844666
-0.27558082342147827
-0.017158418893814087
-0.6180458962917328
0.3601471185684204
-0.35946783423423767
-0.05767145752906799
-0.23879534006118774
-0.44154754281044006
-0.2502497732639313
-0.3987218141555786
-0.24694466590881348
0.30743253231048584
0.460649311542511
-0.27097854018211365
-0.06046295166015625
-0.2550724744796753
-0.29235324263572693
-0.4850194454193115
-0.27921396493911743
-0.36749789118766785
-0.3293192386627197
0.1716475486755371
-0.39959150552749634
-0.46324537694454193
-0.13873717188835144
0.0964299738407135
-0.17060387134552002
0.2568020522594452
-0.3182607591152191
-0.28473079204559326
-0.2435566782951355
-0.02925732731819153
-0.0691341757774353
-0.7515943348407745
-0.25829315185546875
-0.01806795597076416
-0.24445796012878418
-0.47681039571762085
-0.5679506063461304
-0.11504307389259338
-0.26299649477005005
-0.4589677155017853
-0.30813491344451904
-0.2342824935913086
-0.6368213593959808
-0.5007912516593933
0.03126361966133118
-0.4725576937198639
-0.33917662501335144
-0.26587748527526855
-0.3146210014820099
-0.0801180899143219
-0.6337680518627167
-0.09915527701377869
-0.47063587605953217
-0.5200553238391876
-0.04133966565132141
-0.2537752389907837
-0.000767052173614502
-0.5113361179828644
0.040859222412109375
0.0309886634349823
0.09659725427627563
-0.1992647647857666
-0.0450291633605957
-0.34585145115852356
0.32590147852897644
-0.22467532753944397
-0.5647979080677032
-0.4950259029865265
-0.3873601257801056
-0.24649903178215027
-0.2784518897533417
-0.5871368497610092
-0.40151166915893555
-0.15244805812835693
-0.34512242674827576
-0.17992937564849854
-0.28864556550979614
-0.6766187399625778
-0.5420082807540894
0.12324044108390808
0.1543217897415161
-0.10786950588226318
-0.0587383508682251
-0.28497105836868286
-0.2831783890724182
-0.5888167470693588
-0.441946804523468
-0.30257341265678406
-0.375587522983551
-0.5858976095914841
-0.11255466938018799
-0.10361507534980774
-0.17509520053863525
-0.465866282582283
-0.232405424118042
-0.36109477281570435
-0.24584630131721497
-0.1236661970615387
-0.16745615005493164
-0.19674330949783325
-0.15589570999145508
-0.1745401918888092
-0.002890944480895996
-0.4155421853065491
-0.27398863434791565
-0.40066176652908325
-0.23286935687065125
0.2297944724559784
-0.2845916152000427
-0.2243439257144928
-0.5550979375839233
-0.48508068919181824
-0.27081772685050964
0.028385967016220093
-0.15162795782089233
-0.19436922669410706
-0.34349727630615234
-0.31836017966270447
-0.08805370330810547
-0.5327242016792297
-0.15950223803520203
-0.42573103308677673
-0.17081588506698608
-0.28861069679260254
-0.09684085845947266
-0.26587918400764465
-0.3363785147666931
-0.40426182746887207
-0.5642577707767487
-0.13585948944091797
-0.1751166582107544
-0.2877393066883087
-0.27559903264045715
-0.5485009700059891
-0.2851365804672241
-0.1395738422870636
-0.5818685442209244
-0.16174718737602234
-0.16218110918998718
-0.29499906301498413
-0.1410384178161621
-0.4270613193511963
-0.552644282579422
-0.33888667821884155
0.23324045538902283
-0.02960526943206787
-0.24032452702522278
0.2730410695075989
-0.37597689032554626
-0.04287374019622803
-0.5061241537332535
-0.34164172410964966
-0.1267244517803192
-0.5859125554561615
-0.41313832998275757
-0.5261884927749634
-0.07226037979125977
-0.10784962773323059
0.04458346962928772
-0.0748944878578186
-0.1736885905265808
-0.4688367247581482
-0.283841073513031
-0.49445590376853943
-0.661772832274437
-0.5468126684427261
0.395539253950119
-0.15836745500564575
-0.14121559262275696
0.08010318875312805
-0.2841840088367462
-0.21682414412498474
-0.07502377033233643
-0.5347966700792313
-0.5432011485099792
-0.08982303738594055
-0.4976468086242676
-0.3224638104438782
-0.25755083560943604
-0.23387500643730164
-0.37048497796058655
-0.059447407722473145
0.5401030778884888
-0.05163106322288513
-0.4560353457927704
-0.12259921431541443
-0.3267380893230438
-0.3477003872394562
-0.4883974492549896
-0.40012168884277344
-0.338467538356781
-0.1611606478691101
0.7791188508272171
-0.7026984691619873
-0.08193713426589966
-0.24508756399154663
-0.17438775300979614
-0.39682650566101074
-0.17308396100997925
-0.07984808087348938
-0.23582163453102112
-0.3909849524497986
-0.25442302227020264
-0.4814542233943939
-0.25227099657058716
-0.2687651216983795
-0.018253564834594727
-0.2508992552757263
-0.09707775712013245
-0.10951128602027893
-0.3245048522949219
0.015266478061676025
-0.2852708399295807
-0.4139237403869629
-0.5140149742364883
-0.34206587076187134
-0.1517588496208191
-0.011522352695465088
-0.5829072892665863
-0.21172818541526794
-0.23054832220077515
0.08272245526313782
-0.1834946572780609
-0.26670584082603455
-0.5069524645805359
-0.24508091807365417
-0.4452916085720062
-0.09719374775886536
-0.25652366876602173
-0.28011348843574524
-0.12131863832473755
-0.5844165831804276
-0.42508648335933685
0.1773400604724884
-0.24417969584465027
-0.4513237476348877
-0.24216347932815552
-0.17027583718299866
-0.019807517528533936
-0.39297792315483093
-0.23033791780471802
-0.32923635840415955
-0.15769484639167786
-0.14275136590003967
-0.6268960237503052
-0.23254302144050598
-0.2543269693851471
-0.7341427057981491
-0.25301817059516907
-0.024829000234603882
-0.5780580937862396
-0.2438168227672577
0.033183753490448
-0.24920934438705444
-0.46651405096054077
-0.42899468541145325
-0.17956334352493286
0.18549594283103943
-0.4211171269416809
0.12730097770690918
-0.542937695980072
-0.33743709325790405
-0.3893515169620514
-0.4072471708059311
-0.1551269292831421
-0.27830931544303894
-0.4414779841899872
-0.42356404662132263
-0.7018353492021561
0.13284093141555786
0.0847700834274292
-0.3857266306877136
-0.6559909582138062
-0.3239183723926544
0.10652092099189758
0.23144790530204773
-0.27454036474227905
-0.145864337682724
-0.12684869766235352
0.2493501603603363
-0.39428016543388367
-0.29920703172683716
-0.3197302222251892
-0.1761736273765564
-0.3503493666648865
-0.35276487469673157
-0.39442434906959534
-0.1418733298778534
-0.0775403082370758
-0.3837021291255951
-0.28757360577583313
-0.38491150736808777
-0.1860857605934143
-0.29668882489204407
-0.4192168116569519
-0.12430903315544128
-0.3384377062320709
-0.17235001921653748
-0.2329903244972229
-0.5459313839673996
-0.29684120416641235
-0.09506478905677795
-0.10636693239212036
-0.7304035425186157
-0.5177591145038605
-0.32049068808555603
-0.6783019006252289
-0.2812102437019348
-0.1858770251274109
-0.21775361895561218
-0.5040697306394577
-0.2912150025367737
-0.2882611155509949
-0.4960778057575226
-0.265438437461853
-0.4739874005317688
-0.4751090109348297
-0.1994238793849945
0.279112845659256
-0.2250082790851593
0.2433745265007019
-0.7140700221061707
-0.3144553303718567
-0.4187546372413635
-0.5526526570320129
-0.16462647914886475
-0.5874102115631104
-0.2108103632926941
-0.03795173764228821
-0.043983787298202515
-0.44694674015045166
-0.08257997035980225
-0.11272528767585754
-0.0895811915397644
-0.3078118562698364
-0.4046676754951477
-0.4138275682926178
-0.1799691617488861
-0.17237645387649536
0.11203944683074951
-0.026653021574020386
-0.07140716910362244
-0.20238935947418213
-0.41653457283973694
-0.14182358980178833
-0.18984314799308777
-0.7368380278348923
0.19245252013206482
-0.011572062969207764
-0.48775631189346313
-0.46519699692726135
-0.1929958462715149
-0.43497371673583984
-0.7262185961008072
-0.225286602973938
-0.4313008189201355
-0.15357959270477295
-0.15334931015968323
-0.13455232977867126
-0.19892680644989014
-0.2831999659538269
-0.43099600076675415
-0.05054593086242676
-0.6078124940395355
-0.1453043520450592
-0.41197872161865234
-0.3081051707267761
-0.22869610786437988
0.5791233479976654
-0.4306464195251465
-0.5900327116250992
-0.43249695003032684
-0.3499683141708374
-0.3979944735765457
-0.3026065528392792
-0.36013391613960266
-0.15418589115142822
-0.18026074767112732
-0.25533586740493774
0.2745303809642792
-0.5028405487537384
-0.1587667465209961
-0.2054111659526825
-0.30986958742141724
-0.3799993693828583
-0.14903691411018372
-0.15257728099822998
0.13148248195648193
-0.0022116899490356445
-0.09421661496162415
-0.44148124754428864
-0.0681285560131073
0.30050256848335266
-0.08304715156555176
-0.3523406684398651
-0.6170684993267059
-0.42739102244377136
-0.20910558104515076
-0.23021867871284485
-0.3114980459213257
-0.24545037746429443
-0.4629521071910858
0.0928564965724945
-0.3000154495239258
-0.42351268231868744
-0.1878567636013031
-0.3379473388195038
-0.293459951877594
0.16133961081504822
-0.268175333738327
-0.2006116807460785
-0.3503427505493164
-0.4353747069835663
-0.17214784026145935
-0.15302953124046326
-0.012206584215164185
-0.41624632477760315
-0.18683788180351257
-0.36049503087997437
-0.33600571751594543
-0.5342997014522552
-0.5985548496246338
-0.3022752106189728
0.31712591648101807
-0.19028878211975098
-0.35891619324684143
0.02872893214225769
-0.6851109266281128
-0.22126907110214233
-0.009849131107330322
-0.3155221939086914
-0.19375130534172058
-0.5392101258039474
-0.3953486979007721
-0.05641236901283264
-0.09025216102600098
0.0962759256362915
0.2529502809047699
-0.28196731209754944
-0.23857834935188293
-0.20081877708435059
-0.5418542176485062
-0.13223135471343994
-0.16530239582061768
-0.29804402589797974
-0.3092731237411499
-0.2381293773651123
-0.3151196241378784
-0.30226194858551025
-0.12143290042877197
-0.26329463720321655
0.040859222412109375
-0.03978067636489868
-0.04420745372772217
-0.22551190853118896
-0.3229740560054779
-0.15392422676086426
-0.13489359617233276
-0.6720461994409561
-0.19735127687454224
-0.7521940618753433
-0.24800994992256165
-0.3247467875480652
-0.11228793859481812
-0.50147545337677
-0.20706617832183838
-0.09717881679534912
-0.4132974445819855
-0.2429056167602539
-0.306789755821228
-0.5872246325016022
-0.07632431387901306
-0.5343510061502457
-0.29773417115211487
-0.3248825967311859
-0.06203189492225647
-0.2790035009384155
-0.057189345359802246
-0.317356139421463
-0.16989806294441223
-0.2766493856906891
-0.4361565411090851
-0.575021356344223
-0.3874528706073761
0.0894867479801178
-0.2513018250465393
-0.2425130009651184
-0.016818851232528687
-0.3926035761833191
-0.33213236927986145
-0.2903154790401459
-0.5689925700426102
-0.08302396535873413
-0.4131649434566498
-0.025919079780578613
-0.5533086359500885
0.4730646014213562
-0.5302821695804596
-0.2037958800792694
-0.39496102929115295
-1.1690849363803864
-0.35600876808166504
-0.4889458119869232
-0.4160923361778259
-0.39815187454223633
-0.01041567325592041
-0.22544723749160767
-0.4448724687099457
-0.24876871705055237
-0.2236100137233734
-0.5923040062189102
-0.49556764960289
-0.27774450182914734
0.018800288438796997
-0.1221221387386322
-0.31267765164375305
-0.5236503779888153
-0.15785226225852966
-0.47078007459640503
-0.35048192739486694
-0.39808890223503113
0.06072476506233215
-0.01674094796180725
-0.32986098527908325
-0.5631677508354187
-0.217919260263443
-0.32009464502334595
-0.43798230588436127
-0.24988692998886108
0.35248157382011414
-0.22647607326507568
0.06188279390335083
-0.19306710362434387
-0.1646961271762848
0.10920977592468262
-0.19082221388816833
-0.22743207216262817
-0.3650708496570587
-0.31555864214897156
-0.5255091786384583
-0.19958454370498657
-0.38329625129699707
-0.3733493387699127
-0.5025705546140671
-0.4213324785232544
-0.3768731653690338
-0.4779072105884552
-0.4862784743309021
-0.7232481986284256
-0.24277636408805847
-0.3775109648704529
0.10181587934494019
-0.10116320848464966
-0.3597545325756073
0.16987654566764832
-0.0974588394165039
-0.3061452805995941
-0.20479488372802734
-0.4628443419933319
-0.514652743935585
-0.2423473298549652
0.030042648315429688
-0.4631591737270355
-0.4675378203392029
-0.39858585596084595
-0.598901093006134
-0.4109250605106354
0.24760568141937256
0.05725562572479248
-0.573861613869667
-0.5038097351789474
-0.2635580897331238
-0.6250206679105759
0.024002283811569214
0.1054358184337616
-0.5445612967014313
-0.39650511741638184
-0.42758485674858093
-0.4590141177177429
-0.5719216763973236
0.09298568964004517
-0.3558463156223297
-0.0912196934223175
-0.335044801235199
-0.5583683252334595
-0.3044853210449219
0.23835965991020203
0.16292676329612732
-0.23100385069847107
-0.4370429515838623
-0.373197004199028
0.1747472882270813
-0.17738473415374756
-0.30646830797195435
-0.6094857156276703
-0.29252880811691284
-0.40804243087768555
-0.5430221855640411
-0.18981167674064636
-0.25667279958724976
-0.32747864723205566
-0.5105127543210983
-0.534382551908493
-0.24859973788261414
-0.47056469321250916
-0.1950071156024933
-0.5629970133304596
-0.17162111401557922
-0.3167382478713989
-0.5352572053670883
-0.3327253758907318
-0.4020666480064392
-0.1389940083026886
-0.0981198251247406
-0.06186455488204956
0.052025407552719116
-0.3171789050102234
-0.39304590225219727
-0.47474782168865204
-0.43883877992630005
-0.3347564935684204
0.09041452407836914
-0.3759271502494812
-1.2621915936470032
-0.2676219940185547
-0.11287447810173035
-0.5268245935440063
-0.4072189927101135
-0.11797043681144714
-0.12053996324539185
-0.3558661639690399
-0.11127406358718872
-0.07850944995880127
-0.10243552923202515
-0.3738977909088135
-0.3985080420970917
-0.024187833070755005
-0.15087255835533142
-0.20916691422462463
-0.36456722021102905
-0.732635036110878
-0.45048704743385315
-0.18786507844924927
-0.3220529556274414
-0.4571487605571747
-0.23765221238136292
-0.5821220129728317
-0.09836500883102417
-0.6766435205936432
-0.30636724829673767
-0.12062448263168335
-0.2552779018878937
-0.04621201753616333
-0.335347980260849
-0.1349284052848816
-0.331159770488739
-0.5184963494539261
-0.19216087460517883
-0.23431062698364258
-0.5081950277090073
0.05116555094718933
-0.13254275918006897
-0.21784305572509766
-0.5358338356018066
-0.39798617362976074
0.2237127721309662
-0.23540911078453064
-0.39402005076408386
-0.43736596405506134
-0.22727471590042114
-0.10407903790473938
-0.61183001101017
-0.22527173161506653
-0.3721863627433777
-0.17924025654792786
-0.38144904375076294
-0.14433184266090393
-0.23824864625930786
-0.4296506941318512
-0.23955249786376953
-0.2569047808647156
-0.15129166841506958
-0.21791592240333557
-0.32082369923591614
-0.6952912956476212
-0.12755772471427917
-0.3212957978248596
-0.5183505266904831
-0.06299275159835815
-0.3105686902999878
-0.39984506368637085
-0.38852980732917786
-0.13839757442474365
-0.06886744499206543
0.07255026698112488
-0.4096560478210449
-0.39940935373306274
0.204738587141037
-0.3619876801967621
0.2853851616382599
-0.36474117636680603
-0.27148377895355225
-0.4595409482717514
-0.025498300790786743
-0.13742345571517944
-0.41169872879981995
-0.3725475072860718
-0.5108805149793625
-0.33248189091682434
-0.2427350878715515
-0.5564166456460953
0.2708359658718109
-0.32068946957588196
-0.5730201303958893
-0.4735235571861267
0.04944756627082825
-0.2396121323108673
-0.6810139417648315
-0.19859877228736877
-0.37344053387641907
-0.08315980434417725
-0.09229812026023865
-0.4707353115081787
-0.17388245463371277
-0.35174429416656494
-0.32782816886901855
-0.02591574192047119
0.09087342023849487
-0.2597526013851166
-0.4430733323097229
-0.24996986985206604
-0.3342362642288208
-0.293444961309433
0.03817376494407654
-0.032360345125198364
-0.04711991548538208
-0.3591928482055664
-0.050411760807037354
-0.34073886275291443
-0.19135570526123047
-0.13304969668388367
-0.36086614429950714
-0.302420973777771
0.12776654958724976
-0.34635838866233826
0.08325418829917908
-0.1776498556137085
-0.08496561646461487
-0.2578258812427521
-0.19498217105865479
-0.6673559993505478
-0.522165983915329
-0.24040725827217102
-0.3249753713607788
-0.4581410884857178
-0.300235778093338
-0.22997012734413147
-0.5600249320268631
-0.4630431830883026
-0.05863729119300842
-0.3593585789203644
-0.27743467688560486
-0.09155264496803284
-0.23254138231277466
-0.3554421365261078
-0.3116057217121124
0.270191490650177
-0.20822924375534058
-0.25389787554740906
-0.33304014801979065
0.17400673031806946
-0.12342429161071777
-0.4746865779161453
0.19717738032341003
-0.16071003675460815
-0.3590454161167145
-0.1802690625190735
-0.011270493268966675
-0.3624665141105652
-0.11466866731643677
-0.7586568892002106
-0.04424223303794861
-0.3007825016975403
-0.19743582606315613
-0.2877707779407501
-0.5576840192079544
-0.2773832678794861
-0.15526777505874634
-0.20804363489151
-0.6597152948379517
-0.4065878093242645
-0.47688165307044983
-0.14336109161376953
-0.3924693763256073
-0.2937299907207489
-0.4517908990383148
-0.3848651051521301
-0.05395883321762085
-0.02954232692718506
-0.32639187574386597
-0.2827162742614746
-0.03432026505470276
-0.10479137301445007
0.18031543493270874
-0.07652470469474792
0.256879985332489
-0.4711461812257767
-0.3857845515012741
-0.11291584372520447
-0.12448793649673462
-0.17375153303146362
-0.45789259672164917
0.07611879706382751
-0.27429020404815674
-0.34331172704696655
-0.4498426616191864
-0.24328675866127014
-0.3972671627998352
-0.32276859879493713
-0.3513765335083008
-0.042794227600097656
-0.7191511690616608
-0.37607964873313904
-0.040092140436172485
-0.2232687771320343
-0.2830657660961151
-0.6306086778640747
0.12356343865394592
-0.2839355766773224
-0.3049127161502838
-0.28610917925834656
-0.4371903985738754
-0.5348879098892212
-0.1881483495235443
-0.43851572275161743
-0.15415939688682556
0.21876084804534912
-0.4221525192260742
-0.5777201354503632
-0.24063757061958313
-0.14296507835388184
-0.22240731120109558
-0.3847491443157196
-0.39445412158966064
-0.09138202667236328
-0.5217683613300323
-0.11477625370025635
-0.13220319151878357
-0.3896811902523041
-0.40646520256996155
-0.39026930928230286
-0.31159088015556335
-0.3120066821575165
-0.20831039547920227
-0.14804118871688843
-0.16500583291053772
-0.2933969795703888
-0.2831386625766754
-0.4769860804080963
-0.15879487991333008
-0.38211163878440857
-0.16923871636390686
-0.20519417524337769
-0.41997726261615753
-0.13284093141555786
-0.41724535822868347
-0.1904030740261078
-0.16947400569915771
-0.22579523921012878
-0.2155883014202118
0.14711344242095947
-0.11086311936378479
0.23752793669700623
-0.3334725797176361
-0.25354495644569397
-0.5697397887706757
-0.19545769691467285
-0.4174772799015045
-0.638623833656311
-0.3472016751766205
-0.3486015498638153
-0.41588354110717773
-0.23871254920959473
-0.46211710572242737
-0.5993003845214844
0.24649247527122498
-0.46112972497940063
-0.0320340096950531
-0.3981386125087738
-0.30616191029548645
-0.005821645259857178
-0.3886971175670624
0.002538055181503296
0.08622801303863525
-0.5167717784643173
-0.1084725558757782
-0.03524959087371826
-0.0907491147518158
-0.43607714772224426
-0.21874266862869263
-0.07268285751342773
-0.47719651460647583
-0.006774246692657471
-0.6080278158187866
-0.4378596991300583
-0.605085626244545
-0.443454310297966
-0.182490736246109
-0.24611961841583252
-0.012132078409194946
0.07419204711914062
0.07169711589813232
-0.3259611129760742
-0.11943495273590088
-0.5003239810466766
-0.4336516857147217
-0.2938840389251709
-0.13921433687210083
-0.24063923954963684
-0.3867553770542145
-0.13216668367385864
-0.163264662027359
-0.3347233831882477
-0.15031257271766663
0.0826876163482666
-0.27366727590560913
-0.17210981249809265
-0.5436467975378036
-0.539009615778923
-0.4097388982772827
-0.2549416124820709
-0.2415669858455658
-0.18002218008041382
-0.419718861579895
0.13245993852615356
-0.37965819239616394
-0.4424090087413788
-0.43389031291007996
0.0740346908569336
-0.49278268218040466
-0.6189935505390167
-0.28318512439727783
-0.3863164186477661
0.046819984912872314
-0.1847338080406189
-0.13647586107254028
-0.0068024396896362305
-0.4077640473842621
-0.33063793182373047
-0.1361808478832245
-0.16569340229034424
-0.05649849772453308
-0.12414166331291199
-0.349285751581192
-0.33080530166625977
-0.5589331388473511
-0.4122503995895386
-0.4826834052801132
0.21070265769958496
-0.43930932879447937
0.04977232217788696
-0.0834662914276123
-0.41165396571159363
-0.5772546082735062
-0.26414957642555237
-0.5740671455860138
-0.6396095305681229
-0.2334955930709839
-0.07629117369651794
-0.36653047800064087
-0.16664597392082214
0.045821040868759155
-0.4367927610874176
0.008715927600860596
-0.5815256237983704
-0.16112256050109863
-0.4061090052127838
-0.7550137042999268
-0.5508219301700592
-0.3440936803817749
-0.19339510798454285
-0.08030200004577637
-0.1628902554512024
-0.3164466619491577
-0.2816327214241028
-0.44314125180244446
-0.3236168920993805
-0.47196952998638153
-0.11552679538726807
-0.21318602561950684
-0.2823086678981781
-0.5706129372119904
0.04706689715385437
-0.18352952599525452
-0.36837929487228394
-0.37928035855293274
-0.1738344430923462
-0.31837502121925354
-0.3426640033721924
-0.3718997538089752
-0.45282305777072906
-0.2424716055393219
-0.142393559217453
-0.08076253533363342
-0.24603843688964844
-0.2262226641178131
-0.17617034912109375
-0.47690826654434204
-0.09496378898620605
-0.507477730512619
-0.3427881896495819
-0.479452908039093
-0.4208454191684723
-0.29883089661598206
-0.30565986037254333
-0.010679036378860474
-0.0849275290966034
-0.1907045841217041
-0.3062893748283386
-0.34897100925445557
-0.5916133224964142
-0.47741013765335083
-0.20081546902656555
-0.2994588017463684
-0.3093394339084625
-0.18396183848381042
-0.33554181456565857
-0.26688143610954285
-0.29055067896842957
-0.4117583632469177
-0.29432642459869385
-0.4021511375904083
0.3200019299983978
-0.17157134413719177
-0.41576752066612244
-0.27613741159439087
-0.332713782787323
-0.1169598400592804
-0.1378077268600464
-0.25417283177375793
-0.10816103219985962
-0.12097075581550598
-0.3802528381347656
-0.191523015499115
0.05775594711303711
-0.08241429924964905
-0.2932015359401703
-0.23836129903793335
0.07850775122642517
-0.4800227880477905
-0.13229262828826904
-0.3553211987018585
-0.020453602075576782
-0.3561147153377533
-0.512881875038147
-0.3542443513870239
-0.3639574944972992
-0.5566519200801849
-0.36885473132133484
-0.16736504435539246
-0.22811132669448853
-0.21270564198493958
-0.25605320930480957
-0.4433731734752655
-0.35493189096450806
-0.5616981983184814
-0.28321659564971924
-0.523375391960144
0.06239631772041321
-0.4721020758152008
-0.3516581654548645
-0.2619245648384094
-0.6161075979471207
0.24651730060577393
-0.3890897035598755
-0.34645286202430725
0.08077913522720337
-0.3103797733783722
-0.16661787033081055
-0.21778348088264465
-0.5480204224586487
-0.1607348620891571
-0.21461743116378784
-0.3377982974052429
0.036705851554870605
-0.13685020804405212
-0.18216601014137268
-0.287003755569458
-0.7301897704601288
-0.43398964405059814
-0.011891782283782959
0.1626434028148651
-0.3513699173927307
-0.1775355339050293
-0.25833287835121155
-0.5429874211549759
-0.38006728887557983
-0.452887624502182
-0.15842711925506592
-0.34165337681770325
-0.3299785852432251
-0.2625938653945923
-0.47065576910972595
-0.2644030749797821
-0.1429021954536438
-0.09867647290229797
-0.39222252368927
-0.05890077352523804
-0.25189825892448425
-0.35204583406448364
-0.2410634160041809
-0.38477566838264465
-0.006684780120849609
0.06858408451080322
-0.42722201347351074
0.05961310863494873
-0.09107714891433716
-0.24496328830718994
-0.4519881308078766
-0.1581985056400299
-0.34066757559776306
-0.44382211565971375
-0.11702609062194824
-0.35192328691482544
-0.7630885243415833
0.11287274956703186
-0.49363093078136444
-0.3903553783893585
-0.33130398392677307
-0.37371549010276794
-0.10813125967979431
-0.27250105142593384
-0.27516332268714905
-0.11365640163421631
-0.2129955291748047
-0.04902347922325134
-0.368354469537735
-0.36760061979293823
-0.12272846698760986
-0.01697787642478943
0.07584384083747864
-0.15018334984779358
0.01491197943687439
-0.15378668904304504
-0.1506107747554779
-0.5929998755455017
-0.17335394024848938
-0.0029141902923583984
-0.39447566866874695
-0.6665691435337067
0.019686639308929443
0.46731916069984436
0.19696533679962158
0.25267690420150757
-0.24267369508743286
-0.14132162928581238
-0.273579478263855
-0.34873902797698975
-0.361444354057312
-0.42038315534591675
-0.29863211512565613
-0.15018495917320251
-0.31290796399116516
-0.5596869885921478
-0.2599696218967438
-0.14944440126419067
-0.2567821443080902
-0.13487043976783752
-0.273405522108078
-0.38250595331192017
-0.06354942917823792
-0.2533643841743469
-0.2211332619190216
-0.24500301480293274
-0.8862445056438446
-0.5890486836433411
-0.07817482948303223
-0.37669095396995544
-0.1350046694278717
-0.1267443597316742
-0.4757501631975174
-0.20914700627326965
-0.14905521273612976
-0.31390199065208435
-0.19913393259048462
-0.15132150053977966
0.09085014462471008
-0.24267536401748657
-0.21149122714996338
0.04184827208518982
0.1685793697834015
0.531221479177475
-0.047633469104766846
-0.4374488592147827
-0.35830822587013245
-0.17083746194839478
-0.22447314858436584
-0.48695769906044006
-0.33074894547462463
-0.5100223124027252
-0.041836678981781006
-0.2622244358062744
0.12481260299682617
-0.5943451821804047
-0.18392369151115417
0.024911850690841675
-0.4465988576412201
-0.13149410486221313
0.024734526872634888
-0.22452786564826965
-0.28752729296684265
-0.10954940319061279
-0.3526572287082672
-0.26227250695228577
-0.3429125249385834
0.039676398038864136
-0.28812694549560547
-0.7036378085613251
-0.5886941254138947
-0.5315163731575012
-0.42605575919151306
-0.37831951677799225
-0.5751456469297409
0.11122766137123108
-0.6619070917367935
-0.07769930362701416
-0.36349865794181824
-0.20164716243743896
-0.13958871364593506
-0.20426639914512634
-0.43874773383140564
-0.3464180827140808
-0.38702380657196045
-0.23341774940490723
-0.11676931381225586
-0.4440988004207611
-0.3320941925048828
-0.13416141271591187
-0.416981965303421
-0.8407365083694458
-0.3669247031211853
-0.6638072580099106
-0.3339099586009979
-0.6387016177177429
-0.2591595947742462
0.03454884886741638
-0.19153127074241638
-0.23810124397277832
-0.27467626333236694
-0.2944489121437073
-0.35563430190086365
-0.3594993054866791
-0.11264249682426453
9.611248970031738e-05
-0.5264767706394196
-0.286475270986557
-0.1565997302532196
-0.18964102864265442
0.14506244659423828
-0.2882561683654785
-0.3261566162109375
-0.36501792073249817
-0.7451564073562622
-0.2591131925582886
-0.2807447016239166
-0.6224261969327927
-0.5120981931686401
-0.5169738829135895
-0.45414838194847107
-0.5637624710798264
-0.0769355297088623
-0.6440777033567429
-0.12138494849205017
-0.2294134795665741
-0.2822440564632416
-0.5790437608957291
-0.2520688772201538
-0.06193414330482483
-0.23178914189338684
-0.33007633686065674
-0.15900030732154846
-0.6079516559839249
-0.4103352874517441
-0.5205391049385071
-0.30636724829673767
-0.23208409547805786
-0.23696470260620117
-0.22848236560821533
-0.2910443842411041
-0.2526404857635498
-0.28978702425956726
-0.11812448501586914
0.29629120230674744
-0.44221681356430054
-0.4722246825695038
0.30611711740493774
-0.017368793487548828
-0.21041777729988098
-0.6395664513111115
-0.12922942638397217
-0.023690760135650635
-0.4478844106197357
-0.3462706506252289
-0.12467515468597412
-0.2231643795967102
-0.02176910638809204
-0.5426046848297119
-0.1521414816379547
-0.22926107048988342
-0.47301992774009705
-0.20830541849136353
-0.2818381190299988
-0.38105475902557373
-0.2428443729877472
-0.3941690921783447
-0.3618452548980713
-0.4687422811985016
-0.4242250919342041
-0.38715964555740356
-0.446419894695282
-0.33045074343681335
-0.24561601877212524
-0.3189432621002197
-0.5178850591182709
-0.10880887508392334
-0.16039195656776428
-0.3800772726535797
-0.46927410364151
-0.30985793471336365
-0.08402961492538452
-0.2602050006389618
0.321781188249588
0.028710633516311646
0.09034490585327148
-0.2680576741695404
-0.2130468785762787
-0.14832621812820435
0.013432532548904419
-0.3429422974586487
-0.49649539589881897
-0.586363211274147
-0.3552532196044922
-0.16431337594985962
-0.21199491620063782
-0.41911906003952026
-0.1587071418762207
-0.7695944607257843
-0.1748201847076416
-0.5320995897054672
-0.5825593769550323
-0.35154056549072266
0.1382799744606018
-0.3088506758213043
-0.4215991497039795
-0.07446372509002686
-0.282263845205307
-0.23356181383132935
-0.08659082651138306
-0.41870659589767456
0.014347046613693237
-0.03624698519706726
-0.1629018485546112
-0.2517855763435364
-0.28346502780914307
-0.3425198197364807
-0.41078421473503113
-0.31362855434417725
-0.2696762979030609
-0.04449072480201721
0.07132428884506226
-0.2935295104980469
-0.07575270533561707
-0.40146365761756897
-0.32464733719825745
-0.09163722395896912
0.15821170806884766
-0.13714182376861572
-0.2847621738910675
-0.38543835282325745
-0.2639027237892151
-0.2060837745666504
-0.28290170431137085
-0.2860676944255829
-1.1158136427402496
-0.2381608784198761
0.02471137046813965
-0.12411516904830933
-0.4297170341014862
-0.14637625217437744
-0.19228675961494446
-0.20454803109169006
-0.03881651163101196
-0.5412081032991409
-0.19682112336158752
-0.38627496361732483
-0.5088294744491577
-0.3114699125289917
-0.03769823908805847
-0.3172600567340851
-0.44256147742271423
-0.18004539608955383
-0.1451089084148407
-0.4040778577327728
-0.29213792085647583
-0.26794007420539856
-0.3490505814552307
-0.5757569968700409
-0.31253349781036377
-0.2615220546722412
-0.5007912516593933
-0.29495593905448914
-0.04877325892448425
-0.21620619297027588
-0.04276278614997864
-0.08619821071624756
-0.24795204401016235
-0.24479922652244568
-0.01803484559059143
-0.2873102128505707
-0.18676665425300598
-0.4963098466396332
-0.3586726784706116
-0.108929842710495
-0.1552545130252838
0.0405924916267395
-0.22164678573608398
-0.55250683426857
0.05745774507522583
-0.32459935545921326
-0.255673885345459
-0.32436901330947876
-0.2731536328792572
-0.7743110656738281
-0.19738277792930603
-0.19366514682769775
-0.34609171748161316
0.01490369439125061
0.1974075734615326
-0.00018548965454101562
-0.3875672221183777
-0.3052854537963867
-0.226409912109375
-0.32244718074798584
0.14355486631393433
-0.3924826681613922
0.044450998306274414
-0.02679714560508728
-0.3250167965888977
-0.21445676684379578
-0.23068749904632568
-0.014090269804000854
-0.3462706208229065
-0.27342215180397034
-0.49254412949085236
-0.12761077284812927
-0.0703551173210144
-0.33061808347702026
0.29018619656562805
-0.2630825340747833
-0.09846106171607971
-0.08833208680152893
0.15989327430725098
-0.3929481953382492
-0.037014007568359375
-0.4537259489297867
-0.009492874145507812
-0.5033342242240906
-0.3293474018573761
-0.41146183013916016
-0.02742666006088257
-0.05334913730621338
-0.444829523563385
-0.0958070158958435
-0.32074910402297974
-0.21493887901306152
-0.2491348683834076
-0.7394175976514816
-0.29228028655052185
-0.5282825529575348
-0.4183752238750458
-0.1601335108280182
-0.5095187127590179
-0.36541375517845154
-0.8169429153203964
-0.406113937497139
-0.2219831347465515
0.07930135726928711
-0.2313336431980133
-0.28526920080184937
-0.529907688498497
-0.2789703607559204
-0.2804962694644928
-0.2481640875339508
-0.06990617513656616
-0.29102954268455505
0.0970529317855835
-0.29792141914367676
-0.21881219744682312
-0.3448921740055084
-0.3038855195045471
-0.37725430727005005
-0.21019071340560913
-0.4798239767551422
0.02479088306427002
-0.2997702658176422
-0.17333409190177917
0.09576070308685303
-0.4593123495578766
-0.08987271785736084
-0.03576326370239258
-0.03817868232727051
-0.6034752130508423
-0.21560487151145935
-0.3468819558620453
-0.124539315700531
-0.25203901529312134
-0.1197066605091095
-0.09772053360939026
-0.2008386254310608
-0.1434173583984375
-0.22401759028434753
-0.3235008418560028
-0.2581290900707245
-0.36621230840682983
-0.11030322313308716
-0.11039271950721741
0.03530433773994446
-0.024880409240722656
-0.17762336134910583
-0.263375848531723
-0.24992671608924866
-0.11265242099761963
-0.1180897057056427
-0.4250931739807129
-0.5069872140884399
-0.4064834415912628
-0.13332808017730713
-0.10925787687301636
-0.22577369213104248
-0.2972189784049988
0.025372326374053955
-0.1376967430114746
0.04499933123588562
-0.4138806164264679
-0.35943475365638733
0.18316665291786194
-0.3366318941116333
-0.1879810392856598
-0.23086804151535034
-0.3776932954788208
-0.3089633285999298
-0.14833778142929077
-0.16406989097595215
0.023949265480041504
-0.4401857554912567
-0.2528027594089508
-0.3127869963645935
0.4913446307182312
0.14071694016456604
-0.4024244546890259
-0.20207619667053223
-0.3878405690193176
-0.27924367785453796
-0.3265243470668793
-0.512030303478241
-0.3701271116733551
-0.3140676021575928
-0.24066415429115295
-0.18574941158294678
-0.2026427686214447
-0.49590395390987396
-0.6972577571868896
-0.27530908584594727
0.06592679023742676
-0.15549805760383606
-0.4397682249546051
-0.22422140836715698
-0.18790650367736816
-0.6893652975559235
-0.18645521998405457
-0.16710662841796875
-0.19212442636489868
-0.1954328715801239
-0.19982144236564636
0.29673856496810913
-0.5491619557142258
-0.4709407687187195
-0.3859751224517822
-0.46282289922237396
-0.2814073860645294
-0.19600769877433777
-0.13604995608329773
-0.22299537062644958
-0.1463514268398285
-0.3877842426300049
-0.41618505120277405
-0.20818284153938293
-0.4812602996826172
-0.26329299807548523
-0.15944096446037292
-0.2806900441646576
-0.3204244375228882
0.05100986361503601
-0.06843176484107971
0.09946340322494507
-0.3345925211906433
-0.4488966464996338
-0.4638335406780243
-0.442428857088089
-0.1276654601097107
-0.4154047966003418
-0.89010289311409
-0.05909782648086548
-0.16280579566955566
0.0363580584526062
-0.2315191626548767
-0.6020173281431198
-0.28592029213905334
0.04334592819213867
-0.37872204184532166
-0.22189036011695862
0.05192768573760986
-0.4510735869407654
-0.7555505931377411
-0.32913362979888916
-0.21485602855682373
0.017037510871887207
-0.20354077219963074
0.19590163230895996
-0.14919927716255188
0.19044283032417297
-0.5272504091262817
-0.33394643664360046
-0.462557852268219
0.22303184866905212
-0.29425013065338135
-0.2850952446460724
-0.2901133596897125
-0.5248928964138031
-0.4428844451904297
-0.28800272941589355
0.009163260459899902
-0.313100129365921
-0.11823052167892456
-0.3325796127319336
-0.6241193860769272
-0.16589385271072388
-0.1327233910560608
-0.667455404996872
-0.2484755516052246
-0.3323824405670166
-0.2730145752429962
-0.49339401721954346
-0.49427206814289093
-0.5245930850505829
-0.14961844682693481
-0.6381368041038513
-0.1953599750995636
-0.09402278065681458
-0.44656728208065033
-0.47419115900993347
-0.43417853116989136
-0.3999858647584915
-0.3039584159851074
0.03975588083267212
-0.029264003038406372
-0.2598819136619568
-0.2911553978919983
-0.3438020944595337
-0.2699645459651947
-0.5812770873308182
-0.7074664384126663
-0.00810953974723816
0.027875661849975586
0.11533960700035095
0.21728137135505676
-0.3696068525314331
-0.1348770558834076
-0.3313436806201935
-0.0643744170665741
-0.3806173801422119
-0.3614327311515808
-0.5564961433410645
-0.3445509672164917
0.05343523621559143
-0.14236366748809814
-0.056486934423446655
-0.26985201239585876
-0.17106273770332336
0.04567527770996094
-0.3188886046409607
-0.40932467579841614
-0.00929906964302063
-0.15677541494369507
-0.37500108778476715
-0.07040652632713318
-0.31291288137435913
-0.42959272861480713
-0.5397948622703552
-0.43236273527145386
-0.26825815439224243
-0.36748969554901123
-0.13063755631446838
0.02771991491317749
-0.16527757048606873
-0.49794498085975647
-0.22793564200401306
0.32354068756103516
-0.24361637234687805
-0.1740713119506836
-0.09581205248832703
-0.2163536250591278
-0.5116508901119232
-0.4735317826271057
-0.2447512149810791
-0.3754550814628601
0.25608643889427185
-0.1693597137928009
-0.20443370938301086
-0.41742759943008423
-0.0715363621711731
-0.350240021944046
-0.4460372030735016
-0.2784120738506317
0.20038479566574097
-0.28517141938209534
-0.35116782784461975
-0.15615081787109375
-0.23574867844581604
-0.058030933141708374
-0.3004860281944275
-0.3219998776912689
0.06097492575645447
-1.086639180779457
-0.049689412117004395
-0.43909063935279846
-0.39421892166137695
-0.46838781237602234
-0.14360284805297852
-0.24260744452476501
-0.10435232520103455
-0.08431944251060486
-0.12031629681587219
-0.18196213245391846
-0.22509941458702087
-0.24548187851905823
-0.3569183051586151
-0.24678078293800354
-0.35565415024757385
-0.32371461391448975
-0.17420220375061035
-0.8663242757320404
-0.5674038380384445
-0.1788906455039978
-0.05030575394630432
-0.06069827079772949
-0.0051589906215667725
-0.15828627347946167
-0.1372528076171875
0.04273629188537598
-0.42785322666168213
-0.46339115500450134
-0.16348335146903992
-0.17269128561019897
-0.30937257409095764
0.004211336374282837
-0.16131970286369324
-0.5073120296001434
-0.6844035089015961
-0.2513763904571533
-0.43616989254951477
-0.04061242938041687
-0.22164854407310486
-0.23020201921463013
-0.31593969464302063
0.08130759000778198
-0.42834362387657166
-0.7528550773859024
-0.544925794005394
0.34526827931404114
-0.4843815565109253
-0.5831358730792999
-0.2409060001373291
0.34297212958335876
-1.1287939846515656
-0.28975555300712585
-0.3497430384159088
-0.31546589732170105
-0.3379274010658264
-0.4228549301624298
0.02459043264389038
-0.0273570716381073
-0.3690900206565857
-0.4347020387649536
-0.2164347767829895
-0.40390723943710327
-0.18576431274414062
-0.20680281519889832
-0.18944382667541504
-0.3928685784339905
-0.27116069197654724
-0.27970758080482483
-0.33378732204437256
-0.0652376115322113
-0.08136731386184692
-0.41072455048561096
-0.47874051332473755
-0.13811758160591125
0.10718202590942383
-0.2399832308292389
-0.3312658667564392
-0.3202454149723053
-0.5173880606889725
-0.31488269567489624
-0.11976298689842224
-0.702622264623642
0.01159694790840149
-0.2715417444705963
-0.23470500111579895
-0.31324589252471924
-0.2730046212673187
-0.2844242453575134
-0.48570527136325836
-0.26915276050567627
-0.038818150758743286
-0.20220208168029785
-0.22361499071121216
-0.35596227645874023
-0.14497965574264526
-0.09720033407211304
-0.567393958568573
-0.2899245321750641
-0.039576947689056396
-0.4955858290195465
-0.07905948162078857
0.15587744116783142
0.27714303135871887
-0.6180358827114105
-0.28473904728889465
-0.45374418795108795
0.00833156704902649
-0.29687607288360596
-0.45571890473365784
-0.06518790125846863
-0.1636258363723755
-0.0956745445728302
-0.024954885244369507
-0.06779554486274719
0.03389117121696472
-0.3075650632381439
-0.2291434109210968
-0.27248114347457886
-0.47649894654750824
-0.21848425269126892
-0.334337443113327
-0.2290225625038147
-0.33815112709999084
-0.3594397306442261
-0.18140721321105957
-0.04455867409706116
-0.2352467179298401
-0.0757676362991333
-0.05872344970703125
-0.28499913215637207
-0.3300498127937317
0.06215447187423706
-0.16620862483978271
-0.018530219793319702
-0.0671958327293396
-0.04998931288719177
0.06378635764122009
0.2918032109737396
-0.35677570104599
-0.5049875974655151
-0.3812270164489746
0.08379432559013367
-0.26200079917907715
-0.28838539123535156
-0.17928501963615417
-0.4098447859287262
-0.30026233196258545
-0.44911035895347595
-0.22133371233940125
-0.03935989737510681
0.01017048954963684
-0.5364931225776672
-0.21024051308631897
-0.5580170154571533
0.22129234671592712
-0.11262592673301697
-0.04910629987716675
0.05801770091056824
-0.1823647916316986
-0.4324289858341217
-0.42284998297691345
-0.4035576581954956
-0.6746919602155685
-0.2371668517589569
-0.24507427215576172
0.09599760174751282
-0.06535854935646057
-0.21306344866752625
-0.13075849413871765
-0.413708359003067
-0.18490451574325562
-0.3898037374019623
-0.22136685252189636
0.03582125902175903
-0.601026639342308
-0.5470165908336639
-0.05190613865852356
-0.1779380738735199
0.1674296259880066
-0.444991797208786
-0.09987753629684448
-0.41242435574531555
0.01856169104576111
-0.40291160345077515
-0.32488253712654114
-0.03802952170372009
0.004403501749038696
0.13017696142196655
-0.26521971821784973
-0.5795623809099197
-0.7139756232500076
-0.14846032857894897
-0.3774464726448059
0.05318343639373779
-0.3478013575077057
0.18753036856651306
0.24808618426322937
-0.2802262008190155
0.23638150095939636
-0.15722110867500305
-0.33521538972854614
-0.029538989067077637
-0.2643781304359436
-0.3419913351535797
-0.18167230486869812
0.15698078274726868
-0.1907493770122528
-0.12260255217552185
-0.259475976228714
-0.1720087230205536
0.021167725324630737
-0.05492293834686279
-0.47604015469551086
-0.26426708698272705
-0.3082807660102844
-0.23002475500106812
-0.1558525264263153
-0.22454434633255005
-0.204746812582016
-0.47768351435661316
0.051891177892684937
-0.41709789633750916
-0.48923903703689575
-0.22006133198738098
-0.05031070113182068
-0.33727630972862244
-0.23682719469070435
-0.39378148317337036
-0.13957220315933228
-0.5438074767589569
-0.46008437871932983
-0.24226278066635132
-0.38581937551498413
0.17769625782966614
-0.08906257152557373
-0.6309781968593597
0.03676551580429077
-0.14872875809669495
-0.31749364733695984
-0.38765497505664825
-0.12802159786224365
-0.1366596817970276
-0.37079137563705444
-0.1341945230960846
-0.03389278054237366
-0.14777445793151855
-0.054826945066452026
-0.1322561800479889
-0.4332689046859741
-0.29064515233039856
-0.18319150805473328
-0.36749953031539917
-0.49607956409454346
-0.4124425798654556
-0.48336437344551086
-0.32265761494636536
0.06159454584121704
-0.3641463816165924
-0.2979760766029358
-0.25860124826431274
-0.33569589257240295
-0.2852526307106018
-0.38436976075172424
-0.6543276458978653
-0.1135718822479248
-0.15912127494812012
-0.18856912851333618
-0.30428311228752136
0.4332127273082733
-0.3732682466506958
-0.34507450461387634
-0.23275011777877808
-0.23861977458000183
-0.1937330961227417
-0.5158704519271851
-0.10027191042900085
-0.2615385949611664
-0.15691453218460083
-0.37239012122154236
-0.14155030250549316
-0.2632300555706024
-0.1828337013721466
-0.08356735110282898
-0.20897310972213745
-0.509253591299057
-0.2903684377670288
-0.49666762351989746
0.15769314765930176
-0.35808616876602173
0.0029207468032836914
-0.3948616683483124
-0.14011061191558838
-0.2178860902786255
-0.31859368085861206
-0.4234198331832886
0.05040019750595093
-0.19482314586639404
0.0330677330493927
-0.41886064410209656
-0.3759685754776001
-0.12060624361038208
0.16694417595863342
-0.5319571197032928
-0.20671004056930542
-0.3107094466686249
0.3900142014026642
-0.06064519286155701
-0.4509376734495163
-0.024986326694488525
-0.08446529507637024
-0.12227287888526917
0.1755772829055786
-0.002711951732635498
-0.0839318335056305
-0.34569573402404785
-0.13511067628860474
-0.7265036404132843
-0.2169169783592224
-0.1695767045021057
-0.08990088105201721
-0.13253945112228394
-0.14254266023635864
0.04193776845932007
-0.21914026141166687
-0.4590339958667755
-0.0012392103672027588
-0.19794940948486328
-0.24911990761756897
-0.35952746868133545
-0.1319761574268341
-0.4583166539669037
-0.4437492787837982
-0.6729059368371964
-0.25406017899513245
-0.14944446086883545
-0.17530056834220886
-0.40162432193756104
-0.3618518114089966
0.41907766461372375
-0.14878836274147034
-0.298393577337265
-0.2156727910041809
-0.5617147386074066
-0.015511751174926758
-0.293491393327713
-0.44659557938575745
-0.17489629983901978
-0.3186715543270111
-0.15959012508392334
0.13982561230659485
0.00011596083641052246
-0.2304157018661499
-0.1851181983947754
-0.39010030031204224
-0.3521783947944641
-0.20369648933410645
0.012269526720046997
-0.049595028162002563
-0.060663431882858276
-0.3336133658885956
-0.48792195320129395
0.06928327679634094
-0.1997767686843872
-0.4563998579978943
0.43557342886924744
-0.28406473994255066
-0.3663928508758545
0.08797085285186768
-0.45855361223220825
-0.2223891317844391
-0.13900232315063477
-0.5630898475646973
0.10608363151550293
-0.16886600852012634
-0.5120534896850586
-0.04858773946762085
-0.25779110193252563
0.19877943396568298
-0.8125742226839066
0.03044191002845764
0.14858129620552063
0.20120978355407715
-0.5071910321712494
-0.20066305994987488
0.29947373270988464
-0.11719506978988647
-0.06724551320075989
-0.8519159108400345
-0.09924307465553284
-0.22946986556053162
-0.25448593497276306
-0.2662220597267151
-0.01047864556312561
-0.44632376730442047
-0.16738319396972656
-0.23962363600730896
-0.23083990812301636
-0.4855329543352127
-0.5781410038471222
-0.3769395053386688
-0.40951183438301086
-0.6420134454965591
-0.1745070517063141
-0.4084317684173584
-0.031929612159729004
-0.09156763553619385
-0.18242278695106506
-0.22450459003448486
-0.3548424541950226
-0.3337094485759735
-0.3739374876022339
0.13203582167625427
0.06735485792160034
-0.3251079022884369
-0.2399533987045288
0.0405096709728241
-0.21392658352851868
-0.2917335629463196
-0.34714701771736145
-0.5825759470462799
-0.28096508979797363
-0.6067306250333786
-0.20910558104515076
-0.09819105267524719
-0.42879751324653625
-0.4938545674085617
-0.27761197090148926
-0.0031593143939971924
-0.10932573676109314
-0.27122530341148376
-0.1364111602306366
-0.4372533857822418
-0.49620547890663147
0.010745316743850708
-0.3195148706436157
-0.19345974922180176
-0.09276869893074036
-0.36088937520980835
0.09714403748512268
-0.16336902976036072
-0.1915031373500824
-0.17132282257080078
-0.17034372687339783
-0.20411068201065063
-0.23468178510665894
-0.1868361532688141
-0.5281814932823181
-0.28815513849258423
-0.5105790346860886
-0.23300188779830933
0.039676398038864136
-0.9253773838281631
-0.1680029034614563
-0.33641156554222107
-0.044291913509368896
-0.5766383409500122
-0.3775689899921417
0.035266220569610596
-0.22137513756752014
-0.28467610478401184
-0.2786406874656677
-0.21242886781692505
-0.0987941324710846
-0.6402292549610138
-0.06025254726409912
0.012471646070480347
0.09883886575698853
-0.22320744395256042
-0.11340120434761047
-0.3047337830066681
-0.2635580599308014
-0.26045018434524536
-0.42995887994766235
-0.4765867739915848
-0.047971487045288086
-0.6455521285533905
-0.4054264724254608
-0.6110065579414368
-0.1942996084690094
0.17395859956741333
0.009481310844421387
-0.2330913543701172
-0.2581605315208435
-0.20933759212493896
-0.526677131652832
-0.40330255031585693
-0.2826317250728607
-0.36323192715644836
-0.013823479413986206
-0.094877690076828
-0.32421326637268066
-0.182826966047287
-0.03613433241844177
-0.3182457983493805
-0.2310752272605896
-0.31476008892059326
0.09592801332473755
0.09804189205169678
-0.6273334324359894
-0.1884250044822693
0.22817260026931763
0.31587839126586914
-0.11229130625724792
-0.5002146661281586
-0.4183686375617981
-0.09225672483444214
-0.3303563594818115
-0.22288110852241516
-0.6003456562757492
-0.665911391377449
-0.11557313799858093
-0.39221423864364624
0.1697489619255066
-0.32039782404899597
-0.017870843410491943
-0.3258533775806427
0.181067556142807
-0.7705552577972412
-0.2787417471408844
-0.4066855013370514
-0.22477632761001587
-0.13476109504699707
-0.28801265358924866
0.2642340660095215
0.052572160959243774
-0.4620375633239746
-0.14130842685699463
0.15615415573120117
-0.1372743546962738
-0.21020236611366272
-0.7110797315835953
-0.8386805653572083
-0.4888811707496643
-0.1332087516784668
-0.2783590257167816
-0.046031445264816284
-0.12446966767311096
0.14518171548843384
-0.1215108335018158
-0.11712875962257385
-0.23690998554229736
-0.330497145652771
-0.1470736861228943
-0.3653375804424286
-0.4170117527246475
-0.21639344096183777
-0.34096577763557434
-0.23511913418769836
-0.4073449373245239
-0.5019973516464233
-0.14503929018974304
-0.09812149405479431
-0.38419416546821594
-0.1850072145462036
-0.25208544731140137
-0.6669401675462723
-0.4103468060493469
-0.2995549142360687
-0.4524436593055725
-0.3713315725326538
0.022050708532333374
-0.03399214148521423
-0.38174885511398315
-0.038644224405288696
0.12428411841392517
-0.1677626073360443
0.04858943819999695
-0.1763741374015808
-0.0201570987701416
-0.2608576714992523
-0.17274269461631775
-0.2589823305606842
-0.12026330828666687
-0.3944491744041443
-0.22974976897239685
-0.2581705152988434
0.027148336172103882
0.23638653755187988
-0.25293371081352234
0.4370015263557434
-0.3341965973377228
-0.3508613407611847
-0.21362179517745972
0.028260082006454468
-0.43246719241142273
-0.47604838013648987
-0.006716251373291016
-0.33615317940711975
-0.5167022049427032
-0.11531633138656616
-0.2760263979434967
0.16193440556526184
-0.06290167570114136
-0.4174341857433319
0.19342657923698425
-0.3789540231227875
-0.7224761545658112
-0.2644924819469452
-0.33564452826976776
-0.4065961241722107
-0.33406567573547363
-0.06969583034515381
-0.426357239484787
-0.4534377455711365
-0.1892963945865631
-0.08904936909675598
-0.2869109809398651
-0.23435375094413757
0.5528016984462738
0.23392796516418457
-0.415144681930542
-0.24359318614006042
0.05475568771362305
-0.3992983400821686
-0.2966805696487427
-0.18554559350013733
-0.0021454691886901855
-0.34119945764541626
0.03732052445411682
-0.01657688617706299
-0.5161952376365662
-0.4011240601539612
-0.17017146944999695
-0.37217479944229126
-0.356179341673851
-0.06766140460968018
-0.19285494089126587
-0.47634157538414
-0.16043999791145325
-0.2381294071674347
-0.40114548802375793
-0.4102126657962799
-0.21480301022529602
0.13510406017303467
-0.22782963514328003
-0.4285987764596939
-0.25842392444610596
-0.31190890073776245
-0.17721572518348694
-0.041942715644836426
0.05390080809593201
-0.3224489092826843
-0.1386212408542633
-0.24160513281822205
-0.457852840423584
-0.3296339511871338
0.050068825483322144
-0.14550310373306274
-0.34982582926750183
0.04727563261985779
-0.3093145787715912
-0.28271618485450745
-0.31718555092811584
-0.11406558752059937
-0.27858439087867737
-0.6181171238422394
-0.16917908191680908
-0.4562557339668274
0.03865087032318115
-0.13402226567268372
-0.39385271072387695
0.06016474962234497
-0.22534134984016418
-0.06976202130317688
-0.07840174436569214
-0.22497513890266418
-0.1329602301120758
-0.2951679825782776
-0.6534562855958939
-0.3561263382434845
0.08888369798660278
-0.3175152838230133
-0.2069319784641266
0.15670251846313477
-0.2858838737010956
-0.11007958650588989
-0.29662585258483887
-0.5443292856216431
-0.22487908601760864
-0.39001744985580444
-0.3902808725833893
-0.2912614941596985
-0.29108262062072754
-0.15517833828926086
-0.11338135600090027
-0.38069024682044983
-0.714775800704956
0.33191195130348206
-0.4914507269859314
-0.21733278036117554
-0.0963040292263031
-0.36797332763671875
-0.1489093005657196
-0.3655678629875183
-0.27343204617500305
-0.5430371165275574
-0.04261365532875061
-0.44638173282146454
0.5968335717916489
0.017943739891052246
-0.20877763628959656
-0.2565585672855377
-0.08628103137016296
-0.3569314777851105
-0.11645951867103577
-0.5947659760713577
-0.35455411672592163
-0.04510042071342468
-0.2672012150287628
-0.2924741804599762
-0.24121582508087158
-0.32405754923820496
-0.21955439448356628
-0.5553298890590668
-0.4982697069644928
-0.44920647144317627
-0.42838335037231445
-0.5508103221654892
-0.2705758810043335
-0.4755232334136963
-0.5595096945762634
-0.3044471740722656
-0.021830350160598755
-0.1865711808204651
-0.09919172525405884
-0.2681918442249298
-0.3963460922241211
0.02668944001197815
-0.3008769750595093
-0.5930263996124268
-0.20217731595039368
-0.3711211383342743
-0.1918676197528839
-0.09790942072868347
-0.4830312877893448
-0.038064390420913696
-0.298295795917511
-0.44015422463417053
-0.38576799631118774
-0.5087797790765762
0.026583492755889893
-0.3246539533138275
-0.4398062825202942
-0.15284237265586853
-0.18372491002082825
-0.39725399017333984
-0.3479488492012024
-0.08518263697624207
-0.27285218238830566
-0.5775693207979202
-0.5310474783182144
-0.30494415760040283
-0.22095760703086853
-0.30612534284591675
-0.14267191290855408
0.14750945568084717
0.014651864767074585
-0.538003996014595
-0.287528932094574
-0.03124043345451355
-0.21670487523078918
-0.3599781394004822
-0.20719701051712036
-0.23237571120262146
-0.5913829505443573
-0.4931108057498932
-0.6049199551343918
-0.26541194319725037
-0.5042155981063843
0.07033857703208923
0.5005559325218201
-0.7240847945213318
-0.32532820105552673
-0.2878420054912567
0.3158635199069977
-0.40872660279273987
0.10548058152198792
-0.13443145155906677
0.059258610010147095
-0.17613229155540466
-0.12270033359527588
-0.17805907130241394
0.007475018501281738
-0.18673354387283325
0.03224605321884155
-0.31896811723709106
-0.24294546246528625
-0.325566828250885
-0.5002610236406326
-0.18635910749435425
-0.3935246765613556
-0.38132308423519135
0.03938978910446167
-0.19324269890785217
-0.20663544535636902
-0.34913504123687744
-0.007402211427688599
-0.3435569107532501
-0.3300100564956665
-0.4470047056674957
-0.3949245810508728
0.0926162600517273
-0.2598934769630432
-0.37609952688217163
-0.2919456958770752
-0.22552350163459778
-0.08734303712844849
-0.4795638918876648
-0.16936635971069336
-0.32766246795654297
-0.008727431297302246
-0.24557295441627502
0.2274337112903595
-0.46554823219776154
-0.6079069375991821
-0.1271584928035736
0.05086073279380798
0.08336856961250305
-0.2133103311061859
-0.2368835210800171
-0.1533360481262207
-0.40582075715065
-0.35800498723983765
-0.9017429351806641
-0.5465758442878723
-0.29121509194374084
-0.6212714910507202
-0.5875278115272522
0.28444746136665344
-0.2414793074131012
0.15011370182037354
0.12064602971076965
-0.5271609425544739
-0.13058620691299438
-0.41400328278541565
-0.14229413866996765
-0.1401652693748474
-0.0101870596408844
-0.36154043674468994
0.09016764163970947
-0.022507935762405396
-0.07899981737136841
-0.40065181255340576
-0.18787333369255066
-0.31381747126579285
-0.05848488211631775
-0.3296986222267151
-0.07415229082107544
-0.06373333930969238
-0.40970075130462646
-0.45924441516399384
0.055930256843566895
-0.19490107893943787
0.3636228144168854
-0.23940834403038025
-0.24999967217445374
-0.377704918384552
-0.2491447925567627
-0.5463969260454178
-0.3893282413482666
-0.36622560024261475
-0.014897048473358154
-0.332105815410614
-0.25904691219329834
-0.24856990575790405
-0.4535503536462784
-0.43820926547050476
-0.36105993390083313
-0.10368797183036804
-0.0778915286064148
-0.03166958689689636
0.032769471406936646
-0.38698241114616394
-0.08747550845146179
-0.2597758173942566
-0.5014803558588028
-0.1975650191307068
-0.09486609697341919
0.35080328583717346
0.04607287049293518
-0.24513059854507446
-0.050670236349105835
-0.264326810836792
-0.358833372592926
0.01820385456085205
-0.6160115301609039
-0.4742905795574188
-0.3762154281139374
0.022060632705688477
0.014741301536560059
-0.18066167831420898
-0.22760596871376038
-0.39876648783683777
0.2837781310081482
0.20410728454589844
-0.3351905643939972
-0.3142465651035309
-0.321821004152298
-0.23867446184158325
-0.4881240874528885
0.07884076237678528
-0.27584585547447205
-0.031439244747161865
-0.18645182251930237
-0.08716410398483276
0.23301678895950317
-0.418161541223526
-0.25783586502075195
-0.23477289080619812
-0.18822628259658813
-0.17169895768165588
0.11507123708724976
-0.024269014596939087
-0.2553706467151642
-0.1405148208141327
-0.5973239839076996
-0.2990115284919739
-0.1022433340549469
-0.302664577960968
-0.46033287048339844
-0.39453694224357605
-0.45339956879615784
-0.3469332158565521
-0.468919575214386
-0.1735726296901703
-0.26977401971817017
-0.438232421875
-0.26294511556625366
-0.6868388652801514
0.018261879682540894
-0.4582056701183319
-0.4046643376350403
-0.24450111389160156
-0.4290178716182709
0.012252956628799438
-0.2196388840675354
-0.31948333978652954
-0.03427720069885254
-0.29758673906326294
-0.24810102581977844
-0.25442633032798767
-0.44709083437919617
-0.37111279368400574
-0.4093511700630188
0.1420173943042755
0.13009589910507202
-0.20634225010871887
-0.7294658273458481
-0.10934394598007202
-0.31743237376213074
-0.36445122957229614
0.07301250100135803
-0.18188437819480896
-0.20968547463417053
-0.46962201595306396
0.2068740427494049
-0.34935206174850464
-0.1065889298915863
-0.3691578805446625
-0.0012358427047729492
-0.25235217809677124
-0.11690190434455872
0.27329617738723755
0.13652551174163818
-0.24740028381347656
-0.09613838791847229
-0.4408451020717621
-0.0585726797580719
-0.649379089474678
-0.12882351875305176
-0.2762119770050049
-0.2744525671005249
-0.4263821095228195
-0.2900736331939697
-0.4625893235206604
-0.09399458765983582
-0.24240368604660034
-0.27090561389923096
-0.1358545422554016
-0.0020824968814849854
-0.3648223280906677
-0.27155330777168274
-0.2720984220504761
-0.23254963755607605
0.00967678427696228
-0.1458444595336914
0.12909021973609924
-0.4647977203130722
-0.3417395055294037
-0.07959789037704468
-0.3152936100959778
-0.08264124393463135
0.053534746170043945
-0.034007102251052856
-0.3440622091293335
-0.5098119080066681
-0.4029149115085602
-0.02360469102859497
-0.2437455654144287
-0.028023123741149902
-0.612646758556366
-0.611470490694046
-1.0466364026069641
-0.43692535161972046
-0.17742446064949036
0.10277187824249268
0.09655916690826416
-0.6256502121686935
-0.3054262399673462
-0.505688413977623
-0.08487948775291443
-0.17223235964775085
-0.29086050391197205
-0.8057005703449249
-0.11305996775627136
-0.5549885481595993
-0.4765569269657135
-0.28161942958831787
-0.6392898559570312
-0.08980977535247803
-0.21083027124404907
-0.2230815291404724
-0.6642612963914871
-0.37159493565559387
-0.30736464262008667
-0.4602251499891281
-0.21248364448547363
-0.2382022738456726
-0.30325427651405334
-0.6670544445514679
-0.570316344499588
-0.07250222563743591
-0.31619149446487427
0.026757389307022095
-0.15045997500419617
0.04471105337142944
-0.2829481065273285
-0.1105881929397583
-0.2917584478855133
-0.5157744437456131
-0.4080490171909332
-0.39644381403923035
-0.6178852170705795
0.09142014384269714
-0.07972049713134766
-0.3752562701702118
0.07203671336174011
-0.22448310256004333
-0.37779928743839264
-0.41125139594078064
-0.27229559421539307
-0.41653960943222046
-0.023003309965133667
-0.10347259044647217
-0.13049015402793884
-0.47203752398490906
-0.5590242445468903
-0.17124828696250916
-0.33017075061798096
-0.19552066922187805
0.1312538981437683
-0.2229672372341156
0.10373938083648682
-0.3807697892189026
-0.016076624393463135
-0.4696137309074402
-0.24813085794448853
-0.23349222540855408
-0.2882561683654785
-0.13724946975708008
-0.25304633378982544
-0.09242740273475647
-0.4286964535713196
0.09174811840057373
-0.17009857296943665
-0.2998912036418915
-0.15629658102989197
-0.14091411232948303
0.2628324627876282
0.033962368965148926
-0.427642822265625
-0.345306396484375
-0.09831863641738892
-0.11318251490592957
-0.15987342596054077
-0.2820916175842285
-0.21444353461265564
-0.2947057783603668
-0.38730213046073914
-0.19708126783370972
-0.16402339935302734
-0.20942041277885437
0.36100366711616516
-0.21906903386116028
-0.3027854859828949
-0.6527207344770432
-0.43813806772232056
-0.03965315222740173
-0.3857763409614563
-0.332808256149292
-0.38738495111465454
-0.37074506282806396
-0.5221146047115326
0.04934316873550415
-0.3185291290283203
-0.7969266623258591
-0.10370293259620667
-0.24336457252502441
-0.24776646494865417
-0.4077441394329071
-0.35707399249076843
-0.5637607872486115
-0.24144941568374634
-0.28502896428108215
-0.27942436933517456
-0.047964781522750854
0.035668760538101196
-0.3461579382419586
-0.5557688772678375
0.23669302463531494
-0.5312280654907227
-0.5197356045246124
-0.4566102623939514
-0.38959498703479767
-0.060207873582839966
-0.1533675491809845
-0.06205010414123535
-0.5839360803365707
-0.08671173453330994
-0.5245002210140228
-0.44667336344718933
-0.3353049159049988
-0.7259270250797272
-0.10687878727912903
0.053185105323791504
-0.8602210283279419
-0.30054062604904175
-0.3192746043205261
-0.41683122515678406
-0.16968774795532227
0.24818062782287598
-0.47596386075019836
-0.2942601144313812
-0.18688923120498657
-0.0746278166770935
-0.16068187355995178
-0.21642154455184937
-0.09414374828338623
-0.16923871636390686
-0.285418301820755
-0.14858466386795044
-0.22066274285316467
-0.14063405990600586
-0.23446142673492432
-0.39279574155807495
-0.2574349045753479
-0.15821674466133118
-0.5254992693662643
-0.44445669651031494
-0.2741113007068634
-0.3854316771030426
-0.41409267485141754
-0.1595022976398468
0.09252175688743591
0.07438921928405762
-0.24960535764694214
-0.20345792174339294
-0.02765369415283203
-0.38547152280807495
-0.3431709408760071
0.08647650480270386
-0.5269571542739868
-0.18494918942451477
0.12039917707443237
0.1587153971195221
-0.10403594374656677
-0.7218217104673386
-0.2527978718280792
-0.14416289329528809
-0.40114548802375793
-0.4483714997768402
-0.30382752418518066
-0.1869041621685028
-0.6597898453474045
-0.058007776737213135
-0.22780320048332214
-0.31884878873825073
-1.0352184176445007
-0.2152404487133026
-0.3454091548919678
-0.5194092243909836
-0.5898902714252472
-0.34851714968681335
0.36738520860671997
-0.23980596661567688
-0.32360532879829407
-0.34238728880882263
-0.11600556969642639
-0.550396203994751
-0.07603105902671814
-0.05503895878791809
0.018919527530670166
-0.13122406601905823
-0.28605785965919495
-0.10903418064117432
-0.423694908618927
-0.3000403344631195
-0.5539829283952713
-0.42216742038726807
-0.263664186000824
0.13174590468406677
0.07102108001708984
-0.39638084173202515
-0.6027777642011642
-0.21467384696006775
-0.42284002900123596
-0.10958585143089294
-0.46074870228767395
-0.10218536853790283
-0.25962671637535095
-0.23436033725738525
-0.5382559299468994
-0.42892178893089294
-0.134474515914917
-0.1433129906654358
-0.5133622735738754
-0.3517642319202423
-0.3699018359184265
-0.5477786213159561
-0.21988245844841003
-0.4611363857984543
0.28668564558029175
0.3024624288082123
-0.2860909402370453
-0.1478656530380249
-0.2731238603591919
0.01144447922706604
-0.20520076155662537
-0.30016130208969116
-0.5111323744058609
-0.30179139971733093
-0.13383665680885315
-0.13675740361213684
-0.9176423251628876
-0.24142619967460632
-0.4190859794616699
-0.06980514526367188
-0.2678423821926117
-0.20377597212791443
-0.27394726872444153
-0.31518757343292236
-0.2890216112136841
-0.29910099506378174
-0.28319665789604187
-0.22032147645950317
-0.18100130558013916
-0.3868730962276459
-0.08452162146568298
-0.21746200323104858
-0.34997832775115967
-0.08595132827758789
-0.4591499865055084
-0.43403109908103943
0.11350065469741821
-0.1731402575969696
-0.39191773533821106
0.21146807074546814
-0.06385427713394165
-0.09688559174537659
-0.3868796229362488
-0.5194092243909836
0.13208383321762085
-0.4047339856624603
-0.1930488646030426
-0.10966706275939941
-0.4343988597393036
-0.22865301370620728
-0.19057869911193848
-0.35763558745384216