-0.5861643552780151
-0.09156429767608643
-0.34121429920196533
-0.10652601718902588
-0.31894171237945557
-0.9694920182228088
-0.3140195608139038
-0.9096288681030273
-0.5282362699508667
-0.48341912031173706
-0.4805447459220886
-0.5829468965530396
-0.2883223295211792
-0.7803196907043457
-0.016129612922668457
-0.5611664056777954
-0.6982303857803345
-0.7854059338569641
-0.536963701248169
-0.6828380227088928
-0.581903338432312
-0.38354647159576416
-0.837759256362915
-0.2867022752761841
-1.0202120542526245
-0.6663818359375
-0.36600685119628906
-0.28696227073669434
-0.6188015341758728
-0.637117862701416
-0.09160232543945312
-0.4257841110229492
-0.49394410848617554
-0.7087619304656982
-0.6972875595092773
-0.8486754894256592
-0.46944308280944824
-0.2988739609718323
-0.3635897636413574
-0.11571729183197021
-0.003141164779663086
-0.25734376907348633
-0.7267305254936218
-0.554547905921936
-0.6007499098777771
-0.9716956615447998
-0.2708210349082947
-0.632189154624939
-0.0002683401107788086
-0.11301195621490479
-0.3783543109893799
-0.7326234579086304
0.18937575817108154
-0.41601938009262085
-0.257815957069397
-1.027793049812317
-0.07903289794921875
-0.5636928081512451
-0.133109450340271
-0.5890156030654907
-0.47436684370040894
-0.06761330366134644
-0.240462064743042
-0.5482258200645447
-0.4035261869430542
-0.5506794452667236
-0.6097759008407593
0.04556262493133545
-0.3229176998138428
-0.7835190296173096
-0.23120903968811035
-0.1572028398513794
-0.39914262294769287
-0.6076701283454895
-0.8167738318443298
-0.5330753922462463
-0.5925359725952148
-0.3092433214187622
-0.3681142330169678
-0.32683420181274414
-0.5557472705841064
-0.15624666213989258
-0.7346678376197815
-0.24939489364624023
-0.41027724742889404
-0.7523364424705505
-0.2278958559036255
-0.42943865060806274
-0.3917454481124878
-1.037456750869751
-0.6776621341705322
-0.11181414127349854
-0.5402570962905884
-0.36544203758239746
-0.48768341541290283
-0.4052823781967163
-0.961818277835846
0.13798165321350098
-0.4333302974700928
-0.4560968279838562
-0.5785965919494629
-0.365720272064209
-0.5353466868400574
-0.7631712555885315
-0.5212846398353577
-0.4505268335342407
-0.36667120456695557
-0.433621883392334
-0.8781763315200806
-0.14983880519866943
-0.7138779163360596
0.011424660682678223
-0.11982762813568115
-0.2295161485671997
-0.6973623037338257
-0.42519086599349976
-0.7446362972259521
-0.30070292949676514
-0.741910994052887
-0.4840054512023926
-0.13272994756698608
-0.3898336887359619
-0.4132908582687378
-0.017494916915893555
-0.4205735921859741
-0.46926581859588623
-0.6824237704277039
-1.102071225643158
-0.14001941680908203
-0.3809436559677124
-0.43580877780914307
-0.5440460443496704
-0.7644205093383789
-0.46260082721710205
-0.19234812259674072
-0.6251316666603088
-1.0325146913528442
-0.21520894765853882
-0.12387824058532715
-0.6590359807014465
-0.6551691293716431
-0.3713001012802124
-0.7368646860122681
0.545391321182251
-0.5141972303390503
-0.3967735767364502
-0.41625791788101196
-0.39065366983413696
-0.558789074420929
-0.0804147720336914
-0.14539551734924316
-0.7930532693862915
-0.839454174041748
-1.015641212463379
-0.31800377368927
-0.578571617603302
-0.4748772382736206
-0.39995276927948
-0.2903205156326294
-0.513615608215332
-0.2629384994506836
-0.11609834432601929
-1.1015958189964294
-0.5530370473861694
-0.15546488761901855
0.6569106578826904
-0.3492112159729004
-0.42932605743408203
-0.684027373790741
-0.32400286197662354
-0.7701973915100098
-0.08490097522735596
-0.20721030235290527
-0.55457603931427
-0.36976587772369385
-0.7308011054992676
-0.6705070734024048
-0.19380402565002441
-0.8218899369239807
-0.5236322283744812
-0.39944911003112793
-0.1999756097793579
-0.46990036964416504
-0.33792078495025635
-0.6280821561813354
-0.3318224549293518
-0.6081504821777344
-0.5943119525909424
-0.19023072719573975
-0.4647611379623413
-0.9619473814964294
0.012826204299926758
-0.5718073844909668
-0.652068018913269
-0.4411996603012085
-0.38959836959838867
-0.38592207431793213
-0.9371532201766968
-0.5877314805984497
-0.5661548376083374
-0.27353811264038086
-0.44102728366851807
-0.5716283917427063
-0.4428696036338806
-0.5096811056137085
-0.07946038246154785
-0.49524450302124023
-0.7678051590919495
-0.12377536296844482
-0.3972870111465454
-0.4325864315032959
-0.7910916209220886
-0.47410500049591064
-0.5511516332626343
-0.6966664791107178
-0.7349758148193359
-0.28444087505340576
-0.32978808879852295
-0.3040280342102051
-0.5931854248046875
-0.06181824207305908
0.11232936382293701
-0.7107882499694824
-0.7688208222389221
-0.7561104893684387
-0.6737011671066284
-0.14521664381027222
-0.2336462140083313
-0.007345795631408691
-0.11903244256973267
-0.4899049997329712
-0.7188297510147095
-0.6547849774360657
-0.24986064434051514
-0.8908880949020386
-0.7567251920700073
-0.9910242557525635
-0.7557111978530884
-0.47270846366882324
-0.7345335483551025
-0.2697027921676636
-0.16032886505126953
-0.8844801187515259
-0.29835379123687744
-0.5151879191398621
-0.3094255328178406
-0.24549829959869385
-0.1944105625152588
-0.7457196712493896
-0.38962316513061523
-0.544723629951477
-0.17995095252990723
-0.44496697187423706
-0.3666132092475891
-0.5533450841903687
-0.3621087074279785
-1.2202486991882324
-0.9129006862640381
-0.7724339962005615
-0.31574082374572754
-0.879630982875824
-0.4652482867240906
-0.2188205122947693
-0.4068014621734619
-0.43516576290130615
-0.534282922744751
-0.18747246265411377
-0.310943067073822
-0.7142605781555176
-0.7818969488143921
-0.9191035032272339
0.059381186962127686
-0.43048739433288574
-0.7195603847503662
-0.7179318070411682
-0.8583090305328369
-0.5454591512680054
-0.7428056001663208
-0.6317120790481567
-0.17345333099365234
-0.8190338611602783
-0.6046515107154846
-0.25865089893341064
-0.7235878705978394
-0.3667771816253662
-0.6828478574752808
-0.47248971462249756
-0.7153772115707397
-0.5657106637954712
-0.7703416347503662
-0.07132923603057861
-0.3471221923828125
-0.47885143756866455
-0.6093880534172058
-0.21715712547302246
-0.4080193042755127
-0.13805794715881348
-0.4173397421836853
-0.6310924291610718
-0.016008615493774414
-0.5433452129364014
-0.5070966482162476
-0.48432523012161255
-0.1797090768814087
-0.9142113327980042
-0.5611879825592041
0.08388543128967285
-0.050441622734069824
-0.6562942266464233
-0.4764195680618286
-0.17516815662384033
-0.43779999017715454
-0.4236518144607544
-0.6493560075759888
-0.025745034217834473
-0.25953567028045654
-0.691007137298584
-0.47270506620407104
-0.5338456630706787
-0.16834580898284912
-0.44504499435424805
-0.2308729887008667
-0.037420034408569336
-0.5920804738998413
-0.01994001865386963
-0.31577396392822266
-0.21065449714660645
-0.25864267349243164
-0.24480247497558594
-0.05226069688796997
-0.28685474395751953
-0.09877258539199829
-0.4356396198272705
-0.6094212532043457
-0.7903977632522583
-0.5455834269523621
-0.2779531478881836
-0.13208723068237305
-0.7997561693191528
-0.5863533020019531
-0.9508177638053894
0.053915560245513916
-0.2873516082763672
0.3918067216873169
-0.5438621640205383
-0.7554759979248047
0.43163883686065674
-0.04004251956939697
-0.5357145071029663
-0.6722564697265625
-0.7383458018302917
-0.9893726110458374
-0.5657638311386108
-0.9012657403945923
-0.3281744718551636
-0.18301916122436523
-0.4257739782333374
-0.5301579236984253
-0.2493053674697876
-0.7406735420227051
-0.7234387397766113
-0.8565579652786255
-0.23805975914001465
-0.32625097036361694
-0.4277472496032715
-0.03606140613555908
-0.608977198600769
-0.2149571180343628
-0.558122992515564
-0.48299312591552734
-0.5732935667037964
-0.5718140602111816
-0.7633950710296631
-0.6283706426620483
-0.4431014060974121
-0.7289623022079468
-0.422440767288208
-0.0013651847839355469
-0.2202768325805664
-0.4170646667480469
-0.6009504199028015
-0.3494150638580322
-0.362451434135437
-0.4761940836906433
-0.6625863909721375
-0.5880630016326904
-0.44474315643310547
-0.14485538005828857
-0.8509203195571899
-0.6264305114746094
-0.36738866567611694
-0.40636247396469116
-0.6493609547615051
-0.66939377784729
-0.2033931016921997
-0.23301196098327637
-0.47061944007873535
-0.6508154273033142
-0.4878920316696167
-0.7180676460266113
-0.46386659145355225
-0.46608495712280273
-0.16108286380767822
-0.34467172622680664
-0.7803483009338379
-0.20701825618743896
-0.44798552989959717
-0.6188328862190247
-0.7055131793022156
0.0466609001159668
-0.43313145637512207
-0.6258821487426758
-0.5566486120223999
0.08698678016662598
0.034732699394226074
-0.6318162679672241
-0.6044975519180298
-0.4797676205635071
-0.2624630928039551
-0.7028623819351196
-0.09233295917510986
-0.35857486724853516
-0.7318133115768433
-0.4322385787963867
-0.11274188756942749
-0.6382759809494019
-0.5153717994689941
-0.8561687469482422
-0.2920103073120117
-0.36844390630722046
-0.7815443277359009
-0.24142950773239136
-0.6785553693771362
-0.5954170227050781
-0.6801422834396362
-0.17295801639556885
-0.3422199487686157
-0.5084368586540222
-0.8085931539535522
-0.438421368598938
-0.28608256578445435
-0.1346203088760376
-0.6485904455184937
-0.33190035820007324
-0.6866168975830078
-0.6182248592376709
-0.11431741714477539
-0.2926912307739258
-0.19226354360580444
-0.3309776782989502
-0.6430953145027161
0.3627283573150635
-0.5788318514823914
-0.7705106735229492
-0.5586530566215515
-0.3703955411911011
-0.6485309600830078
-0.3577531576156616
-0.8193104267120361
-0.5068928003311157
-0.553389847278595
-0.9009279012680054
-0.19967567920684814
-0.12670791149139404
-0.6983810663223267
-0.3878821134567261
-0.025390625
-0.7000212669372559
-0.4342448115348816
-0.7515397071838379
-0.33527660369873047
-0.35523664951324463
-0.5519253611564636
-0.6518260836601257
-0.27873677015304565
-0.5093066692352295
-0.34861981868743896
-0.13381505012512207
-0.35527968406677246
0.07077264785766602
-0.1738758087158203
-0.4703940153121948
-0.48148882389068604
-0.15708351135253906
-0.05670732259750366
-0.5926238894462585
-0.3559904098510742
0.02212357521057129
-0.5500962734222412
-0.37346696853637695
-0.24658364057540894
-0.5523892641067505
-0.356578528881073
-0.7660109996795654
-0.6509844660758972
-0.8929888010025024
-0.2029658555984497
-0.7852402925491333
-0.7733336687088013
-0.2992715835571289
-0.49678516387939453
-0.41461288928985596
-0.4004265069961548
-0.5280920267105103
-0.23231923580169678
-0.4713019132614136
-0.6574357151985168
-0.9088667631149292
-0.3813728094100952
-0.0009343624114990234
-0.7904207706451416
-0.09594452381134033
-0.43921488523483276
-0.0219728946685791
-0.2480067014694214
-0.43109047412872314
-0.5953060388565063
-0.6180657744407654
-0.49903011322021484
-0.7007386684417725
-0.7916550636291504
-0.8870875835418701
-0.7289621829986572
-0.5946581363677979
-0.5662790536880493
-0.7739764451980591
-0.43783485889434814
-0.4387609362602234
-0.6177362203598022
-0.782713770866394
-0.12719988822937012
-0.08143186569213867
-0.6596523523330688
-0.5472152829170227
-0.36375540494918823
-0.5129431486129761
-0.44703948497772217
-0.4467562437057495
-0.3348510265350342
-0.019890427589416504
-0.7325588464736938
-0.5088791847229004
-0.30046284198760986
-0.23238563537597656
-0.20934587717056274
-0.24285268783569336
-0.34303003549575806
-0.6428996920585632
-0.5505619049072266
-0.3222535252571106
-0.24735397100448608
-0.4119075536727905
-0.7116363048553467
0.2664903402328491
-0.8073737025260925
-0.524014949798584
-0.3664044141769409
-0.4014420509338379
-0.15791022777557373
-0.7527376413345337
-0.15542840957641602
0.4851353168487549
0.41382265090942383
-0.17717432975769043
-0.46988701820373535
-0.733735203742981
-0.8356539011001587
-0.1270160675048828
-0.39838045835494995
-0.29028069972991943
-0.8466144800186157
-0.11208581924438477
-0.28026437759399414
-0.4837155342102051
-0.4746054410934448
-0.25250792503356934
-0.719711184501648
-0.06655287742614746
-0.3798154592514038
-0.37058115005493164
-0.6395135521888733
-0.4237246513366699
-0.008344769477844238
-0.6939294338226318
-0.328063428401947
-0.28105294704437256
-0.5280953645706177
-0.6286618709564209
-0.7046219110488892
-0.7178256511688232
-0.2879496216773987
-0.4256332516670227
-0.3084116578102112
-0.5995190143585205
-0.6676605939865112
-0.46043068170547485
0.21908724308013916
-0.5953507423400879
-0.38554108142852783
-0.6655600666999817
-0.6224774718284607
-0.5452835559844971
-0.642702579498291
-0.6345385313034058
-0.6191062331199646
-0.035400390625
-0.4443274140357971
-0.15873026847839355
-0.4651588201522827
-0.6192952394485474
-0.04316204786300659
0.08940565586090088
-0.42941224575042725
-0.2862168550491333
-0.0677722692489624
-0.7246084213256836
0.08783161640167236
-0.21509957313537598
-0.44338977336883545
-0.9430726766586304
-0.302815318107605
-0.6094624996185303
-0.21367979049682617
-1.0896891951560974
-0.4604870080947876
-0.10968375205993652
-0.4791812300682068
-0.6920260190963745
-0.3109794855117798
-0.4599037170410156
-0.6892310380935669
0.21887516975402832
-0.012755036354064941
-0.4966013431549072
-0.9627442359924316
-0.20856553316116333
-0.5121229887008667
-0.4924513101577759
-0.14576488733291626
-0.343389630317688
-0.190027117729187
-0.4572746753692627
-0.448785662651062
-0.5083507895469666
-0.36374056339263916
-0.4283568859100342
-0.5797712802886963
-0.5497897863388062
-0.6239602565765381
-0.612673282623291
-0.1034245491027832
-0.4661363363265991
-0.3968098759651184
-0.6145917773246765
-0.2675771713256836
-0.38946080207824707
-0.2206958532333374
-0.12793880701065063
-0.31574583053588867
-0.16334915161132812
-0.4189286231994629
-0.4150054454803467
-0.5516983270645142
-0.586676299571991
-0.35203415155410767
-0.19668197631835938
0.01201939582824707
-0.14498800039291382
-0.10220688581466675
-0.4155869483947754
-0.5354112386703491
-0.7988817691802979
-0.15060079097747803
-0.791630208492279
-0.4381296634674072
-0.2467309832572937
-0.7864480018615723
-0.5015416741371155
-0.3668733239173889
-0.15080630779266357
-0.5832286477088928
-0.17076289653778076
-0.25962841510772705
-0.3530101180076599
-0.2736854553222656
-0.6857140064239502
-0.8075461387634277
-0.27326470613479614
-0.7919002175331116
0.004169940948486328
-0.04622030258178711
-0.23187196254730225
-0.3848055601119995
-0.7739582061767578
-0.5682686567306519
-0.5992389917373657
-0.008641481399536133
-0.4484078884124756
-0.5489829778671265
0.1944570541381836
-0.25369250774383545
-0.15520811080932617
-0.25159353017807007
-0.21293926239013672
-0.47454404830932617
-0.4767324924468994
-0.7071582674980164
-0.7488077878952026
-0.7209668755531311
0.05934131145477295
-0.0986928939819336
-0.036414265632629395
-0.5223315954208374
-0.5384347438812256
-0.7674174904823303
-0.5139769315719604
-1.0727295279502869
-0.7311358451843262
0.6276712417602539
-0.16840702295303345
-0.31250858306884766
-0.5724551677703857
-0.8407315611839294
-0.7335430383682251
-0.5605252981185913
-0.42932939529418945
-0.6262930035591125
-0.3166719675064087
-0.296268105506897
-0.5330488681793213
-0.263249933719635
-0.5017056465148926
-0.7890274524688721
-0.7473217248916626
0.7976853847503662
-0.14207708835601807
-0.5251545906066895
-0.06324958801269531
-0.8528702259063721
-0.47645092010498047
-0.4278632402420044
-0.23871415853500366
-0.24753117561340332
-0.4771285653114319
0.5704919099807739
-0.5080506801605225
-0.2881600856781006
-0.26824480295181274
-0.06883269548416138
-0.7796324491500854
-0.0032140016555786133
-0.65372633934021
-0.664350688457489
-0.15718626976013184
-0.27193278074264526
-0.652238667011261
-0.5981208682060242
-0.4289931058883667
-0.3941856622695923
-0.6584231853485107
-0.46573376655578613
-0.033894360065460205
-0.38642239570617676
-0.5534709692001343
-0.09311485290527344
-0.8300309777259827
-0.7425785660743713
-0.5286205410957336
-0.3410336971282959
-0.21284818649291992
-0.28701865673065186
-0.2394496202468872
-0.42632240056991577
-0.3876302242279053
-0.13834452629089355
-0.6317883729934692
-0.5871701240539551
-0.5801819562911987
-0.6753395795822144
-0.5052890777587891
-0.3730926513671875
-0.642086386680603
-0.09928607940673828
-0.6793935894966125
-0.45202285051345825
0.18937575817108154
-0.5493159294128418
-0.29086387157440186
-0.3638383150100708
-0.45542752742767334
-0.4683713912963867
-0.6341193914413452
-0.0914996862411499
-0.5774666666984558
-0.4225499629974365
-0.16645878553390503
-0.3840898275375366
-0.330807089805603
-0.12318569421768188
-0.8971670866012573
-0.7282282710075378
-0.42114853858947754
-0.7711583375930786
-0.47513383626937866
0.11394619941711426
-0.20776867866516113
-0.3881652355194092
-0.43138206005096436
0.03133821487426758
0.22527003288269043
-0.4844827651977539
0.20121634006500244
-0.33087319135665894
-0.11337804794311523
-0.20904600620269775
-0.7019909620285034
-0.28482019901275635
-0.3198528289794922
-0.41872966289520264
-0.22422301769256592
-0.6172391772270203
-0.31525540351867676
-0.3201559782028198
-0.39283883571624756
-0.4923238754272461
-0.37127357721328735
0.01692485809326172
0.023964285850524902
-0.3640238046646118
-0.16477727890014648
-0.20541107654571533
0.2893412709236145
-0.5676705837249756
-0.4617046117782593
-0.4072239398956299
-0.27432000637054443
-0.6257462501525879
-0.22154247760772705
-0.7696043252944946
-0.3616398572921753
-0.46384525299072266
-0.3831355571746826
-0.8508821725845337
-0.1292194128036499
-0.7140635251998901
-0.36171793937683105
-0.8376682996749878
-0.541965126991272
-0.7334285974502563
-0.471893310546875
-0.42142200469970703
-0.6737839579582214
-1.048862874507904
-0.2818976640701294
-0.5556826591491699
-0.8029072284698486
-0.45730775594711304
-0.3592110872268677
-0.5378201007843018
-0.10842931270599365
-0.6360459327697754
-0.3882597088813782
-0.4993664026260376
-0.5001732110977173
-0.4829103946685791
-0.7594454884529114
-0.9680706262588501
-0.25849026441574097
-0.6535075902938843
-0.7467883825302124
0.1942232847213745
-0.4245448112487793
-0.4348973035812378
-0.46742188930511475
-0.4010195732116699
-0.40483009815216064
-0.22015070915222168
-0.46218013763427734
-0.5979999899864197
-0.07298767566680908
0.02025151252746582
-0.0604778528213501
-0.6219160556793213
-0.14744830131530762
-0.6424475908279419
-0.7872546911239624
-0.5507241487503052
-0.6396774649620056
-0.8567318916320801
0.0601499080657959
-0.06285029649734497
-0.07384073734283447
-0.24195468425750732
-0.18462622165679932
-0.4825575351715088
-0.4051780104637146
-0.8468496799468994
-0.08169698715209961
-0.7059323787689209
-0.2991853952407837
-0.3832067847251892
-0.47446775436401367
-0.4292100667953491
-0.6311951279640198
-0.18011999130249023
-1.0317972898483276
-0.31675803661346436
-0.9710079431533813
-0.5516536235809326
-0.10699152946472168
-0.5148996114730835
-0.5848059058189392
-0.11923283338546753
-0.589487612247467
0.10533636808395386
-0.3225417137145996
-0.35396599769592285
-1.0616560578346252
-0.5902330875396729
-0.23706579208374023
0.5258969068527222
-0.3206862211227417
-0.7285727858543396
-0.6789795160293579
-0.5042554140090942
-0.6407179832458496
-0.1605609655380249
-0.7689051628112793
-0.363811731338501
-0.5571157932281494
-0.6610987186431885
-0.26478898525238037
-0.6847529411315918
-0.5533765554428101
-0.7473779916763306
-0.7013566493988037
-0.3394582271575928
-0.5384067296981812
-0.4424537420272827
0.10961896181106567
-0.3521305322647095
-0.41168713569641113
-0.5564348697662354
-0.7278056740760803
-0.17945897579193115
-0.18847298622131348
-0.8273983597755432
-0.7061262130737305
-0.3924793601036072
-0.30937254428863525
-0.5162646770477295
-0.6550765037536621
-0.6445631384849548
-0.2533975839614868
-0.13858145475387573
-0.31077075004577637
-0.6592612862586975
-0.3480895161628723
-0.0931432843208313
-0.48030614852905273
-0.18620657920837402
-0.416884183883667
-0.761938750743866
-0.8390697836875916
-0.40680813789367676
-0.3921844959259033
-0.445725679397583
0.09704124927520752
-0.6393147110939026
-0.4713134765625
-0.21570110321044922
-0.5524090528488159
-0.6894896626472473
-0.47250133752822876
-0.19690728187561035
0.530026912689209
-0.4633547067642212
-0.500990092754364
-0.22507965564727783
-1.0669509768486023
-0.7458968162536621
-0.3799595832824707
-0.6343147158622742
-0.28572970628738403
-0.6715341806411743
-0.5728411674499512
-0.6377060413360596
-0.3444681167602539
-0.04976069927215576
-0.01315760612487793
-0.24924904108047485
-0.26489341259002686
0.0745648741722107
-0.7458058595657349
-0.5010330677032471
-0.22790920734405518
-0.3280254006385803
-0.5393891334533691
-0.555268406867981
-0.23315441608428955
-0.3230767846107483
-0.03059101104736328
-0.6159949898719788
-0.04316204786300659
-0.9525290727615356
-0.4295198917388916
-0.21546399593353271
-0.6129217743873596
-0.21781980991363525
-0.5517250299453735
-0.7025542855262756
-0.7470632791519165
-0.897617757320404
-0.2661457657814026
-0.4826304316520691
-0.08251535892486572
-0.44122952222824097
-0.23644793033599854
-0.2531241178512573
-0.13938498497009277
-0.15619885921478271
-0.2601171135902405
-0.6544719338417053
-0.18922346830368042
-0.5780481696128845
-0.39667409658432007
-0.135905921459198
-0.1536872386932373
-0.5430437326431274
0.0494840145111084
-0.4969923496246338
-0.42727506160736084
-0.2872123718261719
-0.33145302534103394
-0.7579476833343506
-0.6736962795257568
-0.3316783905029297
-0.4704238176345825
-0.34864795207977295
-0.6730568408966064
-0.8133446574211121
-0.48198264837265015
-0.31595951318740845
-0.8994550108909607
-0.5314302444458008
-0.9410581588745117
-0.49697577953338623
-0.622134804725647
0.30911779403686523
-1.0249319672584534
-0.5363439917564392
-0.16468942165374756
-0.5522118806838989
-0.4178699254989624
-0.3160208463668823
-0.968151867389679
-0.266412615776062
-0.37781596183776855
-0.772937536239624
-0.40331578254699707
-0.7210547924041748
-0.33737730979919434
-0.8960620164871216
-0.6063497066497803
-0.2101757526397705
-0.2004377841949463
-0.14334112405776978
-0.8132916688919067
-0.4465242624282837
-0.49299633502960205
-0.40276241302490234
-0.31094974279403687
-0.7597866654396057
-0.1730492115020752
-0.3277270793914795
-0.4301246404647827
-0.37540531158447266
-0.10395145416259766
-0.21953946352005005
-0.4863913059234619
-0.14085936546325684
0.21412873268127441
-0.40958476066589355
-0.5649470090866089
-0.6916747689247131
-0.2829001545906067
0.11594593524932861
-0.7147112488746643
-0.5283652544021606
-0.4592726230621338
-0.5906026363372803
-0.6255027055740356
-0.09788626432418823
-0.23423612117767334
-0.26239514350891113
-0.37198591232299805
-0.5775429606437683
-0.25495821237564087
-0.7743873596191406
-0.316893994808197
-0.7190485000610352
-0.6029815673828125
-0.42727988958358765
-0.18628787994384766
-0.654584527015686
-0.3834768533706665
-0.03750920295715332
-0.4990383982658386
-0.6354942917823792
0.1122746467590332
-0.1396317481994629
-0.44481778144836426
-0.46992027759552
-0.22679924964904785
-0.6597517728805542
-0.580329418182373
-0.6714215278625488
-0.7200424671173096
-0.11931741237640381
0.05260360240936279
-0.37705373764038086
-0.5496755838394165
-0.30725693702697754
-0.228712797164917
-0.5239784121513367
0.12231588363647461
-0.07013154029846191
-0.48403871059417725
-0.870217502117157
-0.5515725016593933
-0.4759787917137146
-0.6683831214904785
0.009505987167358398
-0.9140886068344116
-0.5743983387947083
-0.524357795715332
-0.7093319892883301
-0.2101891040802002
-0.22330188751220703
0.23378217220306396
-0.4287378787994385
-0.7442137002944946
-0.472802996635437
-0.18312501907348633
0.03580957651138306
-0.4019738435745239
-0.37838077545166016
-0.37005579471588135
-0.5579771995544434
-0.8335596919059753
-0.4223794937133789
-0.35569560527801514
-0.4407556653022766
-0.7348946332931519
-0.3914985656738281
-0.48760223388671875
-0.38046491146087646
-0.5408999919891357
-0.48253118991851807
-0.7007005214691162
-0.3037397265434265
-0.802748441696167
-0.5236685276031494
-0.3354805111885071
-0.18440425395965576
-0.07132434844970703
-0.4577517509460449
-0.014931917190551758
-0.11890149116516113
-0.43057847023010254
-1.0703403949737549
-0.5241225361824036
-0.6452258825302124
-0.39884936809539795
-0.4363504648208618
-1.0062973499298096
-0.31575095653533936
-0.012272834777832031
-0.5461334586143494
-0.6177361607551575
-0.6587924957275391
-0.26171910762786865
-0.5358320474624634
-0.16320335865020752
-0.5305192470550537
-0.16160309314727783
-0.17695903778076172
-0.4660021662712097
-0.5201647281646729
-0.12879866361618042
-0.4410703182220459
-0.2330913543701172
-0.6467532515525818
-0.3257722854614258
-0.11213552951812744
-0.30581557750701904
-0.3462144136428833
-0.5026035904884338
-1.0011532306671143
-0.42735958099365234
-0.8305660486221313
-0.3696930408477783
-0.24230265617370605
0.08578073978424072
-0.40143221616744995
-0.4441700577735901
-0.1404120922088623
-0.8694255948066711
-0.6671257615089417
-0.6294573545455933
-0.5545030832290649
-0.48636960983276367
-0.20254671573638916
-0.5925376415252686
-0.4106101989746094
-0.5384016036987305
-0.5985151529312134
-0.21981608867645264
-0.5784177184104919
-0.5996003150939941
-0.8127349615097046
-0.3883873224258423
-0.3472778797149658
-0.7192158102989197
-0.90008944272995
-0.38616234064102173
-0.836079478263855
-0.8000844717025757
-0.03908652067184448
-0.1900569200515747
-0.5430669784545898
-0.3403562307357788
-0.43187737464904785
-0.7430059909820557
-0.9135386943817139
-0.12990045547485352
-0.7003922462463379
-0.3910214900970459
-0.6309249997138977
-0.7307282090187073
-0.8430360555648804
-1.112074375152588
-0.5677798986434937
-0.4989008903503418
-0.604457676410675
0.10501992702484131
0.027385294437408447
-0.34840112924575806
-0.8219826221466064
-0.012933909893035889
-0.27825963497161865
0.08721888065338135
-0.4013857841491699
-0.07957470417022705
-0.9445785284042358
-0.08510482311248779
-0.16320836544036865
-0.6422734260559082
-0.26586753129959106
-0.7852104902267456
-0.7707672715187073
0.27478063106536865
-1.0341116189956665
-0.19350767135620117
-0.16501080989837646
-0.3964405059814453
-0.5463986396789551
-0.41646015644073486
-0.2178463339805603
-0.6900230646133423
-0.5280008316040039
-0.8329864740371704
-0.4379425048828125
-0.15981042385101318
-0.4177507162094116
-0.6580718159675598
-0.6188395023345947
-0.8641290664672852
-0.38225257396698
0.31181931495666504
-0.42247551679611206
-0.4315691590309143
-0.046826720237731934
-0.6980546712875366
-0.3709007501602173
-0.5897032022476196
-0.1741774082183838
-0.38353633880615234
-0.6273152232170105
-0.4654057025909424
-0.5996812582015991
-0.9498666524887085
-0.3292396068572998
-0.5260177850723267
-0.05528414249420166
-0.13685035705566406
-0.552750289440155
-0.06707000732421875
-0.5246179103851318
-0.1490982174873352
-0.2866475582122803
-0.28013181686401367
-0.49193787574768066
-0.4383699893951416
-0.32137036323547363
-0.5549637079238892
-0.448628306388855
-0.4191489815711975
-0.3971611261367798
-0.6474142074584961
-0.38612085580825806
-0.5146892070770264
-0.4464430809020996
-0.3509010672569275
0.2212989330291748
-0.35446804761886597
-0.6575682163238525
-0.5373297929763794
-0.42072272300720215
-0.25315070152282715
-0.4202953577041626
-0.6568906307220459
-0.016412973403930664
-0.6576908826828003
-0.6715772747993469
-0.38912951946258545
-0.05057251453399658
-1.0060389041900635
-0.3678225874900818
-0.013349771499633789
-0.23568743467330933
-0.3704270124435425
-0.6486568450927734
-0.42449021339416504
-0.3738149404525757
-0.6723839044570923
-0.47653698921203613
-0.3937549591064453
-0.526576042175293
-0.27723586559295654
-0.523932158946991
-0.9492752552032471
-0.28440606594085693
-0.7632459402084351
-0.20636212825775146
-0.06065511703491211
-0.40329432487487793
-0.737919807434082
-0.3649963140487671
-0.4096858501434326
-0.49232375621795654
-0.3278994560241699
-0.550430953502655
-0.48567211627960205
-0.5835318565368652
-0.07147693634033203
-0.43684911727905273
-0.03982055187225342
-0.35242366790771484
-0.4411017894744873
-0.16315042972564697
-0.11952602863311768
-0.9000232219696045
-0.45660364627838135
-0.3094785213470459
-0.3126842975616455
-0.23475295305252075
-0.29850131273269653
-0.6003241539001465
-0.5102476477622986
-0.2156893014907837
-0.5416504144668579
-0.5064421892166138
-0.4270944595336914
-0.7128689289093018
-0.6811000108718872
-0.6720560789108276
-0.6110894680023193
-0.6711499094963074
-0.11762917041778564
-0.17927342653274536
-0.4296407699584961
-0.5517264604568481
-0.20459771156311035
-0.732890248298645
-0.7193384170532227
-0.29387426376342773
-0.5555419325828552
0.0856747031211853
-0.5437825918197632
-0.890464186668396
-0.5985780954360962
-0.507048487663269
-0.49962157011032104
-0.4732303023338318
-0.6222590208053589
-0.51944899559021
-0.5106584429740906
-0.46102702617645264
-0.4809190034866333
-0.6571706533432007
-0.5844945907592773
-0.5188624262809753
-0.2941192388534546
-0.6249328255653381
-0.007879257202148438
-0.5076881051063538
-0.5514813661575317
-0.531609058380127
-0.4206101894378662
-0.2934119701385498
-0.9675190448760986
-0.5790224075317383
-0.6686069965362549
-0.4909819960594177
-0.8272923231124878
-0.378032922744751
-0.7265765070915222
-0.4290344715118408
-0.5641981363296509
-0.5498626232147217
-0.29972559213638306
-0.2718698978424072
-0.03565394878387451
0.2091984748840332
-0.8732459545135498
-0.33911699056625366
-0.8435180187225342
-0.8140570521354675
-0.4087812304496765
-0.38759541511535645
-0.3784404993057251
-0.4025288224220276
-0.23915821313858032
-0.10557830333709717
-0.4492031931877136
-0.914965033531189
-0.19872641563415527
-0.9221567511558533
-0.01726287603378296
-0.5211123824119568
-0.08403122425079346
-0.21970534324645996
-0.7686418294906616
-0.3778325319290161
-0.4120699167251587
-0.9505228400230408
0.0686802864074707
-0.17901158332824707
-0.4686095714569092
-0.828708827495575
-0.5186024904251099
-0.4372185468673706
-0.40360403060913086
-0.012322545051574707
-0.5697745084762573
-0.5313490629196167
-0.8256174325942993
-0.39463311433792114
-0.9153791666030884
-0.42569613456726074
-0.23220014572143555
-0.3253498077392578
-0.34185218811035156
-0.48674899339675903
-0.11454606056213379
-0.7851409316062927
-0.2936354875564575
-0.43077409267425537
-0.5009900331497192
-0.2526470422744751
-0.6793655157089233
-0.530326783657074
-0.8943307995796204
-0.36495810747146606
-0.3487870693206787
-0.36485397815704346
-0.2088637351989746
-0.37854158878326416
-0.7926557064056396
-1.026240587234497
-0.9611919522285461
-0.6406499743461609
-0.8348071575164795
-0.7008744478225708
-0.7584497928619385
0.046589791774749756
-0.2700921297073364
-0.5572101473808289
-0.3404870629310608
-0.42042291164398193
-0.31313663721084595
-0.7201354503631592
-0.7417733669281006
-0.678434431552887
-0.5671305656433105
-0.10609853267669678
-0.28150850534439087
-0.44567763805389404
-0.45298534631729126
-0.8395669460296631
-0.04006236791610718
-0.7571508884429932
-0.7719271183013916
-0.08892840147018433
-0.2754298448562622
-0.482486367225647
-0.5357873439788818
-0.6406168937683105
-0.7520283460617065
-0.09093451499938965
-0.33441197872161865
-0.10021233558654785
-0.04764509201049805
-0.5514233112335205
-0.7478170990943909
-0.23922443389892578
-0.5392134189605713
-0.5241341590881348
-0.05191445350646973
0.05262017250061035
-0.46534597873687744
-0.7371048927307129
-0.1997917890548706
-0.3694494962692261
-0.43414199352264404
-0.33269059658050537
-0.006582021713256836
-0.254230797290802
-0.6766253709793091
-0.49513864517211914
-0.6015783548355103
-0.4627532958984375
-0.32024216651916504
-0.18995100259780884
-0.3184645175933838
-0.5690439343452454
-0.2502349019050598
-0.23524343967437744
-0.6338012218475342
-0.28311872482299805
-0.5923339128494263
-0.5796800255775452
-1.014373779296875
-0.5213459730148315
-0.6337780356407166
-0.4415491223335266
-0.2170577049255371
-0.7387616634368896
-0.590501606464386
-0.41195571422576904
-0.2961024045944214
-0.8574825525283813
-0.3760514259338379
-0.18320304155349731
0.008401155471801758
-0.6131652593612671
-0.7481284737586975
-0.2747011184692383
-0.6148351430892944
-0.33125925064086914
-0.5355421304702759
-0.30758005380630493
-0.6900643110275269
-0.2036120891571045
-0.6465924978256226
-0.302346408367157
-0.17866206169128418
-0.6224658489227295
-0.15213823318481445
-0.6376529932022095
-0.6501926183700562
-0.21882712841033936
-0.7712627649307251
0.04028594493865967
-0.3128880262374878
-0.2610267400741577
-0.5062716007232666
-0.3440786600112915
-0.48066896200180054
-0.4843335747718811
-0.13283109664916992
-0.6297390460968018
-0.264354944229126
0.07030868530273438
-0.537838339805603
-0.3176659345626831
-0.21202301979064941
-0.6331600546836853
-0.03498125076293945
-0.6292086839675903
-0.5670129060745239
-0.14749133586883545
-0.4033787250518799
-0.32287800312042236
-0.3271489143371582
-0.32363176345825195
-0.39539825916290283
-0.681229293346405
-0.3081682324409485
-0.13289058208465576
-0.8816654086112976
-0.741496741771698
-0.29303574562072754
0.03928542137145996
-0.6047194004058838
-0.5485605001449585
-0.5430635809898376
-0.6342153549194336
-0.7139838933944702
-0.7655091285705566
-0.08247721195220947
-0.06977534294128418
-0.832232654094696
-0.2036268711090088
-0.24208396673202515
-0.5348562002182007
-0.4696386456489563
-0.5629191398620605
-0.7567799091339111
-0.3583577871322632
-0.6839181184768677
-0.2279820442199707
-0.41377121210098267
-0.7718474864959717
0.11093783378601074
-0.9823944568634033
-0.6997413039207458
0.024953126907348633
-0.4209614396095276
-0.7761914134025574
-0.597955048084259
-0.6021414995193481
-0.5659493207931519
0.052048683166503906
-0.23135840892791748
-0.3356642723083496
-0.32552194595336914
-0.23785603046417236
-0.31494563817977905
-0.963789701461792
-0.6252889633178711
-0.5083571672439575
-0.06368362903594971
-0.13952571153640747
-0.2040758728981018
-0.5110197067260742
-0.543829083442688
-0.48727917671203613
-0.8150097131729126
-0.5970969200134277
-0.622860312461853
-0.34977954626083374
-0.5810220241546631
-0.8554893732070923
-0.5430437326431274
-0.41938090324401855
-0.49332451820373535
-0.6239039897918701
-0.35471320152282715
-0.7812343835830688
-0.36536574363708496
-0.7147955894470215
-0.5596041679382324
-0.6280325055122375
-0.3758692741394043
-0.22506463527679443
-0.10819423198699951
-0.09855222702026367
-0.31800878047943115
-0.9101158380508423
-0.2908986806869507
-0.9650653600692749
-0.46024513244628906
-0.6618656516075134
-0.1993623971939087
-0.9710361957550049
-0.2138272523880005
-0.4244039058685303
-0.5489184856414795
-0.5787124633789062
-0.5464831590652466
-0.34654557704925537
-0.27999258041381836
-0.6758217811584473
-0.30386728048324585
-0.7058411836624146
-0.1463332176208496
-0.6894581317901611
-0.5865355134010315
-0.12254619598388672
-0.5036836862564087
-0.1878981590270996
-0.45634686946868896
-0.5876654386520386
-0.5531015396118164
-0.3085078001022339
-0.4147220849990845
-0.15082114934921265
-0.5332212448120117
-0.4465290904045105
-0.48712676763534546
-0.426145076751709
0.3604719638824463
-0.2843198776245117
-0.1521216630935669
-0.5892757177352905
0.0011249780654907227
-0.3926782011985779
-0.698815107345581
-0.834967851638794
-0.2212558388710022
-0.421852707862854
-0.1878981590270996
-0.30667543411254883
-0.8516905307769775
-0.5194389820098877
-0.17464959621429443
-0.10575222969055176
-0.2970830202102661
-0.7018650770187378
-0.4594267010688782
-0.1767486333847046
-0.29196715354919434
-0.20058190822601318
-0.21231460571289062
-0.8826345801353455
-0.3278447389602661
0.17074966430664062
-0.3111915588378906
-0.38327300548553467
-0.6012353301048279
-0.6582293510437012
-0.4534127712249756
0.028024792671203613
-0.09399795532226562
-0.24740701913833618
-0.48854488134384155
-0.300701379776001
-0.3604719638824463
0.13762229681015015
-0.4767274856567383
-0.5109052658081055
0.4748936891555786
-0.011926651000976562
-0.5028902292251587
-0.225361168384552
-0.1604582667350769
-0.052103400230407715
-0.3969622850418091
-0.5258373022079468
-0.4250434637069702
-0.19749712944030762
-0.35898423194885254
-0.2737915515899658
-0.8605972528457642
-0.6360675096511841
-0.42631590366363525
-0.8080878853797913
-0.8845562934875488
-0.10836470127105713
-0.02210867404937744
-0.7671706080436707
-0.37609291076660156
-0.9019417762756348
-0.5867525339126587
-0.5012070536613464
0.04597675800323486
-0.7669835686683655
-0.7584944367408752
-0.5817576050758362
-0.3078566789627075
-0.7864828705787659
-0.6290712356567383
-0.7016216516494751
-0.18430805206298828
-0.7984342575073242
-0.709770917892456
-0.719280481338501
-0.3578873872756958
-0.6657688617706299
-0.3626817464828491
-0.61160808801651
-0.559612512588501
-0.23680901527404785
-0.17547792196273804
-0.0146104097366333
-0.39690423011779785
-0.5365362167358398
-0.41552066802978516
-0.7264770865440369
-0.6638984680175781
-0.7155925631523132
-0.9024618864059448
-0.24811434745788574
-0.29850947856903076
-0.21690523624420166
-0.08174335956573486
-0.594524085521698
-0.488240122795105
-0.42597949504852295
-0.28902339935302734
-0.41061532497406006
-0.5849863886833191
-0.2180187702178955
0.12075698375701904
-0.3916774392127991
-0.24117779731750488
-0.38296329975128174
0.0905768871307373
-0.27674710750579834
-0.39222902059555054
-0.6378567218780518
-0.7829110622406006
-1.0303427577018738
-0.4715735912322998
-0.6734195947647095
-0.7341658473014832
-0.38730382919311523
-0.8576614856719971
-0.7118847966194153
-0.689961850643158
-0.2642223834991455
-0.5843651294708252
-0.4523707628250122
-0.380698561668396
-0.37554454803466797
-0.8542633652687073
-0.4227057695388794
-0.328214168548584
-0.639806866645813
-0.5462097525596619
-0.18198871612548828
-0.7887921929359436
-0.7673661112785339
-0.39840710163116455
-0.23834633827209473
-0.4623706340789795
-0.05929672718048096
-0.39931488037109375
-0.36649566888809204
-0.35298192501068115
-0.5337728261947632
-0.35656702518463135
0.4151214361190796
-0.3367147445678711
-0.6692148447036743
-0.18907928466796875
-0.6914494037628174
-0.5977877974510193
-1.0596033334732056
-0.438091516494751
-0.5633018016815186
-0.46212542057037354
-0.4004911184310913
-0.15785062313079834
-0.42395830154418945
-0.36507928371429443
-0.3434690237045288
-0.20245397090911865
-0.21290433406829834
-0.4248528480529785
-0.3269749879837036
-0.9094448685646057
-0.20984619855880737
-0.26931023597717285
-0.34079694747924805
-0.5281069278717041
-0.4217151403427124
-0.6811513900756836
-0.3306809663772583
-0.7146416306495667
-0.7253507375717163
-0.30665552616119385
-0.6438457369804382
-0.23852038383483887
0.07051593065261841
-0.2304787039756775
-0.7010167837142944
-0.7373831868171692
-0.19482314586639404
0.054260313510894775
-0.19531524181365967
-0.04859602451324463
-0.3097153902053833
-0.5605700016021729
-0.13791543245315552
-0.6353484392166138
-0.2922968864440918
-0.12543535232543945
-0.05587565898895264
-0.8373516798019409
-0.7267720103263855
-0.6441090106964111
-0.33234095573425293
-0.18365204334259033
-0.07810020446777344
-0.06495928764343262
-0.8251667022705078
-0.07010173797607422
-0.3934965133666992
-0.8728418350219727
-0.9623152017593384
-0.39786219596862793
-0.43437403440475464
-0.555912971496582
-0.6156355142593384
-0.4248148202896118
-0.15489017963409424
-0.2338683009147644
-0.43977487087249756
-0.33541595935821533
-0.47404706478118896
-0.09196352958679199
-0.12631511688232422
-0.5412428379058838
-0.3789491057395935
-0.345100998878479
-0.2530413269996643
-0.5995887517929077
-0.25059759616851807
0.0444643497467041
-0.4598127603530884
0.02892434597015381
-0.8082602024078369
-0.44297224283218384
-0.014116764068603516
-0.20959270000457764
-0.2800953984260559
-0.39799612760543823
-0.7526695728302002
-0.8719702959060669
-0.8332018256187439
-0.3062745928764343
-0.5642296075820923
-0.3245941996574402
-0.07027232646942139
-0.5068529844284058
-0.8260647058486938
-0.5680716037750244
-0.20875930786132812
-0.1333925724029541
-0.3378859758377075
-0.1314626932144165
-0.47162675857543945
-0.12874728441238403
-0.4887371063232422
-0.28548455238342285
-0.9069101810455322
-0.36543041467666626
-0.5879883766174316
-0.4163292646408081
-0.33773374557495117
-0.2210918664932251
-0.3954613208770752
-0.25763535499572754
-0.31996220350265503
-0.5081005692481995
-0.8346762657165527
0.026788830757141113
-0.5197737216949463
-0.46043068170547485
-0.12979435920715332
-0.5409097671508789
-0.28833067417144775
-0.21660888195037842
0.023008346557617188
-0.517959713935852
-0.4458731412887573
-0.484025239944458
-0.161979079246521
-0.6144078969955444
-0.7708486914634705
-0.43979471921920776
0.12984895706176758
-0.3850839138031006
-0.356250524520874
-0.642387866973877
-0.3988111615180969
-0.2807579040527344
-0.16021978855133057
-0.23218685388565063
-0.2922521233558655
-0.2232818603515625
-0.49918919801712036
-0.4591118097305298
-0.21115827560424805
-1.0210883021354675
-0.3708610534667969
0.09133732318878174
-0.16549789905548096
-0.6241791248321533
-0.4545491933822632
0.0447392463684082
-0.5783761143684387
-0.39326953887939453
-0.7416723966598511
-0.6204332113265991
-0.449398398399353
-1.0228544473648071
-1.0781981945037842
-0.3068211078643799
-0.38648855686187744
-0.31192874908447266
-0.8276851773262024
-0.4936872720718384
-0.542677640914917
-0.050865769386291504
-0.3905344009399414
0.15340900421142578
-0.4872807264328003
-0.6262830495834351
-0.3218855857849121
0.23444658517837524
-0.7839646339416504
-1.0581124424934387
-0.9047149419784546
-0.19409096240997314
-0.6230111122131348
-0.49567365646362305
-0.4535454511642456
-0.5130691528320312
-0.3489212989807129
-0.6668606400489807
-0.22512924671173096
-0.6439038515090942
-0.5507740378379822
-0.665450930595398
-0.5498493909835815
-0.2544494867324829
-0.8254948854446411
-0.6647648811340332
-0.1491578221321106
-0.627184271812439
-0.24573194980621338
-0.9220623970031738
-0.5215944051742554
-0.07496905326843262
-0.005677580833435059
-0.5160742998123169
-0.20903587341308594
-0.8833038210868835
-0.7249628901481628
-0.7979506254196167
-0.2874990701675415
-0.4471191167831421
-0.5826073884963989
-0.3121325969696045
-0.5439581871032715
-0.050734758377075195
-0.3143841028213501
-0.19293463230133057
-0.7774539589881897
-0.21892988681793213
-0.233556866645813
-0.663434624671936
-0.6564383506774902
-0.7617217898368835
-0.3673056364059448
-0.5679274201393127
0.027973413467407227
-0.17793476581573486
-0.40999889373779297
-0.8999703526496887
-0.8412104845046997
-0.31271570920944214
-0.6704339981079102
-0.6536848545074463
-0.06017965078353882
-0.057787418365478516
-0.2593982219696045
-0.18255525827407837
-0.3032327890396118
-0.062338411808013916
-0.4967505931854248
-0.16348671913146973
-0.44173967838287354
-0.06757032871246338
-0.2021324634552002
-0.5927199125289917
-0.39273929595947266
-0.6193066835403442
-0.543537437915802
-0.5089256763458252
-0.09525203704833984
-0.4188953638076782
-0.629932701587677
-0.5738865733146667
-0.48923903703689575
-0.2183699607849121
-0.18529701232910156
-0.27236682176589966
-0.43300890922546387
-0.04192614555358887
0.07784843444824219
-0.925466775894165
-0.6577438116073608
0.2197514772415161
-0.41136568784713745
-0.6217436790466309
-0.41853922605514526
-0.1976991891860962
-0.3290574550628662
-0.19257009029388428
-0.5364135503768921
0.043218374252319336
-0.47299349308013916
-0.21786296367645264
-0.7643675208091736
0.40804243087768555
-0.3047471046447754
-0.69866943359375
-0.5062649250030518
-0.6332628726959229
-0.2712467908859253
-0.4723174571990967
-0.5474340319633484
-0.3251774311065674
-0.26555436849594116
-0.1711505651473999
-0.48127198219299316
-0.1533592939376831
-0.8752521276473999
-0.5860417485237122
-0.03210192918777466
-0.3394664525985718
-0.3103731870651245
-0.2741543650627136
-0.2915762662887573
-0.29237133264541626
-0.8044779300689697
-0.12953585386276245
-0.5241274833679199
-0.5796800851821899
-0.22364479303359985
-0.629044771194458
-0.13426578044891357
-0.6381781697273254
-0.7540478706359863
-0.7959210872650146
-0.31908243894577026
-0.36868077516555786
-0.5923670530319214
-0.19900310039520264
-0.6817445158958435
-0.3071873188018799
-0.4166041612625122
-0.19097471237182617
-0.22104060649871826
-0.26042187213897705
-0.41630101203918457
-0.39699381589889526
-0.12157702445983887
-0.4524751901626587
-0.5231552124023438
-0.21728301048278809
-0.4040861129760742
-0.36471128463745117
-0.3125666379928589
-1.0024107694625854
-0.4496157169342041
-0.6941415071487427
-0.2246570587158203
-0.4898735284805298
-0.3768550157546997
-0.5532788634300232
-0.5874218940734863
-0.38233041763305664
-0.45216208696365356
-0.17529070377349854
-0.6029683351516724
-0.37665116786956787
-0.24554479122161865
-0.18133103847503662
-0.4188939332962036
-0.8126735687255859
-0.5633664727210999
-0.1480693817138672
-0.1451404094696045
-0.8729080557823181
-0.4808197021484375
-0.28687453269958496
-0.08253026008605957
-0.4671550989151001
-0.44141507148742676
-0.7790972590446472
0.3988741636276245
-0.6856741905212402
-0.42841994762420654
-0.3357406258583069
-0.34254133701324463
-0.4125121235847473
-0.28007370233535767
-0.482052206993103
-0.6432542204856873
-0.7011112570762634
-0.48785078525543213
-0.772003173828125
-0.5653595924377441
-0.941253662109375
-0.620739758014679
-0.7460392713546753
-0.3446371555328369
-0.9084360599517822
-0.8086477518081665
-0.47684192657470703
-0.9431836009025574
-0.7269774675369263
-0.6179746389389038
-0.6192189455032349
0.06496930122375488
-0.3587157130241394
-0.5640442371368408
-0.4600629210472107
-0.715103805065155
-0.09657573699951172
-0.3259180784225464
-0.41452181339263916
-0.17101788520812988
-0.34856683015823364
-0.7902369499206543
-0.575261652469635
-0.5884621143341064
-0.558007001876831
-0.5418277978897095
-0.7114623785018921
-0.22794735431671143
-0.1108778715133667
-1.0893082022666931
-0.5667974948883057
-0.47579818964004517
-0.03278946876525879
-0.9221999645233154
-0.4465423822402954
-0.6817477941513062
-0.2315075397491455
-0.3023878335952759
0.010481834411621094
0.095619797706604
-0.6335311532020569
-0.21225178241729736
-0.3661611080169678
-0.3890085220336914
-0.4178417921066284
-0.4996480941772461
-0.212693989276886
-0.3835679292678833
-0.07101786136627197
-0.4019739627838135
-0.4173017144203186
-0.4115861654281616
-0.6916796565055847
-0.5352968573570251
-0.7915209531784058
-0.567122220993042
-0.45259952545166016
-0.1579781174659729
-0.647782027721405
-0.0898064374923706
-0.11941683292388916
-0.7192473411560059
-0.24663984775543213
-0.01735067367553711
-0.2148328423500061
-0.3723735809326172
-0.5880645513534546
-0.5614662170410156
-0.31244897842407227
-0.3201608657836914
-0.5165297985076904
-0.23241376876831055
-0.4804800748825073
-0.024611949920654297
-0.25848686695098877
-0.5651143789291382
-0.2474813461303711
-0.19101762771606445
-0.2620571255683899
-0.43680763244628906
-0.5121065378189087
-0.8908500075340271
-0.523826003074646
-0.27230381965637207
-0.5230357646942139
-0.26219964027404785
-0.9698367118835449
-0.5554373264312744
-0.28351128101348877
-0.33694005012512207
-0.7806562185287476
-0.35146594047546387
-0.4877530336380005
-0.6766684055328369
-0.13037586212158203
-0.33375096321105957
-0.12529635429382324
-0.45239388942718506
-0.7193831205368042
-0.27595025300979614
-0.7457841634750366
-0.8484170436859131
-0.6812441945075989
-0.37539875507354736
-0.5237331986427307
-0.4728625416755676
-0.2521864175796509
-0.7237420082092285
-0.42493581771850586
-0.16254055500030518
-0.4651205539703369
-0.060741305351257324
0.15176546573638916
-0.7254747152328491
-0.7807506918907166
-0.24645423889160156
-0.5217435359954834
-0.13252615928649902
-0.520966649055481
-0.39120692014694214
-0.402926504611969
-0.6270318627357483
-0.35313594341278076
-0.6796720027923584
-0.11051523685455322
-0.2789720892906189
-0.12465023994445801
-0.41767942905426025
0.11401915550231934
-0.342769980430603
-0.8081309795379639
-0.8416443467140198
0.00020051002502441406
-0.30425333976745605
-0.8548979759216309
-0.22632050514221191
-0.030890941619873047
-0.7746291160583496
-0.6568939089775085
-0.2868015766143799
-0.48861467838287354
-0.8595963716506958
-0.2720952033996582
-0.34256982803344727
0.015490174293518066
-0.35063278675079346
-0.20154941082000732
-0.513630747795105
-0.6930052042007446
-0.21954798698425293
-0.1691277027130127
-0.38836896419525146
-0.46859484910964966
-0.3363717794418335
-0.7770892381668091
-0.7330376505851746
0.02283930778503418
-0.4679204225540161
-0.5910334587097168
-0.5203369855880737
-0.8442205786705017
0.10734105110168457
-0.5008723735809326
-0.8127217292785645
-0.4629819393157959
-0.4867755174636841
-0.6283571720123291
-0.4945688247680664
-0.649635910987854
-0.28694915771484375
-0.20315802097320557
-0.35600537061691284
-0.9286526441574097
-0.4241669774055481
-0.2970764636993408
-0.6321808099746704
-0.6728265285491943
0.03583943843841553
-0.06005549430847168
-0.480932354927063
-0.5127260684967041
-0.23048865795135498
-0.48891425132751465
-0.3236566185951233
-0.2024672031402588
-0.7266974449157715
-0.4661628007888794
-0.7321314811706543
-0.09697353839874268
-0.22311139106750488
-0.2644575834274292
-0.40030717849731445
-0.856997013092041
-0.2764738202095032
-0.6303784847259521
-0.5300717949867249
-0.29261159896850586
-0.5184251070022583
-0.2513415813446045
-0.1424681544303894
-0.2804863452911377
-0.6458405256271362
-0.586086630821228
-0.5140680074691772
-0.7036676406860352
-0.9400756657123566
-0.11777991056442261
-0.5948156118392944
-0.5515657663345337
-0.688079833984375
-0.6595778465270996
-0.5444090366363525
-0.3573240637779236
-0.2538912296295166
0.019105076789855957
-0.1139214038848877
-0.4735715389251709
-0.7211523652076721
-0.04760521650314331
-0.39983510971069336
-0.6036689281463623
-0.3538997173309326
-0.21548712253570557
-0.5708928108215332
-0.19982147216796875
-0.37836748361587524
-0.6036723256111145
-0.32238757610321045
-0.2452913522720337
-0.15885794162750244
-0.3799678683280945
-0.21817433834075928
-0.24876046180725098
-0.47954893112182617
-0.45680248737335205
-0.5091127157211304
-0.26087915897369385
-0.015437126159667969
-0.3760499358177185
-0.24626696109771729
-0.9404551982879639
0.020645737648010254
-0.7091048955917358
-0.5126862525939941
0.1828799843788147
-0.3736509084701538
-0.7069727182388306
-0.6923340559005737
-0.3109779357910156
-0.5890156030654907
-0.6824303269386292
-0.21549057960510254
0.03112947940826416
0.06519120931625366
-0.8418911695480347
-0.7556730508804321
-0.404140830039978
-0.1701498031616211
-0.6923656463623047
-0.25793200731277466
-0.22257459163665771
-0.8448716402053833
-0.398912250995636
-0.02788388729095459
-0.11142158508300781
0.3465074300765991
-0.3639408349990845
-0.6302773952484131
-0.4121112823486328
-0.22189533710479736
-0.3138124942779541
-0.4883941411972046
-0.20289957523345947
-0.6910766363143921
-0.007378816604614258
-0.7325141429901123
-0.4977527856826782
-0.9352513551712036
-0.4244818687438965
-0.3606705665588379
-0.5458534955978394
-0.7830568552017212
0.03278636932373047
0.08186578750610352
-0.26321178674697876
-0.0606999397277832
-0.5865486860275269
-0.5919992327690125
-0.5754836797714233
-0.5169358253479004
-0.46127384901046753
-0.38052457571029663
-0.2196406126022339
-0.7536370754241943
-0.8951575756072998
-0.5861643552780151
-0.20584529638290405
-0.23017895221710205
-0.17687273025512695
-0.4950143098831177
-0.593447208404541
-0.48900216817855835
-0.580183744430542
-0.5551906824111938
-0.7298104166984558
-0.7215119004249573
-0.3792555332183838
-0.45123744010925293
-0.3373476266860962
-0.626220166683197
-0.2916209101676941
-0.37635958194732666
-0.8539023399353027
-0.4929087162017822
-0.45087647438049316
-0.3590388298034668
-0.46395450830459595
-0.37282586097717285
-0.28799617290496826
-0.46773993968963623
-0.1427016258239746
-0.04918915033340454
-0.8521113395690918
-0.20116174221038818
-0.2827228307723999
-0.005145668983459473
-0.41994404792785645
-0.5011391639709473
-0.17520779371261597
-0.6292253732681274
-0.5103155970573425
-0.09194707870483398
-0.5978209376335144
0.02063918113708496
-0.1616973876953125
-0.3905376195907593
-0.12885987758636475
-0.1203412413597107
-0.8256919384002686
-0.46720147132873535
-0.4806804060935974
-0.7070422172546387
-0.2531273365020752
-0.38986504077911377
-0.6773592233657837
-0.4892788529396057
-0.13860470056533813
-0.5876885652542114
-0.4795837998390198
-0.42490267753601074
-0.46603697538375854
-0.14798659086227417
-0.9414457678794861
-0.14992481470108032
-0.3728440999984741
0.02051997184753418
-0.3974262475967407
-0.4313340187072754
-0.8153127431869507
-0.4684275984764099
-0.3034912943840027
-0.38277435302734375
-0.07348799705505371
-0.27235668897628784
-0.366449236869812
-0.5678693056106567
-0.02934342622756958
0.011136293411254883
-0.15224766731262207
-0.7430208325386047
-0.4058075547218323
-0.577238142490387
-0.1786273717880249
-0.5637689828872681
-0.40121352672576904
-0.19410920143127441
-0.3296654224395752
-0.5085345506668091
-0.04437798261642456
-0.39886754751205444
-0.46137166023254395
-0.5528628826141357
-0.5905646085739136
-0.5566816329956055
-0.5983874797821045
-0.794333815574646
0.014988183975219727
-0.30725860595703125
0.21671152114868164
-0.6659973859786987
-0.8862494230270386
-0.5497899055480957
-0.0974191427230835
-0.35550832748413086
-0.5910465717315674
-0.532712459564209
-0.2307586669921875
-0.6896321177482605
-0.27079951763153076
-0.010463833808898926
-0.7099267244338989
-0.4492909908294678
-0.1702907681465149
-0.7030529379844666
-0.7360197305679321
-0.5200306177139282
-0.03786885738372803
-0.8734117150306702
-0.265252947807312
-0.29034364223480225
-0.704888641834259
-0.49606621265411377
-0.4671602249145508
-0.21764755249023438
-0.7874372005462646
-0.33897119760513306
-0.4518885612487793
-0.23271536827087402
-0.33388519287109375
-1.01578688621521
-0.33475160598754883
0.0738723874092102
-0.3156315088272095
-0.24100208282470703
-0.3478875756263733
0.601571798324585
-0.7242124080657959
-0.5244324207305908
-0.4116787910461426
-0.5870275497436523
-0.4499901533126831
-0.7208079099655151
-0.5014224648475647
-0.6660771369934082
-0.32068103551864624
-0.4175534248352051
-0.16926199197769165
-0.0760260820388794
-0.2715749144554138
-0.14937162399291992
-0.10824394226074219
-0.5490161180496216
-0.11217367649078369
-0.0779794454574585
-0.46029794216156006
-0.09060013294219971
-0.6841400861740112
-0.7772948443889618
0.1416943073272705
-0.3104376792907715
-0.8018719553947449
0.27524614334106445
-0.8147942423820496
-0.745771050453186
-0.3589824438095093
-0.37544018030166626
-0.24884653091430664
-0.25095224380493164
-0.6443643569946289
-0.11539268493652344
-0.4195448160171509
-0.19388049840927124
0.0977354645729065
0.008512139320373535
-0.060044050216674805
-0.8639833927154541
-0.22080528736114502
0.1737731695175171
-0.26167774200439453
-0.7108145952224731
-0.4983459711074829
0.11499345302581787
-0.005896210670471191
-0.3305187225341797
-0.8516162037849426
-0.09568607807159424
-0.48436999320983887
-0.4735351800918579
-0.6544121503829956
-0.3125401735305786
-0.6155393719673157
-0.18138736486434937
-0.47994327545166016
-0.3000320792198181
-0.9602544903755188
-0.2463151216506958
-0.529382586479187
-0.5213342905044556
-0.942477822303772
-0.35772669315338135
-0.5835384130477905
-0.5981158018112183
-0.26602500677108765
-0.3999725580215454
-0.625944972038269
-0.5847115516662598
-0.14975428581237793
-0.28661274909973145
0.03138124942779541
-0.4122188091278076
-0.5787821412086487
-0.6784608364105225
-0.09675145149230957
-0.7667415738105774
-0.9224915504455566
-0.44245874881744385
-0.5562078952789307
-0.5122339725494385
-0.43184924125671387
-0.30937254428863525
-0.6666204929351807
-0.905009925365448
-1.1207622289657593
-0.39576953649520874
-0.38615739345550537
-0.49698400497436523
-0.7442898750305176
-0.5629158020019531
-0.3475346565246582
-0.6283952593803406
-0.2923896312713623
-0.8565183281898499
-0.20005005598068237
-0.27254074811935425
-0.7556051015853882
-0.050229549407958984
-0.3667639493942261
-0.028980672359466553
-0.4092285633087158
-0.5160477757453918
-0.5667692422866821
-0.4623556137084961
-0.7105181217193604
-0.7002266645431519
-0.568374752998352
-0.5695358514785767
-0.6885617971420288
0.04597675800323486
-1.092170774936676
-0.7294427156448364
-0.5590242147445679
-0.2439941167831421
-0.901716411113739
-0.7384848594665527
-0.07844316959381104
-0.6480869054794312
-0.5945605635643005
-0.287283718585968
-0.36384475231170654
-0.39630794525146484
-0.7786616683006287
-0.0996788740158081
-0.5890204906463623
0.05526769161224365
-0.18717920780181885
-0.03277945518493652
-0.6895972490310669
-0.6732140779495239
-0.4523128271102905
-0.9071967601776123
-0.7596210837364197
-0.7414171695709229
-0.6108492612838745
-0.9535182118415833
-0.8556516170501709
-0.08706134557723999
-0.21860015392303467
-0.11853373050689697
-0.7561368942260742
-0.2433032989501953
-0.4961656928062439
-0.42472851276397705
-0.41916394233703613
-0.2686723470687866
-0.12827855348587036
-0.4115644693374634
-0.4323909878730774
-0.4355734586715698
-0.5565987825393677
-0.49287891387939453
-0.2240755558013916
-0.2714308500289917
-0.13320708274841309
-0.434407114982605
-0.21951639652252197
-0.7299876809120178
-0.23901396989822388
-0.27246618270874023
-0.04382634162902832
-0.8103558421134949
-0.6658815145492554
-0.4475497603416443
-0.5981059074401855
-0.6241905689239502
-0.4958310127258301
-0.861889123916626
-0.8287519216537476
-0.19744735956192017
-0.6149711608886719
-0.23839116096496582
-0.564342200756073
-0.3890897035598755
-0.6806228160858154
-0.4608813524246216
-0.8857407569885254
-0.7341411113739014
-0.5823274254798889
-0.8926643133163452
-0.05101490020751953
-0.40251392126083374
0.12654876708984375
-0.2985178232192993
-0.18760168552398682
-0.33371275663375854
-0.06298112869262695
-0.038001418113708496
-0.762245237827301
-0.8557230234146118
-1.1131645441055298
-0.6379693746566772
-0.3585052490234375
-0.029731154441833496
-0.10756957530975342
-0.35826849937438965
0.10258626937866211
-0.43927454948425293
-0.6472950577735901
-0.3497943878173828
-0.318459689617157
-0.3811624050140381
-0.188146710395813
-0.6560009717941284
-0.6126168966293335
-0.6256767511367798
-0.21210426092147827
-0.28462469577789307
-0.8282865285873413
-0.4031038284301758
-0.2038554549217224
-0.8402344584465027
-0.02394765615463257
-0.780957818031311
-0.5342020988464355
-0.5535672903060913
-0.4205206036567688
-0.7958861589431763
-0.4595078229904175
-0.649785041809082
-0.8695019483566284
-0.713944137096405
-0.30370664596557617
-0.4313586950302124
-0.6926687955856323
-0.4569995403289795
-0.10012936592102051
0.08760637044906616
-0.38330787420272827
-0.8273784518241882
-0.3694031238555908
-0.8105398416519165
-0.7060084939002991
-0.6194590330123901
-0.3930027484893799
0.0022846460342407227
-0.10075879096984863
-0.1853187084197998
0.23757600784301758
-0.32184094190597534
-0.5599503517150879
-0.20765769481658936
-0.23543882369995117
-0.4568256735801697
-0.6190249919891357
-0.2574266195297241
-0.654798150062561
-0.541289210319519
-0.31551891565322876
-0.27102482318878174
-0.03322184085845947
-0.7901508212089539
-0.526668906211853
0.34353041648864746
-0.45064443349838257
-0.48692619800567627
-0.09531664848327637
-0.4219520688056946
-1.100142925977707
-0.26825976371765137
-0.3841891884803772
-0.22323399782180786
-0.5115780830383301
-0.3229990005493164
-0.765593409538269
-0.5839842557907104
-0.4919724464416504
0.8546311855316162
0.01400744915008545
-0.43164706230163574
-0.4088956117630005
-0.3384212255477905
-0.24603354930877686
-0.5814709663391113
-0.611221969127655
-0.2656521797180176
-0.7490561604499817
-0.02854001522064209
-0.13404881954193115
-0.6433272361755371
-0.41265952587127686
0.019724726676940918
-0.8746309280395508
-0.8122280240058899
-0.16266167163848877
-0.446120023727417
-0.8932505249977112
-0.5458916425704956
-0.5971083641052246
-0.2232837677001953
-0.593636155128479
-0.370922327041626
0.23209571838378906
-0.9316795468330383
-0.8055564165115356
-0.654967188835144
-0.7292189002037048
-0.13588595390319824
0.005463898181915283
-0.08860206604003906
-0.39061224460601807
-0.6785138845443726
-0.5890486836433411
-0.44622600078582764
-0.41803228855133057
-0.33759450912475586
-0.6650398373603821
-0.25770998001098633
0.1363680362701416
-0.424471914768219
-0.24542713165283203
-0.46837955713272095
-0.2630593776702881
-0.6010416150093079
-0.7233458757400513
-0.7290681600570679
-0.713674008846283
-0.40990781784057617
-0.19777709245681763
-0.5400037169456482
-0.03250443935394287
-0.4780611991882324
-0.46890461444854736
-0.46010422706604004
-0.3187726140022278
-0.14148736000061035
-0.22066110372543335
-0.7320370674133301
-0.594598650932312
-0.09046924114227295
-0.36156201362609863
-0.10103070735931396
-0.4590604305267334
-0.679786205291748
-0.20652949810028076
-0.6466953754425049
-0.3624665141105652
-0.4862022399902344
-0.7194477319717407
-0.6527191400527954
-0.616632878780365
-0.3654038906097412
0.03320038318634033
-0.6003589630126953
-0.6403203010559082
-0.8385099768638611
-0.16484355926513672
-0.8305031061172485
-0.4781457781791687
-0.2161085605621338
-0.4622514247894287
-0.040706753730773926
-0.4336749315261841
-0.5298530459403992
-0.7697566747665405
-0.6912240982055664
-0.47325682640075684
0.26642584800720215
-0.8200509548187256
-0.9575008153915405
-0.37720298767089844
-0.19251537322998047
-0.3216371536254883
-0.14430534839630127
-0.8202265501022339
-0.19433945417404175
-0.7296280860900879
-0.5689892768859863
-0.21744710206985474
-0.22159230709075928
-0.2951747179031372
-0.659355640411377
-0.7665560245513916
-0.5706973671913147
-0.8229484558105469
-0.8263332843780518
-0.4206465482711792
-0.7351614832878113
-0.5490078330039978
-0.4408566951751709
-0.8809347748756409
0.23293566703796387
-0.44196826219558716
-0.10216367244720459
-0.11772847175598145
-0.7227329611778259
-0.45463550090789795
-0.4734920263290405
-0.48676222562789917
-0.28950035572052
-0.33452796936035156
-0.2672889232635498
-0.47294867038726807
-0.9112358093261719
-0.09537971019744873
-0.10239243507385254
-0.2046574354171753
-0.5149096250534058
-0.37148070335388184
-0.2330251932144165
-0.6873955726623535
-0.6280026435852051
-0.16608941555023193
-0.2155137062072754
-0.32962918281555176
-0.09358870983123779
-0.49633634090423584
-0.653283953666687
-0.8341097235679626
-0.6914196014404297
-0.49813544750213623
-0.38440781831741333
-0.6572533845901489
-0.20289957523345947
-0.33477985858917236
-0.12958550453186035
-0.7934443354606628
-0.2894124984741211
-0.4267929792404175
-0.27315521240234375
-0.16351985931396484
-0.585442066192627
-0.21582019329071045
-0.6726243495941162
-0.32380247116088867
-0.6173269152641296
-0.39353299140930176
-0.6874419450759888
-0.5151365995407104
0.6096396446228027
-0.4917505979537964
-0.686171293258667
-0.655838668346405
-0.1360931396484375
-0.4504622220993042
-0.5812786817550659
-0.3022984266281128
-0.2069551944732666
-0.7518743276596069
-0.420524001121521
-0.26892077922821045
-0.5987949371337891
-0.7467103004455566
-0.3491631746292114
-0.0913538932800293
-0.12232089042663574
-0.6521409749984741
-0.36916959285736084
-0.3325497508049011
-0.7743756771087646
-0.5441403985023499
-0.07741767168045044
-0.4437277317047119
-0.6045736074447632
-0.366629958152771
-0.48106157779693604
-0.3731507658958435
-0.3409459590911865
-0.4103071689605713
-0.43140023946762085
-0.1824575662612915
-0.2890150547027588
-0.4309810996055603
-0.3587075471878052
-0.3658428192138672
-0.10034644603729248
-0.5180655717849731
-0.7147973775863647
-0.8841387629508972
-0.21216559410095215
-0.1626797914505005
-0.2324371337890625
-0.7076983451843262
-0.3803555965423584
-0.5577586889266968
-0.2944638729095459
-0.2822110652923584
-0.4828077554702759
-0.06345152854919434
-0.2896444797515869
-0.20102238655090332
-0.7089293003082275
-0.5708515048027039
-0.577140212059021
-0.5640705823898315
-0.5138609409332275
-0.8506336212158203
-0.2799910306930542
-0.6584099531173706
-0.3689243793487549
0.318146288394928
-0.45272862911224365
-0.42911744117736816
-0.7649507522583008
0.14995312690734863
-0.6176648139953613
-0.523910403251648
-0.3095631003379822
0.28116220235824585
-0.04991316795349121
0.04615902900695801
-0.6068334579467773
-0.5020171999931335
-0.7048322558403015
-0.39219605922698975
-0.19628596305847168
0.018329739570617676
-0.4873173236846924
-0.6673262119293213
-0.6506780385971069
0.0502743124961853
-0.8680689334869385
0.2978041172027588
-0.39564526081085205
-0.7448415756225586
-0.6786513328552246
-0.2675425410270691
-0.4911044239997864
-0.438504159450531
-0.7523780465126038
0.11809301376342773
-0.7695661783218384
-0.5816962122917175
-0.013696014881134033
-0.5621488094329834
-0.1633392572402954
-0.23037594556808472
-0.32994216680526733
0.03507578372955322
-0.02195793390274048
-0.6100804805755615
-0.6074330806732178
-0.2618616819381714
-0.4158305525779724
-0.8814119696617126
-0.35024499893188477
-0.4611380100250244
0.3968546390533447
-0.01605510711669922
-0.47514045238494873
-0.03795170783996582
-0.6340860724449158
-0.7438658475875854
-0.3914073705673218
-0.8394210338592529
-0.45319753885269165
-0.5686413049697876
0.0832708477973938
-0.1561110019683838
-0.601926326751709
-0.5490260124206543
-0.15781235694885254
0.3998715877532959
-0.18754839897155762
-0.6253668069839478
-0.7908018827438354
-0.7002465724945068
-0.4767078161239624
-0.5449538826942444
-0.4793633222579956
-0.6514534950256348
-0.5446242094039917
-0.5251762270927429
-0.10956096649169922
-0.4199110269546509
-0.6404147148132324
-0.397416353225708
-0.263203501701355
-0.2648967504501343
-0.4162099361419678
-0.3357440233230591
-0.2570340633392334
-0.3372746706008911
0.05431497097015381
-0.6673957705497742
-0.3871513605117798
-0.4471372365951538
0.1340123414993286
-0.17070794105529785
-0.5345763564109802
-0.9087591171264648
-0.5059682726860046
-0.7413160800933838
-0.5995538234710693
-0.45487403869628906
-0.4807896614074707
-0.14041703939437866
-0.7276120185852051
-0.6347205638885498
-0.32902759313583374
-0.5206882953643799
-0.5129877328872681
-0.6526594161987305
-0.5389516353607178
-0.0902869701385498
-0.8018885850906372
-0.10862505435943604
-0.4108653664588928
-0.5364632606506348
-0.5768421292304993
-0.407260537147522
-1.1334640979766846
-0.37296509742736816
-0.06898355484008789
-0.35783112049102783
-0.7433605790138245
-0.8662630319595337
-0.47359800338745117
-0.4458301067352295
-0.7374892234802246
-0.24531280994415283
-0.443406343460083
-0.35497164726257324
-0.31476008892059326
-0.07055747509002686
-0.6459713578224182
-0.0796128511428833
-0.8068089485168457
-0.30097973346710205
-0.18237966299057007
-0.7289936542510986
-0.23839616775512695
-0.04790687561035156
-0.08964914083480835
-0.47331321239471436
-0.6046366095542908
-0.11347091197967529
-0.5375267267227173
-0.17850804328918457
-0.26725924015045166
-0.6813169717788696
-0.568588376045227
-0.6650301218032837
-0.5594450831413269
-0.43269073963165283
-0.16993463039398193
-1.018444299697876
-0.24303984642028809
-0.2776219844818115
-0.26513856649398804
-0.17019134759902954
-0.7527109384536743
-0.18219757080078125
-0.32161056995391846
-0.3702564239501953
-0.35756921768188477
-0.45611488819122314
-0.26328468322753906
-0.48743486404418945
-0.5423909425735474
-0.11042743921279907
-0.16600489616394043
-0.522308349609375
-0.3954927921295166
-0.7005530595779419
-0.7738603949546814
-0.4305354356765747
-0.30062174797058105
-0.16074144840240479
-0.5199195146560669
-0.9353209733963013
-1.193115234375
-1.015641212463379
-0.3797938823699951
-0.32330548763275146
-0.3086817264556885
-0.5271294116973877
-0.491107702255249
-0.706525444984436
-0.5855462551116943
-0.7691704034805298
-0.692259669303894
-0.3800806999206543
-0.14306944608688354
-0.13431209325790405
-1.0582069158554077
-0.4879915714263916
-0.40711474418640137
0.26083290576934814
-0.29653143882751465
-0.3662884831428528
-1.133485734462738
-0.8109456300735474
-0.22525012493133545
-0.7956162095069885
-0.303012490272522
-0.28468596935272217
-0.7711401581764221
-0.34742701053619385
-0.6083575487136841
-0.9716506004333496
-0.8448451161384583
-0.5759259462356567
-0.35780447721481323
-0.562518298625946
0.0880652666091919
-0.6251565217971802
-0.2988293170928955
-0.5590590238571167
-0.3572677969932556
-0.4128418564796448
-0.3374950885772705
-0.08949828147888184
-0.5473644733428955
-0.7283989787101746
-0.23036444187164307
-0.45016735792160034
-0.45750826597213745
-0.4159911870956421
-0.0071718692779541016
-0.40432143211364746
-0.0069068074226379395
-0.5640771389007568
-0.5297768115997314
-0.3343026041984558
-0.8316429853439331
-0.47020673751831055
-0.4592958092689514
-0.18913239240646362
-0.42845797538757324
-0.514593243598938
-0.6290017366409302
-0.562362551689148
-0.09738421440124512
-0.5588088035583496
-0.6147125959396362
-0.6589483022689819
-0.39222902059555054
-0.340301513671875
-0.2631372809410095
-0.6552075147628784
-0.3755413293838501
-0.3217828869819641
-0.131386399269104
-0.6421890258789062
-0.5181136727333069
-0.2181594967842102
0.11956256628036499
-0.07503199577331543
-0.49058759212493896
-0.9048623442649841
-0.05306410789489746
-0.17085903882980347
-0.5502089858055115
-0.3359360694885254
-0.43670499324798584
-0.6767892241477966
-0.4105953574180603
-0.6366640329360962
-0.3526025414466858
-0.44159066677093506
0.500166654586792
-0.2715218663215637
-0.6735903024673462
-0.883873701095581
-0.415519118309021
-0.6185975074768066
-0.5810070037841797
-0.1901264190673828
-0.431199848651886
-0.27563709020614624
-0.7248270511627197
-0.5188591480255127
-0.3469449281692505
-0.6405010223388672
-0.5612144470214844
-0.44698482751846313
-0.1687084436416626
-0.5523378849029541
-0.374542236328125
-0.34253132343292236
-0.3433116674423218
-0.5416685342788696
-0.5225354433059692
-0.4722611904144287
-0.19677972793579102
-0.6466273665428162
-0.5406877994537354
0.14837753772735596
-0.563363254070282
-0.7883433699607849
-0.5362098813056946
-0.6014276742935181
-0.6767561435699463
-0.6574274301528931
-0.17386257648468018
-0.820847749710083
-0.541976809501648
-0.5922743082046509
-0.16847831010818481
-0.28286033868789673
-0.5925791263580322
-0.13478094339370728
-0.4308120012283325
-0.38722264766693115
-0.22915500402450562
-0.2542341947555542
-0.3899379372596741
-0.24772167205810547
-0.05095505714416504
-0.9941670298576355
-0.5589016675949097
-0.2101658582687378
-0.770702600479126
-0.18583053350448608
-0.13089275360107422
-0.20570605993270874
-0.007587790489196777
-0.5102078914642334
-0.5666533708572388
-0.3587075471878052
-0.030660569667816162
-0.5066641569137573
-0.45597243309020996
-0.43157410621643066
-0.2261199951171875
-0.8739651441574097
-0.35685694217681885
-0.44052863121032715
-0.6115003228187561
-0.8305941820144653
0.0036050081253051758
-0.002612590789794922
0.07353603839874268
-0.7156107425689697
-0.17227041721343994
-0.45340126752853394
-0.3642209768295288
-0.4703178405761719
0.18218910694122314
-0.2750721573829651
-0.3585699796676636
-0.007814645767211914
0.06348323822021484
-0.3543304204940796
-0.47791534662246704
-0.11765241622924805
-0.8953264951705933
-0.2232837677001953
-0.16841864585876465
-0.3529338836669922
-0.13794517517089844
-0.8262686133384705
-0.5264220833778381
-0.3634737730026245
-0.7375571727752686
-0.865597128868103
-0.340526819229126
-0.6713619232177734
-0.6704208850860596
-0.35994666814804077
-0.274730920791626
-0.1936701536178589
-0.5354793071746826
-1.0592870712280273
-0.46412670612335205
-0.09893834590911865
-0.5447982549667358
-0.6166974306106567
-0.5626507997512817
-0.07029390335083008
-0.12102210521697998
-0.3537290096282959
-0.32875096797943115
-0.936230480670929
-0.8368566036224365
-0.6851059198379517
-0.5150321125984192
-0.15204381942749023
-0.46721959114074707
-0.20572590827941895
-0.7519787549972534
-0.4412393569946289
-0.6434911489486694
-0.77878737449646
-0.5296080112457275
-0.3873634338378906
-0.11838793754577637
-0.4508415460586548
-0.6215250492095947
-0.6539350748062134
-0.3327884078025818
-0.7679543495178223
-0.08754342794418335
-0.5388472080230713
-0.23523515462875366
-0.34608328342437744
-0.6873061060905457
-0.6138609647750854
-0.7063349485397339
-0.309543251991272
-0.08817481994628906
-0.5120450258255005
-0.3962549567222595
-0.08429622650146484
0.08248376846313477
-0.5155606865882874
-0.25580984354019165
-0.6724387407302856
-0.3354424238204956
-0.1951826810836792
-0.38791847229003906
-1.1007527112960815
-0.663454532623291
0.013714134693145752
-0.051795125007629395
-0.22164523601531982
-0.07308048009872437
-0.39813363552093506
-0.28819161653518677
-0.34092265367507935
-0.25702571868896484
-0.6158061027526855
-0.32111865282058716
-0.5965535640716553
-0.5191158056259155
-0.5106784105300903
-0.04082280397415161
-0.4643155336380005
-0.50356125831604
-0.6718358397483826
-0.5225271582603455
-0.5053820610046387
-0.1274566650390625
-0.6021382808685303
0.14128684997558594
-0.47202253341674805
-0.8339555263519287
-1.0316647291183472
-0.6704208850860596
-0.28782379627227783
-0.24053966999053955
-0.14740848541259766
-0.6507724523544312
-0.27607619762420654
-0.3331196904182434
-0.8292158246040344
-0.7063481211662292