0.00468018651008606
0.02542206645011902
-0.14721781015396118
-0.04077640175819397
-0.3341153562068939
-0.5777880251407623
0.16200891137123108
-0.30785995721817017
-0.3348841071128845
0.029230862855911255
0.15766584873199463
-0.15668261051177979
0.09664368629455566
-0.2749097943305969
0.6501710265874863
0.2209775149822235
0.07106751203536987
0.16010698676109314
-0.3481791019439697
0.18067654967308044
-0.10519230365753174
0.2456856071949005
-0.24288076162338257
0.25131675601005554
-0.24285098910331726
0.023142457008361816
0.12767872214317322
-0.026681125164031982
-0.3490952402353287
-0.16158971190452576
-0.12017220258712769
0.021899908781051636
-0.09633225202560425
-0.32528015971183777
-0.536647230386734
-0.7675748616456985
0.25414469838142395
-0.08437749743461609
0.14733216166496277
-0.18906450271606445
0.5699650943279266
-0.13930872082710266
-0.05038192868232727
-0.30481666326522827
-0.11175945401191711
-0.6809608191251755
0.08994230628013611
-0.2529618740081787
0.09567120671272278
0.19082218408584595
-0.07989445328712463
-0.2692306339740753
0.3582783639431
0.04352322220802307
0.040493130683898926
-0.33173471689224243
0.19962263107299805
-0.16491976380348206
0.45998990535736084
-0.17956829071044922
-0.16934478282928467
0.04557415843009949
0.11012756824493408
-0.20609372854232788
-0.0036728978157043457
-0.13210877776145935
0.080750972032547
0.07910999655723572
0.21730050444602966
0.02088606357574463
-0.1280381977558136
0.10251671075820923
0.05821153521537781
-0.042108386754989624
-0.9440036490559578
0.15308260917663574
-0.4176248013973236
0.36816731095314026
0.19430789351463318
0.4237636923789978
-0.2132357358932495
0.08200177550315857
-0.11469846963882446
0.30395016074180603
0.017517954111099243
-0.24993667006492615
0.3050253689289093
0.2071291208267212
-0.08812493085861206
-0.3896082043647766
-0.20827889442443848
-0.23363971710205078
-0.2895418703556061
0.2661442160606384
-0.03304290771484375
0.493253231048584
-0.48339250683784485
0.18710464239120483
0.1438116431236267
0.1845085322856903
-0.5394867807626724
-0.12210723757743835
0.055870652198791504
-0.928294837474823
0.15426874160766602
-0.167886883020401
-0.30155786871910095
-0.2030819058418274
-0.30687761306762695
-0.4708065539598465
-0.22151759266853333
0.009363681077957153
0.09063646197319031
0.4364200830459595
-0.16084417700767517
-0.2563812732696533
-0.3087644875049591
0.07662913203239441
-0.5162664949893951
-0.5646288692951202
-0.10319265723228455
-0.26627010107040405
-0.5483219772577286
0.15745624899864197
-0.3212742507457733
0.20514938235282898
-0.21396300196647644
-0.17448556423187256
-0.0890825092792511
-0.3139401078224182
-0.15584266185760498
-0.3657236397266388
0.10507139563560486
-0.09048411250114441
-0.34480273723602295
-0.009477972984313965
-1.0447876006364822
0.07180973887443542
0.3933789134025574
-0.14959853887557983
0.1743546426296234
0.14277127385139465
0.10770055651664734
0.45034465193748474
-0.30980661511421204
0.37276123464107513
-0.5076863616704941
0.11638331413269043
0.07820290327072144
0.14918765425682068
-0.24140140414237976
-0.1819572150707245
-0.14453399181365967
-0.15462332963943481
-0.14071696996688843
-0.06567993760108948
0.15531080961227417
-0.2606887221336365
0.5562137365341187
-0.20567288994789124
0.058971941471099854
0.09887200593948364
0.06817489862442017
-0.3959965258836746
0.012699514627456665
0.36587435007095337
-0.150569349527359
-0.0020791590213775635
-0.29755356907844543
-0.34181568026542664
-0.02191317081451416
0.2327832281589508
0.2562372088432312
-0.02100864052772522
-0.07634085416793823
-0.35869257152080536
-0.25359639525413513
0.05774930119514465
-0.4637373834848404
-0.3821497857570648
-0.41273584961891174
-0.11581835150718689
-0.14426559209823608
-0.010617852210998535
-0.08288148045539856
0.1440286934375763
-0.4461664855480194
-0.14233055710792542
-0.05446404218673706
-0.3528593182563782
-0.23371759057044983
0.25431206822395325
-0.03767678141593933
-0.31349772214889526
-0.1956598460674286
0.11128398776054382
0.2748270034790039
-0.23530137538909912
-0.3743467330932617
-0.3384741246700287
0.0366860032081604
-0.16873344779014587
-0.1435614824295044
-0.6129781007766724
-0.3074507415294647
0.02685678005218506
-0.5672845244407654
-0.32203802466392517
0.10302197933197021
-0.3812800645828247
0.09058186411857605
-0.38098180294036865
-0.20839816331863403
0.10510775446891785
-0.20499524474143982
-0.27099335193634033
0.09520572423934937
-0.1445140838623047
0.16574391722679138
-0.311471551656723
-0.2742570638656616
-0.26123037934303284
-0.2888658940792084
-0.2990794777870178
-0.23183390498161316
0.06047126650810242
0.1535944938659668
-0.03964987397193909
0.3848717212677002
0.11800771951675415
-0.711352989077568
-0.43460920453071594
0.07965090870857239
0.05486336350440979
-0.3022553026676178
-0.17036524415016174
-0.5619699358940125
-0.19439741969108582
-0.039207518100738525
-0.06499740481376648
-0.10902425646781921
0.06838035583496094
-1.1275688260793686
0.029118239879608154
-0.312374472618103
-0.05063211917877197
0.12028321623802185
0.3250184655189514
-0.10330033302307129
-0.013520359992980957
-0.014325499534606934
-0.031715959310531616
-0.5677319020032883
-0.3886738419532776
0.09461426734924316
-0.3289795517921448
-0.2622741162776947
0.1288897693157196
0.2306775450706482
-0.057885169982910156
-0.2695785462856293
-0.2899361252784729
0.051743775606155396
-0.15702223777770996
0.11730271577835083
0.03948250412940979
0.04462161660194397
-0.32502833008766174
-0.28194084763526917
-0.05708828568458557
-0.27557578682899475
0.12741023302078247
-0.4543985426425934
0.08281853795051575
-0.1308346688747406
-0.4367646425962448
0.008734136819839478
-0.24863281846046448
0.1428889036178589
0.06931474804878235
-0.22772198915481567
-0.13793528079986572
0.017733335494995117
-0.1491776704788208
-0.1169201135635376
0.3079013079404831
-0.0429251492023468
0.6576958000659943
-0.14829963445663452
0.191017746925354
-0.344506174325943
-0.0159357488155365
0.005205363035202026
-0.20282670855522156
-0.134703129529953
0.16005894541740417
-0.2958140969276428
-0.2840481996536255
0.2785959541797638
0.00550687313079834
-0.3133884072303772
0.051841527223587036
-0.1191582977771759
-0.28928011655807495
0.11271870136260986
-0.01850864291191101
0.16856113076210022
0.13340425491333008
0.022597432136535645
-0.45659370720386505
-0.14123055338859558
0.24946287274360657
-0.057267218828201294
-0.8043553754687309
0.12936359643936157
-0.36358970403671265
0.6163892447948456
0.3810911476612091
-0.20643994212150574
0.09121966361999512
-0.04339730739593506
0.09164711833000183
0.38519394397735596
0.08525058627128601
-0.23821386694908142
-0.21229806542396545
-0.3892752528190613
0.14750942587852478
0.6215100288391113
-0.2904132008552551
0.23203101754188538
-0.048037707805633545
-0.054593294858932495
-0.20983955264091492
-0.3966989517211914
0.0024187564849853516
-0.10018408298492432
0.0964415967464447
-0.725555956363678
-0.3562787175178528
-0.4206879734992981
0.34815260767936707
0.3195115923881531
0.8199283480644226
0.045769721269607544
-0.1088552474975586
0.32725244760513306
0.32013946771621704
-0.8531882464885712
-0.03627845644950867
-0.33989396691322327
-0.6126715540885925
-0.3186699151992798
-0.38993462920188904
0.06956490874290466
0.19188755750656128
0.1200462281703949
-0.24815243482589722
-0.1482085883617401
-0.3089185059070587
-0.11334827542304993
-0.40220749378204346
-0.2575508654117584
0.0011149346828460693
0.46404722332954407
-0.2777891457080841
-0.4537888467311859
-0.36326831579208374
0.1043175756931305
0.07254034280776978
-0.1672026515007019
0.03919592499732971
-0.12507271766662598
-0.21433907747268677
0.13311266899108887
-0.03374040126800537
-0.24121087789535522
0.6102139204740524
0.39740630984306335
-0.04627165198326111
-0.4954930543899536
0.1397278904914856
0.15296003222465515
-0.026775598526000977
-0.32220038771629333
-0.36305132508277893
-0.35441163182258606
0.2882363498210907
-0.2873085141181946
0.30299922823905945
-0.2122102975845337
-0.2829001545906067
-0.015937477350234985
-0.014474630355834961
-0.1996690034866333
0.3388518691062927
-0.3920055329799652
-0.054986000061035156
-0.06148847937583923
-0.2591164857149124
-0.14666450023651123
-0.16683486104011536
0.6537047624588013
0.13825258612632751
0.04796648025512695
0.4414207935333252
0.20417362451553345
-0.17467603087425232
-0.25327497720718384
0.037633657455444336
0.2827940583229065
-0.3690701127052307
0.09817448258399963
0.16674375534057617
0.6653655469417572
-0.30654624104499817
-0.06393209099769592
-0.2924807369709015
-0.21552693843841553
-0.23325705528259277
-0.07358738780021667
0.4158686399459839
-0.39047303795814514
-0.10822901129722595
-0.3065677583217621
-0.2648122012615204
-0.09772384166717529
-0.4224771559238434
-0.6435723751783371
0.19023078680038452
0.2654268443584442
0.08799904584884644
-0.11167493462562561
-0.14118579030036926
0.08777207136154175
0.08234471082687378
0.003184199333190918
-0.10835325717926025
-0.4466783404350281
-0.031742364168167114
-0.4811161905527115
0.018712371587753296
-0.18917223811149597
0.002574533224105835
-0.4921564757823944
0.3060723543167114
0.3648836016654968
-0.16648530960083008
-0.26437321305274963
-0.005801737308502197
-0.05190613865852356
0.22661030292510986
-0.5441536754369736
-0.38569846749305725
-0.23058468103408813
0.35354679822921753
-0.30944710969924927
-0.3961058259010315
0.01343756914138794
-0.3143077790737152
0.0908832848072052
0.03819200396537781
0.4559774100780487
0.4092369079589844
-0.21541106700897217
0.08866259455680847
0.30066078901290894
-0.3073265552520752
-0.18092012405395508
-0.04517659544944763
0.14308598637580872
-0.18659266829490662
-0.2237657904624939
0.14839902520179749
0.0720018744468689
0.11028832197189331
0.06154647469520569
-0.4865303039550781
-0.1293519139289856
0.40450531244277954
0.41840001940727234
-0.10762929916381836
-0.05135437846183777
0.01820218563079834
-0.20803046226501465
-0.2912018299102783
-0.05672711133956909
0.18958967924118042
-0.23570072650909424
-0.008853405714035034
0.10293921828269958
-0.22316768765449524
-0.03898385167121887
-0.27114254236221313
0.008097171783447266
-0.45439526438713074
0.04158651828765869
0.11231786012649536
-0.2751401364803314
-0.165560781955719
-0.017184972763061523
0.17491790652275085
-0.21592125296592712
0.020740240812301636
-0.026648014783859253
0.12217351794242859
0.3287245035171509
-0.36096057295799255
-0.10687223076820374
0.04402190446853638
0.021876752376556396
0.17216280102729797
0.15503090620040894
0.5375484824180603
0.25155529379844666
0.019542425870895386
-0.2424781620502472
-0.5324441492557526
0.17109420895576477
0.43822088837623596
-0.003558605909347534
-0.21016925573349
-0.2021971344947815
-0.06633099913597107
-0.0937245786190033
-0.4174458533525467
0.04275870323181152
0.14613023400306702
-0.056138962507247925
-0.6415081024169922
-0.21439388394355774
0.38040691614151
-0.5621289759874344
-0.394710898399353
0.2941226661205292
0.29366037249565125
0.017884105443954468
-0.15343543887138367
0.06627637147903442
0.542346179485321
-0.23078688979148865
-0.43621955811977386
0.05149361491203308
0.31798240542411804
0.10148292779922485
0.04994785785675049
-0.40720413625240326
0.024641811847686768
0.3494100421667099
-0.43718382716178894
-0.031894803047180176
0.4387427270412445
-0.4629603922367096
0.3879333436489105
-0.25632497668266296
-0.24405869841575623
-0.12231272459030151
0.05618870258331299
0.03591066598892212
-0.274687796831131
-0.31146828830242157
0.23927587270736694
0.3777264356613159
-0.11111831665039062
0.25909990072250366
0.11064782738685608
-0.2737119793891907
-0.2164050042629242
0.06285691261291504
0.20376938581466675
-0.0016351640224456787
0.510787695646286
-0.20260798931121826
-0.12881025671958923
-0.44057832658290863
0.046849846839904785
-0.01994672417640686
0.5150735676288605
0.050527751445770264
-0.11138671636581421
-0.2962150573730469
-0.24019855260849
-0.027652084827423096
-0.6850976198911667
0.07148995995521545
0.32073256373405457
0.12605023384094238
-0.0755886435508728
-0.30354923009872437
0.20843639969825745
-0.08888870477676392
-0.4800311177968979
0.2746414840221405
0.5329577326774597
-0.7823642939329147
-0.06191101670265198
-0.16548794507980347
-0.32149291038513184
-0.1476452350616455
-0.40147849917411804
-0.05042833089828491
0.04202556610107422
-0.42918190360069275
0.04546317458152771
-1.0262242332100868
-0.4355900287628174
-0.28631287813186646
0.2671473026275635
-0.1445903182029724
-0.23566749691963196
0.31823837757110596
0.007286161184310913
0.20639857649803162
-0.4637506455183029
0.19898313283920288
-0.7280725389719009
-0.046576499938964844
0.2864156663417816
-0.1887877881526947
-0.36875540018081665
-0.28208330273628235
-0.4815302789211273
-0.3311035633087158
-0.5343741625547409
0.0544607937335968
0.4245315194129944
-0.2295343577861786
-0.07357904314994812
0.3434012532234192
-0.2017846405506134
-0.21086832880973816
0.36548665165901184
0.34581002593040466
0.3662106394767761
0.11876064538955688
-0.29652976989746094
-0.28858092427253723
-0.6357163190841675
-0.0568314790725708
-0.1360301673412323
-0.10031995177268982
-0.06800591945648193
-0.021108031272888184
0.17215454578399658
0.022612303495407104
-0.31607890129089355
0.10384288430213928
-0.0888356864452362
0.19699841737747192
0.06504210829734802
0.18041563034057617
0.2666809856891632
-0.019772708415985107
0.0014794766902923584
0.1198326051235199
0.16671225428581238
0.25726597011089325
-0.4899166077375412
0.0064660608768463135
0.06323632597923279
0.16002914309501648
0.16997754573822021
-0.09038138389587402
-0.3098032474517822
0.14703726768493652
-0.2661227285861969
0.027594029903411865
0.3060823380947113
-0.3991326093673706
-0.17006540298461914
0.3605281561613083
-0.5336436480283737
0.2848566770553589
0.04989483952522278
0.016901612281799316
-0.34029653668403625
-0.1681850552558899
0.16589054465293884
-0.5027925074100494
-0.10370120406150818
-0.3910943269729614
0.5249625146389008
0.01681220531463623
-0.002577841281890869
0.2489774525165558
0.06309714913368225
-0.04737171530723572
-0.13791215419769287
-0.1420058310031891
0.24950265884399414
0.05771622061729431
-0.02644595503807068
0.33435311913490295
-0.28439775109291077
-0.7938667684793472
-0.05997592210769653
0.5720112174749374
-0.021040111780166626
-0.35989534854888916
0.5083706080913544
-0.3175433874130249
0.21845942735671997
-0.19230008125305176
-0.027343809604644775
0.001880347728729248
-0.4965798407793045
0.033921003341674805
-0.25023651123046875
0.09326571226119995
-0.34012916684150696
0.03130841255187988
-0.13911324739456177
0.10371950268745422
-0.16660627722740173
-0.2474915087223053
-0.5447070598602295
-0.6779043078422546
-0.4949197769165039
0.43338990211486816
-0.13396257162094116
0.40282127261161804
0.18070802092552185
0.23924431204795837
-0.21958258748054504
0.2611757516860962
-0.4221012443304062
-0.12128216028213501
-0.2814669609069824
-0.1071057915687561
0.011027008295059204
-0.038925766944885254
0.06749403476715088
-0.21977803111076355
0.05443260073661804
0.4792342782020569
0.12988877296447754
-0.34112823009490967
-0.09904927015304565
-0.057358354330062866
-0.29566165804862976
-0.16522786021232605
-0.21197006106376648
-0.4389929175376892
-0.016581863164901733
0.8379433900117874
-0.45591774582862854
0.18344083428382874
0.1817236840724945
-0.0326785147190094
-0.3283947706222534
-0.03170597553253174
0.16378819942474365
0.003656357526779175
-0.009095340967178345
0.08603253960609436
-0.12059801816940308
0.21745705604553223
0.05053272843360901
0.07917383313179016
-0.027304083108901978
0.42103999853134155
0.20566385984420776
-0.29243770241737366
-0.04268661141395569
0.11313286423683167
-0.3121740221977234
-0.2532302141189575
0.08500534296035767
0.17541328072547913
-0.032789409160614014
-0.28105780482292175
0.10439041256904602
-0.025765031576156616
-0.08140376210212708
0.17640230059623718
0.4089187979698181
-0.08643180131912231
-0.20064318180084229
-0.06544139981269836
0.0005897879600524902
0.1277482807636261
-0.1907261610031128
-0.14206385612487793
-0.3774215579032898
0.0028793513774871826
0.3582783639431
0.11175286769866943
-0.011674761772155762
-0.00546380877494812
0.1536060869693756
0.5523129552602768
-0.1908305585384369
0.025476813316345215
-0.011992812156677246
0.37009066343307495
-0.10348084568977356
-0.6068913340568542
0.4059375524520874
-0.11904728412628174
-0.6729026734828949
0.21717044711112976
0.2901564836502075
-0.19337517023086548
-0.13255438208580017
0.2905789017677307
-0.28875818848609924
0.03231564164161682
-0.38586245477199554
-0.21634536981582642
-0.09721028804779053
-0.38489165902137756
0.28937776386737823
-0.25135812163352966
0.024252504110336304
-0.38060909509658813
0.39442431926727295
0.07310864329338074
-0.35275161266326904
-0.038793325424194336
0.002755105495452881
-0.3560616672039032
0.22401097416877747
0.0011580288410186768
-0.49147549271583557
-0.19591999053955078
-0.23094093799591064
0.15503087639808655
0.3825622797012329
-0.18322625756263733
0.02779698371887207
-0.14415791630744934
0.27563047409057617
0.04441612958908081
-0.17567330598831177
0.1537063717842102
0.003417789936065674
-0.07308703660964966
-0.28501075506210327
0.08197030425071716
0.3004362881183624
0.15871280431747437
0.0012226998805999756
-0.12931054830551147
0.556023120880127
0.07711699604988098
-0.4431164115667343
-0.6096795797348022
-0.02171275019645691
-0.3480035066604614
-0.13623562455177307
-0.22955259680747986
-0.1874028444290161
0.03276297450065613
-0.15523800253868103
0.38559404015541077
-0.5852067470550537
-0.325440913438797
-0.12606841325759888
-0.14925727248191833
-0.5380040407180786
0.27598661184310913
-0.2567821443080902
-0.3446618914604187
-0.1516892910003662
0.003939688205718994
-0.16063708066940308
-0.4386930763721466
-0.3517840951681137
-0.3071293532848358
-0.2827659249305725
0.6132812947034836
-0.06011343002319336
0.1682398021221161
-0.2405763566493988
-0.059778809547424316
-0.25266367197036743
-0.27237173914909363
0.0862545371055603
-0.5053305923938751
-0.40455663204193115
-0.05403333902359009
0.41754773259162903
-0.4213622957468033
0.31308603286743164
-0.069163978099823
-0.18683293461799622
-0.004378676414489746
0.272340327501297
-0.26889103651046753
-0.015205144882202148
-0.146775484085083
0.06595826148986816
0.24580901861190796
-0.02638953924179077
-0.21290448307991028
-0.16648858785629272
0.05944576859474182
-0.14561739563941956
0.13921931385993958
0.25543853640556335
0.05940932035446167
0.03871876001358032
-0.2646961808204651
-0.3026844263076782
-0.13791373372077942
-0.5367333441972733
0.02031448483467102
-0.15425390005111694
0.3523191511631012
-0.12048861384391785
-0.03078317642211914
0.25605159997940063
-0.10828205943107605
-0.1480826735496521
-0.7887193709611893
0.04883953928947449
0.0628652274608612
-0.35101208090782166
-0.8445916622877121
-0.03430202603340149
0.274884968996048
-0.11218520998954773
-0.2403675615787506
-0.5516452789306641
0.3683817684650421
-0.12362471222877502
-0.10602059960365295
-0.40336719155311584
0.06894862651824951
0.032663553953170776
-0.16242966055870056
0.3169436454772949
-0.593155637383461
0.3910180926322937
-0.22117304801940918
0.03207877278327942
-0.39859259128570557
-0.05790168046951294
-0.09389364719390869
0.04158487915992737
0.16087406873703003
0.29645195603370667
-0.7182963043451309
-0.011248975992202759
0.14445775747299194
0.2702048420906067
0.045479774475097656
-0.9145906716585159
-0.28023943305015564
0.19869321584701538
0.11609339714050293
0.044952958822250366
-0.15437152981758118
-0.17359256744384766
0.4971481263637543
-0.04174065589904785
-0.49638763070106506
0.006769359111785889
0.10174137353897095
-0.16021797060966492
0.14609456062316895
-0.2827874720096588
-0.3589476943016052
-0.26499441266059875
-0.015910983085632324
-0.5165265053510666
-0.07742762565612793
0.3660358488559723
-0.7449493259191513
0.02042880654335022
-0.34652242064476013
-0.12695148587226868
-0.4954483211040497
-0.3332224190235138
-0.31803879141807556
0.5885392129421234
0.020417213439941406
-0.20452651381492615
-0.1610563099384308
-0.6713933497667313
0.018056392669677734
0.24283111095428467
0.1536177098751068
-0.10037785768508911
-0.09004995226860046
-0.19699016213417053
-0.4827463924884796
0.34371766448020935
-0.3049624264240265
0.540803849697113
0.3339754045009613
-0.1419661045074463
-0.09015437960624695
-0.17425855994224548
0.0786353349685669
0.12287092208862305
0.07947039604187012
0.009628713130950928
0.09003013372421265
0.042708128690719604
-0.392570436000824
0.5113510191440582
0.6245054304599762
0.31823837757110596
0.36170437932014465
0.3587024509906769
0.19196867942810059
0.03444775938987732
0.21171823143959045
0.29068079590797424
-0.3639774024486542
-0.05903986096382141
-0.4418722242116928
-0.2656422257423401
-0.3709372282028198
0.2613166272640228
-0.36076173186302185
-0.3851003348827362
0.15966132283210754
-0.3916112184524536
-0.028694093227386475
-0.11342772841453552
0.022375375032424927
0.08962097764015198
-0.15540364384651184
-0.07245087623596191
-0.0737529993057251
0.21350327134132385
-0.6160728484392166
0.42068132758140564
-0.040292590856552124
0.38356298208236694
0.05237835645675659
-0.36337608098983765
-0.2627546191215515
-0.011066734790802002
0.10281321406364441
0.025875985622406006
0.27170413732528687
0.1295624077320099
-0.2198179066181183
-0.15167105197906494
0.054339826107025146
-0.5699386149644852
0.0851047933101654
-0.25561094284057617
0.14727085828781128
-0.2947537899017334
0.45863643288612366
-0.1162060797214508
-0.012000292539596558
0.3276931643486023
6.616115570068359e-06
0.08501538634300232
-0.09917014837265015
0.13812917470932007
-0.2204274833202362
-0.10343784093856812
0.26529428362846375
0.15225502848625183
-0.30630430579185486
0.08940225839614868
-0.7912905216217041
-0.19916537404060364
0.2094435691833496
0.3314356803894043
-0.2691892385482788
-0.27578288316726685
-0.3642275184392929
-0.11256793141365051
-0.5362562239170074
0.055353760719299316
-0.18832892179489136
0.34912344813346863
0.10955104231834412
0.011997848749160767
-0.5398761183023453
0.25880005955696106
-0.12122917175292969
-0.08247888088226318
-0.25826495885849
0.4815925359725952
0.20235291123390198
-0.14659491181373596
-0.0710509717464447
-0.12538248300552368
-0.12454089522361755
-0.11429750919342041
0.059091269969940186
-0.2503633499145508
0.07386240363121033
-0.13186022639274597
0.028515219688415527
-0.1857510805130005
-0.27671560645103455
-0.17092522978782654
-0.05858585238456726
-0.3217182755470276
0.043412208557128906
-0.33892980217933655
-0.36541709303855896
0.14074015617370605
-0.03758722543716431
0.356139600276947
0.09623780846595764
-0.5368013083934784
-0.04757389426231384
0.4941262751817703
-0.3900025635957718
0.06100308895111084
-0.4821151793003082
-0.6207430511713028
-0.16486507654190063
-0.07329422235488892
-0.7305541783571243
-0.1321650743484497
0.23669299483299255
-0.6796371638774872
-0.18390712141990662
0.6073112785816193
0.5540359318256378
-0.208035409450531
-0.3906121551990509
-0.07609894871711731
-0.222807377576828
0.2724197804927826
0.23868849873542786
-0.6821902096271515
-1.088957741856575
-0.03920254111289978
-0.1312738060951233
-0.3953586518764496
0.5150346755981445
-0.24791055917739868
0.21355214715003967
-0.05123510956764221
-0.38245128095149994
-0.24257934093475342
0.20831039547920227
0.47389131784439087
-0.12039253115653992
-0.39798450469970703
-0.015195280313491821
0.18942230939865112
0.07131770253181458
-0.00350227952003479
-0.14320361614227295
-0.13123735785484314
0.0001805722713470459
-0.4681575149297714
0.1809019148349762
-0.196602463722229
-0.4459427446126938
-0.48346710205078125
-0.14332294464111328
-0.15850332379341125
-0.7719386070966721
0.09720367193222046
-0.05342531204223633
-0.1597275733947754
-0.3772244304418564
-0.43253012001514435
0.04065874218940735
-0.33004483580589294
-0.1652112901210785
0.029592037200927734
0.3205138146877289
0.18650653958320618
0.15914615988731384
-0.15819349884986877
-0.2732713222503662
-0.27888253331184387
0.022834330797195435
0.1796875298023224
-0.2323044240474701
-0.20740750432014465
-0.11704930663108826
-0.26359790563583374
-0.25350522994995117
-0.1007009744644165
0.11587804555892944
0.04793834686279297
0.46708396077156067
-0.0911053717136383
0.3144320845603943
0.21960410475730896
-0.13343077898025513
-0.10175633430480957
0.4616565704345703
-0.0751579999923706
0.06731349229812622
-0.48950904607772827
-0.5187167823314667
-0.09696346521377563
-0.1672622561454773
-0.17957985401153564
0.04213491082191467
-0.3565470576286316
-0.20135554671287537
-0.09074586629867554
-0.5133970379829407
-0.2490735650062561
0.09677127003669739
0.14796173572540283
0.1817733347415924
-0.12806138396263123
0.20918014645576477
-0.29008349776268005
-0.8578717112541199
0.08280688524246216
0.14467477798461914
-0.42122305929660797
0.19963422417640686
-0.10994201898574829
-0.2654649019241333
-0.41976356506347656
-0.1787167489528656
0.15352818369865417
0.006136387586593628
-0.44796720147132874
-0.16503405570983887
0.3987516462802887
0.08256006240844727
-0.28228214383125305
0.09847602248191833
-0.13242512941360474
-0.33366310596466064
-0.036682695150375366
-0.2939387261867523
0.061798304319381714
-0.07700344920158386
-0.04678526520729065
-0.3112131357192993
-0.12399420142173767
0.12078350782394409
0.11432072520256042
-0.49480052292346954
-0.03394916653633118
-0.017466604709625244
-0.31866002082824707
-0.35930880904197693
-0.3277668356895447
-0.11606025695800781
0.019333690404891968
-0.19215261936187744
0.49406999349594116
-0.08003360033035278
-0.08673828840255737
-0.0599195659160614
0.18398341536521912
0.08690565824508667
0.18914073705673218
-0.3782201409339905
0.016025274991989136
0.11660531163215637
0.3593088388442993
-0.08722037076950073
-0.12327355146408081
-0.2528492510318756
-0.2834997773170471
-0.04206526279449463
0.30335041880607605
-0.32639673352241516
0.04168426990509033
-0.3611908555030823
-0.4725361466407776
-0.4344601333141327
-0.18727028369903564
-0.067284494638443
-0.31647807359695435
0.03170016407966614
0.22126084566116333
0.38616064190864563
0.09599092602729797
-0.11872249841690063
-0.2447693645954132
-0.0037276148796081543
-0.3924179971218109
0.5297446250915527
0.618914008140564
0.1072424054145813
-0.5002047568559647
-0.22810795903205872
-0.412273645401001
0.12957394123077393
0.09114834666252136
0.07837691903114319
0.3281181752681732
-0.11912348866462708
0.29581570625305176
-0.3387342095375061
-0.3940548598766327
-0.34206423163414
-0.046390920877456665
-0.1359655261039734
0.52680803835392
-0.26587748527526855
0.19273406267166138
0.053453534841537476
-0.07095488905906677
0.1533261239528656
-0.1821974813938141
-0.25144433975219727
-0.30291467905044556
0.304475337266922
0.07860052585601807
-0.19163405895233154
0.40268459916114807
0.033949077129364014
-0.16160795092582703
-0.2741527259349823
-0.2397264838218689
-0.12573543190956116
-0.20320609211921692
0.3037107586860657
0.23546874523162842
0.03737184405326843
-0.03139117360115051
0.2353668212890625
0.24401232600212097
-0.05065035820007324
-0.04070842266082764
0.2618069648742676
-0.004758059978485107
-0.015221774578094482
0.3464395999908447
-0.1072283685207367
-0.5704256892204285
-0.09362354874610901
0.20861360430717468
-0.4734058678150177
-0.6955796182155609
-0.6570215821266174
0.43288543820381165
-0.13345566391944885
-0.2873649001121521
-0.2620885968208313
-0.32869139313697815
0.15482047200202942
-0.12242531776428223
-0.2834186255931854
-1.049046903848648
-0.14782419800758362
-0.2974774241447449
0.03161153197288513
-0.3788761794567108
0.2340257465839386
-0.21687889099121094
-0.17073968052864075
0.2125929296016693
-0.2597542703151703
-0.27504074573516846
0.16624587774276733
0.06813681125640869
0.27573323249816895
0.27923548221588135
-0.26959842443466187
0.12490370869636536
-0.2604285776615143
-0.1937728226184845
0.29538002610206604
0.336742103099823
-0.2228744626045227
-0.40650826692581177
0.25118425488471985
-0.18252384662628174
-0.3502698838710785
-0.5265893191099167
0.09645983576774597
-0.16037368774414062
0.0918508768081665
0.023844897747039795
-0.09225180745124817
-0.12209388613700867
-0.12002146244049072
-0.3037877678871155
0.22988557815551758
0.20483633875846863
-0.49505408108234406
-0.09813803434371948
-0.025861084461212158
0.1434389352798462
0.06579253077507019
-0.29090189933776855
-0.16608765721321106
-0.06770944595336914
-0.3012116253376007
0.058981895446777344
0.38864073157310486
0.02224785089492798
-0.41273751854896545
-0.0351005494594574
-0.15305611491203308
-0.2286033034324646
-0.056881219148635864
0.07841834425926208
0.08749371767044067
-0.29035696387290955
0.047951579093933105
-0.20900455117225647
-0.31683096289634705
-0.1341332495212555
-0.1202649474143982
0.2577364146709442
-0.37838906049728394
-0.186395525932312
0.21260449290275574
-0.06884589791297913
-0.16666918992996216
-0.17510515451431274
-0.6407791674137115
0.09312814474105835
-0.1422046720981598
-0.033664196729660034
0.2826813757419586
-0.3369549810886383
0.20809167623519897
-0.035648882389068604
-0.3638547956943512
0.08959940075874329
0.32687556743621826
0.07264640927314758
0.28309395909309387
-0.0012276172637939453
0.2488366663455963
-0.10640501976013184
0.010230183601379395
-0.0030317604541778564
0.1611805558204651
-0.13911661505699158
-0.22878053784370422
-0.374353289604187
0.1795549988746643
-0.17742779850959778
-0.16756215691566467
-0.4593140184879303
0.12460550665855408
0.12027987837791443
-0.5649983286857605
0.23870761692523956
-0.33533141016960144
0.02937832474708557
0.14285403490066528
-0.161647766828537
0.2961338758468628
0.20840811729431152
-0.27068525552749634
-0.20738589763641357
0.6159452199935913
0.2775008976459503
-0.26985684037208557
-0.0491543710231781
0.17445403337478638
-0.059162437915802
0.019365161657333374
-0.6385144889354706
-0.3662620484828949
-0.3629121780395508
-0.09684252738952637
-0.06112733483314514
0.14244654774665833
-0.09089827537536621
0.2870543301105499
0.16139256954193115
-0.16951870918273926
0.006098270416259766
-0.5463206917047501
-0.5772645622491837
-0.12417644262313843
-0.06288176774978638
0.043629229068756104
-0.3879598379135132
0.2669477164745331
-0.16774114966392517
0.13794857263565063
0.060824185609817505
0.19465085864067078
0.34049372375011444
0.08086860179901123
-0.7579047679901123
-0.05724233388900757
-0.15104809403419495
-0.10981610417366028
-0.15103158354759216
-0.4107924699783325
-0.7446743100881577
0.1567571759223938
0.13096725940704346
0.11110174655914307
-0.2707696855068207
0.07666715979576111
-0.36330485343933105
-0.1129605770111084
-0.3921247720718384
-0.29754699766635895
0.06176188588142395
-0.5266688764095306
-0.42187583446502686
0.45704102516174316
-0.320141077041626
-0.43802037835121155
0.27828946709632874
0.0500638484954834
-0.24857819080352783
0.24356001615524292
-0.4912336766719818
-0.11444497108459473
-0.06728026270866394
-0.2329571545124054
-0.17486488819122314
0.0665944516658783
-0.07885649800300598
0.8006675541400909
0.3737403452396393
-0.3623538315296173
-0.9737414717674255
-0.14452072978019714
-0.14839747548103333
-0.19890031218528748
-0.32310909032821655
-0.5241904258728027
-0.4105224758386612
0.004130154848098755
-0.14982718229293823
-0.3085193336009979
0.14234381914138794
-0.3148677349090576
-0.1625058948993683
-0.09716221690177917
-0.47952909767627716
-0.5516701936721802
-0.10870444774627686
-0.13891610503196716
0.18622657656669617
0.050829291343688965
-0.13355499505996704
-0.2501586973667145
-0.11908704042434692
-0.5869860798120499
-0.07133924961090088
0.1034991443157196
0.1472824215888977
-0.1871194839477539
-0.1424713432788849
0.0953432023525238
-0.22941842675209045
-0.16968271136283875
-0.15016677975654602
-0.43607039749622345
0.041591495275497437
-0.24313095211982727
-0.16438794136047363
-0.15159490704536438
0.3219335973262787
-0.3394996225833893
0.024459540843963623
-0.35003459453582764
-0.1449415385723114
-0.05706506967544556
-0.40325453877449036
0.5488985180854797
-0.1501518189907074
-0.5488065481185913
-0.5558169037103653
-0.1974390745162964
0.04095199704170227
-0.07416719198226929
-0.17887413501739502
-0.18997400999069214
0.1744871437549591
-0.12761902809143066
0.06760412454605103
-0.4007214307785034
-0.8353107869625092
-0.3219038248062134
0.04163956642150879
-0.37082794308662415
0.1998330056667328
-0.25384652614593506
-0.10325556993484497
-0.05971747636795044
-0.13817384839057922
-0.19332224130630493
-0.08770245313644409
0.061422258615493774
0.11920639872550964
-0.05975061655044556
-0.32331040501594543
0.162736177444458
-0.04782229661941528
0.35833966732025146
0.08259817957878113
0.1540103554725647
0.1902291178703308
-0.14084693789482117
0.37893083691596985
0.18450689315795898
0.049280256032943726
-0.36451414227485657
0.08962181210517883
0.3230155110359192
-0.14312908053398132
-0.18927988409996033
0.041853249073028564
0.570833295583725
0.24374470114707947
-0.045214682817459106
0.26208195090293884
-0.4388636648654938
-0.07016792893409729
-0.062273770570755005
0.3162992000579834
0.003785550594329834
0.14788389205932617
0.06817993521690369
-0.14527782797813416
0.12625068426132202
-0.41425004601478577
0.2948482036590576
-0.11830341815948486
0.17617696523666382
-0.3777230978012085
0.28094184398651123
0.2070910632610321
-0.5390660017728806
0.4345164895057678
-0.009731501340866089
0.27862581610679626
0.26217806339263916
-0.23324206471443176
0.21599417924880981
-0.03595373034477234
-0.6983860731124878
-0.2944655418395996
0.0019731521606445312
0.2746414542198181
-0.21552041172981262
-0.17565679550170898
-0.34643128514289856
-0.1243918240070343
-0.491853266954422
-0.3241618871688843
-0.08538976311683655
0.1542985737323761
-0.5386203229427338
-0.0012988448143005371
0.03482726216316223
-0.35358497500419617
-0.18370339274406433
-0.1457996964454651
-0.34719255566596985
-0.11035951972007751
-0.15318530797958374
-0.43800386786460876
0.026967793703079224
0.1650572121143341
0.1975865662097931
-0.2582416832447052
-0.025408834218978882
0.23120439052581787
-0.2254439890384674
-0.2823384702205658
0.29362890124320984
-0.08418697118759155
0.13411828875541687
0.20594128966331482
-0.04470115900039673
0.2531789243221283
0.1800420880317688
-0.1554500162601471
-0.34293730556964874
0.07450854778289795
-0.46144115924835205
0.043920814990997314
-0.10703453421592712
-0.19699841737747192
-0.5614381283521652
0.4548185467720032
-0.12046879529953003
-0.18882259726524353
-0.177939772605896
-0.041657716035842896
-0.296430379152298
-0.1856583058834076
0.07939249277114868
0.042829036712646484
0.26568862795829773
0.03174903988838196
-0.2910129725933075
-0.17403489351272583
-0.17572307586669922
-0.20713409781455994
0.4275483936071396
-0.23778977990150452
-0.06846818327903748
0.0051423609256744385
0.01570877432823181
-0.09056362509727478
0.045658767223358154
0.8470137417316437
-0.28426527976989746
0.139590322971344
0.11993196606636047
0.5222338438034058
0.4027094841003418
0.4018811583518982
0.08850762248039246
-0.013010084629058838
-0.2210371196269989
-0.03784403204917908
-0.44314461946487427
-0.1909215748310089
-0.1409919559955597
0.11377069354057312
0.12031635642051697
-0.25235214829444885
0.058236390352249146
0.04294666647911072
0.015127331018447876
-0.143324613571167
0.19813492894172668
-0.13538068532943726
0.3234943151473999
-0.24650070071220398
0.3418355882167816
0.29302752017974854
-0.37095046043395996
-0.24502456188201904
0.04766005277633667
-0.08107399940490723
0.2399119734764099
0.16200727224349976
0.04601159691810608
0.023656100034713745
0.055332183837890625
-0.04981529712677002
0.046016573905944824
0.27006229758262634
0.0565665066242218
-0.24704408645629883
-0.938756138086319
0.25229090452194214
0.33672134578227997
0.163475900888443
0.02280116081237793
-0.2005404233932495
-0.3604552149772644
0.043059319257736206
-0.07246413826942444
0.037299007177352905
0.033773452043533325
0.000341266393661499
0.09012952446937561
0.03308597207069397
-0.8393233418464661
-0.38476407527923584
-0.06490623950958252
0.3555431663990021
-1.0660347640514374
-0.19658759236335754
0.4373511075973511
-0.16330942511558533
-0.0900036096572876
-0.10333845019340515
-0.23719170689582825
0.06960302591323853
-0.3503262400627136
-0.2317875325679779
-0.36975598335266113
-0.452422171831131
-0.19404950737953186
-0.28604620695114136
-0.005834907293319702
-0.46227119863033295
-0.18290817737579346
0.03949907422065735
-0.184758722782135
-0.13866263628005981
-0.2311314344406128
-0.1316348910331726
0.03326490521430969
-0.10562634468078613
-0.3120613396167755
0.1771908402442932
0.06501397490501404
-0.24596399068832397
0.3758559823036194
-0.06699785590171814
0.11699959635734558
-0.014562398195266724
-0.012322545051574707
-0.02267196774482727
-0.09127932786941528
-0.24665313959121704
-0.1089445948600769
-0.39500415325164795
0.09598761796951294
0.030115455389022827
-0.19113701581954956
0.04647547006607056
0.14959028363227844
-0.01721477508544922
-0.1203097403049469
-0.17736321687698364
0.10485100746154785
0.1929742693901062
-0.16473254561424255
-0.282981276512146
0.37644246220588684
-0.07819133996963501
0.104682058095932
0.18153974413871765
-0.10037463903427124
-0.3616099953651428
-0.10645806789398193
0.2651982307434082
-0.6559131294488907
-0.019815802574157715
-0.9153577163815498
-0.3655794560909271
-0.38634951412677765
0.06945052742958069
0.15316206216812134
-0.05293658375740051
-0.04867058992385864
0.38968610763549805
-0.10519227385520935
-0.30063337087631226
-0.10239246487617493
0.3973640650510788
-0.13526469469070435
-0.321000874042511
0.3188513517379761
-0.43279850482940674
-0.3138042688369751
-0.47867918014526367
-0.2226143479347229
0.5224260538816452
0.07738453149795532
-0.3507652282714844
0.4675693213939667
-0.021742522716522217
-0.1594841480255127
0.09330874681472778
0.26374852657318115
-0.25179389119148254
-0.3472364842891693
0.07395190000534058
0.20536813139915466
-0.020259827375411987
0.01745504140853882
-0.1589241623878479
0.0887196958065033
-0.5322586297988892
-0.0022034049034118652
0.30135244131088257
0.09775865077972412
0.26566872000694275
-0.18343836069107056
0.2298358678817749
0.03998786211013794
-0.21772044897079468
-0.09887859225273132
-0.05400514602661133
-0.300550639629364
-0.4248230755329132
-0.10210087895393372
0.04290696978569031
-0.335107684135437
0.18228691816329956
-0.0008440911769866943
-0.2212790846824646
-0.3101429343223572
-0.005061239004135132
-0.13483068346977234
-0.37538543343544006
-0.6808051764965057
-0.09298238158226013
-0.130960613489151
-0.0334719717502594
-0.05576127767562866
0.2492772936820984
-0.02461192011833191
0.28783872723579407
0.13696783781051636
0.566675677895546
-0.04221606254577637
0.03560248017311096
0.220533549785614
0.08942878246307373
0.048725247383117676
-0.8058695942163467
-0.23642128705978394
-0.007075756788253784
0.3660781681537628
-0.45128893852233887
-0.7984176576137543
0.34361571073532104
-0.5758994370698929
0.321903795003891
-0.4341287463903427
-0.5845938175916672
-0.034091562032699585
0.28238818049430847
-0.02657020092010498
-0.23005962371826172
0.22442930936813354
0.006259024143218994
0.19981980323791504
0.15276116132736206
-0.5886527448892593
0.18028810620307922
-0.17804914712905884
0.03541034460067749
-0.004017502069473267
-0.12582159042358398
0.10095110535621643
0.09579050540924072
-0.35866430401802063
-0.16607114672660828
0.30357322096824646
0.35402730107307434
-0.24965673685073853
0.15285226702690125
-0.14361116290092468
-0.16768139600753784
0.16411203145980835
-0.2089051902294159
-0.129449725151062
-0.2441713809967041
0.020844638347625732
0.2031944990158081
-0.3100700080394745
-0.15573662519454956
-0.2728985846042633
-0.18146353960037231
-0.05945238471031189
0.20034661889076233
-0.2865995168685913
-0.20180949568748474
-0.04194936156272888
-0.18217924237251282
0.004685103893280029
0.046684205532073975
-0.2614375352859497
-0.028063684701919556
-0.1525689959526062
0.012269556522369385
-0.2269996702671051
-0.02646741271018982
0.0078163743019104
0.02440321445465088
0.07731500267982483
0.34514734148979187
-0.35257768630981445
0.002402186393737793
0.027924537658691406
-0.5745325833559036
-0.09795922040939331
-0.17095676064491272
-0.0971987247467041
-0.06191101670265198
-0.6013729125261307
0.027681827545166016
-0.02217164635658264
0.06242954730987549
0.1450873613357544
-0.12169301509857178
-0.1207934319972992
0.5571298748254776
0.13658180832862854
0.2649463415145874
-0.18689587712287903
-0.09701478481292725
0.18742769956588745
0.13820865750312805
0.04051962494850159
-0.2374468445777893
-0.11000168323516846
0.23587462306022644
-0.019212782382965088
-0.028543293476104736
0.05723080039024353
-0.25823017954826355
-0.24076679348945618
0.2669195532798767
0.048892587423324585
-0.11674946546554565
0.1261446475982666
0.33204948902130127
0.14067718386650085
-0.1301555633544922
-0.6880979239940643
-0.3967171609401703
0.10608857870101929
-0.14171260595321655
0.0444277822971344
0.06269451975822449
-0.11126580834388733
-0.5563718676567078
-0.31442877650260925
0.037305593490600586
0.1963987648487091
-0.050758033990859985
-0.07802566885948181
-0.45700792968273163
-0.5221758931875229
-0.0674559473991394
-0.02325347065925598
0.1315123438835144
-0.119314044713974
0.1291382908821106
0.06035196781158447
0.24567732214927673
-0.1097978949546814
0.10625091195106506
-0.08281520009040833
0.24559614062309265
-0.36303968727588654
0.1229405403137207
-0.025094032287597656
0.03279104828834534
-0.34383025765419006
-0.018258512020111084
0.42490266263484955
0.14491167664527893
-0.014830797910690308
0.5925186425447464
-0.42515771090984344
-0.18778377771377563
-0.3546137511730194
-0.11023694276809692
0.15471771359443665
-0.15072843432426453
-0.2710174024105072
-0.6841881275177002
-0.5597341805696487
0.1490369439125061
0.23309800028800964
0.24441152811050415
0.02159842848777771
-1.066395826637745
0.03249451518058777
0.1015789806842804
-0.3235009014606476
-0.0784531831741333
-0.4703840911388397
0.12610980868339539
-0.2768465280532837
0.1239064633846283
0.16944503784179688
0.13829651474952698
-0.3307124972343445
-0.057345062494277954
-0.18350628018379211
0.5256235003471375
0.1713162660598755
0.005046337842941284
0.01680561900138855
-0.28096088767051697
-0.45378226041793823
0.046929359436035156
-0.0064743757247924805
-0.35589268803596497
-0.04642575979232788
0.24684691429138184
0.10866302251815796
0.12020042538642883
0.038041144609451294
0.11367297172546387
0.19775885343551636
-0.2589491903781891
0.4679586887359619
-0.2882893681526184
-0.40998075902462006
-0.17273935675621033
0.10932907462120056
0.07259505987167358
-0.24762392044067383
-0.32065966725349426
-0.2603457272052765
-0.05299457907676697
-0.24893274903297424
-0.01495671272277832
-0.019088566303253174
0.08275550603866577
-0.33082348108291626
-0.2780475616455078
0.03153198957443237
0.3868507146835327
-0.049914777278900146
-0.38412293791770935
-0.18277397751808167
-0.05324310064315796
0.676202803850174
0.06301429867744446
-0.21346604824066162
0.3996163308620453
0.10355713963508606
0.016682952642440796
0.1145426332950592
-0.49652518332004547
-0.11255136132240295
-0.02919444441795349
0.0034923255443573
0.11108681559562683
-0.1374400556087494
-0.6642131805419922
0.034456104040145874
0.36728085577487946
0.20044106245040894
-1.0295756310224533
0.004017502069473267
0.05387592315673828
-0.1840132176876068
-0.013854950666427612
-0.05562874674797058
-0.19685930013656616
-0.375642329454422
0.1569857895374298
-0.07024583220481873
-0.4996348023414612
-0.5861477851867676
-0.26075825095176697
-0.1876644790172577
-0.3072022497653961
-0.22288772463798523
-0.2560218274593353
0.11236247420310974
0.3268689215183258
-0.2553127706050873
0.21126842498779297
0.5841001123189926
0.02943626046180725
0.16013681888580322
-0.26780256628990173
0.09406417608261108
-0.3515256941318512
-0.030655622482299805
-0.12935364246368408
-0.06082913279533386
0.19328075647354126
0.2984481602907181
-0.060940176248550415
-0.07933950424194336
-0.20328891277313232
-0.7855483889579773
-0.2855110764503479
-0.09673810005187988
-0.031995922327041626
-0.18151158094406128
0.11014741659164429
-0.25201258063316345
-0.32183098793029785
0.14073100686073303
0.05187469720840454
-0.1750355064868927
0.1691311001777649
0.3313619792461395
-0.3810514211654663
-0.7522935271263123
-0.2681736350059509
0.1397826075553894
-0.5498379170894623
0.1660909652709961
0.12997987866401672
-0.19859719276428223
0.28954342007637024
-0.44485098123550415
-0.22672459483146667
-0.16982519626617432
-0.42410746216773987
0.2313717007637024
0.08042457699775696
-0.30234235525131226
0.16057083010673523
0.2014714777469635
-0.120114266872406
0.8393456935882568
-0.10811799764633179
0.27773618698120117
0.34994181990623474
-0.6910964548587799
-0.28085899353027344
0.13042715191841125
0.0396614670753479
0.3972199261188507
-0.17303425073623657
-0.2288120985031128
-0.2605644464492798
-0.494184285402298
-0.1800842583179474
0.049974411725997925
0.27313050627708435
-0.300302118062973
-0.2230069935321808
-0.1441115438938141
-0.07832393050193787
0.21774858236312866
-0.3041522800922394
-0.16273456811904907
0.07401812076568604
-0.09552872180938721
0.23906049132347107
-0.7402095049619675
-0.2807214558124542
-0.16566190123558044
0.17673373222351074
-0.3967204838991165
0.6436768174171448
0.27083930373191833
0.11090788245201111
-0.30542296171188354
-0.14396905899047852
-0.4204924553632736
-0.2404884696006775
0.29755690693855286
0.20425647497177124
-0.32653260231018066
-0.06771603226661682
-0.13531112670898438
0.33553189039230347
-0.8964008986949921
-0.7675251513719559
-0.005970776081085205
0.08357235789299011
0.40410107374191284
0.3172319382429123
-0.34967344999313354
0.05215299129486084
-0.16842028498649597
0.3191818594932556
0.4239085912704468
-0.20208784937858582
-0.09237024188041687
0.02640780806541443
0.26624366641044617
-0.058996766805648804
0.03969961404800415
-0.04866230487823486
0.05054929852485657
0.4006004333496094
-0.04362097382545471
-0.2108716368675232
0.02530115842819214
0.42340001463890076
-0.044237226247787476
-0.24628615379333496
0.06383934617042542
-0.2838676869869232
-0.16449394822120667
-0.009653627872467041
-0.12894603610038757
-0.30190739035606384
-0.02982395887374878
0.025493264198303223
0.10902261734008789
-0.2613315284252167
-0.2504304051399231
0.2570042014122009
-0.44903913140296936
-0.02284759283065796
0.30015623569488525
0.2967319190502167
-0.18971890211105347
-0.3084448277950287
0.15501099824905396
-0.43473511934280396
0.40885332226753235
0.28708574175834656
0.33784958720207214
-0.12559789419174194
0.3383714556694031
-0.14855152368545532
-0.1603655219078064
0.09627091884613037
0.35054153203964233
-0.08536151051521301
-0.1274385154247284
0.11970168352127075
-0.7248965799808502
0.3677862286567688
-0.09509634971618652
-0.4215146601200104
0.03533408045768738
-0.07924413681030273
-0.11992201209068298
-0.22254809737205505
-0.3648819625377655
-0.27631136775016785
0.2464865744113922
0.10673880577087402
0.2155236303806305
0.4552079439163208
0.3964604139328003
0.3788861036300659
0.07146188616752625
-0.10062313079833984
-0.030718624591827393
-0.1258281171321869
-0.349403440952301
-0.36257418990135193
-0.29176342487335205
-0.32418017089366913
-0.19739773869514465
-0.3975140452384949
0.03532257676124573
0.16834744811058044
0.10034140944480896
-0.10405245423316956
-0.38433828949928284
-0.06654638051986694
-0.22696736454963684
0.09097611904144287
-0.16471430659294128
0.14938151836395264
-0.2266997992992401
0.1915379762649536
0.19733968377113342
-0.30171525478363037
-0.20971861481666565
-0.021911561489105225
-0.22342944145202637
0.5008723586797714
0.11846581101417542
-0.08212926983833313
0.0028553307056427
0.198164701461792
-0.2127818763256073
-0.5801885724067688
-0.5684625208377838
-0.055469661951065063
-0.29831239581108093
-0.5413241237401962
0.018145829439163208
0.4716862887144089
-0.9754810482263565
-0.26157835125923157
-0.019545763731002808
0.04904171824455261
-0.4091092646121979
-0.04406335949897766
-0.1343287229537964
0.23317748308181763
-0.23871749639511108
-0.09872621297836304
-0.6214719712734222
0.1520768702030182
-0.10294416546821594
-0.14311420917510986
0.38984018564224243
-0.012493252754211426
-0.06391224265098572
0.19369995594024658
-0.31968048214912415
0.11566758155822754
0.22978705167770386
-0.19260156154632568
-0.31931272149086
-0.23217684030532837
0.22495529055595398
0.3190104067325592
0.22172558307647705
-0.20446354150772095
0.12335136532783508
-0.17955335974693298
-0.017834395170211792
-0.43868470191955566
0.48273810744285583
-0.0367257297039032
-0.09347113966941833
0.40535688400268555
0.05490806698799133
-0.19299253821372986
0.18900978565216064
0.16075965762138367
0.14622712135314941
0.16892728209495544
-0.06725215911865234
-0.13913807272911072
0.014592170715332031
0.027322351932525635
-0.15614423155784607
0.05204695463180542
0.12549680471420288
-0.23542070388793945
-0.01392623782157898
0.5006975829601288
0.09635049104690552
-0.2987861931324005
-0.02379852533340454
-0.12493354082107544
0.3435784876346588
-0.02021506428718567
-0.18941736221313477
-0.052358388900756836
-0.20665207505226135
-0.01407364010810852
-0.04684656858444214
0.22762760519981384
0.28382542729377747
-0.027797847986221313
-0.3375993072986603
-0.33904075622558594
0.3564327657222748
-0.16101649403572083
-0.3233203589916229
0.12538915872573853
-0.25348207354545593
-0.23915153741836548
0.02745482325553894
0.16674372553825378
-0.12705743312835693
0.006487667560577393
0.2734668552875519
-0.1161431074142456
0.1819688379764557
0.41065168380737305
-0.217962384223938
0.05344519019126892
-0.03421589732170105
0.29551342129707336
0.0915808379650116
0.03712505102157593
-0.27027931809425354
-0.34824205935001373
-0.31457123160362244
0.5543018728494644
0.10591626167297363
-0.05983343720436096
-0.06382441520690918
0.009019076824188232
-0.25017520785331726
0.541148453950882
0.013480573892593384
0.3219452500343323
0.5382062196731567
-0.5190811902284622
-0.2823401391506195
-0.24001967906951904
0.2859169840812683
-0.27922549843788147
-0.032082051038742065
0.0361475944519043
-0.06474721431732178
-0.5372619032859802
-0.24513384699821472
0.024505943059921265
-0.043205201625823975
-0.3951830565929413
-0.3000536561012268
0.1455942690372467
-0.024197787046432495
-0.26160818338394165
-0.2891989052295685
-0.22705182433128357
-0.04769143462181091
0.06242445111274719
-0.1611904501914978
-0.11024025082588196
-0.3827378749847412
-0.5100703537464142
0.2016446590423584
-0.1011151373386383
0.3929862380027771
-0.349234402179718
-0.06110742688179016
-0.06070318818092346
-0.07518115639686584
-0.17180490493774414
-0.42017608880996704
-0.025208353996276855
0.2306957244873047
0.12274834513664246
0.0996522307395935
-0.4591251611709595
-1.0945299044251442
0.14597037434577942
-0.5974945425987244
-0.01116284728050232
-0.1797853410243988
0.5109178721904755
0.06454676389694214
-0.1903550624847412
-0.29690587520599365
0.41880765557289124
-0.17114892601966858
0.36250290274620056
-0.04020485281944275
0.07768276333808899
0.06548276543617249
0.24402225017547607
-0.2761407792568207
-0.2540784478187561
0.00468018651008606
0.2900752127170563
-0.17073798179626465
0.04957515001296997
-0.18978184461593628
-0.09709933400154114
-0.026132851839065552
0.3760034143924713
-0.34801509976387024
0.03684678673744202
0.43403106927871704
-0.36280281841754913
-0.13618087768554688
-0.25557443499565125
0.07872316241264343
-0.04226246476173401
0.26353245973587036
-0.056705594062805176
0.1061200499534607
-0.18439927697181702
0.2735065519809723
0.18745750188827515
-0.004872351884841919
-0.0932689905166626
0.14581298828125
0.03411814570426941
0.12385338544845581
-0.29099807143211365
0.1446714997291565
0.13340678811073303
-0.22594767808914185
0.20342311263084412
0.05917409062385559
0.2600657343864441
-0.17339369654655457
-0.43674974143505096
-0.2359408736228943
-0.09227165579795837
0.11536934971809387
-0.019403308629989624
-0.5653462707996368
-0.3235737681388855
-0.07731333374977112
0.04685819149017334
-0.1715879738330841
-0.23680230975151062
-0.020687222480773926
-0.16662278771400452
-0.005805104970932007
-0.19603422284126282
-0.31159746646881104
-0.3037414252758026
-0.20527702569961548
-0.1144019067287445
0.009552478790283203
-0.5774468183517456
-0.10021886229515076
0.005235165357589722
0.06933629512786865
-0.42483146488666534
0.737196758389473
0.24239864945411682
-0.6591900885105133
-0.17899006605148315
0.2229970097541809
0.13662323355674744
-0.3257920891046524
-0.05864885449409485
-0.059705883264541626
-0.02744990587234497
-0.4668901264667511
0.26878830790519714
-0.1284324824810028
-0.032953470945358276
-0.3319103419780731
0.07364535331726074
-0.3596269488334656
-0.36839088797569275
-0.4177854061126709
0.032413363456726074
-0.07804557681083679
0.42765772342681885
-0.248740553855896
-0.05876651406288147
0.15212664008140564
-0.20171180367469788
-0.43664371967315674
0.14903852343559265
0.6301382035017014
-0.2750091850757599
-0.21890667080879211
-0.1403193175792694
0.29753702878952026
0.5981895327568054
0.06591516733169556
-0.4630333483219147
0.10672968626022339
0.4180173873901367
-0.023091107606887817
-0.12155380845069885
-0.1666724681854248
0.1252399981021881
-0.2457219958305359
0.17100811004638672
0.1565932035446167
0.1885841190814972
-0.20810827612876892
-0.17955172061920166
-0.31307029724121094
-0.37911805510520935
0.21333438158035278
-0.1357584297657013
-0.03341400623321533
0.009993225336074829
0.1620735228061676
-0.21971023082733154
0.20533829927444458
0.3340342044830322
0.15172573924064636
-0.2073793113231659
0.07895013689994812
0.10433414578437805
-0.1815844476222992
-0.010361015796661377
-0.5596057772636414
0.13360220193862915
-0.14595374464988708
-0.17041665315628052
-0.2766360938549042
-0.20736274123191833
0.3669329881668091
0.26971933245658875
0.06072309613227844
-0.035602569580078125
-0.18981659412384033
0.3777446448802948
-0.40685945749282837
-0.29418888688087463
-0.1593979299068451
-0.5087798684835434
0.06443905830383301
0.1527247130870819
0.3130412697792053
-0.030093997716903687
0.4114270508289337
-0.2813328206539154
-0.19887715578079224
-0.020334362983703613
0.1458825170993805
0.4522448778152466
0.33973899483680725
-0.7787493169307709
0.07458144426345825
-0.10931745171546936
0.2968875765800476
-0.15178367495536804
0.568604975938797
-0.2143855094909668
-0.2013506293296814
-0.16836899518966675
-0.29626305401325226
0.09708437323570251
-0.04451891779899597
-0.4771549701690674
0.35283616185188293
0.16601809859275818
-0.23958393931388855
0.02667289972305298
0.09222528338432312
0.27958838641643524
-0.4945288598537445
-0.07927319407463074
0.1182711124420166
0.36682531237602234
-0.3614409863948822
-0.06056404113769531
-0.03729897737503052
-0.038546472787857056
0.23800510168075562
-0.423040509223938
0.10777181386947632
0.10801035165786743
-0.07637888193130493
-0.4456826448440552
0.3966185748577118
-0.35405872762203217
0.19353094696998596
0.03918096423149109
0.09095290303230286
-0.17326945066452026
-0.2090476155281067
-0.057022035121917725
-0.4612556993961334
-0.07401317358016968
-0.04229557514190674
-0.458653062582016
-0.17438450455665588
0.06565511226654053
0.11791744828224182
0.4309612214565277
0.13168460130691528
-0.03919592499732971
-0.14636793732643127
0.09972184896469116
0.35545533895492554
-0.24742025136947632
-0.26161807775497437
0.21386533975601196
-0.13094738125801086
-0.05379146337509155
-0.10770553350448608
-0.5796419084072113
-0.21518570184707642
-0.11178764700889587
0.19869321584701538
0.14660155773162842
-0.25562581419944763
-0.05014669895172119
0.11954432725906372
0.14342892169952393
0.3590172231197357
0.07134085893630981
-0.0635162889957428
-0.1786620318889618
-0.34360170364379883
0.044608354568481445
0.04222273826599121
0.19630345702171326
0.3531193733215332
-0.23093268275260925
0.05961143970489502
0.2965397536754608
-0.24656373262405396
-0.029959827661514282
0.4967272877693176
-0.07562679052352905
0.09214162826538086
-0.011918365955352783
-0.26058274507522583
-0.10039451718330383
0.08175498247146606
-0.12324872612953186
-0.2317875325679779
-0.5470910966396332
0.19724369049072266
-0.33981940150260925
0.1277582347393036
-0.14344218373298645
-0.21124610304832458
0.48835763335227966
0.16279089450836182
-0.10376587510108948
0.006775885820388794
-0.06379127502441406
0.4485338628292084
-0.053466737270355225
-0.16764670610427856
0.23962542414665222
0.1386626660823822
-0.13930872082710266
-0.160981684923172
-0.21437057852745056
-0.32595282793045044
-0.42592310905456543
-0.45626896619796753
-0.32265928387641907
-0.16265836358070374
-0.5225271582603455
-0.282055139541626
-0.28009033203125
-0.08023566007614136
-0.3128979504108429
0.5236056745052338
-0.15145567059516907
0.1360682249069214
0.09032174944877625
-0.06871339678764343
-0.23336470127105713
0.053670525550842285
-0.29182806611061096
0.06944230198860168
0.27335411310195923
-0.5141143947839737
-0.5250221639871597
0.11538100242614746
-0.34626397490501404
0.05867043137550354
0.2062891721725464
0.13877862691879272
-0.4291321635246277
-0.0960274338722229
-0.21639013290405273
0.10610511898994446
0.5195136219263077
-0.25730571150779724
-0.20228657126426697
-0.17828267812728882
0.21952959895133972
-0.3544347882270813
0.2843513786792755
-0.010660827159881592
-0.35878366231918335
-0.019545763731002808
-0.8515614569187164
0.01939338445663452
0.0652557909488678
-0.010311305522918701
-0.38297146558761597
0.08494076132774353
-0.36548835039138794
-0.08357894420623779
-0.24333637952804565
-0.04775771498680115
-0.16436806321144104
-0.1511392593383789
0.01483413577079773
0.5712341368198395
-0.023177295923233032
-0.2765566110610962
0.3089417815208435
-0.017961949110031128
-0.5571488738059998
-0.46046048402786255
-0.6720808893442154
-0.9696527123451233
-0.5414285063743591
-0.23146110773086548
0.16330772638320923
0.4828159660100937
-0.38333263993263245
0.019033819437026978
-0.20728817582130432
0.11667653918266296
-0.2480895221233368
0.14337757229804993
-0.1474083662033081
-0.11695650219917297
0.06756362318992615
-0.24449777603149414
-0.22088640928268433
-0.42372965812683105
-0.3380317687988281
0.22315528988838196
0.0074443817138671875
-0.05289185047149658
0.0047116875648498535
-0.23544058203697205
-0.2797473967075348
-0.12898090481758118
0.09619641304016113
-0.1347842812538147
0.2512388229370117
0.011133044958114624
-0.20560172200202942
-0.26130661368370056
0.21004170179367065
0.30697864294052124
0.05653497576713562
0.22625082731246948
0.08983543515205383
0.33891981840133667
0.11547791957855225
0.06705665588378906
-0.29949861764907837
-0.26277607679367065
-0.36581969261169434
-0.10966122150421143
0.3547131419181824
1.0681014358997345
-0.24773827195167542
0.027958542108535767
0.1383081078529358
-0.2548503577709198
-0.3602747321128845
-0.09687396883964539
0.2551320791244507
0.22994527220726013
0.10666343569755554
0.5621347725391388
-0.4651058465242386
-0.0596594512462616
0.31898805499076843
0.27582764625549316
-0.24044039845466614
-0.2154441773891449
-0.3294997811317444
0.0940045714378357
0.10701638460159302
-0.32421326637268066
-0.0711023211479187
-0.12326863408088684
-0.447902649641037
-0.2303560972213745
0.196894109249115
-0.5472815632820129
-0.14663299918174744
0.11880207061767578
-0.09946507215499878
-0.4579886496067047
-0.12072888016700745
0.16845348477363586
0.6237582713365555
-0.3337293565273285
-0.28588706254959106
-0.0679645836353302
-0.1845201849937439
-0.032063812017440796
-0.17055082321166992
-0.052053600549697876
0.16911524534225464
0.24100041389465332
0.1847967803478241
-0.49557915329933167
0.010780155658721924
0.16393399238586426
-0.1473636031150818
-0.30063673853874207
0.22968357801437378
-0.19113948941230774
-0.07764959335327148
-0.0711735188961029
0.14728081226348877
-0.422180712223053
0.06406795978546143
-0.24706566333770752
-0.8079105913639069
-0.12717339396476746
-0.5389731973409653
0.011368274688720703
-0.1371517777442932
-0.2568153440952301
0.2516811192035675
0.1796693205833435
-0.07185113430023193
0.2575890123844147
0.04146721959114075
-0.15385213494300842
-0.029504209756851196
-0.28450706601142883
0.06054580211639404
0.08360546827316284
0.41000720858573914
0.2017846405506134
-0.11967194080352783
0.13678568601608276
0.2867751717567444
0.3850722014904022
-0.31313657760620117
0.1870482861995697
0.05564197897911072
0.2695918381214142
-0.10530000925064087
-0.09477829933166504
0.3424891531467438
-0.3956584930419922
0.5477951914072037
0.4532935470342636
-0.37272730469703674
0.24581322073936462
-0.4412609785795212
-1.0564971566200256
-0.01498153805732727
0.2527869939804077
-0.04161795973777771
-0.2338285744190216
-0.0994153618812561
-0.1554400622844696
0.24138230085372925
-0.1310550570487976
-0.22894954681396484
-0.14369070529937744
-0.23272523283958435
-0.021934717893600464
0.04544496536254883
-0.4348113536834717
-0.19063004851341248
0.26799145340919495
0.12086635828018188
-0.450687512755394
0.31592315435409546
-0.633138507604599
-0.011724501848220825
0.06137418746948242
-0.15818524360656738
0.17370685935020447
-0.1110537052154541
-0.07499563694000244
-0.34918469190597534
-0.0515366792678833
-0.5363954305648804
0.574484571814537
-0.02585780620574951
-0.33522534370422363
0.02852344512939453
0.43077731132507324
-0.013167470693588257
0.2258482277393341
-0.35346731543540955
-0.34122925996780396
0.05481201410293579
0.29752957820892334
0.20581206679344177
-0.021046727895736694
0.0519484281539917
-0.0609169602394104
-0.4009152352809906
0.09181275963783264
-0.28364065289497375
0.06438443064689636
-0.20527198910713196
0.09653112292289734
-0.23850542306900024
-0.35023680329322815
-0.15732041001319885
0.16645878553390503
-0.002074122428894043
-0.2243058979511261
0.005117595195770264
-0.19394677877426147
0.6949360072612762
0.04183170199394226
-0.11218857765197754
-0.18679648637771606
-0.12744176387786865
0.13305634260177612
0.654524028301239
-0.3424602448940277
-0.20225676894187927
-0.006119877099990845
-0.16486337780952454
-0.11452451348304749
-0.3933655768632889
0.06549602746963501
-0.37704215943813324
0.2437140941619873
-0.5702914893627167
-0.06467103958129883
-0.027418434619903564
-0.13035428524017334
0.15905499458312988
-0.5602105557918549
-0.4366784989833832
-0.15842381119728088
-0.021734267473220825
-0.03372713923454285
0.07182800769805908
-0.10630396008491516
0.30671848356723785
0.3960014879703522
-0.2263120710849762
0.07195553183555603
0.27428194880485535
-0.6258125454187393
-0.1335301697254181
0.3674217611551285
0.10054025053977966
0.18670034408569336
-0.13482078909873962
-0.29400166869163513
-0.4544946849346161
-0.3904498219490051
-0.10031488537788391
0.8069274127483368
-0.19144347310066223
-0.420681357383728
0.03840070962905884
-0.03224101662635803
-0.4991809129714966
0.18461954593658447
0.07118675112724304
0.3868316411972046
-0.27744126319885254
0.5822429358959198
0.1354386806488037
-0.12141972780227661
0.10132724046707153
0.3386431038379669
0.031709253787994385
0.03675729036331177
-0.20841637253761292
-0.30167046189308167
-0.0030152201652526855
-0.11399099230766296
0.05110761523246765
-0.04733362793922424
-0.2900090515613556
-0.17647024989128113
0.02181708812713623
-0.2786721885204315
-0.0637764036655426
-0.030571162700653076
-0.45773354172706604
-0.3338536024093628
0.05491641163825989
0.21017250418663025
0.009401768445968628
-0.3055538237094879
-0.49676544964313507
0.11161863803863525
-0.10846099257469177
-0.23211723566055298
0.02446618676185608
0.06579583883285522
-0.25045526027679443
0.32972845435142517
0.016898363828659058
-0.32239753007888794
-0.14726421236991882
0.361875057220459
0.00029981136322021484
0.01254454255104065
-0.4981769323348999
0.19446530938148499
-0.020571261644363403
-0.18251052498817444
-0.2773667275905609
0.13754433393478394
0.06086722016334534
-0.13824021816253662
-0.2645554542541504
0.3495839387178421
-0.09902772307395935
0.14118751883506775
0.07737451791763306
-0.19617176055908203
0.16840043663978577
-0.5311005860567093
-0.3596798777580261
0.7073015719652176
-0.030105620622634888
-0.17107102274894714
0.448540523648262
0.009355396032333374
-0.18558543920516968
-0.2502414882183075
-0.24490034580230713
-0.1760229766368866
0.134916752576828
-0.2074604630470276
0.0800054669380188
0.4025065153837204
-0.14757734537124634
-0.27900856733322144
0.27853628993034363
-0.043887704610824585
0.3966028094291687
0.08134245872497559
-0.6456582099199295
-0.0724492073059082
-0.1413779854774475
0.34348899126052856
-0.018733948469161987
-0.2612072229385376
-0.10290104150772095
0.05391740798950195
-0.012503117322921753
0.00770115852355957
-0.0944204032421112
-0.34843429923057556
-0.014231115579605103
-0.609557032585144
-0.09830209612846375
0.02325838804244995
-0.12993180751800537
0.14112281799316406
0.1449199616909027
-0.09018588066101074
-0.44064128398895264
-0.056846439838409424
0.19675326347351074
0.12875139713287354
0.11960726976394653
0.00654563307762146
-0.10400611162185669
-0.13277137279510498
0.07298767566680908
-0.10707265138626099
0.1766028106212616
-0.4299622178077698
-0.03195944428443909
0.12791895866394043
-0.03643253445625305
-0.4146774858236313
0.03923395276069641
0.2293306291103363
0.37134143710136414
0.15388280153274536
-0.21815454959869385
-0.4818658232688904
0.05803757905960083
-0.5053322017192841
-0.06844165921211243
0.35928066074848175
0.09728318452835083
-0.3030340075492859
0.07873642444610596
0.10643652081489563
-0.126527339220047
-0.23866286873817444
0.260021835565567
0.4282542020082474
-0.28186964988708496
0.026590079069137573
-0.06902316212654114
0.03138786554336548
-0.22494694590568542
-0.10896128416061401
-0.14109966158866882
-0.08576253056526184
0.2705228924751282
-0.1953102946281433
-0.4013012647628784
0.028728902339935303
-0.10521054267883301
-0.029484301805496216
-0.37476420402526855
-0.34394288063049316
-0.18060535192489624
-0.48530931770801544
0.09670829772949219
-0.5473760515451431
0.28119367361068726
-0.3392362594604492
-0.07901304960250854
-0.21479132771492004
-0.6570148468017578
0.34870095551013947
-0.6593574583530426
-0.07841503620147705
-0.0008117258548736572
-0.39879465103149414
0.3477698862552643
-0.39567674696445465
-0.21702632308006287
-0.18753203749656677
-0.1595437228679657
0.21397465467453003
0.20726996660232544
-0.22330516576766968
-0.7009920626878738
0.13937005400657654
0.020606040954589844
-0.34201282262802124
0.021833688020706177
0.1514109969139099
-0.24923089146614075
-0.19839832186698914
0.2956102788448334
-0.019940048456192017
0.04333934187889099
-0.30364862084388733
0.14906510710716248
-0.0508856475353241
-0.06171879172325134
0.44088487327098846
0.4229709208011627
-0.18117690086364746
0.0844188928604126
0.17780226469039917
0.44978711009025574
-0.641981914639473
-0.08838832378387451
-0.18590018153190613
0.22721335291862488
-0.3707799017429352
-0.11547213792800903
-0.15331119298934937
0.12196972966194153
-0.08530360460281372
0.36577990651130676
-0.022325724363327026
0.030698716640472412
0.06672528386116028
0.06525090336799622
-0.24871906638145447
0.2883729338645935
0.2069137692451477
0.2596234679222107
0.34975293278694153
-0.20825403928756714
-0.18657943606376648
0.39915499091148376
-0.06953176856040955
-0.03882315754890442
0.4437972903251648
0.22327038645744324
-0.13183704018592834
-0.3636162132024765
-0.28909608721733093
0.13139551877975464
-0.06986972689628601
0.23035523295402527
-0.3429190218448639
-0.14277946949005127
-0.40611062943935394
-0.15462332963943481
0.011159539222717285
0.11769041419029236
0.38762684166431427
-0.37789541482925415
-0.06194901466369629
0.05174550414085388
0.046569883823394775
0.5748888999223709
-0.1434256136417389
-0.7713173776865005
0.08476021885871887
-0.45212553441524506
-0.45265403389930725
-0.04680347442626953
-0.10348919034004211
0.2633510231971741
0.03796166181564331
0.07179313898086548
-0.45563939213752747
-0.37155354022979736
0.0037788748741149902
-0.23126226663589478
0.3213041126728058
-0.2159809172153473
0.20427468419075012
-0.410245805978775
-0.7356932908296585
-0.2166966199874878
-0.11641976237297058
-0.11892136931419373
0.14292529225349426
0.16107285022735596
-0.22997340559959412
-0.2570008635520935
-0.1281086504459381
-0.10315454006195068
-0.13396421074867249
0.08303552865982056
-0.11758774518966675
-0.11657384037971497
-0.13577505946159363
-0.3377203047275543
0.5239229202270508
0.0379716157913208
0.16084587574005127
-0.14462339878082275
0.10509127378463745
-0.11906218528747559
0.34958726167678833
-0.0048143863677978516
-0.2440156489610672
-0.0898396372795105
-0.5509494990110397
0.3337806761264801
0.09228157997131348
0.10639673471450806
0.3693169951438904
-0.047512561082839966
-0.2822440564632416
-0.08412399888038635
-0.2180982232093811
-0.1460481584072113
0.12913662195205688
-0.26083117723464966
0.18153974413871765
0.17361235618591309
0.043214231729507446
0.12920287251472473
-0.08200672268867493
-0.15398383140563965
0.05446574091911316
-0.01425260305404663
0.23941662907600403
0.43526777625083923
0.1008782684803009
0.13865602016448975
-0.1833803355693817
-0.22255969047546387
0.1555112898349762
0.04114753007888794
-0.11860665678977966
-0.2349136769771576
0.28336313366889954
-0.13850194215774536
0.07528391480445862
-0.10920313000679016
-0.11298379302024841
0.19068804383277893
0.9640059471130371
-0.00988885760307312
-0.26558423042297363
-0.3746565580368042
-0.05014339089393616
0.08810672163963318
0.1513487696647644
0.1154489517211914
-0.4750741720199585
0.0914531946182251
-0.28874993324279785
-0.4155571758747101
-0.20222529768943787
-0.5823821276426315
0.09106391668319702
0.3200649321079254
0.2791045606136322
-0.1659700572490692
-0.44474658370018005
-0.4243144989013672
-0.012362301349639893
-0.10562053322792053
-0.19132915139198303
0.08439406752586365
0.2598089575767517
-0.14004430174827576
-0.015355974435806274
0.19512802362442017
-0.2851582169532776
-0.1956813633441925
-0.20823746919631958
-0.020601093769073486
0.016290336847305298
0.39363569021224976
-0.27701541781425476
-0.344000905752182
0.2828967869281769
-0.21789932250976562
-0.08894997835159302
-0.16098830103874207
-0.31756654381752014
0.14948922395706177
0.4810408353805542
-0.33881211280822754
0.07210630178451538
-0.20607882738113403
0.01516541838645935
-0.15024960041046143
0.12231925129890442
-0.6151135116815567
-0.25101688504219055
0.06941249966621399
-0.38774116337299347
0.04748272895812988
-0.19157439470291138
0.343155175447464
-0.22013261914253235
-0.09776198863983154
0.09718206524848938
0.3765932023525238
-0.046998947858810425
0.2202485203742981
0.06058642268180847
-0.3114914894104004
-0.054058194160461426
-0.10006484389305115
-0.43309667706489563
-0.09989091753959656
-0.12890300154685974
-0.10246536135673523
-0.34176763892173767
0.5364285111427307
0.3877544105052948
0.22028502821922302
-0.05813866853713989
0.17568162083625793
-0.4031451940536499
0.10293418169021606
0.003258734941482544
-0.5370431840419769
0.013806968927383423
0.28657132387161255
0.21643978357315063
-0.16802102327346802
-1.0054492056369781
0.01897251605987549
-0.48205888271331787
-0.422180712223053
0.018608063459396362
0.04102495312690735
-0.11222827434539795
-0.47701920568943024
0.5923256576061249
0.4296623021364212
-0.16313707828521729
-0.72665935754776
0.12383684515953064
-0.26196596026420593
-0.1669541299343109
-0.17075291275978088
0.37262046337127686
0.3771613836288452
0.19445544481277466
-0.45076701045036316
-0.3803406357765198
0.22130721807479858
-0.27709001302719116
-0.0954972505569458
-0.008101224899291992
0.1268552541732788
-0.02240520715713501
0.014434844255447388
-0.11344265937805176
-0.07435443997383118
-0.3322814106941223
-0.4112960398197174
-0.003581792116165161
0.08278873562812805
0.2905341386795044
-0.29155465960502625
-0.428814098238945
-0.36338430643081665
-0.06829258799552917
-0.1727476716041565
-0.20710596442222595
-0.3971147835254669
0.017286062240600586
-0.11071574687957764
-0.026182591915130615
-0.4243774712085724
-0.10378909111022949
-0.6194028109312057
0.029938220977783203
-0.3085474967956543
0.008144348859786987
-0.121002197265625
-0.246354877948761
-0.4077044725418091
-0.6675167679786682
0.5017090141773224
0.15568527579307556
-0.14177724719047546
0.21574068069458008
-0.025103986263275146
0.5675032436847687
-0.14869558811187744
0.11106365919113159
-0.3687868118286133
0.18181312084197998
0.036970943212509155
-0.34520038962364197
-0.9547806233167648
-0.03602662682533264
-0.1490136981010437
0.015909314155578613
-0.045373767614364624
0.23770356178283691
-0.2249685525894165
-0.2688645124435425
-0.3867802917957306
-0.6159932613372803
-0.12232258915901184
-0.3448806405067444
-0.5487593859434128
-0.022590816020965576
0.4250948131084442
0.1680757701396942
-0.26568037271499634
0.07183125615119934
-0.39130300283432007
-0.5413654893636703
0.30429062247276306
-0.3168426752090454
-0.24747321009635925
0.33956101536750793
-0.1595304310321808
-0.2721762955188751
-0.8775948360562325
-0.1669541299343109
0.2639937847852707
-0.2294764518737793
0.20129501819610596
-0.020140528678894043
0.000260084867477417
-0.06257516145706177
0.25287237763404846
-0.24005284905433655