0.05050539970397949
-0.041622161865234375
-0.14731228351593018
-0.07425737380981445
-0.33069586753845215
-0.7784097194671631
-0.03571510314941406
-0.3955434560775757
0.011750936508178711
0.3593916893005371
-0.09330785274505615
0.10631799697875977
-0.3651697635650635
-0.00018227100372314453
0.48772644996643066
-0.2203463315963745
-0.17994451522827148
0.0961616039276123
-0.4171485900878906
0.016663193702697754
-0.020571231842041016
-0.2743431329727173
-0.1348893642425537
0.4777040481567383
0.09162795543670654
0.25443708896636963
0.12198865413665771
0.18053245544433594
-0.28735411167144775
-0.2018665075302124
0.02084207534790039
-0.1138601303100586
0.1823110580444336
-0.4383351802825928
-0.36572200059890747
-0.9621355533599854
0.2843770980834961
-0.31440067291259766
-0.06126809120178223
-0.14579474925994873
0.2402515411376953
0.023487091064453125
-0.07239294052124023
-0.22550201416015625
-0.2694295644760132
-0.689594030380249
-0.09457290172576904
-0.10194516181945801
0.07745158672332764
0.3656954765319824
-0.06331419944763184
-0.3480929732322693
0.3190659284591675
0.009851574897766113
-0.04807925224304199
-0.608557939529419
0.24017876386642456
-0.15056860446929932
0.2614549398422241
-0.28303271532058716
-0.1268826723098755
0.3790907859802246
0.15557432174682617
-0.38879483938217163
-0.04780995845794678
-0.3849238157272339
-0.21745705604553223
-0.10685157775878906
-0.09296834468841553
-0.17967605590820312
-0.3023688793182373
-0.09650611877441406
0.14328312873840332
-0.2815714180469513
-1.116176426410675
0.22941577434539795
-0.4895082116127014
0.10441696643829346
0.2709684371948242
0.051927804946899414
0.10809171199798584
-0.32550549507141113
0.04265189170837402
0.07935857772827148
-0.0497971773147583
-0.460349440574646
0.3998534083366394
0.1246793270111084
0.07011830806732178
-0.35456401109695435
-0.19891679286956787
-0.17459726333618164
-0.13806116580963135
-0.11444008350372314
-0.38036298751831055
0.08105003833770752
-0.527371346950531
-0.05355954170227051
0.18613719940185547
0.1840546727180481
-0.32005155086517334
-0.31721043586730957
0.013402700424194336
-1.0673246383666992
-0.056722164154052734
-0.017726778984069824
-0.16033482551574707
-0.28516727685928345
-0.22193342447280884
-0.1316431760787964
-0.3178216218948364
0.07082235813140869
0.016744256019592285
0.21487510204315186
-0.17395877838134766
-0.07729589939117432
-0.1353285312652588
-0.22069823741912842
-0.5020983219146729
-0.42015528678894043
0.051515936851501465
-0.22473394870758057
-0.4236799478530884
-0.18228769302368164
-0.264146089553833
0.0739285945892334
-0.39100152254104614
-0.15733039379119873
-0.06355118751525879
0.028949260711669922
0.07773244380950928
-0.32326555252075195
0.07573103904724121
-0.27797067165374756
-0.20569777488708496
-0.11546540260314941
-1.2429771721363068
0.0694589614868164
0.1503140926361084
0.13200509548187256
-0.21846020221710205
-0.08326923847198486
0.10198664665222168
0.38728320598602295
0.03326976299285889
0.19293367862701416
-0.42198944091796875
-0.13882184028625488
0.16187620162963867
0.02813732624053955
-0.25198447704315186
-0.4171046018600464
-0.013725757598876953
-0.11666333675384521
-0.2854408025741577
-0.036220431327819824
0.004080414772033691
-0.09950566291809082
-0.051543235778808594
-0.17891240119934082
-0.13438844680786133
0.02957296371459961
0.12082087993621826
-0.23765063285827637
-0.027395248413085938
0.1201711893081665
-0.35471630096435547
-0.0725635290145874
-0.2154475450515747
-0.21589481830596924
-0.14446353912353516
0.008509635925292969
0.1384580135345459
-0.058928847312927246
-0.2940787076950073
-0.9511275291442871
-0.6159411668777466
-0.7069849967956543
-0.5450781285762787
-0.4995899796485901
-0.3088557720184326
0.0007339715957641602
-0.36122238636016846
0.43953967094421387
-0.10146570205688477
0.054934561252593994
-0.2136533260345459
-0.3085376024246216
0.08003783226013184
-0.2433779239654541
-0.2614971399307251
0.24278628826141357
0.07525634765625
-0.21255159378051758
-0.13871395587921143
-0.15182101726531982
-0.005464792251586914
-0.05501151084899902
-0.4297640323638916
-0.23256516456604004
-0.04087996482849121
0.05199384689331055
-0.36220383644104004
-0.3757350444793701
-0.3410901427268982
0.07079422473907471
-0.5296417474746704
-0.2782464027404785
0.08671998977661133
-0.31950080394744873
-0.3311978578567505
-0.38961243629455566
-0.08488273620605469
-0.0030317306518554688
-0.4803732633590698
-0.28367042541503906
-0.08232152462005615
-0.4373129606246948
0.06502056121826172
-0.16634607315063477
-0.393388032913208
-0.12250977754592896
-0.308555006980896
-0.12767457962036133
-0.010816574096679688
-0.29724884033203125
0.40109920501708984
0.045599937438964844
0.4030855894088745
0.021435976028442383
-0.3732341527938843
-0.4090413451194763
0.049677133560180664
0.03569364547729492
0.018280863761901855
-0.18741118907928467
-0.9596216678619385
-0.4451483488082886
-0.14733707904815674
0.0379103422164917
-0.051549673080444336
0.5039529800415039
-1.3365130424499512
0.04674804210662842
-0.3383291959762573
0.012582659721374512
-0.2734013795852661
-0.14214587211608887
-0.17711877822875977
-0.12514972686767578
-0.10003173351287842
-0.09017336368560791
-0.4127042293548584
-0.3626232147216797
-0.0369112491607666
-0.3319815397262573
-0.1911543607711792
0.10576629638671875
-0.04557919502258301
-0.008382916450500488
-0.32427293062210083
-0.18287181854248047
0.034426331520080566
-0.4517941474914551
-0.04578959941864014
0.0356903076171875
-0.21051716804504395
-0.2923457622528076
-0.1393435001373291
-0.031079530715942383
-0.060809195041656494
0.23831164836883545
-0.41224873065948486
0.27347350120544434
-0.04386782646179199
-0.22435224056243896
-0.19014370441436768
-0.3531649112701416
-0.09529602527618408
-0.054526329040527344
-0.25915956497192383
-0.06613564491271973
0.08806371688842773
-0.15670156478881836
0.030302762985229492
0.12366282939910889
-0.014370322227478027
0.9099303483963013
-0.06653141975402832
0.14846205711364746
-0.07024085521697998
-0.0029430389404296875
-0.2418602705001831
-0.32630813121795654
-0.2494877576828003
-0.15557503700256348
-0.02136075496673584
-0.28236162662506104
0.5628173351287842
-0.1590193510055542
0.17572057247161865
0.01909184455871582
-0.2154606580734253
-0.17093360424041748
0.13704895973205566
-0.23288094997406006
0.1762855052947998
0.127951979637146
0.22858333587646484
-0.19028162956237793
-0.08295261859893799
0.178696870803833
-0.036722421646118164
-0.56308913230896
0.1350874900817871
-0.22054839134216309
0.5169639587402344
0.19947028160095215
-0.34246599674224854
-0.054665446281433105
-0.15601730346679688
0.1405470371246338
-0.014361858367919922
0.26767659187316895
-0.2772563695907593
-0.2859600782394409
-0.3589211702346802
0.160239577293396
0.44869136810302734
-0.11491620540618896
0.2480562925338745
-0.01282954216003418
0.19419026374816895
-0.4076075553894043
-0.3055124282836914
-0.06699705123901367
-0.2585705518722534
-0.11742377281188965
-0.9163167476654053
-0.3040745258331299
-0.07651472091674805
0.31270503997802734
0.23415160179138184
0.988318920135498
-0.31073689460754395
-0.13849854469299316
0.4280095100402832
0.36255931854248047
-1.0795583724975586
-0.06920874118804932
-0.46538257598876953
-0.4560239315032959
-0.22763514518737793
-0.21903669834136963
-0.12829065322875977
-0.10248184204101562
0.6015666723251343
-0.4315144419670105
0.00014829635620117188
-0.4252058267593384
-0.07047784328460693
-0.3677091598510742
-0.13260418176651
0.32117652893066406
0.3990556001663208
-0.3175400495529175
-0.5086124539375305
-0.47042977809906006
0.008476734161376953
-0.16020798683166504
-0.8011496067047119
0.1407376527786255
0.10526025295257568
-0.26732051372528076
0.10884690284729004
0.10658478736877441
0.05483269691467285
0.46532535552978516
-0.06073963642120361
-0.11299526691436768
-0.4184572696685791
0.18439269065856934
0.2451852560043335
-0.10369300842285156
-0.2795187830924988
-0.43884289264678955
-0.36753106117248535
0.14278119802474976
-0.11982917785644531
0.19454145431518555
-0.434658944606781
-0.22786688804626465
-0.16113579273223877
-0.25532448291778564
-0.3371199369430542
0.24349546432495117
-0.2716776728630066
-0.3047288656234741
0.1309506893157959
-0.07068479061126709
0.07535344362258911
0.081573486328125
0.4754577875137329
0.04985523223876953
-0.13158535957336426
0.08421993255615234
0.22865140438079834
-0.020098209381103516
-0.08271825313568115
-0.008762359619140625
-0.12012743949890137
-0.26612186431884766
-0.16612744331359863
-0.031046628952026367
0.23648428916931152
-0.11651253700256348
-0.20708096027374268
-0.20546913146972656
-0.1632075309753418
-0.3110441565513611
0.08680617809295654
0.1537468433380127
-0.6714040040969849
-0.32302868366241455
-0.16200387477874756
-0.22958409786224365
-0.05154991149902344
-0.574531078338623
-0.2664492130279541
0.47626960277557373
-0.0049037933349609375
-0.03800976276397705
-0.301841139793396
0.013225555419921875
-0.11267483234405518
0.008193254470825195
0.05073976516723633
-0.07866847515106201
-0.4916229248046875
-0.15484380722045898
-0.5222338438034058
0.07733821868896484
-0.17979049682617188
-0.19053232669830322
-0.3757598400115967
0.2528235912322998
0.373759388923645
-0.07271754741668701
0.05080366134643555
-0.40288424491882324
-0.06341850757598877
0.2757871150970459
-0.465869665145874
-0.20633387565612793
0.2034296989440918
0.1459653377532959
-0.2505826950073242
-0.3971205949783325
0.13004863262176514
-0.2609354853630066
-0.07314419746398926
-0.12095499038696289
0.21231794357299805
0.024889707565307617
-0.0640953779220581
-0.14731037616729736
0.2759329080581665
-0.1183779239654541
-0.12613046169281006
-0.17352628707885742
0.1837151050567627
0.05484175682067871
-0.5171030759811401
0.24170136451721191
-0.186173677444458
-0.14430367946624756
0.1748952865600586
-0.15827131271362305
-0.06982338428497314
-0.20872712135314941
0.1723649501800537
-0.03899955749511719
-0.0370786190032959
0.06480276584625244
-0.35327422618865967
-0.4210573434829712
-0.08702981472015381
-0.17375993728637695
-0.03857624530792236
-0.030910730361938477
-0.20100605487823486
-0.3097005784511566
-0.21816527843475342
-0.20607614517211914
-0.19522488117218018
-0.08817136287689209
-0.17549371719360352
0.2936413288116455
-0.5562484860420227
-0.03233063220977783
-0.14980387687683105
0.20875930786132812
0.014112591743469238
-0.019846439361572266
-0.05655813217163086
0.21629899740219116
0.1801673173904419
-0.03496956825256348
-0.18435609340667725
-0.3076620101928711
-0.22423958778381348
0.02251875400543213
0.33320093154907227
0.2959582805633545
-0.08328819274902344
-0.17835795879364014
-0.1480693221092224
-0.4166771173477173
0.0818014144897461
-0.09992146492004395
0.20045018196105957
0.12443161010742188
-0.24904710054397583
0.24269187450408936
-0.13591086864471436
-0.43692708015441895
-0.4879699945449829
0.2573620080947876
-0.09936392307281494
-0.8218401074409485
-0.13509249687194824
0.11247682571411133
-0.6094774603843689
-0.7474774122238159
0.32057178020477295
0.11629462242126465
0.01902627944946289
-0.1274700164794922
-0.19813084602355957
0.06893289089202881
-0.6479841470718384
-0.22322559356689453
-0.15664446353912354
0.21701812744140625
-0.10467040538787842
-0.2149968147277832
-0.5019161701202393
0.2661973237991333
-0.02508413791656494
-0.5950791239738464
0.1650986671447754
0.08012640476226807
-0.016144514083862305
0.5021877288818359
0.05800354480743408
-0.33271872997283936
-0.1420878767967224
0.1372891664505005
0.041750550270080566
-0.04781484603881836
-0.11005151271820068
-0.008790373802185059
0.13444554805755615
-0.32531166076660156
-0.0057561397552490234
0.152551531791687
-0.2809295058250427
-0.0960472822189331
-0.01208806037902832
-0.22362005710601807
-0.11704111099243164
0.78003990650177
-0.2589452266693115
-0.11910867691040039
-0.14509737491607666
-0.3430732488632202
-0.6063315868377686
0.38282251358032227
-0.25264036655426025
-0.1748948097229004
-0.4822145700454712
-0.40838122367858887
-0.13841986656188965
-0.40419936180114746
-0.25366103649139404
0.2564276456832886
-0.007910728454589844
0.1973968744277954
-0.30304718017578125
-0.08963584899902344
-0.14203250408172607
-0.5544170141220093
0.6362000107765198
0.538095235824585
-0.8589038848876953
0.11156713962554932
-0.04953956604003906
-0.45040667057037354
-0.2809152603149414
-0.288332462310791
0.04419422149658203
-0.1038661003112793
-0.6275064945220947
-0.08849108219146729
-0.9763541221618652
-0.45707082748413086
-0.31421852111816406
0.300492525100708
-0.19703567028045654
-0.27515000104904175
0.04967784881591797
0.016119718551635742
0.2715780735015869
-0.26885128021240234
0.25455212593078613
-0.7846148014068604
0.009452342987060547
0.2646979093551636
-0.27874088287353516
-0.19277310371398926
-0.417987585067749
-0.8613831996917725
-0.3428957462310791
-0.4410738945007324
0.1312638521194458
0.056569814682006836
-0.06415075063705444
0.18861395120620728
0.3951542377471924
-0.13582885265350342
-0.22365808486938477
0.2251523733139038
-0.08615767955780029
0.13615357875823975
-0.06046867370605469
-0.255831241607666
-0.37095212936401367
-0.7370890378952026
-0.012834429740905762
-0.334688663482666
-0.029113292694091797
-0.19508326053619385
0.03438544273376465
-0.09580707550048828
0.1068730354309082
-0.4440457820892334
-0.02501964569091797
-0.05379641056060791
0.22152256965637207
0.0022788047790527344
0.12793385982513428
-0.44149279594421387
0.2939717769622803
-0.005988955497741699
-0.1529848575592041
-0.0018340349197387695
0.11829173564910889
-0.2529386281967163
-0.03321945667266846
0.028816580772399902
-0.12424921989440918
0.04545140266418457
0.006181240081787109
-0.06799614429473877
0.08181142807006836
-0.313545823097229
-0.06737136840820312
0.24531781673431396
-0.6445730924606323
-0.1003183126449585
0.09312653541564941
-0.5866224765777588
0.1718844771385193
-0.23237061500549316
-0.027272701263427734
-0.3379647731781006
-0.11728525161743164
-0.03207051753997803
-0.2449798583984375
-0.2991441488265991
-0.07375884056091309
0.6984987258911133
-0.13566648960113525
-0.21000850200653076
0.13769769668579102
0.12762737274169922
0.051251769065856934
-0.150812029838562
-0.3607649803161621
0.1567091941833496
0.1169731616973877
-0.013207197189331055
0.3252370357513428
-0.42743515968322754
-0.724724292755127
0.08254027366638184
0.2838857173919678
-0.040288567543029785
-0.2365032434463501
0.1608806848526001
-0.170446515083313
0.08099794387817383
-0.01946127414703369
-0.33262431621551514
-0.19890618324279785
-0.5910484790802002
-0.10088729858398438
0.015856266021728516
0.16513848304748535
-0.10965383052825928
0.19854748249053955
-0.33853381872177124
0.17659610509872437
-0.005455493927001953
0.01782536506652832
0.09043264389038086
-0.26774460077285767
-0.3515803813934326
0.44822657108306885
-0.30188417434692383
0.18891286849975586
0.20021986961364746
-0.11435222625732422
-0.6042158603668213
-0.15829110145568848
-0.4735085964202881
0.24740028381347656
0.10116821527481079
0.4386855363845825
0.05618882179260254
-0.2903907299041748
0.058493971824645996
-0.1269780397415161
-0.26375114917755127
-0.006466865539550781
0.07557046413421631
-0.4770026206970215
-0.19823753833770752
-0.08472371101379395
-0.0911550521850586
-0.31073522567749023
-0.16185736656188965
-0.21089649200439453
-0.2609040141105652
0.30408596992492676
-0.7712063193321228
0.08570706844329834
-0.23904883861541748
-0.17673945426940918
-0.10615313053131104
0.08046936988830566
-0.24575114250183105
0.026863455772399902
0.09434175491333008
-0.24036109447479248
-0.14743328094482422
0.34614062309265137
-0.0989142656326294
-0.11026841402053833
0.08042871952056885
-0.07662010192871094
0.048560380935668945
-0.29090774059295654
-0.3904399871826172
-0.0973883867263794
-0.3162503242492676
-0.35708892345428467
-0.05667746067047119
-0.18276238441467285
-0.18159443140029907
0.06406962871551514
0.0392986536026001
-0.08706629276275635
-0.6314008235931396
0.09507155418395996
0.28227388858795166
-0.2918943166732788
-0.33063220977783203
-0.09596771001815796
-0.15881574153900146
0.14445853233337402
-0.3848884701728821
-0.19662785530090332
-0.2532808780670166
0.1474398374557495
0.3190659284591675
0.040067315101623535
0.5821559429168701
-0.05501747131347656
-0.07262313365936279
0.6379352807998657
-0.306660532951355
0.1341770887374878
-0.024152278900146484
0.06692492961883545
-0.00840449333190918
-0.5555980801582336
0.11916816234588623
0.08315658569335938
-0.9229004383087158
0.33329951763153076
0.052492618560791016
-0.08205974102020264
-0.2577994465827942
0.38440120220184326
-0.2613530158996582
-0.17837047576904297
-0.04884779453277588
-0.22090208530426025
-0.1392756700515747
-0.26268577575683594
0.20383715629577637
-0.04560983180999756
0.008321523666381836
-0.2687186002731323
-0.20973920822143555
0.2521069049835205
-0.4474395513534546
-0.49579954147338867
0.1939791440963745
-0.3061866760253906
0.3278423547744751
-0.4565854072570801
-0.048769235610961914
-0.24321961402893066
-0.22345685958862305
-0.13094401359558105
0.20154166221618652
-0.06731677055358887
-0.377022385597229
-0.17511016130447388
0.14992988109588623
-0.13736045360565186
-0.4040100574493408
-0.05744946002960205
0.06429821252822876
-0.24729418754577637
-0.3307381868362427
0.0799797773361206
0.30430883169174194
0.03243911266326904
0.10093379020690918
0.12183713912963867
0.8313040733337402
0.26378583908081055
-0.3702688217163086
-0.6798408031463623
0.23060059547424316
-0.39113330841064453
-0.10966205596923828
-0.43135547637939453
0.19397246837615967
-0.06162607669830322
0.14359641075134277
0.27934157848358154
-0.5347088575363159
-0.2044975757598877
-0.28089380264282227
-0.2280864715576172
-0.4213888645172119
0.13606488704681396
-0.3358955383300781
-0.4055449962615967
-0.13600373268127441
0.16476225852966309
-0.06571638584136963
-0.5143911242485046
-0.2078266143798828
-0.6030445098876953
-0.5385251045227051
0.12451362609863281
-0.05260038375854492
-0.05774688720703125
-0.19621658325195312
-0.34960055351257324
0.04247617721557617
-0.3305617570877075
-0.07045125961303711
-0.6322338581085205
-0.025821328163146973
0.22267228364944458
0.2265481948852539
-0.03445851802825928
-0.039755940437316895
-0.13043546676635742
-0.17613065242767334
0.06788337230682373
-0.27615320682525635
-0.197393536567688
0.15246880054473877
-0.27349579334259033
0.06781721115112305
0.09734129905700684
0.001499176025390625
-0.3293060064315796
-0.06020617485046387
0.1276422142982483
0.07475447654724121
0.6462662220001221
-0.08290553092956543
0.06677842140197754
-0.11338818073272705
-0.37721705436706543
0.06841683387756348
0.0395197868347168
-0.38594695925712585
0.19467246532440186
0.007662296295166016
0.2842884063720703
0.003014206886291504
-0.13189172744750977
-0.05868041515350342
-0.45513075590133667
-0.424105703830719
-0.3839820623397827
0.015195250511169434
0.2108898162841797
0.11627912521362305
-0.8561122417449951
0.045612335205078125
0.20640850067138672
-0.0003826618194580078
-0.4008142352104187
-0.6546035408973694
0.4701181650161743
0.21696734428405762
0.8108330965042114
-0.3563598394393921
0.009685039520263672
-0.032035648822784424
-0.6704872846603394
0.11999499797821045
-0.4254145622253418
-0.007303714752197266
0.08502209186553955
0.37062084674835205
-0.1177823543548584
0.11110258102416992
-0.24691236019134521
0.29885005950927734
0.14759206771850586
0.30663400888442993
-0.7375322580337524
-0.1690680980682373
0.1413365602493286
0.15182340145111084
-0.22373425960540771
-1.1657003164291382
-0.23788940906524658
-0.005074501037597656
0.1266101598739624
-0.2516331672668457
-0.10551774501800537
0.3765997886657715
0.3030223846435547
-0.05344438552856445
-0.5789311528205872
-0.018238544464111328
0.49642837047576904
-0.2698543071746826
-0.22802019119262695
-0.21335768699645996
-0.4625222682952881
-0.178117036819458
-0.010869622230529785
-0.5560281276702881
0.19710201025009155
0.2846047878265381
-0.6769648790359497
0.13896667957305908
-0.15721440315246582
-0.08686172962188721
-0.4171716570854187
-0.1771528720855713
0.043779969215393066
0.3513069152832031
0.1570587158203125
-0.08255839347839355
-0.07496821880340576
-0.7136989831924438
-0.2888295650482178
0.02773982286453247
0.23565340042114258
-0.024862170219421387
-0.32587671279907227
-0.49274951219558716
-0.5600050687789917
0.1819307804107666
-0.29787176847457886
-0.057562828063964844
0.17097830772399902
-0.13252532482147217
-0.31913208961486816
0.046233534812927246
-0.23682379722595215
-0.1435408592224121
0.20566785335540771
0.2160860300064087
0.1343533992767334
0.12360239028930664
-0.20354628562927246
0.2777942419052124
0.9964158535003662
0.04967784881591797
-0.16456270217895508
0.2258317470550537
0.3620765209197998
-0.028932571411132812
-0.0035676956176757812
-0.322052001953125
-0.30430805683135986
-0.26080381870269775
-0.6963971853256226
-0.27414774894714355
-0.42308104038238525
0.07058870792388916
-0.38903510570526123
-0.1915205717086792
-0.037825822830200195
-0.4650445580482483
0.15209853649139404
-0.0357135534286499
-0.3665943145751953
-0.11987733840942383
-0.06373739242553711
-0.05998337268829346
-0.11102056503295898
0.17214131355285645
-0.5607705116271973
0.21050715446472168
-0.2277834415435791
0.31589174270629883
-0.02866685390472412
-0.22361165285110474
-0.19958865642547607
0.4812626838684082
-0.52640700340271
0.11270034313201904
0.01388561725616455
-0.539460301399231
-0.2628539800643921
-0.12806224822998047
-0.039737701416015625
-0.4676539897918701
0.16635096073150635
-0.4736602306365967
-0.027589082717895508
-0.13161170482635498
0.15470266342163086
-0.2734403610229492
-0.24666309356689453
-0.18501710891723633
0.0970844030380249
0.009418368339538574
-0.06488311290740967
-0.03942614793777466
-0.013249516487121582
-0.20813477039337158
0.21435141563415527
0.033482909202575684
-0.4411085844039917
-0.22305822372436523
-1.109834611415863
-0.015666484832763672
0.25399982929229736
0.1425086259841919
-0.09548091888427734
-0.09932756423950195
-0.1741650104522705
-0.17072975635528564
-0.22462570667266846
-0.13660669326782227
0.09791207313537598
0.214485764503479
0.13078582286834717
-0.14509069919586182
-0.41424667835235596
0.49069368839263916
-0.15145504474639893
-0.3201136589050293
-0.07091104984283447
0.32880640029907227
0.06269872188568115
-0.22157394886016846
-0.031144320964813232
-0.12207496166229248
-0.08637875318527222
-0.2191983461380005
0.05462145805358887
-0.23645776510238647
-0.15313231945037842
-0.029674768447875977
-0.0296475887298584
-0.14739608764648438
-0.12556815147399902
-0.19964253902435303
0.0916595458984375
-0.3523540496826172
0.24509823322296143
-0.2529428005218506
-0.2781064510345459
0.2809692621231079
0.2176939845085144
-0.021713733673095703
0.0019723176956176758
-0.4026472568511963
-0.1462569236755371
-0.09203970432281494
-0.20126354694366455
0.03352916240692139
-0.7423067688941956
-0.5126416683197021
0.21662044525146484
0.1893618106842041
-0.7119030952453613
0.13921594619750977
0.7167736291885376
-0.5183606147766113
0.2070472240447998
0.22197389602661133
0.34270453453063965
-0.15568023920059204
-0.17831170558929443
-0.1447916030883789
-0.1065986156463623
0.027202367782592773
0.1261610984802246
-0.8707327842712402
-1.213416576385498
0.020765185356140137
-0.3775516748428345
-0.617120623588562
0.18790149688720703
-0.2595587968826294
0.0683746337890625
-0.13082635402679443
-0.17380857467651367
-0.18150174617767334
-0.2772095203399658
-0.027455687522888184
-0.2794715166091919
-0.24615776538848877
0.2787517309188843
-0.3124706745147705
-0.011960625648498535
0.005009770393371582
-0.2303711175918579
0.03812575340270996
0.10669994354248047
-0.16965782642364502
0.14251112937927246
-0.4759953022003174
-0.3517615795135498
-0.4171055555343628
0.018014907836914062
0.2596001625061035
-0.8795795440673828
0.07202422618865967
0.12034130096435547
-0.5502802133560181
-0.45954930782318115
-0.17656469345092773
-0.03782665729522705
-0.5407997369766235
0.014716386795043945
-0.049622416496276855
0.06430566310882568
0.29703831672668457
0.26607048511505127
-0.24149739742279053
-0.20145916938781738
-0.26606470346450806
-0.08796405792236328
-0.24410009384155273
-0.3016622066497803
-0.5717394351959229
-0.29761743545532227
-0.23329687118530273
-0.11508941650390625
0.07320475578308105
-0.20442211627960205
-0.03271067142486572
0.35704994201660156
0.5127229690551758
0.032781124114990234
0.07802915573120117
-0.16096019744873047
-0.10105633735656738
0.27501916885375977
0.020717144012451172
-0.14392352104187012
-0.48748457431793213
-0.28233182430267334
0.05294477939605713
-0.13813668489456177
-0.19419455528259277
0.061951518058776855
-0.0826181173324585
-0.2545785903930664
-0.25409746170043945
-0.43211913108825684
-0.23919296264648438
0.06142783164978027
0.17199230194091797
0.20712411403656006
-0.20135235786437988
0.35917961597442627
-0.020872831344604492
-0.6706164479255676
0.3404630422592163
0.1020122766494751
-0.5130441784858704
0.15561234951019287
0.02579474449157715
-0.1955564022064209
-0.1499788761138916
0.14720368385314941
-0.11355876922607422
0.008513808250427246
-0.35106754302978516
0.5543439984321594
0.21870052814483643
-0.02190077304840088
-0.18947696685791016
-0.08959770202636719
-0.23996329307556152
-0.4494185447692871
-0.24753952026367188
-0.3236888647079468
-0.08088111877441406
0.01678156852722168
-0.05864977836608887
-0.2607980966567993
-0.19788789749145508
-0.189081072807312
0.12980353832244873
-0.2534770369529724
-0.1854487657546997
-0.19137632846832275
-0.19458794593811035
-0.45801353454589844
-0.9650223255157471
-0.15505731105804443
0.21608448028564453
-0.10301697254180908
0.2599250078201294
0.1730731725692749
-0.2586592435836792
-0.14680039882659912
0.1296766996383667
-0.06409692764282227
0.25647079944610596
-0.4084845781326294
0.16566860675811768
0.18017464876174927
0.34641146659851074
-0.38684988021850586
-0.04857039451599121
-0.08947169780731201
-0.06147027015686035
-0.3264133930206299
0.2494032382965088
-0.12277829647064209
0.1909257173538208
-0.2367626428604126
-0.3328702449798584
-0.5250874757766724
-0.47419947385787964
-0.09656095504760742
-0.27063870429992676
-0.1638585329055786
0.7135522365570068
0.2486717700958252
0.20223844051361084
-0.12669456005096436
-0.29881608486175537
0.23171544075012207
-0.25267529487609863
0.08808779716491699
0.23291730880737305
0.3149920701980591
-0.3793027400970459
-0.2638298273086548
-0.32888293266296387
0.07981908321380615
-0.049127817153930664
-0.10250520706176758
0.11804580688476562
0.16647851467132568
0.16573739051818848
-0.15726584196090698
-0.08029210567474365
-0.35873734951019287
0.02608311176300049
-0.13966739177703857
0.3571650981903076
-0.08070719242095947
0.10852384567260742
0.16289937496185303
0.02797091007232666
-0.09108877182006836
-0.3324214220046997
-0.3339564800262451
-0.010720491409301758
0.0781698226928711
-0.04307842254638672
-0.23158776760101318
0.20632398128509521
0.40747153759002686
-0.329132080078125
-0.3652780055999756
-0.4864821434020996
-0.2143954634666443
-0.12722563743591309
0.04265761375427246
0.14767181873321533
0.047014832496643066
0.4386252164840698
0.0915377140045166
0.15961003303527832
0.19625115394592285
-0.10153591632843018
0.10925436019897461
-0.25469064712524414
0.44893550872802734
-0.30020761489868164
-0.14582467079162598
-0.33646130561828613
-0.4009971618652344
0.2103571891784668
-0.1439208984375
-0.5559908151626587
-0.7638241052627563
0.06777572631835938
-0.24122071266174316
-0.3649682402610779
-0.3038524389266968
-0.12301516532897949
-0.2837632894515991
0.10726571083068848
-0.14662384986877441
-1.2505714893341064
0.07083559036254883
-0.4602234363555908
-0.2607830762863159
-0.3215658664703369
-0.1713692545890808
-0.31444215774536133
-0.1538015604019165
0.2663031816482544
-0.1873399019241333
-0.11099898815155029
0.003939628601074219
0.07749724388122559
0.38907063007354736
0.014657020568847656
-0.3991723656654358
-0.20394182205200195
-0.4379276633262634
-0.11637842655181885
0.11445903778076172
-0.008036613464355469
-0.40711045265197754
-0.21389925479888916
0.14595544338226318
-0.07753539085388184
-0.2555510997772217
-0.29343169927597046
0.011003732681274414
-0.2602430582046509
0.14283430576324463
-0.059401869773864746
0.017637252807617188
-0.2721439599990845
-0.03816962242126465
-0.4383864998817444
-0.3006225824356079
-0.24395370483398438
-0.5684044361114502
-0.22058653831481934
-0.054262757301330566
-0.09936153888702393
-0.12816786766052246
-0.23338544368743896
-0.07876372337341309
-0.16697239875793457
-0.17572474479675293
-0.07879376411437988
0.37237441539764404
0.25146758556365967
-0.5477471351623535
-0.09450984001159668
-0.4279179573059082
-0.2600492238998413
-0.13578665256500244
-0.02852010726928711
0.17429828643798828
0.03303050994873047
0.12572383880615234
-0.30259406566619873
-0.42082536220550537
-0.3088200092315674
-0.14145922660827637
-0.16226327419281006
-0.4047207832336426
-0.014248490333557129
0.13926804065704346
-0.4780611991882324
-0.14892089366912842
-0.06144380569458008
-0.6425533294677734
-0.05097675323486328
0.1502000093460083
-0.07023179531097412
0.07203257083892822
-0.06554913520812988
0.17596173286437988
0.021799683570861816
-0.4069596529006958
0.033101677894592285
0.029133081436157227
0.12333810329437256
-0.24964356422424316
-0.039822936058044434
-0.05848973989486694
-0.2299368977546692
0.0328068733215332
0.04965710639953613
0.09884870052337646
-0.0705862045288086
0.005296468734741211
-0.40402889251708984
0.18712031841278076
-0.426891565322876
0.008705854415893555
-0.2550632953643799
0.42086851596832275
0.4455599784851074
-0.7615843415260315
-0.022448420524597168
-0.2687849998474121
0.12851858139038086
0.12631356716156006
-0.21822917461395264
-0.09893155097961426
0.20233631134033203
-0.5782834887504578
-0.15342462062835693
0.1677536964416504
-0.09994137287139893
-0.278745174407959
-0.0772777795791626
0.15459513664245605
0.012561917304992676
-0.07018029689788818
-0.776665210723877
-0.30938756465911865
-0.20698928833007812
-0.047524094581604004
-0.22398614883422852
0.07750546932220459
-0.000517725944519043
-0.4277092218399048
-0.024913549423217773
-0.3700094223022461
0.07918524742126465
-0.3051793575286865
-0.3715054988861084
0.016202569007873535
0.04729056358337402
-0.20417273044586182
-0.32112354040145874
0.1095435619354248
-0.2718623876571655
0.12292230129241943
-0.21478980779647827
-0.17777740955352783
0.03526616096496582
0.4923105239868164
-0.452264666557312
0.08296942710876465
-0.054497361183166504
0.046172261238098145
-0.22760939598083496
-0.48035502433776855
-0.7933762669563293
-0.24277663230895996
0.17174363136291504
0.3600717782974243
-0.3781486749649048
-0.3651454448699951
-0.3333267569541931
-0.00741887092590332
-0.5452005863189697
-0.3220263719558716
-0.5823142528533936
-0.46998661756515503
-0.3379654884338379
0.5219948291778564
-0.3179450035095215
-0.3251444101333618
0.15216898918151855
-0.04258227348327637
-0.4365342855453491
0.054454922676086426
-0.1576683521270752
-0.18635082244873047
0.22250336408615112
-0.2209782600402832
-0.31386876106262207
-0.43428289890289307
-0.07310700416564941
0.5011787414550781
0.47104012966156006
-0.22397863864898682
-1.2015016078948975
0.02897822856903076
0.1732196807861328
-0.23506617546081543
-0.21997451782226562
-0.5822902321815491
-0.21602559089660645
-0.256422758102417
-0.2762923240661621
-0.4487898349761963
0.19570958614349365
-0.3070887327194214
-0.060549139976501465
0.04145002365112305
-0.3736168146133423
-0.7549853324890137
0.13611876964569092
-0.20046603679656982
-0.004086971282958984
0.1455909013748169
-0.2574913501739502
-0.5565872192382812
-0.06982421875
-0.23120355606079102
-0.09480059146881104
-0.014656782150268555
0.025748491287231445
-0.19798493385314941
-0.04109609127044678
-0.0721435546875
-0.25798165798187256
-0.15735042095184326
-0.13704991340637207
-0.617475152015686
-0.03718966245651245
-0.11044490337371826
-0.30587029457092285
-0.2659652829170227
0.3524118661880493
-0.2815118432044983
0.06013822555541992
-0.5675396621227264
-0.08448368310928345
0.00555574893951416
-0.3066389560699463
0.04138612747192383
-0.03176724910736084
-0.3909129500389099
-0.4866032600402832
0.0008144378662109375
-0.38842201232910156
-0.0719289779663086
-0.3585153818130493
-0.18574953079223633
0.042240142822265625
-0.36160171031951904
0.10240483283996582
-0.14318203926086426
-1.4526727199554443
-0.29345667362213135
-0.030340909957885742
-0.14031684398651123
0.2963433265686035
-0.26130080223083496
-0.20299744606018066
-0.3193625211715698
0.04034900665283203
-0.1842890977859497
0.1894090175628662
-0.21278011798858643
-0.28920304775238037
0.13505089282989502
-0.0027360916137695312
0.15953874588012695
0.04275035858154297
0.06760752201080322
-0.14263534545898438
0.07668697834014893
0.19068968296051025
-0.30825507640838623
-0.1047135591506958
0.0013916492462158203
-0.0543820858001709
-0.2818852663040161
-0.04146146774291992
0.1921236515045166
0.05273556709289551
0.10391497611999512
-0.022557735443115234
0.4214789867401123
-0.17639577388763428
-0.1127021312713623
0.17005789279937744
-0.2863161563873291
0.030432820320129395
-0.01306462287902832
0.16845524311065674
-0.06317007541656494
-0.03185009956359863
-0.032723188400268555
0.08539390563964844
0.18425095081329346
-0.35451769828796387
0.4235285520553589
0.06690502166748047
0.2236696481704712
-0.1610429286956787
0.2223576307296753
0.19476938247680664
-0.41138553619384766
-0.20701980590820312
-0.19559204578399658
0.17194747924804688
-0.1278643012046814
-0.2822200059890747
0.007153630256652832
0.11697399616241455
-0.4097519516944885
-0.2257605791091919
0.27471429109573364
0.19679796695709229
-0.4673515558242798
-0.3535054922103882
-0.31727004051208496
0.0039255619049072266
-0.4377553462982178
-0.1450176239013672
-0.38976144790649414
0.06924021244049072
-0.761216402053833
0.07944393157958984
-0.04493308067321777
-0.15610921382904053
-0.15732789039611816
0.13773727416992188
-0.4015772342681885
-0.25355005264282227
-0.046224355697631836
-0.1429576873779297
-0.1768132448196411
0.13989198207855225
-0.1716907024383545
-0.5167717337608337
0.18264317512512207
0.28764158487319946
0.17820656299591064
-0.49404674768447876
0.2608776092529297
0.2554517984390259
0.41885316371917725
-0.10819840431213379
-0.11108171939849854
-0.10682082176208496
0.08332133293151855
0.04735851287841797
-0.16940021514892578
0.08484888076782227
-0.784400463104248
0.10444021224975586
-0.27817845344543457
-0.25852012634277344
-0.46900641918182373
0.1819911003112793
-0.06723320484161377
-0.2712137699127197
-0.3078881502151489
0.060715675354003906
-0.29943233728408813
0.0040738582611083984
0.012971997261047363
-0.016644835472106934
-0.16237008571624756
-0.01600039005279541
-0.4335978031158447
-0.17101633548736572
-0.003483295440673828
-0.33724164962768555
-0.08616173267364502
-0.2949923872947693
-0.08991003036499023
0.051987290382385254
0.07360482215881348
-0.2693532705307007
0.17063450813293457
0.750672459602356
-0.40846967697143555
0.2272547483444214
-0.33357131481170654
-0.003773212432861328
0.432076096534729
0.2288069725036621
0.04351472854614258
0.06517553329467773
-0.2911778688430786
-0.42403459548950195
-0.23063290119171143
-0.19354915618896484
-0.13183367252349854
0.019801735877990723
-0.04189801216125488
0.03370976448059082
0.29297447204589844
-0.10982859134674072
-0.07560598850250244
-0.08659505844116211
0.12935864925384521
-0.07817065715789795
0.1926180124282837
-0.09874606132507324
-0.020694732666015625
-0.08999133110046387
-0.18375802040100098
-0.07524406909942627
0.22198069095611572
-0.28805744647979736
0.11414176225662231
0.1572880744934082
0.17640817165374756
-0.2285984754562378
0.21748435497283936
0.01574528217315674
0.2072385549545288
0.004751443862915039
-0.040464162826538086
-0.2337084412574768
-0.7221721410751343
-0.0894174575805664
-0.03498125076293945
0.17534637451171875
0.3816593885421753
-0.2111682891845703
-0.22924458980560303
-0.0626838207244873
0.11959564685821533
0.02403879165649414
-0.009411811828613281
0.06395375728607178
-0.14745140075683594
-0.19040977954864502
-0.9957175254821777
-0.3545854091644287
-0.3624997138977051
-0.251615047454834
-0.9467687606811523
-0.29090023040771484
0.08787894248962402
-0.2407228946685791
-0.23254787921905518
-0.16515326499938965
-0.2783830165863037
0.45809876918792725
-0.5847047567367554
-0.274860143661499
-0.3871563673019409
-0.41935598850250244
0.04028284549713135
0.059110164642333984
0.16595840454101562
-0.26122617721557617
0.2111680507659912
-0.3658958673477173
-0.25703394412994385
-0.28103888034820557
-0.11188280582427979
0.005419135093688965
-0.03715157508850098
-0.2068805694580078
-0.22370779514312744
0.08431029319763184
-0.1647557020187378
-0.17540991306304932
-0.0648963451385498
0.3176088333129883
0.2864081859588623
0.022951960563659668
0.10754317045211792
-0.14934003353118896
0.14344221353530884
-0.21804416179656982
-0.21602070331573486
-0.26843130588531494
0.013578295707702637
0.17114734649658203
-0.5683382153511047
0.0013210773468017578
0.019859790802001953
0.09404933452606201
-0.10882461071014404
-0.37129509449005127
-0.05587226152420044
0.1328444480895996
-0.3520606756210327
-0.23324871063232422
-0.00811457633972168
-0.010592103004455566
-0.30596065521240234
0.04411470890045166
-0.35283613204956055
0.1482076644897461
-0.21966874599456787
0.01642465591430664
-0.5979716777801514
0.017610788345336914
-0.24343252182006836
-0.08347952365875244
-0.26619887351989746
-0.14503610134124756
0.0003165006637573242
0.04578959941864014
0.027484774589538574
0.3264033794403076
-0.369199275970459
-0.21119308471679688
0.1468815803527832
0.06276166439056396
-0.22083508968353271
-0.09570598602294922
0.023169875144958496
-0.4340825080871582
-0.10308730602264404
-0.27477312088012695
-0.2879927158355713
-0.014043807983398438
0.025916457176208496
-0.23823368549346924
0.3211839199066162
-0.14347541332244873
-0.11882853507995605
-0.13709616661071777
0.08751285076141357
-0.03174746036529541
-0.6422279477119446
-0.24134588241577148
0.22010529041290283
-0.19035589694976807
-0.12679237127304077
-0.11594271659851074
-0.13701856136322021
-0.3203117847442627
-0.052809834480285645
0.14802300930023193
0.32456445693969727
0.1851978302001953
-0.006722688674926758
0.23302334547042847
-0.1920151710510254
-0.1912074089050293
-0.009153187274932861
0.06468021869659424
-0.23533451557159424
-0.31596457958221436
-0.27420246601104736
0.18357837200164795
-0.08354663848876953
0.08087038993835449
-0.07334625720977783
-0.11929571628570557
-0.3899114727973938
0.14248716831207275
-0.3018760681152344
-0.015274763107299805
-0.9089031219482422
-0.23472315073013306
-0.22429263591766357
0.060835838317871094
-0.03771483898162842
-0.004774689674377441
-0.019686639308929443
0.2322845458984375
0.22537946701049805
-0.2542365789413452
-0.09019577503204346
-0.0970761775970459
0.013049840927124023
0.1581122875213623
0.24936926364898682
-0.7751607894897461
-0.598361611366272
-0.07499885559082031
0.22716212272644043
-0.49865078926086426
-0.7269060611724854
0.0027980804443359375
-0.4264739751815796
0.27835237979888916
-0.4272170662879944
-0.3010450601577759
0.13055896759033203
-0.04499936103820801
0.036000967025756836
-0.2057706117630005
-0.27181363105773926
-0.10340225696563721
0.17951273918151855
0.09975337982177734
-0.14416027069091797
0.26901769638061523
-0.2601783275604248
-0.010370135307312012
-0.08636963367462158
-0.2752842903137207
-0.33475399017333984
0.22054767608642578
-0.12270283699035645
-0.21313893795013428
0.1547931432723999
0.0020940303802490234
-0.06600964069366455
0.14432430267333984
0.21676528453826904
-0.3617972135543823
-0.14657902717590332
-0.4211062788963318
0.011772513389587402
-0.21565210819244385
-0.08051657676696777
0.17565035820007324
-0.17705833911895752
-0.14779841899871826
-0.3947185277938843
0.20485782623291016
-0.12344086170196533
0.16376078128814697
-0.17593848705291748
-0.1677626371383667
-0.11851382255554199
-0.10004830360412598
-0.02534770965576172
0.002201676368713379
0.12695813179016113
0.2877178192138672
0.17919564247131348
0.04796159267425537
-0.27497386932373047
-0.006395697593688965
-0.05174374580383301
-0.3112163543701172
-0.06934785842895508
0.20870625972747803
-0.2153489589691162
0.17337286472320557
-0.1576608419418335
-0.458050012588501
-0.05995631217956543
-0.04594862461090088
0.1602461338043213
0.11156713962554932
-0.4672222137451172
0.0631253719329834
-0.20137715339660645
-0.036945223808288574
0.21445751190185547
0.18630456924438477
0.05943500995635986
0.07241630554199219
0.18283700942993164
0.07444214820861816
0.261615514755249
0.12417805194854736
0.5347651243209839
-0.038838982582092285
0.17685294151306152
0.04195106029510498
-0.32424044609069824
0.15374112129211426
-0.326297402381897
0.09664702415466309
-0.10419833660125732
-0.30805301666259766
-0.2547576427459717
-0.018364548683166504
0.20416617393493652
-0.3406214714050293
-0.06984984874725342
0.07551741600036621
-0.0588228702545166
-0.22083330154418945
-0.7472131252288818
-0.439963698387146
0.04550802707672119
-0.5407276153564453
-0.08640027046203613
0.045195698738098145
-0.5443344116210938
-0.6275820136070251
-0.5789039134979248
0.16273951530456543
0.005290031433105469
-0.16601812839508057
-0.2063513994216919
-0.32126760482788086
-0.3338114023208618
0.042865633964538574
0.16522455215454102
-0.12003886699676514
-0.11438041925430298
-0.36347126960754395
-0.15544497966766357
0.2935086488723755
-0.23138725757598877
0.004592418670654297
-0.1279604434967041
-0.0040961503982543945
0.1845715045928955
0.16428112983703613
-0.2496335506439209
-0.06970322132110596
-0.3058643341064453
0.19409668445587158
0.30365192890167236
-0.007414579391479492
-0.24460214376449585
0.6902282238006592
-0.18535029888153076
-0.08522069454193115
-0.17421460151672363
-0.04616379737854004
0.024739503860473633
0.26950812339782715
-0.13724541664123535
-0.4470386505126953
-0.7956029176712036
-0.009874820709228516
-0.06742942333221436
0.22728538513183594
0.14817965030670166
-1.5180260092020035
0.028979778289794922
0.09930205345153809
-0.257002592086792
-0.23022782802581787
-0.6141312122344971
-0.09617161750793457
-0.255074143409729
-0.06608414649963379
0.17482411861419678
0.2548372745513916
-0.19286489486694336
-0.12700772285461426
-0.06502556800842285
0.6210958957672119
-0.09268820285797119
0.3662378787994385
0.0699152946472168
-0.050368666648864746
-0.11832833290100098
0.18430650234222412
-0.4961036443710327
-0.36793196201324463
-0.18255114555358887
0.2112337350845337
-0.19886469841003418
0.1074908971786499
-0.0915294885635376
0.7239298820495605
0.013463973999023438
-0.3334602117538452
0.43737590312957764
-0.2628887891769409
-0.18294966220855713
-0.14284658432006836
0.09065794944763184
-0.11217701435089111
-0.14633476734161377
-0.3211740255355835
-0.23454594612121582
-0.303358793258667
-0.15483629703521729
0.03128182888031006
-0.07726860046386719
-0.22716784477233887
-0.14020752906799316
-0.11175131797790527
-0.28774166107177734
-0.045362114906311035
-0.03216385841369629
-0.08137619495391846
-0.2496633529663086
-0.06614065170288086
0.5832866430282593
0.14118432998657227
-0.241593599319458
0.22593188285827637
-0.007482409477233887
0.061911821365356445
0.011384844779968262
-0.3926241397857666
-0.10423970222473145
-0.020179390907287598
-0.07135581970214844
0.1375941038131714
-0.3352154493331909
-0.3587099313735962
-0.2066156268119812
0.3623455762863159
-0.0885854959487915
-1.3930003643035889
-0.28556573390960693
0.04787707328796387
-0.14748048782348633
-0.015395760536193848
-0.1627812385559082
-0.1250014305114746
-0.38217616081237793
0.08323347568511963
0.07891690731048584
-0.35646355152130127
-0.38061898946762085
0.05458498001098633
-0.09090316295623779
-0.2961221933364868
-0.06525087356567383
-0.37995636463165283
0.2266232967376709
0.4399760961532593
-0.25561004877090454
0.18370747566223145
0.49604809284210205
-0.22269713878631592
-0.1028282642364502
-0.061009764671325684
0.08825087547302246
0.2671780586242676
0.12417221069335938
0.1495952010154724
-0.3732326030731201
0.14537888765335083
-0.05025434494018555
-0.016376376152038574
-0.2051776647567749
-0.11054480075836182
-0.5809414386749268
-0.28999578952789307
-0.16328120231628418
0.09126448631286621
-0.3707782030105591
-0.049802184104919434
-0.0393906831741333
-0.2938210964202881
-0.10813868045806885
-0.10921227931976318
-0.2772500514984131
-0.11925613880157471
-0.007310986518859863
-0.19778203964233398
-1.454187422990799
-0.36610472202301025
0.08117842674255371
-0.7155154943466187
-0.09380900859832764
0.06998741626739502
-0.6645097732543945
0.1454319953918457
-0.3191685676574707
-0.009382843971252441
-0.3420560359954834
-0.509385347366333
-0.11740386486053467
-0.2982536554336548
-0.0629737377166748
0.31020092964172363
0.44430840015411377
-0.15036487579345703
0.6864361763000488
0.10536885261535645
-0.17561030387878418
0.20543694496154785
-0.46973717212677
-0.16753315925598145
0.07184374332427979
-0.053435325622558594
0.27375006675720215
-0.19940400123596191
-0.23329520225524902
0.04633152484893799
-0.45316100120544434
-0.13631093502044678
0.046349525451660156
0.15954291820526123
-0.2361811399459839
-0.15732455253601074
-0.15869051218032837
-0.24083387851715088
-0.17326772212982178
-0.41765785217285156
-0.32155752182006836
0.14376354217529297
-0.25674736499786377
0.04861092567443848
-0.7617955207824707
-0.3672741651535034
-0.047110795974731445
0.11955928802490234
-0.29268813133239746
0.15381979942321777
-0.02282273769378662
-0.16474246978759766
-0.3650345802307129
-0.07234406471252441
-0.47006434202194214
-0.26388537883758545
0.11371779441833496
0.04554939270019531
-0.09397315979003906
-0.08106911182403564
0.07721209526062012
0.7065467834472656
-1.1576287746429443
-0.8739938735961914
-0.19540631771087646
-0.17412924766540527
0.5497832298278809
-0.10596942901611328
-0.39139169454574585
0.025745153427124023
-0.0995180606842041
0.6470382213592529
0.5655242204666138
-0.10446834564208984
-0.012011051177978516
-0.04665267467498779
0.07514297962188721
-0.14017510414123535
0.11890017986297607
-0.24480926990509033
0.018223047256469727
0.29820549488067627
-0.17898094654083252
-0.11572563648223877
0.07442164421081543
0.3509523868560791
0.026215553283691406
-0.06420707702636719
-0.010467886924743652
-0.3006516098976135
-0.10593271255493164
0.22797220945358276
-0.24067819118499756
-0.1389293670654297
-0.11239063739776611
-0.0712440013885498
0.20550978183746338
0.05668342113494873
-0.28974807262420654
0.07707047462463379
-0.2770601511001587
-0.13804805278778076
0.10494875907897949
0.44142651557922363
-0.3939487934112549
0.12626385688781738
0.07610058784484863
-0.4666789770126343
0.13297820091247559
-0.20131993293762207
0.4058324098587036
0.04528522491455078
0.19094598293304443
-0.24471813440322876
-0.33513343334198
0.07371664047241211
-0.22673463821411133
-0.052590370178222656
-0.16781222820281982
-0.07760298252105713
-0.8598507642745972
-0.27078723907470703
0.0035055875778198242
-0.24803650379180908
0.01953566074371338
0.05808889865875244
-0.22580409049987793
-0.09031689167022705
-0.36076927185058594
-0.378581166267395
0.024196982383728027
-0.17584645748138428
0.13449770212173462
-0.2109386920928955
0.030534744262695312
0.23004460334777832
0.1032407283782959
0.004827618598937988
-0.1784898042678833
-0.01569652557373047
-0.6107282638549805
-0.251903235912323
-0.4439811110496521
-0.0684434175491333
-0.1519261598587036
-0.5837438702583313
0.32866644859313965
0.03659069538116455
0.30859220027923584
-0.03211522102355957
-0.08340179920196533
-0.19370996952056885
-0.1312723159790039
-0.08308863639831543
-0.1166524887084961
-0.1757960319519043
-0.21915841102600098
0.11660361289978027
0.05389589071273804
-0.5194672346115112
-0.15553617477416992
0.03380000591278076
0.1271071434020996
0.3653508424758911
0.2823284864425659
-0.1919240951538086
-0.0670616626739502
0.2761068344116211
-0.021430253982543945
-0.5819189548492432
-0.300248920917511
-0.13640964031219482
-0.2277376651763916
-0.543674886226654
-0.16668486595153809
-0.01746392250061035
-1.0556737184524536
-0.252338171005249
0.12473976612091064
-0.20992732048034668
-0.4525553584098816
-0.2426372766494751
-0.6171340942382812
0.3244360685348511
-0.5197290182113647
-0.21574318408966064
-0.3712221384048462
0.1711115837097168
-0.16517817974090576
-0.21481633186340332
-0.07339024543762207
-0.0725710391998291
0.0017396211624145508
0.5954111814498901
-0.24335628747940063
0.045726776123046875
0.006411314010620117
0.03179121017456055
-0.19430792331695557
-0.3983026146888733
-0.07194364070892334
0.32473087310791016
-0.10644400119781494
-0.3652536869049072
0.33200156688690186
0.030661344528198242
-0.25848686695098877
-0.3345240354537964
0.18932461738586426
-0.2717984914779663
0.13144516944885254
0.21027803421020508
-0.0547257661819458
-0.21861010789871216
0.42395246028900146
0.21802949905395508
0.08140945434570312
0.40426433086395264
-0.11328780651092529
-0.25823259353637695
0.0367588996887207
0.026613950729370117
-0.26261210441589355
0.29764389991760254
-0.2701004147529602
-0.32613837718963623
-0.542792797088623
0.18173527717590332
-0.5340983867645264
-0.5421475172042847
0.07543295621871948
0.18637800216674805
0.14269506931304932
-0.1926107406616211
-0.48174071311950684
0.15141022205352783
-0.15852415561676025
-0.00441431999206543
0.10815942287445068
0.22815942764282227
0.2765648365020752
-0.06394314765930176
-0.10675382614135742
-0.5304693579673767
0.5608689785003662
-0.04637277126312256
0.008124589920043945
0.08044862747192383
-0.48392772674560547
0.009184837341308594
0.19436907768249512
-0.0013053417205810547
-0.06980431079864502
0.13288986682891846
0.13429725170135498
-0.4266701936721802
-0.04645228385925293
0.4816901683807373
-0.5119167566299438
-0.19298934936523438
-0.08966994285583496
-0.16734099388122559
0.05765414237976074
0.14350271224975586
0.12073040008544922
0.07636237144470215
0.1115041971206665
0.03250288963317871
-0.004410147666931152
-0.20397651195526123
0.09545683860778809
0.2069627046585083
-0.04640913009643555
0.24335145950317383
-0.29669392108917236
0.16547143459320068
0.19848942756652832
-0.3950505256652832
-0.1245807409286499
-0.13320964574813843
0.28823554515838623
-0.38111114501953125
0.05875730514526367
-0.017483115196228027
0.02455723285675049
-0.5955328941345215
-0.10116803646087646
-0.06352293491363525
0.161787748336792
-0.3555929660797119
-0.19783759117126465
0.096579909324646
-0.09173822402954102
-0.283913254737854
-0.44891321659088135
0.2921426296234131
-0.026041626930236816
0.3575022220611572
-0.27335578203201294
-0.15328967571258545
-0.4076414108276367
-0.4316437840461731
0.17612051963806152
-0.12338864803314209
0.23509764671325684
-0.487159788608551
-0.03412652015686035
-0.03051149845123291
-0.13649404048919678
-0.29286932945251465
-0.17734014987945557
0.21569764614105225
0.03737187385559082
-0.13035094738006592
0.3438369035720825
-0.6143431663513184
-0.7755470275878906
0.11638259887695312
-0.5623534917831421
-0.05273771286010742
-0.1441190242767334
0.2349865436553955
-0.3158409595489502
-0.3050931692123413
-0.5017305612564087
0.35649573802948
0.21136367321014404
0.16146552562713623
-0.09346950054168701
-0.07037675380706787
0.2372976541519165
-0.1179041862487793
-0.1412975788116455
-0.3659803867340088
0.05050539970397949
-0.1399068832397461
-0.3982055187225342
-0.04650282859802246
-0.2226739525794983
0.3874247074127197
-0.12589192390441895
0.15459930896759033
-0.9585866928100586
-0.016594290733337402
0.2844574451446533
-0.5537374019622803
-0.44762933254241943
-0.2509042024612427
0.2900462746620178
-0.03177380561828613
-0.04306435585021973
-0.27458691596984863
0.19925642013549805
-0.24794864654541016
0.2359774112701416
0.37583106756210327
0.10870039463043213
0.07332241535186768
0.1787862777709961
-0.2510359287261963
-0.08395171165466309
0.27074575424194336
0.0751347541809082
-0.30857396125793457
-0.202392578125
-0.14303874969482422
0.20478415489196777
0.0642087459564209
-0.2809171676635742
-0.4525124430656433
-0.07776474952697754
-0.12299776077270508
-0.0030764341354370117
0.28605103492736816
-0.16051197052001953
-0.05035293102264404
-0.19842898845672607
0.023386836051940918
-0.23231518268585205
-0.09060335159301758
0.1273491382598877
0.03980720043182373
-0.3101907968521118
-0.08217573165893555
-0.5091170072555542
-0.3310595154762268
-0.2480562925338745
-0.13149917125701904
0.2686169147491455
-0.3972787857055664
-0.11301791667938232
0.02902960777282715
-0.022269368171691895
-0.08115601539611816
0.45067763328552246
0.1080782413482666
-0.5397377014160156
-0.24445796012878418
0.14448094367980957
-0.061496734619140625
-0.2853885889053345
-0.049435973167419434
-0.004146695137023926
-0.04679369926452637
-0.45671892166137695
-0.12137901782989502
-0.06501495838165283
0.02834784984588623
-0.7094063758850098
0.08125782012939453
-0.14757728576660156
-0.3464776277542114
-0.316430926322937
-0.08215832710266113
-0.20625686645507812
0.16772615909576416
0.013064146041870117
-0.15330040454864502
0.011238932609558105
-0.13853490352630615
-0.2962099313735962
0.011615991592407227
0.14663982391357422
-0.30460286140441895
-0.05787348747253418
-0.186201810836792
0.035422682762145996
0.19348788261413574
-0.16772198677062988
-0.5137530565261841
-0.23461461067199707
0.07592332363128662
0.04967784881591797
-0.042357802391052246
-0.4008002281188965
0.03857624530792236
-0.5119365453720093
-0.11738228797912598
-0.00314939022064209
0.09848189353942871
-0.2644021511077881
-0.1457890272140503
-0.2800530195236206
-0.32635295391082764
0.321044921875
0.06318902969360352
-0.0459057092666626
0.1434413194656372
0.26877331733703613
-0.31310343742370605
-0.16470766067504883
-0.03726506233215332
0.18522751331329346
-0.1605243682861328
-0.1488637924194336
-0.05078709125518799
-0.3036104440689087
0.015347719192504883
-0.44818758964538574
0.12602365016937256
0.15825331211090088
-0.0366595983505249
-0.3573887348175049
-0.06937611103057861
0.154282808303833
-0.02604997158050537
0.03435921669006348
-0.39865565299987793
-0.11893296241760254
0.15346431732177734
-0.3143831491470337
0.06837964057922363
-0.14294183254241943
-0.46213704347610474
-0.14912724494934082
-0.021137773990631104
0.0037789344787597656
0.19141113758087158
0.08767521381378174
-0.039012908935546875
-0.07820534706115723
0.027048945426940918
0.14946937561035156
0.21512675285339355
0.14319276809692383
-0.8953859806060791
0.08717572689056396
-0.04284310340881348
0.23934030532836914
-0.21733450889587402
0.4019012451171875
-0.2602139711380005
-0.05166339874267578
-0.24977755546569824
-0.286063551902771
0.02300739288330078
-0.12530553340911865
-0.11137843132019043
0.07079911231994629
0.1646132469177246
-0.2997627258300781
0.06800597906112671
0.029447853565216064
-0.01097559928894043
-0.2652643918991089
0.09704291820526123
0.09063160419464111
-0.057089924812316895
0.12724792957305908
0.05312216281890869
0.18946540355682373
0.12862634658813477
0.15244150161743164
-0.4726055860519409
0.046443819999694824
0.09191572666168213
0.17209672927856445
-0.6395599842071533
0.613213449716568
-0.22292250394821167
-0.07039999961853027
-0.005251765251159668
0.05041933059692383
-0.0055043697357177734
0.025754213333129883
-0.006837248802185059
-0.16903579235076904
-0.17388427257537842
-0.18554067611694336
-0.00034499168395996094
-0.10008800029754639
-0.23506271839141846
-0.09143924713134766
0.3998889923095703
0.226220965385437
-0.10448575019836426
-0.2606515884399414
0.05890238285064697
0.207558274269104
-0.3506550192832947
-0.10455936193466187
0.09708356857299805
0.13681209087371826
-0.2902956008911133
-0.16676855087280273
-0.33424878120422363
-0.3849893808364868
-0.04178357124328613
-0.005074501037597656
-0.3317911624908447
-0.20109212398529053
0.3227999210357666
-0.0019299983978271484
-0.2742173671722412
0.29945552349090576
0.1629796028137207
-0.08658754825592041
-0.006478428840637207
-0.43278366327285767
0.17831414937973022
0.33995604515075684
0.10304844379425049
0.2357543706893921
-0.006968080997467041
0.7368857860565186
-0.017224550247192383
-0.10129904747009277
-0.13461875915527344
0.18254780769348145
0.0822751522064209
0.11090469360351562
-0.2314014434814453
0.046201467514038086
-0.3271026611328125
-0.04628169536590576
-0.1288161277770996
-0.274860143661499
-0.970618724822998
-0.0523989200592041
-0.17984825372695923
0.07941067218780518
-0.2967848777770996
-0.2749892473220825
0.34857016801834106
0.36505675315856934
0.026803016662597656
0.006137967109680176
-0.27065956592559814
0.5784773230552673
-0.1702510118484497
-0.03685331344604492
-0.3453981876373291
0.09798574447631836
-0.023969173431396484
-0.20139193534851074
-0.33624088764190674
-0.47870564460754395
-0.11641561985015869
-0.6350353956222534
-0.30829906463623047
-0.42461180686950684
-0.49046993255615234
-0.03108137845993042
-0.2440868616104126
0.18997561931610107
-0.21048736572265625
0.5423197746276855
-0.24858808517456055
0.11598992347717285
-0.15329384803771973
0.11306154727935791
-0.34581416845321655
0.10879898071289062
-0.3444399833679199
-0.26817214488983154
0.20878493785858154
-0.4888843297958374
-0.5937081575393677
0.07580739259719849
-0.2921733856201172
-0.0017379522323608398
0.2198808193206787
-0.226607084274292
-0.29369354248046875
-0.024193644523620605
-0.3647197484970093
-0.12507176399230957
0.3021808862686157
-0.3890714645385742
0.027056455612182617
-0.15661120414733887
0.01145029067993164
-0.2898964285850525
0.018560051918029785
0.2682309150695801
-0.4852163791656494
-0.043929100036621094
-0.5297569036483765
-0.366070032119751
-0.13726937770843506
-0.1416754126548767
-0.6679938435554504
-0.3632817268371582
-0.40103137493133545
-0.22888243198394775
-0.08626627922058105
-0.45638489723205566
-0.09896135330200195
-0.2809997797012329
0.03052806854248047
0.49783313274383545
0.11377561092376709
-0.3079395294189453
0.2658500671386719
0.0029299259185791016
-0.7387956380844116
-0.4034881591796875
-0.8747338056564331
-1.185138463973999
-0.6084452867507935
-0.043929219245910645
-0.024293065071105957
-0.023193836212158203
-0.6367103457450867
-0.06354355812072754
0.1259756088256836
0.21150195598602295
-0.04936802387237549
-0.2351539134979248
0.048181891441345215
0.06971168518066406
-0.05311465263366699
0.02087867259979248
-0.7694569230079651
0.3061199188232422
-0.38564300537109375
0.4537142515182495
-0.010650992393493652
-0.280062198638916
0.1543358564376831
-0.10621124505996704
-0.2685960531234741
0.09808921813964844
-0.09502017498016357
0.037255167961120605
-0.050731539726257324
-0.035765647888183594
-0.532076358795166
-0.19945871829986572
-0.023000001907348633
-0.03449082374572754
-0.11984670162200928
-0.12384843826293945
0.0881357192993164
0.07430970668792725
-0.2198624610900879
0.07879352569580078
-0.28729450702667236
-0.3656812906265259
-0.06858587265014648
-0.18848705291748047
0.3783121109008789
0.6934564113616943
-0.6150388717651367
0.06888401508331299
-0.1108846664428711
-0.19296777248382568
-0.3964463472366333
-0.06813526153564453
-0.10958588123321533
-0.12745511531829834
0.3667457103729248
0.020674705505371094
-0.34077703952789307
0.2791740894317627
0.18691563606262207
-0.06387913227081299
-0.31669342517852783
-0.32407236099243164
-0.30876052379608154
0.13681042194366455
-0.03744804859161377
-0.05296134948730469
0.30508339405059814
-0.27028435468673706
-0.39430171251296997
-0.06527233123779297
-0.0034143924713134766
-0.08670520782470703
0.27327466011047363
-0.1390138864517212
-0.25459539890289307
-0.327217698097229
0.03135561943054199
-0.05073654651641846
0.5202856063842773
-0.07111644744873047
-0.13502132892608643
-0.6070222854614258
-0.14299827814102173
-0.12296712398529053
0.1611083745956421
-0.2007359266281128
-0.18069970607757568
0.03584599494934082
0.0048143863677978516
-0.5428647994995117
0.043697237968444824
0.16874420642852783
-0.25433194637298584
-0.2070065140724182
-0.16149616241455078
-0.22160542011260986
-0.3210787773132324
-0.06428337097167969
0.6860196590423584
-0.11273765563964844
-0.10190057754516602
-0.3209289312362671
-1.1334840059280396
-0.09314143657684326
-0.511938214302063
0.06278395652770996
-0.12088286876678467
-0.24503111839294434
0.20487117767333984
0.04146552085876465
0.06314849853515625
0.07125222682952881
0.26778924465179443
-0.16577792167663574
-0.06966757774353027
-0.27736836671829224
-0.08973193168640137
0.02369987964630127
0.06459152698516846
-0.06349790096282959
-0.1173127293586731
0.07786083221435547
0.08390700817108154
0.05412113666534424
-0.20284152030944824
0.24373900890350342
0.14144587516784668
-0.1438438892364502
0.2761507034301758
-0.05464053153991699
0.46204113960266113
-0.4641690254211426
0.1464325189590454
0.2509887218475342
-0.3541069030761719
0.12897920608520508
-0.2967948913574219
-1.4750820398330688
-0.23868536949157715
-0.03144419193267822
0.2554882764816284
-0.06022608280181885
-0.5858917236328125
-0.058802247047424316
0.14424729347229004
-0.09606552124023438
-0.029269814491271973
-0.19811594486236572
-0.24641191959381104
-0.0026482343673706055
-0.02106332778930664
-0.39641642570495605
0.08838176727294922
-0.017325639724731445
0.09577226638793945
-0.20603573322296143
-0.10701203346252441
-0.7245470285415649
-0.2777966260910034
0.025231599807739258
-0.16413116455078125
0.3509458303451538
-0.0659714937210083
-0.11564606428146362
-0.5521886348724365
-0.4437309503555298
-0.434161901473999
0.24166488647460938
-0.3486363887786865
-1.2027082443237305
0.1653587818145752
0.430888295173645
0.5796003341674805
0.03594374656677246
-0.1965709924697876
-0.3777521848678589
-0.1343991756439209
0.08834195137023926
0.07804548740386963
0.1785956621170044
-0.010717153549194336
0.03745472431182861
-0.22506630420684814
0.022030949592590332
-0.2645123600959778
0.1881958246231079
0.027605652809143066
-0.012325882911682129
-0.09390521049499512
-0.21085834503173828
-0.2106008529663086
0.1522442102432251
-0.20254004001617432
-0.19083237648010254
-0.17634260654449463
0.08702731132507324
0.3597829341888428
0.5292912721633911
0.2395937442779541
-0.2031996250152588
-0.2253047227859497
-0.3063092827796936
0.5831170082092285
-0.1981448531150818
-0.35294950008392334
-0.21361684799194336
0.048531413078308105
-0.02711188793182373
-0.30858564376831055
-0.20700979232788086
-0.5637391805648804
0.37266671657562256
-0.5013096928596497
-0.06299197673797607
0.22755956649780273
-0.06291162967681885
0.2343297004699707
-0.7452356815338135
-0.4012044668197632
0.36325013637542725
-0.1022946834564209
0.29152560234069824
-0.1483973264694214
-0.14669013023376465
0.22715699672698975
0.02774810791015625
-0.014884591102600098
-0.06446146965026855
0.20057439804077148
-0.6410873532295227
-0.005906224250793457
0.004333138465881348
0.08810257911682129
0.6098295450210571
-0.23143470287322998
-0.07021093368530273
-0.49870216846466064
-0.2438061237335205
-0.5604490041732788
-0.0017940998077392578
-0.16308903694152832
-0.44561636447906494
0.004015922546386719
0.04257059097290039
-0.47708821296691895
-0.04856860637664795
-0.023992300033569336
0.16869783401489258
-0.15459680557250977
0.1875898838043213
0.03932595252990723
-0.07875299453735352
0.007740974426269531
0.09750688076019287
0.29786670207977295
-0.03304457664489746
0.29250574111938477
-0.4096808433532715
0.06383776664733887
0.08623051643371582
-0.3007495403289795
0.02132093906402588
-0.02846384048461914
-0.19824755191802979
-0.09176146984100342
-0.8357464075088501
0.09162306785583496
-0.22289931774139404
-0.412256121635437
-0.15964317321777344
-0.35503125190734863
0.03383076190948486
-0.004804372787475586
-0.14778614044189453
-0.31917691230773926
-0.10281574726104736
-0.09567701816558838
-0.3794403076171875
-0.19035768508911133
0.07908761501312256
-0.08846139907836914
-0.31946682929992676
0.05196177959442139
-0.3661717176437378
-0.24611973762512207
0.2376307249069214
0.2249387502670288
0.22895383834838867
-0.749962568283081
0.3006458282470703
-0.08061850070953369
-0.2372605800628662
-0.020872831344604492
-0.046877145767211914
0.15016937255859375
-0.09583520889282227
0.13226938247680664
0.236841082572937
0.2137676477432251
0.1750354766845703
0.09632563591003418
-0.1919008493423462
0.14002937078475952
-0.3274785876274109
-0.04685556888580322
0.43870973587036133
-0.288799524307251
-0.32918834686279297
0.7157880067825317
0.1092984676361084
-0.23280560970306396
-0.14269757270812988
-0.49654340744018555
-0.7153589129447937
-0.31944119930267334
-0.17565017938613892
0.26049816608428955
-0.019753694534301758
0.03809165954589844
-0.1490136981010437
0.3231562376022339
-0.2382204532623291
-0.11200451850891113
-0.2726541757583618
-0.5985342264175415
0.1813417673110962
-0.0937809944152832
0.08007669448852539
-0.039305269718170166
-0.16922056674957275
-0.16792738437652588
-0.13889455795288086
-0.20246970653533936
-0.18810522556304932
-0.07001221179962158
-0.7084429264068604
0.16821324825286865
-0.6941713690757751
-0.07364284992218018
0.04168248176574707
-0.04157489538192749
-0.08963334560394287
0.0839461088180542
-0.048203468322753906
-0.7170089781284332
-0.1376819610595703
-0.11559975147247314
0.012919068336486816
0.27414441108703613
-0.018421649932861328
-0.04723918437957764
-0.07102280855178833
-0.18017220497131348
-0.2403419017791748
0.3802793025970459
-0.12611889839172363
-0.058925628662109375
0.12581980228424072
-0.41656947135925293
-0.09257066249847412
-0.21271240711212158
0.09593474864959717
0.11218774318695068
-0.20921683311462402
0.04644978046417236
-0.37349021434783936
0.13095641136169434
-0.7256751656532288
0.1445920467376709
0.2415703535079956
-0.18161755800247192
-0.6107778549194336
-0.2207505702972412
0.040590882301330566
-0.4923386573791504
-0.10844528675079346
0.41047441959381104
0.5819299221038818
-0.13013482093811035
-0.00588381290435791
-0.5412791967391968
0.1633608341217041
0.042885422706604004
-0.10308170318603516
0.17111247777938843
-0.3839712142944336
0.1201167106628418
0.08190321922302246
-0.5247883796691895
0.01862967014312744
0.12280476093292236
-0.12008774280548096
-0.3492658734321594
-0.014789342880249023
-0.2216086983680725
-0.33607542514801025
0.14323008060455322
-0.24330413341522217
0.07906198501586914
-0.14340579509735107
-0.10504651069641113
-0.4223264455795288
-0.3764152526855469
0.21564710140228271
-0.49886441230773926
-0.39809221029281616
0.145607590675354
-0.2178381085395813
0.16287028789520264
-0.24232161045074463
-0.014138221740722656
0.028127551078796387
0.38600730895996094
-0.06437373161315918
0.38212502002716064
-0.4018893241882324
-0.5450119972229004
-0.05781888961791992
0.020871996879577637
-0.12347722053527832
-0.1795731782913208
-0.028937339782714844
-0.26187241077423096
-0.21138012409210205
-0.33736252784729004
-0.0580674409866333
0.022677063941955566
0.04060256481170654
-0.03155875205993652
-0.0010900497436523438
-0.26394736766815186
0.07674980163574219
-0.04890918731689453
0.05922216176986694
0.0016666650772094727
0.2323307991027832
0.5025844573974609
-0.5577379465103149
0.44017088413238525
0.02969646453857422
0.12282788753509521
-0.103787362575531
-0.045592427253723145
-0.3374287486076355
0.21023547649383545
-0.13319551944732666
0.18007683753967285
0.024381637573242188
0.1854480504989624
-0.015198588371276855
0.3495981693267822
-0.17406296730041504
0.3022471070289612
0.10110354423522949
0.14809763431549072
0.6206660270690918
-0.49115586280822754
0.11408054828643799
0.2092050313949585
-0.1347949504852295
-0.09506058692932129
0.09476697444915771
-0.34740960597991943
0.08506166934967041
-0.651115357875824
-0.3623920679092407
-0.10035967826843262
0.14670348167419434
0.013582468032836914
-0.1834937334060669
-0.09992551803588867
-0.3405226469039917
-0.11666333675384521
-0.457055926322937
0.05255627632141113
0.09937894344329834
-0.44566547870635986
-0.17722153663635254
0.00599062442779541
0.15739989280700684
0.3096659183502197
-0.2655825614929199
-0.6293678879737854
-0.25776541233062744
-0.3289116621017456
-0.29413580894470215
-0.32055044174194336
0.07181978225708008
0.3549177646636963
-0.389711856842041
-0.12783610820770264
-0.1970970630645752
-0.43246710300445557
-0.03866910934448242
-0.4038733243942261
0.3469356298446655
-0.06725144386291504
-0.028203725814819336
-0.4293774366378784
-0.7863667011260986
-0.19610047340393066
-0.2160968780517578
-0.3894491195678711
0.26475417613983154
-0.1495819091796875
-0.06433147192001343
-0.29925537109375
-0.17522937059402466
0.39868950843811035
-0.3074756860733032
-0.07624483108520508
0.3728083372116089
-0.17119288444519043
-0.6281816363334656
-0.04861927032470703
0.0711817741394043
-0.20648479461669922
-0.2598637342453003
-0.2782249450683594
0.16944503784179688
-0.23205995559692383
0.16075408458709717
-0.12030386924743652
0.03311574459075928
-0.10949981212615967
-0.5763278007507324
0.15424799919128418
0.048038482666015625
-0.13533353805541992
0.21469473838806152
-0.0004788041114807129
-0.27951204776763916
0.06585383415222168
-0.009562492370605469
0.032201290130615234
-0.13624221086502075
-0.13469481468200684
0.04411470890045166
0.10600662231445312
-0.18557631969451904
-0.0585942268371582
0.09934413433074951
-0.07482826709747314
-0.18539893627166748
-0.14197933673858643
0.04640519618988037
0.25902700424194336
0.4373619556427002
0.028124213218688965
-0.10787034034729004
-0.4360729455947876
0.1878807544708252
0.005363583564758301
-0.0034890174865722656
-0.15678107738494873
0.006024599075317383
-0.07333886623382568
-0.04221022129058838
-0.1780714988708496
-0.057091593742370605
0.0683140754699707
0.544926643371582
0.010177135467529297
-0.3455449938774109
-0.47411417961120605
-0.09858453273773193
-0.03300642967224121
-0.11840450763702393
0.322995662689209
-0.5753759145736694
0.059572577476501465
0.018596529960632324
-0.4747629165649414
0.1297057867050171
-0.8546892404556274
-0.03775811195373535
-0.0028280019760131836
0.010650992393493652
-0.036336541175842285
-0.19372141361236572
-0.3969888687133789
-0.28064703941345215
-0.19797658920288086
-0.2026994228363037
-0.2993793487548828
0.29022765159606934
-0.2796097993850708
-0.00033295154571533203
0.3224737048149109
-0.406266450881958
-0.005254983901977539
-0.290011465549469
0.09902936220169067
-0.20405757427215576
0.22741806507110596
-0.16780662536621094
-0.44496607780456543
0.48892760276794434
-0.10894644260406494
-0.20257341861724854
-0.23974156379699707
-0.4831324815750122
0.14638292789459229
-0.10537123680114746
-0.2156355381011963
0.3943275213241577
0.11032640933990479
-0.1627511978149414
-0.05065202713012695
-0.17019379138946533
-0.36830806732177734
-0.1315295696258545
-0.2659097909927368
-0.7788395881652832
0.1276671290397644
-0.24296116828918457
-0.03772151470184326
-0.1480957269668579
-0.14246976375579834
-0.12447214126586914
0.15818357467651367
-0.02752363681793213
0.13316965103149414
0.08369827270507812
-0.44060319662094116
-0.03021824359893799
-0.18538260459899902
-0.23772931098937988
-0.15110957622528076
-0.16460394859313965
-0.007616758346557617
-0.3386954069137573
0.24179387092590332
0.2594752311706543
0.3531533479690552
0.09367156028747559
0.13875210285186768
-0.37822669744491577
-0.1780174970626831
0.04167342185974121
-0.5757843852043152
-0.16914933919906616
-0.03274881839752197
-0.0782327651977539
-0.10397040843963623
-1.1995234489440918
-0.06180250644683838
-0.9635493755340576
-0.11273765563964844
-0.27335023880004883
-0.11719012260437012
0.03079068660736084
-0.6863435506820679
0.5151406526565552
0.1699206829071045
0.07230186462402344
-0.3869849443435669
-0.05578446388244629
0.1307966709136963
-0.07512146234512329
-0.054848432540893555
0.12051510810852051
0.08145594596862793
0.15842366218566895
-0.4213721752166748
-0.320487380027771
0.20822179317474365
-0.23594582080841064
-0.03803455829620361
-0.18755024671554565
0.14833354949951172
0.07579576969146729
0.00449216365814209
-0.5368874073028564
-0.047504305839538574
-0.25211530923843384
-0.4206051230430603
-0.1334531307220459
0.01640307903289795
0.018950343132019043
-0.44494950771331787
-0.7403470277786255
-0.11623430252075195
-0.07057881355285645
0.022727489471435547
-0.150412917137146
-0.2229365110397339
-0.1376039981842041
-0.16465210914611816
-0.2643979787826538
-0.0221632719039917
-0.27558577060699463
-0.683631420135498
-0.010907769203186035
-0.36273491382598877
-0.04655003547668457
-0.18663263320922852
-0.33581268787384033
-0.7664666175842285
-0.742490828037262
0.48612433671951294
-0.19726347923278809
-0.02691650390625
0.10301041603088379
-0.1779000163078308
0.404355525970459
-0.2948192358016968
0.3652920722961426
-0.2995026111602783
0.48286235332489014
0.06379878520965576
-0.39432311058044434
-0.8926352262496948
-0.17891526222229004
0.033390820026397705
-0.07777142524719238
0.02552807331085205
0.5476691722869873
0.11882197856903076
-0.0552675724029541
-0.31645822525024414
-0.16799795627593994
-0.16207599639892578
-0.2568632960319519
-0.5014804005622864
-0.3564577102661133
0.14129424095153809
-0.021580219268798828
-0.15621626377105713
-0.02471792697906494
-0.5254363417625427
-0.34925198554992676
-0.026602506637573242
-0.3724994659423828
-0.12062537670135498
0.0829046368598938
-0.14377856254577637
-0.413438081741333
-1.3141514658927917
-0.07512146234512329
-0.15031421184539795
-0.24408864974975586
-0.12599611282348633
0.001038670539855957
0.031182408332824707
-0.02363133430480957
0.12179160118103027
-0.2739531993865967