-0.22235918045043945
-0.10899937152862549
-0.3393852710723877
0.30334538221359253
-0.03491002321243286
-0.8768975138664246
-0.04657316207885742
-0.6856062412261963
-0.17984986305236816
-0.07766455411911011
-0.2844225764274597
-0.4572829008102417
0.15048134326934814
-0.45903074741363525
0.2987762689590454
-0.3198961019515991
-0.3791213035583496
-0.43989408016204834
-0.4038889408111572
-0.15483200550079346
-0.24935847520828247
-0.19054388999938965
-0.5674751996994019
0.07937753200531006
-0.883313775062561
-0.3105354309082031
-0.18184614181518555
-0.23766231536865234
-0.40161609649658203
-0.5840206742286682
-0.13987040519714355
0.007332563400268555
-0.20014619827270508
-0.38672733306884766
-0.46380525827407837
-0.6362429857254028
-0.1269829273223877
-0.30819785594940186
0.0671643614768982
0.14133161306381226
0.2638629674911499
-0.18593156337738037
-0.35647106170654297
-0.4068065285682678
-0.13135337829589844
-0.7779194116592407
-0.17417240142822266
-0.39917898178100586
0.2863128185272217
0.1351470947265625
-0.2908521890640259
-0.5114205479621887
0.2690253257751465
-0.14358139038085938
-0.14964008331298828
-0.5577833652496338
0.06954348087310791
-0.401664137840271
0.298221230506897
-0.47559285163879395
-0.3522263169288635
0.07570964097976685
-0.13577508926391602
-0.2719593048095703
-0.3736226558685303
-0.44633209705352783
-0.14513206481933594
0.2236398458480835
-0.07100296020507812
-0.5364913940429688
0.01130533218383789
-0.1335633397102356
-0.030912399291992188
-0.5360590219497681
-0.5868784785270691
-0.44627583026885986
-0.3087347745895386
0.4222884178161621
-0.09156918525695801
-0.10003829002380371
-0.3497530221939087
0.14371061325073242
-0.622676432132721
0.04059922695159912
-0.12999653816223145
-0.4638831615447998
-0.2042994499206543
-0.1076592206954956
-0.2069568634033203
-0.8050245642662048
-0.7131969928741455
-0.08989095687866211
-0.2551337480545044
-0.1403740644454956
-0.4384429454803467
-0.003175973892211914
-0.6567316055297852
0.07893359661102295
-0.10696661472320557
-0.4033241271972656
-0.22650253772735596
-0.11061310768127441
-0.3277519941329956
-0.4158785939216614
-0.2628241181373596
-0.3001645803451538
0.20981478691101074
-0.40639734268188477
-0.7543312311172485
-0.11195170879364014
-0.1968212127685547
0.11971664428710938
0.26845693588256836
-0.08280360698699951
-0.38303279876708984
-0.3146408796310425
-0.5741598606109619
-0.08384561538696289
-0.48576319217681885
-0.3403959274291992
-0.1391148567199707
-0.2925570011138916
-0.22613990306854248
-0.10775363445281982
-0.10413187742233276
0.023975849151611328
-0.35596394538879395
-0.5918402075767517
-0.02406024932861328
-0.003982663154602051
0.01449120044708252
-0.35637640953063965
-0.296481728553772
-0.20387053489685059
-0.10299217700958252
0.25746631622314453
-0.7740310430526733
-0.1464424729347229
-0.18283694982528687
-0.5766382217407227
-0.39058399200439453
-0.4069042205810547
-0.30149829387664795
0.4548988342285156
0.042731285095214844
-0.19993746280670166
-0.19995403289794922
-0.11786103248596191
-0.09492576122283936
0.06080925464630127
0.045746564865112305
-0.38786715269088745
-0.6374310255050659
-0.7234321236610413
-0.22714543342590332
-0.4684722423553467
-0.1990063190460205
-0.002160310745239258
-0.25722622871398926
-0.09250032901763916
0.12872076034545898
-0.0789186954498291
-1.079200565814972
-0.24120581150054932
-0.14387965202331543
0.9355000257492065
-0.2381575107574463
-0.07249736785888672
-0.5561416149139404
-0.22514086961746216
-0.4451178312301636
0.017029285430908203
0.18336713314056396
-0.4062548279762268
-0.18935108184814453
-0.41151463985443115
-0.3685731887817383
0.14576172828674316
-0.6704059839248657
-0.42011308670043945
-0.2988011837005615
0.16822314262390137
-0.23202097415924072
0.028495192527770996
-0.4338374137878418
-0.08994567394256592
-0.2984333038330078
-0.4610038995742798
-0.11013919115066528
-0.20917510986328125
-0.8236097097396851
0.20926475524902344
-0.2738395929336548
-0.4324820041656494
-0.09399473667144775
-0.7560591697692871
-0.046735525131225586
-0.5926154851913452
-0.11775016784667969
-0.1901794672012329
-0.041825175285339355
-0.1943742036819458
-0.5308439135551453
-0.22341442108154297
-0.2142314314842224
-0.2220245599746704
-0.4754319190979004
-0.5660138726234436
0.22055506706237793
-0.1818445920944214
-0.1576533317565918
-0.6165317296981812
-0.03876852989196777
-0.1860111951828003
-0.41445720195770264
-0.4765123128890991
-0.1686009168624878
0.4768385887145996
-0.1976478099822998
-0.15225088596343994
-0.16320502758026123
0.1496133804321289
-0.6360924243927002
-0.6428436040878296
-0.6675481796264648
-0.13763213157653809
0.32549870014190674
0.024883687496185303
0.057225823402404785
0.09822916984558105
-0.29337048530578613
-0.4643603563308716
-0.4957597255706787
-0.12759757041931152
-0.5613701343536377
-0.37670254707336426
-0.7133146524429321
-0.39139580726623535
-0.3883392810821533
-0.43602073192596436
-0.02359640598297119
0.0338132381439209
-0.6651426553726196
-0.06453025341033936
-0.04511535167694092
-0.16979867219924927
-0.3298940658569336
-0.07972550392150879
-0.3181265592575073
-0.287051796913147
-0.1056661605834961
-0.009537696838378906
-0.2617391347885132
-0.347112238407135
-0.19690728187561035
-0.04548144340515137
-1.1770983934402466
-0.2870054244995117
-0.5185726881027222
-0.15232539176940918
-0.6505950689315796
-0.20967721939086914
-0.1782594919204712
-0.24334967136383057
0.0038815736770629883
-0.4084929823875427
-0.035410284996032715
-0.06374490261077881
-0.5778212547302246
-0.20186245441436768
-0.7944003343582153
-0.05584079027175903
-0.03824663162231445
-0.43903589248657227
-0.6986809372901917
-0.7250075340270996
-0.5728461742401123
-0.6799271702766418
-0.35518527030944824
-0.03225433826446533
-0.575226902961731
-0.43869125843048096
-0.07630109786987305
-0.2889667749404907
-0.21312487125396729
-0.3550378084182739
-0.08455634117126465
-0.5333288908004761
-0.04933822154998779
-0.5104762315750122
0.019951581954956055
0.2781717777252197
-0.01567399501800537
-0.3698521852493286
-0.1765531301498413
-0.3511694073677063
-0.07336688041687012
-0.1079026460647583
-0.0361475944519043
0.4056915044784546
0.027280807495117188
-0.35727787017822266
-0.3765716552734375
-0.018440723419189453
-0.5639148354530334
-0.09960758686065674
0.14757907390594482
0.14713501930236816
-0.4327770471572876
-0.3795802593231201
-0.13099217414855957
-0.3542889952659607
-0.35282111167907715
-0.46674269437789917
0.04297316074371338
-0.27155011892318726
-0.5856161117553711
-0.1162259578704834
-0.14086437225341797
-0.1070626974105835
-0.2645174264907837
-0.04435157775878906
0.38231706619262695
-0.2482668161392212
8.940696716308594e-05
-0.30889207124710083
-0.013005375862121582
-0.025879383087158203
0.24971628189086914
-0.15057098865509033
-0.12159204483032227
-0.09276366233825684
-0.22945988178253174
-0.4852430820465088
-0.6773110628128052
-0.1082158088684082
-0.14334619045257568
0.4419717788696289
-0.3452848196029663
-0.16725242137908936
-0.7541851997375488
-0.02361130714416504
0.06264817714691162
0.401684045791626
-0.41730332374572754
-0.6008394360542297
0.45863139629364014
-0.047119855880737305
-0.3541630506515503
-0.45353710651397705
-0.3187263011932373
-0.8941385746002197
-0.4314781427383423
-0.7171398401260376
-0.32664215564727783
0.433078408241272
-0.36984550952911377
-0.22634375095367432
-0.2513880729675293
-0.390700101852417
-0.4603046178817749
-0.5722711086273193
-0.24137157201766968
-0.01116955280303955
0.05435311794281006
-0.09417355060577393
-0.2305598258972168
0.07839345932006836
-0.060510993003845215
-0.08371639251708984
-0.2779349088668823
-0.20435583591461182
-0.35167813301086426
-0.33041584491729736
-0.5014969110488892
-0.3756207227706909
-0.28418731689453125
0.1833338737487793
-0.23469340801239014
-0.22672629356384277
-0.5365808606147766
-0.29505717754364014
-0.3506889343261719
-0.0381472110748291
-0.5423081517219543
-0.2687866687774658
-0.1046074628829956
0.08879256248474121
-0.6263179183006287
-0.3047454357147217
-0.316867470741272
-0.25968313217163086
-0.3899925947189331
-0.4325665235519409
0.21307659149169922
-0.19574272632598877
-0.26596349477767944
-0.2596001625061035
-0.12270843982696533
-0.4002244472503662
-0.32057511806488037
0.02299344539642334
0.06160938739776611
-0.25681865215301514
-0.563079833984375
-0.14845871925354004
0.21754145622253418
-0.3359692096710205
-0.48769664764404297
0.2324749231338501
-0.01632845401763916
-0.2608145475387573
-0.16930341720581055
0.028824925422668457
0.1603604555130005
-0.2743217349052429
-0.6017606258392334
-0.19288325309753418
-0.3084944486618042
-0.5792725086212158
-0.27352482080459595
-0.10988247394561768
-0.4801933765411377
-0.2669243812561035
-0.28310561180114746
-0.6140615940093994
-0.4338473081588745
-0.7253190279006958
-0.18946874141693115
0.08936244249343872
-0.397098183631897
-0.035160183906555176
-0.2135622501373291
-0.452425479888916
-0.5384265184402466
0.09371316432952881
-0.19703161716461182
-0.15951049327850342
-0.5581197142601013
-0.15979886054992676
-0.2442060112953186
0.23060297966003418
-0.4645160436630249
-0.05273282527923584
-0.4824548363685608
-0.3673206567764282
0.23598051071166992
0.02003943920135498
-0.19328588247299194
0.16925859451293945
-0.41564834117889404
0.5389435291290283
-0.3557220697402954
-0.6235792636871338
-0.2615368962287903
-0.19814980030059814
-0.4134349822998047
-0.16919243335723877
-0.5935002565383911
-0.33180755376815796
-0.16759192943572998
-0.8635029196739197
0.08130097389221191
-0.12362313270568848
-0.47914135456085205
-0.35966992378234863
0.1449681520462036
-0.43338000774383545
-0.09437239170074463
-0.5548312664031982
-0.03917431831359863
-0.3209031820297241
-0.22171974182128906
-0.07362055778503418
-0.19392025470733643
-0.39996761083602905
-0.1865810751914978
0.07005536556243896
-0.2415090799331665
0.42389214038848877
0.12998652458190918
-0.2850337624549866
0.1698848009109497
-0.029918432235717773
0.30158931016921997
-0.4523409605026245
-0.35136163234710693
0.08340334892272949
-0.33028340339660645
-0.2284458875656128
-0.21425628662109375
-0.3829500079154968
-0.35357666015625
-0.4278135299682617
-0.6177327632904053
-0.5605251789093018
0.021898269653320312
-0.8429532051086426
-0.6369837522506714
0.031871676445007324
-0.11008453369140625
-0.16833913326263428
-0.37814056873321533
-0.3497347831726074
-0.18112719058990479
-0.28872668743133545
-0.5130956172943115
-0.7066332101821899
0.215490460395813
0.023175597190856934
-0.35882508754730225
-0.20090985298156738
-0.36085933446884155
0.2446500062942505
-0.17365384101867676
-0.022696733474731445
-0.43244558572769165
-0.278910756111145
-0.11719346046447754
-0.10614144802093506
-0.5967837572097778
-0.5604788064956665
-0.4535917639732361
-0.27400028705596924
-0.3972124457359314
-0.6344290971755981
-0.18053579330444336
-0.06660610437393188
-0.5255853533744812
-0.5944561958312988
0.003947854042053223
0.47255444526672363
-0.5891945958137512
-0.466683030128479
-0.03857797384262085
-0.40283870697021484
-0.07878947257995605
-0.3128780722618103
-0.08537483215332031
0.15602481365203857
-0.20397138595581055
-0.42016273736953735
-0.11958909034729004
0.06962621212005615
-0.24037587642669678
-0.22046715021133423
-0.06434965133666992
-0.7671259045600891
-0.10222506523132324
-0.2494196891784668
-0.17329096794128418
-0.3191951513290405
-0.43860840797424316
0.5811628103256226
-0.6604557633399963
-0.39931321144104004
-0.48930037021636963
-0.21361839771270752
-0.1141120195388794
-0.30525410175323486
-0.06153154373168945
0.7429331541061401
0.5833231210708618
-0.14282596111297607
-0.4056384563446045
-0.3484160900115967
-0.5908113718032837
-0.012188434600830078
-0.33529990911483765
-0.14658832550048828
-0.558373212814331
0.15316367149353027
-0.07872498035430908
-0.20841646194458008
-0.311037540435791
0.19828569889068604
-0.5397404432296753
0.14360618591308594
-0.10913848876953125
-0.14511871337890625
-0.5484395623207092
-0.28042662143707275
-0.2936321496963501
-0.33475637435913086
-0.10748028755187988
0.19844484329223633
-0.3913229703903198
-0.3432356119155884
-0.41073286533355713
-0.514275074005127
-0.29745912551879883
-0.17053258419036865
-0.29878783226013184
-0.28381794691085815
-0.5506843328475952
-0.3145679831504822
0.09083032608032227
-0.47758913040161133
0.036016643047332764
-0.46742188930511475
-0.4086254835128784
-0.23011445999145508
-0.13276803493499756
-0.33649277687072754
-0.5451974272727966
-0.0012557506561279297
-0.22050368785858154
0.006070137023925781
-0.52589350938797
-0.551516056060791
0.04629158973693848
-0.07832229137420654
-0.03988337516784668
-0.3402583599090576
0.23881852626800537
-0.5838135480880737
0.04645729064941406
0.14040714502334595
-0.2704584002494812
-0.7909824848175049
-0.174102783203125
-0.5613933205604553
-0.3206017017364502
-0.9832559823989868
-0.3273344039916992
0.014675140380859375
-0.23163509368896484
-0.5013843774795532
0.15031754970550537
-0.32717859745025635
-0.4116421937942505
0.27569830417633057
-0.05746102333068848
-0.2986321449279785
-0.5659193992614746
-0.03980875015258789
-0.24960863590240479
-0.4155671000480652
0.005631089210510254
-0.12774324417114258
-0.22916334867477417
-0.33571743965148926
-0.18466424942016602
-0.09736442565917969
-0.18328094482421875
-0.19905269145965576
0.14415287971496582
-0.2899841070175171
-0.2631770372390747
-0.2541910409927368
-0.024817347526550293
-0.31759464740753174
-0.3673620820045471
-0.4789541959762573
0.07893526554107666
-0.28207337856292725
0.011951446533203125
-0.14445281028747559
0.009219527244567871
-0.2423257827758789
-0.18097639083862305
-0.19521254301071167
-0.23014414310455322
-0.5409595966339111
-0.14887452125549316
-0.09910893440246582
-0.03486365079879761
0.05607438087463379
-0.005056262016296387
-0.2664506435394287
-0.44035470485687256
-0.23974454402923584
0.3386564254760742
-0.7071583271026611
-0.1138949990272522
-0.18982648849487305
-0.647074818611145
0.05265998840332031
-0.21988242864608765
0.19286656379699707
-0.38196253776550293
-0.09285998344421387
-0.1339045763015747
-0.2003980278968811
-0.1624048948287964
-0.38428187370300293
-0.48433351516723633
-0.24888122081756592
-0.44499826431274414
0.002700328826904297
0.07106256484985352
0.389790415763855
-0.17178010940551758
-0.7285860776901245
-0.3903472423553467
-0.052703022956848145
0.4523972272872925
-0.20426654815673828
-0.3801882266998291
0.5509212017059326
0.050668537616729736
0.0414886474609375
0.19391697645187378
0.04628169536590576
-0.03831779956817627
-0.16200876235961914
-0.33369457721710205
-0.610213041305542
-0.576306939125061
0.21529823541641235
0.3393024802207947
-0.08126777410507202
-0.19621658325195312
-0.541022539138794
-0.37010717391967773
-0.3956949710845947
-0.905056357383728
-0.36875200271606445
0.8983649015426636
-0.13142120838165283
-0.13414978981018066
-0.25464487075805664
-0.5753146409988403
-0.5893882513046265
-0.28182315826416016
-0.15372872352600098
-0.30783510208129883
-0.2843961715698242
-0.15374040603637695
-0.4391138553619385
-0.017713546752929688
-0.18946874141693115
-0.5058274269104004
-0.42231154441833496
0.9730889797210693
0.04048478603363037
-0.406919002532959
-0.023316502571105957
-0.5188161134719849
-0.3614940643310547
-0.34445977210998535
-0.19287323951721191
0.07002902030944824
-0.28037863969802856
0.8343946933746338
-0.5063146352767944
0.10335004329681396
-0.2218620777130127
-0.13154375553131104
-0.661444902420044
0.06499409675598145
-0.42307353019714355
-0.4445527195930481
0.0307997465133667
0.23116791248321533
-0.5465227961540222
-0.07593321800231934
-0.22489231824874878
-0.14314407110214233
-0.3740636110305786
-0.17097163200378418
-0.05779397487640381
-0.1025928258895874
-0.14286410808563232
-0.22196495532989502
-0.7522006630897522
-0.505272626876831
-0.13917458057403564
-0.11620604991912842
-0.21061325073242188
-0.10922461748123169
-0.15937477350234985
-0.31083202362060547
-0.0422590970993042
0.06909942626953125
-0.2283649444580078
-0.2760629653930664
-0.5551890134811401
-0.8055844902992249
-0.2238072156906128
-0.12044882774353027
-0.8165320158004761
0.2537057399749756
-0.49406182765960693
-0.20176315307617188
0.2690253257751465
-0.1366199254989624
-0.08200675249099731
-0.1236579418182373
-0.04530751705169678
0.02811598777770996
-0.2932097911834717
-0.051566481590270996
-0.352968692779541
-0.3232307434082031
0.02413499355316162
-0.031679391860961914
-0.13739025592803955
-0.2026228904724121
-0.6656229496002197
-0.6690624356269836
-0.35394287109375
-0.6067208051681519
-0.44817936420440674
-0.09437894821166992
-0.2132190465927124
-0.1779346466064453
-0.005788445472717285
-0.11265242099761963
0.3808774948120117
-0.26251423358917236
0.20529687404632568
-0.2480347752571106
0.4381215572357178
-0.23916137218475342
-0.2514524459838867
-0.2311861515045166
-0.3383333086967468
-0.14278292655944824
-0.10381722450256348
-0.37248778343200684
-0.04816699028015137
0.14649522304534912
-0.1411195993423462
-0.4107428193092346
-0.41195714473724365
0.1850435733795166
-0.0624692440032959
-0.17268627882003784
0.0007587671279907227
-0.1481837034225464
0.6015451550483704
-0.4359363317489624
-0.3856123685836792
-0.03145742416381836
-0.09326064586639404
-0.5194787383079529
-0.05166757106781006
-0.46752798557281494
-0.2287888526916504
-0.16795647144317627
0.369106650352478
-0.6267684698104858
-0.13294875621795654
-0.20323097705841064
-0.24503445625305176
-0.6440081596374512
-0.12030148506164551
-0.5318410396575928
-0.2730974555015564
-0.3286217451095581
-0.45749831199645996
-0.9914698600769043
0.004897356033325195
-0.03475594520568848
-0.5538586974143982
-0.3385453224182129
-0.20310676097869873
-0.5407955050468445
-0.03158336877822876
-0.40062201023101807
-0.34336304664611816
-0.38045334815979004
-0.34764397144317627
-0.08554697036743164
-0.40919870138168335
-0.824972927570343
-0.03400552272796631
-0.46578508615493774
-0.38803112506866455
0.8240882158279419
-0.15042519569396973
-0.12260246276855469
-0.07174503803253174
-0.3970683813095093
-0.04162943363189697
-0.16631793975830078
-0.1685924530029297
-0.3768168091773987
-0.19743752479553223
-0.09592801332473755
0.04015505313873291
-0.5135130882263184
0.09013617038726807
-0.1926182508468628
-0.39516663551330566
-0.23857831954956055
-0.4480750560760498
-0.36559271812438965
-0.1233745813369751
0.13680386543273926
-0.2500889301300049
0.008510470390319824
-0.03946268558502197
-0.3758676052093506
-0.426231324672699
-0.9878698587417603
0.03263711929321289
-0.5187084078788757
0.18428826332092285
-0.19818294048309326
-0.11713063716888428
-0.2381906509399414
-0.5169374346733093
-0.19719231128692627
-0.9465864896774292
-0.32525360584259033
-0.9544360041618347
-0.2806236743927002
-0.009610652923583984
-0.49320852756500244
-0.43774867057800293
0.062116384506225586
-0.287003755569458
0.13295692205429077
-0.2886521816253662
-0.06888890266418457
-0.867535412311554
-0.34517717361450195
-0.21451139450073242
0.3881569504737854
-0.006158113479614258
-0.4740951657295227
-0.4277339577674866
-0.30430305004119873
-0.18283700942993164
0.2912564277648926
-0.5393658876419067
-0.29090356826782227
-0.44855546951293945
-0.5005659461021423
-0.2974390983581543
-0.1958634853363037
-0.27105629444122314
-0.477872371673584
-0.36263054609298706
-0.26507568359375
-0.1888740062713623
-0.2314164638519287
0.14301812648773193
0.061205148696899414
-0.18113386631011963
-0.3935825824737549
-0.35178089141845703
-0.0012955665588378906
-0.09488260746002197
-0.7061776518821716
-0.544827938079834
-0.2876349687576294
-0.20216071605682373
-0.17810547351837158
-0.5422816276550293
-0.4526822566986084
-0.3134414553642273
0.27350664138793945
-0.23831653594970703
-0.6666171550750732
-0.010064482688903809
-0.029963135719299316
-0.2596714496612549
0.02459537982940674
-0.2926448583602905
-0.6682307720184326
-0.7625634074211121
-0.2513282299041748
-0.17535853385925293
-0.19164729118347168
0.08982646465301514
-0.4240262508392334
-0.25731730461120605
-0.1484670639038086
-0.31323111057281494
-0.5518258810043335
-0.3296969532966614
-0.10591471195220947
0.7368032932281494
-0.3699532151222229
-0.2821478843688965
0.08047926425933838
-0.6690590381622314
-0.5236304998397827
-0.17017972469329834
-0.180128276348114
-0.18779706954956055
-0.3786773681640625
-0.4657402038574219
-0.3131978511810303
-0.180090069770813
0.4871581792831421
0.00966191291809082
-0.29131776094436646
-0.08187592029571533
0.17045974731445312
-0.5004451274871826
-0.30053234100341797
0.1778470277786255
-0.1523006558418274
-0.11115801334381104
-0.3632352352142334
0.003435969352722168
0.016704559326171875
-0.059449076652526855
-0.15411639213562012
0.04629158973693848
-0.681986391544342
0.16257226467132568
-0.07344484329223633
-0.4550812244415283
-0.2320476770401001
-0.3531177043914795
-0.5572599172592163
-0.37435173988342285
-0.6357660293579102
-0.1878981590270996
-0.307997465133667
0.08146166801452637
-0.2599117159843445
-0.2872854471206665
0.1349964141845703
-0.15153521299362183
0.082813560962677
-0.31011641025543213
-0.3586611747741699
-0.10010790824890137
-0.2236647605895996
-0.35164666175842285
-0.24877363443374634
-0.1012808084487915
-0.44553184509277344
0.22781622409820557
-0.10888671875
-0.3096078634262085
-0.12264060974121094
-0.4329889416694641
-0.5961227416992188
0.16194593906402588
0.01648092269897461
-0.3629719018936157
-0.23641788959503174
-0.49436652660369873
-0.535875141620636
-0.19852924346923828
-0.4321606755256653
-0.645399808883667
-0.14137625694274902
-0.8807624578475952
-0.2949939966201782
-0.221815824508667
0.5749716758728027
-0.9538064002990723
-0.18171870708465576
0.1924574375152588
-0.24948596954345703
-0.16031581163406372
-0.09563475847244263
-0.6888600587844849
-0.290061891078949
-0.09133219718933105
-0.4406893253326416
-0.32036811113357544
-0.42974185943603516
-0.0869286060333252
-0.6702237129211426
-0.5138063430786133
0.04357790946960449
-0.14201593399047852
-0.05750232934951782
-0.7217686772346497
-0.0798298716545105
-0.4192664623260498
-0.3263901472091675
-0.043702125549316406
-0.33977800607681274
0.17669391632080078
-0.12916302680969238
-0.33428096771240234
-0.3439595103263855
-0.037131667137145996
-0.1703735589981079
0.14068877696990967
-0.12977445125579834
0.3003882169723511
-0.04941117763519287
-0.2694411277770996
-0.6024630069732666
-0.21438395977020264
0.07050573825836182
-0.6001719236373901
-0.2633194923400879
-0.3097105026245117
-0.17061388492584229
-0.10678267478942871
-0.008883237838745117
-0.26516664028167725
-0.1145244836807251
-0.23499000072479248
-0.31558847427368164
-0.21291422843933105
-0.41300249099731445
-0.13409006595611572
-0.45248687267303467
-0.24844574928283691
-0.2935444116592407
0.160819411277771
-0.4149128198623657
-0.34454935789108276
0.34918665885925293
-0.3069072961807251
-0.2889288663864136
0.07447373867034912
-0.3330402374267578
-0.26288384199142456
-0.06019949913024902
-0.028780341148376465
-0.5178089141845703
-0.2585432529449463
-0.4298645257949829
-0.6091792583465576
-0.03642594814300537
0.27863073348999023
-0.0585627555847168
-0.26325321197509766
-0.06396853923797607
0.22589457035064697
-0.5037037134170532
0.6115134954452515
0.11586153507232666
-0.24320054054260254
-0.7838039398193359
-0.24220824241638184
-0.24554479122161865
-0.4718850255012512
0.19295942783355713
-0.733648955821991
-0.29109084606170654
-0.48911964893341064
-0.4093925952911377
-0.21697163581848145
0.010934233665466309
0.2888162136077881
-0.28665751218795776
-0.5094690322875977
-0.1438746452331543
0.2579617500305176
0.25722944736480713
-0.18925166130065918
-0.2928254008293152
-0.2744227647781372
-0.14127683639526367
-0.5254230499267578
-0.42307859659194946
-0.17577779293060303
-0.2561724781990051
-0.5239652395248413
-0.052093327045440674
0.10600244998931885
-0.16449719667434692
-0.0861501693725586
-0.18509340286254883
-0.5048550367355347
-0.32476329803466797
-0.6072442531585693
-0.3449500799179077
-0.2250099778175354
-0.22011274099349976
-0.12366610765457153
-0.2864454984664917
0.37925052642822266
-0.1022036075592041
-0.31042617559432983
-0.7491523027420044
-0.2926332950592041
-0.511513352394104
-0.20849430561065674
-0.35891449451446533
-0.48121559619903564
-0.09180116653442383
0.19564831256866455
-0.24372071027755737
-0.28164422512054443
-0.26532089710235596
-0.08308196067810059
-0.2585432529449463
-0.034851908683776855
0.0180281400680542
-0.07278883457183838
0.026709318161010742
-0.32623612880706787
-0.414331316947937
-0.31848108768463135
-0.31468069553375244
-0.27364563941955566
-0.4728708267211914
-0.2667124271392822
-0.21376925706863403
-0.08876937627792358
-0.047772765159606934
-0.39481520652770996
-0.6765425205230713
-0.13409018516540527
-0.6066528558731079
-0.28516799211502075
-0.13774645328521729
0.0001971125602722168
0.048057615756988525
-0.09638023376464844
0.022252798080444336
-0.7459715008735657
-0.7059787511825562
-0.043889403343200684
-0.37758564949035645
-0.24031955003738403
-0.05508863925933838
-0.3249654769897461
-0.18856573104858398
-0.27143895626068115
-0.5454807281494141
-0.07393860816955566
-0.19340991973876953
-0.2497164011001587
-0.6153488755226135
-0.34027326107025146
0.19811344146728516
-0.5200701951980591
-0.6877168416976929
-0.12403905391693115
-0.7029585242271423
-0.4199540615081787
-0.13502287864685059
-0.01379859447479248
-0.12626230716705322
-0.08256185054779053
-0.3438832759857178
-0.5823588371276855
-0.42490100860595703
-0.14059114456176758
-0.5725613236427307
0.08736765384674072
-0.408223032951355
-0.45945656299591064
-0.33383870124816895
-0.7682211399078369
-0.3579287528991699
-0.3974776268005371
-0.40704345703125
0.14612442255020142
0.1730077862739563
-0.21826386451721191
-0.8353390097618103
0.03452897071838379
-0.11383199691772461
0.13364624977111816
-0.3230553865432739
-0.2178281545639038
-0.6919448971748352
0.3260456919670105
-0.10343122482299805
-0.3353230953216553
-0.17533046007156372
-0.3353778123855591
-0.5640390515327454
0.6340230703353882
-0.7543827295303345
-0.2197035551071167
-0.11051046848297119
-0.17833244800567627
-0.33461058139801025
-0.13459879159927368
-0.29225045442581177
-0.24953079223632812
-0.2636392116546631
-0.21285802125930786
-0.15995293855667114
-0.057515740394592285
-0.7416326403617859
-0.25908827781677246
-0.49264848232269287
-0.5153453350067139
-0.25632989406585693
0.7392569780349731
-0.38285887241363525
-0.2871992588043213
-0.15439963340759277
-0.2746960520744324
-0.12066102027893066
-0.1431722640991211
-0.05372190475463867
-0.22970998287200928
-0.1348952054977417
-0.35975611209869385
-0.14881157875061035
-0.6303685307502747
-0.057726144790649414
-0.2127387523651123
-0.0514521598815918
0.04492151737213135
-0.4710831642150879
0.08181452751159668
-0.20151138305664062
-0.3045962452888489
-0.18537670373916626
-0.08912724256515503
-0.11321568489074707
-0.14513707160949707
-0.2615998387336731
-0.2147582769393921
-0.18052911758422852
-0.23316919803619385
-0.003878355026245117
-0.2845700979232788
-0.3558049201965332
-0.0733788013458252
-0.2788180112838745
0.05707007646560669
0.3961423635482788
-0.20608389377593994
-0.44526350498199463
-0.44323235750198364
-0.021425962448120117
-0.11081176996231079
-0.3669726848602295
-0.2574763298034668
0.15955698490142822
-0.4247997999191284
-0.24052166938781738
0.06775403022766113
0.08880752325057983
-0.9715083837509155
-0.17883086204528809
-0.017299234867095947
-0.2232372760772705
-0.16671741008758545
-0.44078218936920166
-0.3026578426361084
-0.06273269653320312
-0.22433245182037354
-0.3671051263809204
-0.5268594026565552
-0.49422407150268555
-0.18795287609100342
-0.221795916557312
-0.5174427032470703
-0.12240040302276611
-0.40377986431121826
-0.2287839651107788
-0.02635979652404785
-0.269430935382843
-0.4987684488296509
-0.21931087970733643
0.04842519760131836
-0.2756338119506836
-0.35242366790771484
-0.3128267526626587
-0.3026198148727417
-0.3626387119293213
0.09465563297271729
-0.29966092109680176
0.12552165985107422
-0.24363791942596436
-0.3470492362976074
-0.22448313236236572
-0.07733321189880371
-0.777422308921814
-0.37011224031448364
-0.11514747142791748
-0.22138500213623047
-0.2482668161392212
-0.30028367042541504
-0.12883996963500977
-0.16033893823623657
-0.0011563897132873535
-0.30237138271331787
-0.2304621934890747
-0.0928581953048706
-0.5575994253158569
-0.5381465554237366
-0.3680363893508911
-0.16496610641479492
-0.36086952686309814
0.044759154319763184
0.05153179168701172
-0.33742058277130127
-0.23234736919403076
-0.10495704412460327
-0.3802361488342285
-0.4901103973388672
-0.40337705612182617
-0.22526836395263672
0.10533809661865234
0.0434718132019043
-0.6601892709732056
-0.3801649808883667
-0.21046090126037598
-0.372325599193573
-0.48586273193359375
-0.3752281665802002
0.025208353996276855
-0.4353928565979004
0.034790754318237305
-0.05940437316894531
-0.5550100803375244
-0.38241326808929443
-0.11546218395233154
-0.31070953607559204
-0.5923769474029541
-0.06750726699829102
-0.09885883331298828
-0.3666430711746216
-0.09030020236968994
-0.25191307067871094
-0.3654850125312805
-0.8648596405982971
-0.29075944423675537
-0.42844295501708984
-0.3451671600341797
-0.7300091981887817
-0.08100605010986328
-0.5140780210494995
-0.31969714164733887
-0.4138143062591553
-0.3866809606552124
-0.3396735191345215
0.17710328102111816
-0.007650613784790039
0.3772542476654053
-0.6131553649902344
-0.16345858573913574
-0.6007764339447021
-0.3403743505477905
0.12386167049407959
-0.2068955898284912
-0.33759450912475586
-0.2581522464752197
-0.050633788108825684
-0.2848815321922302
-0.22858846187591553
-0.8022679090499878
0.23868095874786377
-0.41046440601348877
-0.07277888059616089
-0.13688671588897705
-0.19323426485061646
-0.3606092929840088
-0.3798917531967163
-0.11341118812561035
-0.3847607374191284
-0.6303470134735107
0.3174969553947449
0.11383700370788574
-0.1629035472869873
-0.3693336248397827
-0.2859649658203125
-0.1305546760559082
-0.2819209098815918
0.16955679655075073
-0.28711962699890137
-0.5604971647262573
-0.6963415145874023
-0.4109629988670349
-0.6373051404953003
0.3635699152946472
-0.07128620147705078
0.028120875358581543
-0.3417643904685974
-0.46880030632019043
-0.18325114250183105
-0.32854723930358887
-0.23238885402679443
-0.3397829532623291
-0.00871264934539795
-0.20374929904937744
-0.5983841419219971
0.1930420994758606
-0.5482606291770935
-0.040300965309143066
-0.37347865104675293
-0.15400707721710205
-0.16587555408477783
0.050075411796569824
-0.6289470195770264
-0.6816103458404541
-0.804945170879364
-0.40542149543762207
-0.5583814382553101
-0.5706130266189575
-0.5075339078903198
0.2229323387145996
-0.003518819808959961
-0.3565189838409424
-0.2596101760864258
-0.21976971626281738
-0.10901260375976562
-0.3030672073364258
-0.5117237567901611
-0.4782683849334717
-0.19115197658538818
0.08640360832214355
-0.30802714824676514
0.17585229873657227
-0.21889668703079224
-0.5652451515197754
0.1450442671775818
-0.3125666379928589
-0.44365644454956055
-0.01640141010284424
-0.3075220584869385
-0.24738365411758423
-0.2709057331085205
-0.5500267148017883
-0.3788396716117859
0.3587074279785156
-0.2599729299545288
0.6234633922576904
-0.25965166091918945
-0.3333897590637207
-0.5923919677734375
-0.16624665260314941
-0.42056870460510254
-0.04129993915557861
0.12179577350616455
0.6959590315818787
-0.2719839811325073
-0.5324407815933228
-0.30428647994995117
-0.07283681631088257
-0.4602234959602356
-0.2969886064529419
0.042073607444763184
0.0423436164855957
-0.32350075244903564
-0.019211292266845703
-0.39361751079559326
-0.2165822982788086
-0.22192037105560303
-0.02494823932647705
-0.33389991521835327
-0.2596018314361572
0.49613916873931885
-0.17485666275024414
-0.33713388442993164
-0.1545918583869934
-0.178519606590271
-0.3985345959663391
-0.7822583913803101
-0.05825626850128174
-0.3680843710899353
-0.19840824604034424
0.20916545391082764
-0.426100492477417
-0.3070067763328552
-0.49027109146118164
-0.18079590797424316
-0.5322867631912231
-0.36196959018707275
-0.11963707208633423
-0.07809197902679443
-0.3223229646682739
-0.3732980489730835
0.024333596229553223
-0.4418773651123047
-0.018786847591400146
-0.09259641170501709
-0.04653346538543701
-0.5023485422134399
0.13813257217407227
-0.3836026191711426
-0.1740729808807373
-0.21738743782043457
-0.33372271060943604
-0.027401864528656006
-0.47731077671051025
-0.4608149528503418
-0.1737118363380432
-0.6285659074783325
0.0017527341842651367
-0.2326589822769165
0.03167617321014404
0.04138922691345215
-0.2998083829879761
-0.27452534437179565
-0.33368635177612305
0.004151821136474609
-0.44511938095092773
-0.18236315250396729
0.1132802963256836
-0.4416254758834839
0.1573319435119629
-0.07683289051055908
-0.31624114513397217
-0.2056795358657837
-0.26474428176879883
-0.31708288192749023
0.03974425792694092
-0.04583096504211426
-0.26598358154296875
0.1383512020111084
-0.24139809608459473
-0.18166732788085938
-0.663704514503479
-0.10388678312301636
0.0015903711318969727
-0.06409621238708496
-0.5920655727386475
-0.10997176170349121
0.5488536357879639
-0.4747992753982544
-0.3302321434020996
-0.0699758529663086
-0.4429309368133545
-0.5933129787445068
-0.44870126247406006
0.1320326328277588
-0.15702545642852783
-0.549776554107666
-0.004723310470581055
-0.17868858575820923
-0.2295609712600708
-0.23549681901931763
-0.509473979473114
-0.2673419713973999
0.05979037284851074
-0.6472156047821045
-0.16583597660064697
-0.05270123481750488
-0.6473729610443115
0.35134196281433105
-0.8858435750007629
-0.6716716289520264
0.11500167846679688
-0.26970285177230835
-0.5764395594596863
-0.2686673402786255
-0.478041410446167
-0.2329338788986206
-0.0677640438079834
0.2519495487213135
-0.23207426071166992
-0.3312642574310303
-0.13960027694702148
-0.11951947212219238
-0.46874070167541504
-0.3957362174987793
-0.3826385736465454
-0.03391611576080322
0.15839731693267822
-0.12878865003585815
-0.22840619087219238
-0.5951273441314697
-0.39124011993408203
-0.6490131616592407
-0.4478926658630371
-0.43347275257110596
-0.012117087841033936
-0.3891146183013916
-0.27794337272644043
-0.15199410915374756
0.23881042003631592
-0.31776881217956543
-0.45665669441223145
-0.31659746170043945
-0.4666001796722412
0.16271144151687622
-0.21384716033935547
-0.04426217079162598
-0.3231182098388672
-0.35326528549194336
-0.10206437110900879
0.2055884599685669
0.038465142250061035
-0.22028833627700806
-0.6572104692459106
-0.04673886299133301
-0.6953212022781372
-0.24756944179534912
-0.4433532953262329
-0.07220566272735596
-0.5766383409500122
-0.024762749671936035
-0.21255147457122803
-0.5371592044830322
-0.3107227087020874
-0.15021979808807373
-0.13425254821777344
-0.18641382455825806
-0.5643488764762878
-0.1646662950515747
-0.7189391851425171
-0.19135898351669312
-0.30487966537475586
-0.38708174228668213
-0.09966552257537842
-0.31857383251190186
0.2459937334060669
-0.36081480979919434
-0.29776573181152344
-0.44552695751190186
0.15503740310668945
-0.13035106658935547
0.025254786014556885
-0.26086103916168213
-0.5171146988868713
-0.022380471229553223
-0.039156198501586914
0.4798091650009155
0.1503455638885498
0.09302043914794922
-0.5445860624313354
-0.1749708652496338
-0.2854961156845093
-0.42840659618377686
-0.6898954510688782
-0.0969386100769043
-0.24348056316375732
0.05669909715652466
-0.05541837215423584
-0.7623531818389893
-0.19296109676361084
-0.19533681869506836
-0.08811330795288086
0.09192705154418945
-0.5036489963531494
-0.424892783164978
0.01582479476928711
-0.13884317874908447
0.21366643905639648
-0.14382827281951904
-0.2493453025817871
-0.27637600898742676
0.052522480487823486
0.03350996971130371
-0.017685294151306152
-0.38646554946899414
-0.2981400489807129
-0.11745858192443848
0.238747239112854
-0.11963379383087158
0.03991818428039551
-0.30198192596435547
-0.3248196840286255
-0.26668596267700195
0.6762210726737976
-0.08217239379882812
-0.14286565780639648
0.6288741827011108
-0.162925124168396
-0.3948650360107422
-0.10309982299804688
-0.006341814994812012
0.020816445350646973
-0.3874959349632263
-0.05729043483734131
-0.2687220573425293
0.09033167362213135
-0.25044047832489014
-0.04671072959899902
-0.7109224796295166
-0.5801702737808228
-0.019095182418823242
-0.7294259667396545
-0.5336883068084717
0.19942384958267212
-0.14846372604370117
-0.5393375754356384
-0.20289134979248047
-0.6822083592414856
-0.0666738748550415
-0.32763606309890747
-0.0798795223236084
-0.6451413631439209
-0.41011327505111694
-0.2367328405380249
0.014774441719055176
-0.48320043087005615
-0.41589999198913574
-0.4595906734466553
-0.005921125411987305
-0.4444168210029602
-0.4772080183029175
-0.5510472655296326
-0.28542983531951904
-0.5453563928604126
-0.2729300260543823
-0.3720504641532898
-0.4369450807571411
-0.04513847827911377
-0.06551933288574219
0.035021066665649414
-0.09173977375030518
-0.3602813482284546
-0.5425964593887329
-0.2836754322052002
-0.4775775671005249
-0.3162294626235962
-0.7283858060836792
0.250665545463562
-0.1949293613433838
-0.001996278762817383
-0.041435837745666504
-0.3256976008415222
-0.011258840560913086
-0.1614670753479004
-0.35315918922424316
-0.09309661388397217
-0.12668967247009277
-0.30464261770248413
0.09699821472167969
-0.16595196723937988
-0.18733978271484375
-0.30881428718566895
-0.08414554595947266
0.0020575523376464844
-0.03268170356750488
-0.18454504013061523
-0.6739416122436523
-0.7266807556152344
-0.35667967796325684
-0.5403565764427185
-0.5652981996536255
-0.22796368598937988
-0.6799851655960083
-0.4606311321258545
-0.07052099704742432
0.027236104011535645
-0.2795369625091553
-0.20810997486114502
-0.24734222888946533
0.01197969913482666
-0.5645907521247864
-0.3631887435913086
-0.052103400230407715
-0.22130060195922852
-0.3282970190048218
-0.08967232704162598
-0.691520631313324
-0.6666916608810425
-0.2752726078033447
-0.21569103002548218
0.1836686134338379
-0.05182158946990967
-0.3340390920639038
-0.24921941757202148
-0.04329293966293335
0.02000129222869873
-0.16420888900756836
0.27966785430908203
-0.3734637498855591
-0.48745638132095337
0.04142415523529053
-0.455718994140625
-0.5585339069366455
-1.2417743802070618
-0.2838360071182251
-0.4763714075088501
-0.24515223503112793
-0.28020966053009033
0.10904240608215332
0.06865048408508301
-0.3328944444656372
-0.038364291191101074
0.21379071474075317
-0.19986283779144287
-0.09201657772064209
-0.24911832809448242
-0.6658350825309753
0.13331973552703857
0.27109766006469727
-0.0158083438873291
0.12483257055282593
-0.26805436611175537
-0.4379259943962097
-0.22308993339538574
-0.5502139329910278
-0.47633326053619385
-0.19331049919128418
-0.3943382501602173
-0.13899564743041992
0.2607616186141968
-0.26529592275619507
-0.43046092987060547
-0.6357676982879639
0.34895288944244385
0.21860677003860474
-0.25729918479919434
0.07804226875305176
0.025271296501159668
-0.5113593339920044
0.1555478572845459
-0.3857448101043701
-0.15108299255371094
0.13853681087493896
0.07415390014648438
-0.7129136323928833
-0.34363627433776855
-0.24632680416107178
-0.24624896049499512
0.371502161026001
0.014544248580932617
0.013260245323181152
-0.7344326972961426
0.06280720233917236
-0.2684287428855896
-0.6637263298034668
-0.8198920488357544
0.01085805892944336
-0.30729007720947266
-0.40393704175949097
-0.333798885345459
-0.07367688417434692
0.011353373527526855
-0.1610943078994751
-0.2258697748184204
0.17893707752227783
-0.1492457389831543
-0.20879077911376953
0.003518819808959961
-0.42867159843444824
-0.2316499948501587
-0.26836252212524414
-0.22460556030273438
-0.30287158489227295
-0.306948721408844
0.571426272392273
-0.42521750926971436
0.338364839553833
-0.6441256999969482
-0.41200852394104004
-0.13131344318389893
0.10283148288726807
-0.352847695350647
-0.33160877227783203
-0.4371023178100586
-0.35761559009552
-0.406612753868103
-0.3568105697631836
-0.3221639394760132
0.04398703575134277
0.034307003021240234
-0.25396573543548584
-0.7182117700576782
-0.2883490324020386
-0.08176314830780029
0.05868208408355713
-0.13087785243988037
-0.16297805309295654
-0.11348247528076172
-0.0039032697677612305
-0.04573488235473633
-0.09843122959136963
-0.6526942253112793
-0.06901156902313232
-0.12550508975982666
-0.14531433582305908
-0.316062331199646
0.0788341760635376
-0.1399780511856079
-0.12215852737426758
-0.16990149021148682
-0.4666515588760376
-0.5496491193771362
-0.07814836502075195
-0.23077189922332764
-0.3145679831504822
-0.0058332085609436035
-0.14178895950317383
-0.20097112655639648
-0.059411048889160156
0.2431856393814087
-0.34957408905029297
-0.3277205228805542
-0.33783960342407227
-0.17173540592193604
0.004705071449279785
0.05989968776702881
-0.49084770679473877
0.19493091106414795
-0.2475576400756836
-0.19768762588500977
-0.2678554058074951
-0.08695864677429199
-0.140610933303833
0.27615898847579956
-0.36814403533935547
-0.014618754386901855
-0.0034759044647216797
-0.012590944766998291
-0.177162766456604
-0.07034683227539062
-0.8872551321983337
-0.13913321495056152
0.2660564184188843
0.06743443012237549
0.05766654014587402
-0.4553842544555664
0.18714779615402222
-0.03664958477020264
0.017807841300964355
-0.49820518493652344
-0.20641016960144043
0.13961362838745117
-0.9234324097633362
-0.6590459942817688
-0.13061285018920898
-0.17368531227111816
-0.3801999092102051
-0.8105812072753906
-0.018389463424682617
-0.38435161113739014
-0.011968135833740234
-0.36993491649627686
0.1964433789253235
-0.46144962310791016
-0.3266451358795166
-0.11462569236755371
0.087016761302948
-0.33777332305908203
-0.8637977838516235
-0.4876086711883545
-0.13396918773651123
-0.2976728677749634
-0.25840747356414795
-0.23016393184661865
-0.10644972324371338
-0.1139594316482544
-0.3939306139945984
0.09125280380249023
-0.2773020267486572
-0.47694623470306396
-0.2516331672668457
-0.23480606079101562
-0.0066204071044921875
-0.6004467010498047
-0.4283767342567444
-0.14218467473983765
-0.10992884635925293
-0.21581512689590454
-0.46227455139160156
0.08648645877838135
-0.036182403564453125
-0.005944371223449707
-0.32720696926116943
0.0961616039276123
-0.790800154209137
-0.4981587529182434
-0.12740695476531982
-0.009915351867675781
-0.19347131252288818
-0.39165759086608887
-0.15409314632415771
-0.3021591901779175
-0.1632845401763916
-0.29451537132263184
-0.03486204147338867
-0.6897447109222412
-0.19098633527755737
-0.1393071413040161
-0.005877971649169922
-0.18794620037078857
-0.31736934185028076
0.035524725914001465
-0.2388550043106079
0.032106876373291016
0.0416262149810791
-0.2301771640777588
-0.6487859487533569
-0.5218644142150879
-0.2738726735115051
-0.42019104957580566
-0.28727877140045166
0.27163952589035034
0.09857368469238281
0.028390884399414062
0.15740984678268433
-0.27246129512786865
0.13859808444976807
-0.4052608609199524
-0.09825736284255981
-0.2134544849395752
-0.03352832794189453
-0.07270276546478271
-0.41354095935821533
-0.060221195220947266
-0.3904631733894348
0.007268071174621582
-0.09728145599365234
0.05517655611038208
-0.43037474155426025
-0.38576626777648926
-0.39128148555755615
-0.2523289918899536
-0.10292589664459229
-0.1284160017967224
-0.030523061752319336
-0.15793168544769287
-0.07399165630340576
0.15762019157409668
-0.4964374303817749
-0.5478134155273438
0.6127527952194214
-0.28547120094299316
-0.2508213520050049
-0.13848382234573364
0.002092421054840088
-0.1571066975593567
-0.1370772123336792
-0.10992872714996338
0.24738037586212158
-0.18961119651794434
-0.20569443702697754
-0.5203883051872253
0.28438448905944824
-0.15484535694122314
-0.560603141784668
-0.18662095069885254
-0.3110358715057373
0.15063071250915527
-0.3201245665550232
-0.1130598783493042
-0.22935235500335693
-0.2324601411819458
0.056473612785339355
-0.3445526361465454
-0.10258960723876953
-0.8373270034790039
-0.3730197548866272
0.03975415229797363
-0.21174311637878418
-0.2528409957885742
-0.19834375381469727
0.15631139278411865
-0.12434041500091553
0.07860052585601807
-0.06768131256103516
-0.15902507305145264
-0.5030988454818726
-0.15266013145446777
-0.6447255611419678
0.014618635177612305
-0.7431352734565735
-0.38933825492858887
-0.6880714297294617
-0.2687833309173584
-0.30665069818496704
-0.4229063391685486
-0.10066783428192139
-0.4217897653579712
-0.06580579280853271
-0.3266867399215698
-0.28619682788848877
-0.16305100917816162
-0.12908518314361572
-0.22908544540405273
0.18882250785827637
-0.13335275650024414
-0.19910573959350586
-0.30335545539855957
-0.04197418689727783
-0.17467927932739258
0.1554732322692871
-0.3229755163192749
-0.6583202481269836
-0.1378740668296814
-0.282595157623291
-0.09059011936187744
-0.26536059379577637
-0.08149981498718262
-0.34032464027404785
-0.24844229221343994
-0.10939371585845947
-0.3564724922180176
-0.2167595624923706
-0.3221573829650879
-0.4271275997161865
0.12450122833251953
-0.16445589065551758
-0.25603997707366943
-0.6313574314117432
-0.43573570251464844
-0.28296148777008057
-0.012734651565551758
-0.5400633811950684
0.0018720626831054688
-0.06385433673858643
0.4832301139831543
-0.2809668779373169
-0.07576918601989746
-0.2467823624610901
0.4743121862411499
-0.44155585765838623
-0.309354305267334
-0.44244712591171265
-0.23097729682922363
-0.29538679122924805
-0.184589684009552
-0.23831987380981445
-0.4356546401977539
-0.46120262145996094
-0.3640851378440857
-0.47079503536224365
-0.18513643741607666
-0.7280939817428589
-0.30756497383117676
-0.5621836185455322
-0.09819447994232178
-0.5382043123245239
-0.5664596557617188
-0.1702725887298584
-0.6272969245910645
-0.5438622236251831
-0.4028385877609253
-0.3973914384841919
-0.06854122877120972
0.007002830505371094
-0.2841641902923584
-0.3470889925956726
-0.7588838934898376
-0.2693333625793457
-0.11124253273010254
-0.37457215785980225
-0.13756918907165527
-0.3050154447555542
-0.38598835468292236
-0.42047274112701416
-0.3452998399734497
-0.49959832429885864
-0.44112837314605713
-0.29401659965515137
-0.09233295917510986
0.43494725227355957
-1.1098230481147766
-0.21586835384368896
-0.1658954620361328
-0.0824209451675415
-0.44533634185791016
-0.16204869747161865
-0.151200532913208
-0.07526230812072754
0.1019136905670166
0.3358384966850281
0.04453873634338379
-0.4578545093536377
-0.2945582866668701
-0.3815864324569702
-0.23583173751831055
-0.3355898857116699
-0.28019285202026367
-0.21478486061096191
-0.053052663803100586
-0.06414592266082764
-0.18073952198028564
-0.2888558506965637
0.0737231969833374
-0.5609477162361145
-0.4374786615371704
-0.5572947263717651
-0.3929762840270996
-0.19161415100097656
-0.06968748569488525
-0.565467119216919
-0.14850354194641113
0.41951680183410645
-0.6488356590270996
-0.05165755748748779
0.14978241920471191
-0.07779043912887573
-0.2040029764175415
-0.4574353098869324
-0.24916303157806396
-0.2762385606765747
-0.10913372039794922
-0.36189472675323486
-0.08583533763885498
-0.11877226829528809
0.17281711101531982
-0.20013952255249023
-0.4536712169647217
0.048758506774902344
0.21256470680236816
0.04784053564071655
-0.20718884468078613
-0.17415082454681396
-0.8739335536956787
-0.2989237308502197
-0.1649213433265686
-0.26024627685546875
0.1503821611404419
-1.5075291991233826
-0.2641329765319824
-0.18787997961044312
-0.2161913514137268
-0.63459312915802
-0.22609174251556396
-0.0464555025100708
-0.42788970470428467
0.032282471656799316
-0.059137582778930664
-0.07301414012908936
-0.1253194808959961
-0.5949168801307678
-0.18637728691101074
-0.5144604444503784
-0.7305393218994141
-0.5715190768241882
-0.2726055383682251
-0.21986746788024902
-0.34404563903808594
-0.19187915325164795
-0.5229247808456421
-0.06038844585418701
0.06384265422821045
-0.2841956615447998
-0.0804593563079834
-0.06878459453582764
-0.38154852390289307
-0.7397539615631104
-0.21015596389770508
-0.1365354061126709
-0.11505293846130371
-0.05321002006530762
-0.3612273335456848
-0.3957430124282837
-0.4335505962371826
-0.07255852222442627
-0.45239531993865967
0.31230664253234863
0.0599825382232666
0.1492140293121338
-0.25123393535614014
0.09286308288574219
-0.12005794048309326
-0.4409412145614624
-0.6877997517585754
0.11954426765441895
-0.22125589847564697
-0.39277923107147217
0.018775463104248047
0.337044358253479
-0.4162430763244629
-0.4681938886642456
-0.3560800552368164
-0.4229013919830322
-0.639356255531311
-0.18216431140899658
0.003714323043823242
-0.11381220817565918
-0.2776119112968445
-0.17963624000549316
-0.26633644104003906
-0.23063290119171143
-0.379397988319397
0.6783018112182617
-0.037052154541015625
-0.30958282947540283
-0.23756110668182373
-0.46592259407043457
-0.6265431046485901
-0.04111599922180176
0.08689570426940918
-0.47559285163879395
-0.26631486415863037
-0.45308637619018555
0.15485858917236328
-0.21301865577697754
-0.7318018674850464
-0.29658937454223633
0.004976749420166016
-0.4425762891769409
-0.44379913806915283
-0.33265912532806396
-0.17856931686401367
-0.05853307247161865
-0.22788429260253906
-0.6384962797164917
-0.24879354238510132
0.1312190294265747
-0.2711292505264282
-0.40089213848114014
-0.0807642936706543
0.3653392791748047
-0.3064119815826416
-0.34804487228393555
-0.10991716384887695
-0.20945513248443604
-0.2188403606414795
-0.06235170364379883
-0.5264683961868286
-0.23268216848373413
-0.49519312381744385
0.3943314552307129
0.02479112148284912
-0.1182553768157959
-0.3632153272628784
-1.3102508783340454
-0.007484793663024902
-0.0420040488243103
-0.16740143299102783
-0.2615136504173279
-0.4739741086959839
-0.15829956531524658
-0.12600207328796387
-0.07864856719970703
-0.18606090545654297
-0.4828641414642334
-0.16611087322235107
-0.4844876527786255
-0.7991400361061096
-0.27912282943725586
-0.24366438388824463
-0.05379307270050049
-0.35240209102630615
-0.5748193264007568
-0.25275957584381104
-0.08967876434326172
-0.17010509967803955
-0.04989659786224365
-0.027219653129577637
0.04660308361053467
-0.5415725708007812
-0.04108619689941406
-0.25694113969802856
-0.37762367725372314
-0.18702363967895508
-0.10184741020202637
-0.3310239315032959
-0.28774595260620117
-0.22737568616867065
-0.4555482864379883
0.009168148040771484
-0.12885499000549316
-0.027279376983642578
-0.06703519821166992
-0.020551323890686035
-0.02931368350982666
-0.28699207305908203
-0.6889329552650452
-0.34781789779663086
0.20642828941345215
0.11968839168548584
-0.30894017219543457
-0.3666778802871704
-0.6099728345870972
0.29158616065979004
-0.4954434633255005
-0.23720002174377441
0.09388697147369385
-0.4398527145385742
-0.5096827745437622
-0.3323096036911011
0.09573256969451904
-0.30989277362823486
-0.16789019107818604
-0.10622942447662354
0.33366644382476807
-0.05356776714324951
-0.7954240441322327
-0.5282741785049438
-0.19601428508758545
-0.23704922199249268
-0.302778959274292
-0.09744387865066528
-0.08914196491241455
-0.4353548288345337
-0.33199483156204224
0.1485663652420044
-0.08307361602783203
0.31572097539901733
-0.2624281644821167
-0.4266357421875
0.36792874336242676
-0.13491535186767578
-0.23453426361083984
-0.2452995777130127
-0.06733667850494385
-0.6217255592346191
0.05984508991241455
-0.43395155668258667
-0.29914575815200806
-0.8608192205429077
-0.23757100105285645
-0.21862661838531494
-0.2726881504058838
-0.5666186213493347
0.5418875217437744
0.35935020446777344
-0.2315853238105774
-0.06345665454864502
-0.5573461055755615
-0.6276068091392517
-0.2759436368942261
-0.4275219440460205
-0.40716612339019775
-0.39162278175354004
0.053882598876953125
-0.49160313606262207
-0.8581717014312744
-0.22235918045043945
0.18687939643859863
0.09589159488677979
0.15563738346099854
-0.2273392677307129
-0.4190479516983032
0.11417663097381592
-0.33320581912994385
-0.39848315715789795
-0.48540377616882324
-0.3332970142364502
-0.12349236011505127
-0.16699230670928955
-0.25679218769073486
-0.898281991481781
-0.06635749340057373
-0.0958319902420044
-0.4505053162574768
-0.22493720054626465
-0.20288974046707153
0.07381272315979004
-0.8886169195175171
-0.045980095863342285
-0.25471967458724976
-0.29020774364471436
0.24073219299316406
0.1220327615737915
-0.5350121259689331
-0.1323223114013672
-0.22969675064086914
0.10735094547271729
0.0005185604095458984
0.027007639408111572
0.12974131107330322
-0.1815248727798462
-0.3393125534057617
-0.049939632415771484
-0.40090686082839966
0.04873192310333252
-0.18678820133209229
-0.2925668954849243
0.06577777862548828
-0.21998679637908936
-0.4934852123260498
-0.16873836517333984
-0.3403511643409729
-0.013803720474243164
-0.12256288528442383
-0.15883612632751465
-0.31449997425079346
-0.45797038078308105
-0.19269603490829468
-0.48962342739105225
-0.4267846345901489
-0.03800308704376221
-0.07131600379943848
-0.2089465856552124
-0.8036744594573975
-0.24175262451171875
-0.27998268604278564
0.33914339542388916
-0.24030792713165283
-0.3710747957229614
-0.6237664818763733
-0.2482965588569641
0.4255387783050537
-0.0854576826095581
-0.02937161922454834
0.23462533950805664
-0.14941465854644775
-0.5650663375854492
-0.024277329444885254
-0.17541325092315674
0.040085554122924805
-0.5317185521125793
-0.37036067247390747
-0.4400184154510498
-0.02306950092315674
-0.4317365884780884
-0.322665810585022
-0.04216468334197998
-0.13940823078155518
-0.11547374725341797
-0.08529698848724365
-0.1340206265449524
-0.32610684633255005
-0.15259218215942383
-0.33320915699005127
-0.21205294132232666
-0.15305113792419434
-0.60634446144104
0.07311356067657471
-0.06890714168548584
0.722719669342041
-0.478609561920166
-0.5469385385513306
0.049439311027526855
-0.07608568668365479
-0.2745734453201294
-0.26921749114990234
-0.26427221298217773
0.1729961633682251
-0.5030145049095154
-0.0432051420211792
0.16059064865112305
-0.373080849647522
-0.1370689868927002
-0.1909729242324829
-0.27166926860809326
-0.3180586099624634
-0.3415820598602295
0.08337020874023438
-0.6811149716377258
0.03542017936706543
0.13310277462005615
-0.5801123976707458
-0.3261781930923462
-0.11287438869476318
-0.015299558639526367
-0.21851229667663574
-0.21161222457885742
-0.15049147605895996
0.22499001026153564
-0.15122538805007935
-0.7361738681793213
-0.20513272285461426
0.1630924940109253
-0.12808120250701904
-0.13230252265930176
-0.44247692823410034
0.5524139404296875
-0.2982659339904785
-0.3146771788597107
-0.18165898323059082
-0.4332723617553711
-0.26695430278778076
-0.604893684387207
-0.4003435969352722
-0.6319770812988281
-0.3281165361404419
-0.14407676458358765
0.31868648529052734
-0.11654239892959595
-0.29714787006378174
-0.07024586200714111
-0.09075748920440674
-0.29894357919692993
-0.14995157718658447
0.3056797981262207
-0.03617894649505615
-0.23374247550964355
-0.3398360013961792
-0.5198168158531189
0.26904839277267456
0.23086464405059814
-0.6948838233947754
0.6835718154907227
-0.7868622541427612
-0.26584768295288086
-0.13027966022491455
-0.11359667778015137
-0.1315770149230957
-0.20074260234832764
-0.4448244571685791
0.23063278198242188
-0.04658305644989014
-0.054039955139160156
0.029837191104888916
-0.02970147132873535
0.08413398265838623
-0.7340613603591919
-0.033109188079833984
0.4741431474685669
0.2621814012527466
-0.3844890594482422
-0.5504574179649353
0.21763277053833008
0.2480912208557129
-0.1376553773880005
-0.5322718620300293
-0.1383264660835266
-0.254119873046875
-0.10847735404968262
-0.5471854209899902
-0.09391522407531738
-0.4951004981994629
-0.06143379211425781
-0.31611037254333496
-0.09485286474227905
-0.7529528141021729
-0.11811292171478271
-0.31521403789520264
-0.21677613258361816
-0.6554427146911621
-0.1729414463043213
-0.3755974769592285
-0.12922608852386475
-0.1074901819229126
-0.3434889316558838
-0.1965162754058838
-0.40078604221343994
-0.09073102474212646
-0.041573166847229004
-0.007609248161315918
-0.2085704803466797
-0.34077370166778564
-0.5899035930633545
0.21274709701538086
-0.6884375214576721
-0.6909044981002808
-0.3164963126182556
-0.6025127172470093
-0.25407183170318604
-0.15082597732543945
-0.20216071605682373
-0.21408724784851074
-0.6034834384918213
-0.6348084211349487
-0.08405458927154541
0.09288787841796875
-0.19830405712127686
-0.6284185647964478
-0.3699498176574707
-0.20464909076690674
-0.334968626499176
-0.11263251304626465
-0.6561633944511414
-0.07889878749847412
-0.13452088832855225
-0.5385342240333557
0.12893271446228027
-0.2502431869506836
-0.13516372442245483
0.04685163497924805
-0.41767609119415283
-0.2567789554595947
-0.1673649549484253
-0.17942416667938232
-0.5026649236679077
0.013830065727233887
-0.3799530267715454
-0.4194471836090088
-0.0798795223236084
-0.9144564867019653
-0.46874237060546875
-0.23895621299743652
-0.1048593521118164
-0.5559842586517334
-0.5024595260620117
0.026805400848388672
-0.19622814655303955
-0.33438873291015625
-0.23942649364471436
-0.30869001150131226
-0.24723297357559204
-0.31833362579345703
-0.22701787948608398
-0.29653799533843994
0.062346696853637695
0.11643630266189575
-0.0794222354888916
-0.4076646566390991
-0.4015779495239258
-0.3222534656524658
-0.7833680510520935
-0.3981947898864746
-0.3656805753707886
-0.3861374855041504
-0.7981906533241272
-0.561843991279602
-0.09002518653869629
-0.3210357427597046
0.13260579109191895
-0.40372657775878906
-0.18767774105072021
-0.014751315116882324
0.3517988920211792
0.29410940408706665
-0.05972248315811157
-0.042116641998291016
-0.03978073596954346
-0.28333580493927
-0.18526065349578857
-0.42797577381134033
-0.2566032409667969
0.03927546739578247
-0.05483353137969971
-0.1329735517501831
-0.30396175384521484
0.08287978172302246
-0.5016013383865356
-0.23518884181976318
0.458803653717041
0.08925628662109375
-0.6786680221557617
-0.4348544478416443
-0.17843341827392578
-0.15052640438079834
-0.4477783441543579
-0.20746052265167236
-0.5415012836456299
-0.8643546104431152
-0.28065025806427
-0.502812385559082
0.06426846981048584
-0.16337907314300537
-0.1546233892440796
-0.3449087142944336
-0.14795660972595215
-0.7423317432403564
-0.3959850072860718
-0.4044191837310791
-0.564223051071167
0.059851646423339844
-0.3745206594467163
0.3240542411804199
-0.29464101791381836
0.26194119453430176
-0.33737415075302124
0.20335686206817627
-0.12701106071472168
-0.7726593017578125
-0.3601686954498291
-0.9787498712539673
-0.5240662097930908
-0.04589056968688965
0.21565461158752441
-0.09219539165496826
-0.19720220565795898
0.03372383117675781
-0.16829776763916016
-0.5034452080726624
0.13726109266281128
-0.34567081928253174
0.04871869087219238
0.032067060470581055
-0.18289828300476074
-0.501932680606842
-0.2711673974990845
-0.026149392127990723
-0.23443830013275146
-0.45980286598205566
0.10579359531402588
-0.3155338168144226
-0.4766545295715332
0.011974751949310303
-0.5591800212860107
-0.5574039220809937
-0.29886412620544434
-0.06942415237426758
-0.6593623757362366
0.011739492416381836
-0.6942443251609802
-0.7751443386077881
-0.49915266036987305
0.04295492172241211
-0.23447799682617188
-0.5810319185256958
-0.21698999404907227
-0.17882275581359863
0.09717053174972534
-0.18525910377502441
-0.7453585267066956
-0.15313059091567993
-0.5653679370880127
-0.5776572227478027
-0.4144887924194336
-0.22608351707458496
-0.07994914054870605
0.40676987171173096
0.22382378578186035
0.29045796394348145
-0.41089528799057007
-0.5841513872146606
0.15072834491729736
-0.03975093364715576
-0.24109655618667603
-0.26534563302993774
0.051122426986694336
-0.5588420629501343
-0.27108287811279297
-0.0424959659576416
-0.3407306671142578
0.13827168941497803
-0.614618182182312
-0.06362879276275635
0.18260836601257324
-0.27021312713623047
-0.1061398983001709
0.01070559024810791
-0.3856106400489807
-0.5279263854026794
0.012239694595336914
-0.21938705444335938
-0.14840072393417358
-0.18462276458740234
-0.03372049331665039
-0.47042059898376465
-0.30295443534851074
-0.3517277240753174
1.1207870244979858
0.13522660732269287
-0.14666950702667236
-0.386722207069397
0.2378443479537964
-0.22200632095336914
-0.4126298427581787
-0.5379493832588196
-0.15100842714309692
-0.5866730213165283
-0.02796173095703125
0.24323034286499023
-0.3473673462867737
-0.36189478635787964
0.23455756902694702
-0.34603869915008545
-0.3379075527191162
0.012416958808898926
-0.35197627544403076
-0.3841925859451294
-0.3610500693321228
0.1436295509338379
-0.006149649620056152
-0.25117743015289307
-0.37224918603897095
1.1296685934066772
-0.6069858074188232
-0.6102262735366821
-0.39396047592163086
-0.5031288266181946
-0.22131383419036865
-0.0936020016670227
-0.0917481780052185
-0.24184870719909668
-0.2758094072341919
-0.25246983766555786
-0.2819756269454956
-0.24213528633117676
-0.2563149929046631
-0.4116722345352173
-0.12276327610015869
0.2939203977584839
-0.21915853023529053
-0.40843331813812256
0.03515362739562988
0.09187740087509155
-0.012244701385498047
-0.5971332788467407
-0.2754565477371216
-0.6155741214752197
-0.22262096405029297
-0.053205013275146484
-0.32782983779907227
0.24157190322875977
0.021146178245544434
-0.18465769290924072
-0.36137306690216064
-0.35533952713012695
-0.2509903907775879
-0.1924424171447754
-0.4188340902328491
-0.09889674186706543
0.2974194288253784
-0.24447453022003174
-0.11270534992218018
-0.08145022392272949
-0.33432912826538086
-0.1481173038482666
-0.32134711742401123
-0.15497124195098877
-0.322018027305603
-0.6426512598991394
-0.2928037643432617
-0.4336085319519043
-0.3187927007675171
-0.045012593269348145
-0.0450822114944458
-0.046019673347473145
-0.5813599228858948
-0.054566383361816406
-0.5500415563583374
-0.15657639503479004
-0.043866097927093506
-0.06849801540374756
0.33581018447875977
-0.380287766456604
-0.3070697784423828
-0.5191473960876465
-0.3947688341140747
-0.31600260734558105
0.19975852966308594
-0.7020058631896973
-0.6820626258850098
0.019008994102478027
-0.05615544319152832
-0.2322465181350708
0.2903503179550171
-0.7043335437774658
-0.05817985534667969
-0.470536470413208
-0.43635547161102295
-0.08447849750518799
-0.12948119640350342
-0.307949423789978
-0.5647117495536804
-0.3723670244216919
-0.28407472372055054
-0.7152594327926636
-0.6563702821731567
-0.03776288032531738
-0.34900081157684326
-0.2556722164154053
-0.17373007535934448
-0.7068882584571838
0.02498471736907959
-0.05708491802215576
-0.2772325873374939
0.013325095176696777
-0.5655218362808228
-0.08417701721191406
-0.04019320011138916
-0.42061012983322144
-0.26027292013168335
0.03911471366882324
0.37233054637908936
0.16032063961029053
-0.7896422743797302
0.05016148090362549
0.4761626720428467
0.019068598747253418
-0.21487903594970703
-0.16147541999816895
0.2502713203430176
-0.5504906177520752
-0.45011425018310547
-0.11286115646362305
-0.12202101945877075
-0.04001593589782715
-0.24012070894241333
-0.2191634178161621
-0.37259721755981445
-0.6725829839706421
-0.5594003200531006
-0.28842687606811523
-0.23224306106567383
-0.48158836364746094
0.1925053596496582
0.0484386682510376
0.18708467483520508
-0.4741266965866089
-0.11567926406860352
-0.41362202167510986
-0.30872297286987305
-0.17001748085021973
-0.15179526805877686
-0.13886809349060059
-0.674655556678772
-0.2017298936843872
-0.48653697967529297
-0.27393901348114014
-0.3030273914337158
-0.2077951431274414
0.6396427154541016
-0.06432652473449707
-0.37144577503204346
-0.47585463523864746
0.17860901355743408
-0.13426566123962402
-0.3558695316314697
0.13129544258117676
-0.07896673679351807
-0.5373595952987671
-0.04456520080566406
-0.12806642055511475
-0.6395482420921326
-0.4287759065628052
-0.28799110651016235
-0.0444873571395874
0.13976770639419556
-0.44493377208709717
-0.28672218322753906
-0.14677047729492188
-0.354559063911438
-0.12448620796203613
-0.19488286972045898
-0.14754915237426758
-0.34329020977020264
0.0795133113861084
-0.09734296798706055
-0.2695818543434143
-0.3743782043457031
0.017728209495544434
-0.2243058681488037
0.17022430896759033
-0.0829460620880127
-0.09235942363739014
-0.1932525634765625
-0.3676553964614868
0.047219276428222656
-0.3545243740081787
-0.6669617891311646
-0.6276549100875854
-0.22886019945144653
-0.0021255016326904297
-0.1478489637374878
-0.4976898431777954
-0.2864421606063843
-0.37059104442596436
0.1936551332473755
-0.08555042743682861
0.08924984931945801
-0.03744316101074219
-0.10951471328735352
-0.3053184747695923
-0.28921210765838623
-0.2348838448524475
-0.4434974193572998
-0.2264082431793213
-0.15388774871826172
-0.29271113872528076
-0.2526586055755615
-0.5023105144500732
-0.2617093324661255
0.3172715902328491
-0.1796494722366333
-0.07925653457641602
-0.4421009421348572
0.1615666151046753
-0.41831719875335693
-0.2279289960861206
0.1144532561302185
0.23225152492523193
0.007379055023193359
-0.03451240062713623
-0.33644306659698486
-0.025258123874664307
-0.303703248500824
-0.20939379930496216
-0.1718447208404541
0.001983165740966797
-0.06283533573150635
-0.14677053689956665
-0.3657931685447693
-0.07166069746017456
-0.6720046997070312
0.5201399326324463
-0.14061260223388672
-0.6110579967498779
-0.3127174377441406
-0.1601235270500183
-0.46953266859054565
-0.3932579755783081
-0.5942158699035645
0.19866013526916504
-0.5202972888946533
-0.5066261887550354
-0.0591275691986084
-0.15526938438415527
-0.17412936687469482
-0.19862520694732666
-0.1315983533859253
0.009824156761169434
-0.028197109699249268
-0.3260622024536133
-0.4675626754760742
-0.10354876518249512
-0.35822367668151855
-0.5338788628578186
-0.24337458610534668
-0.07674336433410645
0.5516253709793091
0.018246889114379883
-0.2128051519393921
0.2292262315750122
-0.3013591170310974
-0.31854915618896484
-0.271381139755249
-1.133971095085144
-0.004950225353240967
-0.4418306350708008
0.12990033626556396
-0.21478140354156494
-0.29569149017333984
-0.34086644649505615
0.15134954452514648
0.5268560647964478
0.2270493507385254
-0.2565038204193115
-0.7245636582374573
-0.09120643138885498
-0.47106003761291504
-0.21735930442810059
0.030342459678649902
-0.44344282150268555
-0.20761620998382568
-0.34566760063171387
-0.10076391696929932
-0.14065563678741455
-0.20762133598327637
-0.11490559577941895
-0.04763674736022949
-0.179526686668396
-0.2695934772491455
-0.09488272666931152
-0.07644021511077881
0.1066817045211792
0.19788479804992676
-0.4870174527168274
-0.28431999683380127
-0.2055419683456421
0.14029616117477417
0.06482672691345215
-0.3459259867668152
-0.6623328924179077
-0.2171241044998169
-0.6498578190803528
-0.3800225257873535
-0.29032212495803833
-0.4311467409133911
0.045842647552490234
-0.5898985862731934
-0.439746618270874
0.024012267589569092
-0.31228673458099365
-0.17443907260894775
-0.5619168281555176
-0.20632386207580566
-0.2554386854171753
-0.6627106666564941
-0.03869903087615967
-0.4624650478363037
-0.2813858985900879
-0.35385990142822266
-0.1704016923904419
-0.8302661180496216
-0.045146822929382324
0.39652013778686523
-0.052492499351501465
-0.4553014636039734
-0.7560940980911255
-0.3547794222831726
-0.3564261198043823
-0.27323323488235474
0.018944382667541504
-0.27894389629364014
-0.3443620204925537
-0.11164021492004395
0.19049572944641113
-0.4840320348739624
-0.24482089281082153
-0.6560622453689575
-0.27900195121765137
-0.18693065643310547
-0.5144374370574951
0.14354348182678223
0.01242530345916748
-0.13164472579956055
-0.22677117586135864
-0.1637798547744751
1.6689300537109375e-06
-0.5419138669967651
0.5924183130264282
-0.03151881694793701
-0.37342238426208496
-0.4834024906158447
-0.37715649604797363
-0.33514922857284546
-0.34152257442474365
-0.07161092758178711
-1.0402382016181946
-0.13014554977416992
0.0571744441986084
0.046501994132995605
-0.1773085594177246
-0.4828987717628479
-0.17989468574523926
0.10660219192504883
0.26203882694244385
0.43355226516723633
-0.12807470560073853
-0.027350425720214844
-0.32923638820648193
-0.2525542974472046
-0.18715596199035645
0.017107129096984863
-0.2213650941848755
-0.13964343070983887
-0.48004430532455444
-0.37511712312698364
-0.277590274810791
-0.10027027130126953
0.012498140335083008
-0.3991990089416504
-0.33961236476898193
-0.8547158241271973
-0.7234321236610413
-0.1312655210494995
-0.020933985710144043
-0.169275164604187
-0.2665517330169678
-0.2732548713684082
-0.4401807188987732
-0.35955071449279785
-0.292194128036499
-0.3365424871444702
-0.25197458267211914
-0.1348952054977417
-0.006759345531463623
-0.8368481397628784
-0.12651729583740234
-0.09697175025939941
0.4837454557418823
0.018945932388305664
-0.16166263818740845
-0.8465598225593567
-0.6677154302597046
-0.1839817762374878
-0.5258620977401733
0.17710471153259277
-0.10995376110076904
-0.4565490484237671
-0.12687361240386963
-0.4191638231277466
-0.7472587823867798
-0.47536593675613403
-0.2741659879684448
-0.2329190969467163
-0.3698123097419739
-0.02891618013381958
-0.5805681943893433
-0.4242481589317322
-0.37374210357666016
-0.13037580251693726
-0.2038174271583557
-0.4833561182022095
0.23946309089660645
-0.126417875289917
-0.7210149765014648
0.13542211055755615
-0.1717088222503662
-0.07731664180755615
-0.11674809455871582
-0.018717408180236816
-0.03945267200469971
0.192785382270813
-0.246038556098938
-0.2692967653274536
-0.1230696439743042
-0.8103111982345581
0.08618831634521484
-0.1357783079147339
-0.046626269817352295
0.028713703155517578
-0.47166967391967773
-0.35952091217041016
-0.17379462718963623
-0.19537484645843506
-0.3664325475692749
-0.24770182371139526
-0.2614109516143799
-0.03268170356750488
-0.15760540962219238
-0.07528060674667358
-0.4221971035003662
-0.6992044448852539
0.1040276288986206
-0.0968707799911499
-0.455904483795166
-0.27974557876586914
-0.14087426662445068
0.14466989040374756
0.050310730934143066
-0.3575413227081299
-0.8537036180496216
0.14308762550354004
-0.3641016483306885
-0.38820165395736694
-0.1675090789794922
-0.365917444229126
-0.4003602862358093
-0.21677446365356445
-0.3843482732772827
-0.09073424339294434
-0.059487223625183105
0.4392876625061035
-0.2768133878707886
-0.49695420265197754
-0.5397948622703552
-0.2965761423110962
-0.3245065212249756
-0.3831818699836731
0.13039398193359375
-0.12855345010757446
-0.14164471626281738
-0.42992734909057617
-0.2137361764907837
-0.07545936107635498
-0.4680182933807373
-0.2964900732040405
-0.21656078100204468
-0.07428491115570068
-0.3336067199707031
0.08546757698059082
-0.3576785922050476
-0.04740166664123535
-0.3718963861465454
-0.26209020614624023
-0.13577163219451904
0.009809255599975586
-0.4596867561340332
-0.35870587825775146
0.017188310623168945
-0.07631427049636841
-0.26592719554901123
-0.06698876619338989
-0.301643967628479
-0.2811870574951172
-0.5174674987792969
0.01147770881652832
-0.5732752084732056
-0.015277981758117676
-0.3089434504508972
-0.20778357982635498
-0.17675358057022095
-0.3911703824996948
-0.03381490707397461
-0.29178500175476074
-0.11889982223510742
-0.07506018877029419
-0.12082827091217041
-0.3506326675415039
-0.032375335693359375
0.5564413070678711
-0.6883597373962402
-0.36048007011413574
-0.11726963520050049
-0.48993980884552
-0.3065726161003113
-0.13584959506988525
0.1350560188293457
0.24749970436096191
-0.421272873878479
-0.22623920440673828
-0.10993868112564087
-0.03988003730773926
-0.26867568492889404
-0.3182988166809082
-0.3687255382537842
-0.21357369422912598
-0.29584717750549316
-0.34661197662353516
-0.15097522735595703
-0.2775689363479614
-0.7684678435325623
-0.049477458000183105
-0.02135157585144043
0.0887826681137085
-0.4271242618560791
-0.29160428047180176
-0.2959333658218384
-0.29503047466278076
-0.04445922374725342
0.5304991006851196
-0.035410284996032715
-0.23064279556274414
0.19549560546875
0.35011744499206543
-0.2935062646865845
-0.3359642028808594
0.11211729049682617
-0.44587981700897217
-0.006149649620056152
-0.09058022499084473
-0.0534287691116333
-0.2642142176628113
-0.4540538787841797
-0.20514273643493652
-0.22795069217681885
-0.5103238821029663
-0.3065413236618042
-0.28368544578552246
-0.5066757202148438
-0.7268564701080322
-0.13084471225738525
-0.22283637523651123
-0.019989728927612305
-0.23833143711090088
-0.6398550271987915
-0.558898389339447
0.18098151683807373
-0.09624123573303223
-0.17996597290039062
-0.41161084175109863
0.09535825252532959
0.0003992319107055664
-0.3895055651664734
-0.20998036861419678
-0.9024354219436646
-0.46825194358825684
-0.5685833692550659
-0.2694443464279175
0.19187259674072266
-0.3091902732849121
0.2187211513519287
-0.6822198629379272
-0.360490083694458
-0.45651090145111084
-0.39661288261413574
0.22124922275543213
-0.30878275632858276
0.13892436027526855
-0.09937548637390137
-0.436259388923645
-0.5016443729400635
-0.3997887372970581
-0.7000792026519775
-0.18872320652008057
-0.29234158992767334
0.3360702395439148
-0.07237803936004639
-0.4596337676048279
-0.2881850004196167
-0.5047640204429626
-0.018303275108337402
0.2840830087661743
-0.19198036193847656
-0.009092092514038086
0.13216841220855713
0.7986130714416504
-0.34801679849624634
-0.05392235517501831
-0.43746381998062134
-0.19464921951293945
0.19471871852874756
-0.38532066345214844
-0.678189218044281
-0.5640307664871216
-0.06697708368301392
0.025263071060180664
-0.1446399688720703
0.1448022723197937
-0.15423071384429932
-0.18486976623535156
-0.29656457901000977
-0.14627182483673096
-0.4768470525741577
-0.1709831953048706
-0.3672213554382324
-0.36823010444641113
-0.11407387256622314
0.46405714750289917
-0.27819669246673584
-0.26084280014038086
-0.43867480754852295
-0.33351564407348633
-0.5732172727584839
0.04665946960449219
0.1965959072113037
0.2085937261581421
-0.38489657640457153
-0.600143551826477
-0.9754412174224854
-0.7268564701080322
0.1670534610748291
-0.17636418342590332
-0.06939923763275146
-0.23719680309295654
-0.35106009244918823
-0.35083138942718506
-0.34423959255218506
-0.5584744215011597