0.07570463418960571
-0.20457619428634644
-0.23286935687065125
0.0046950578689575195
-0.299568235874176
-0.38959333300590515
-0.08920344710350037
-0.3014601171016693
-0.1584669053554535
-0.12573042511940002
-0.30027392506599426
0.12827837467193604
0.22670972347259521
-0.11053186655044556
0.4723323881626129
-0.15360942482948303
-0.1721743643283844
-0.2964668273925781
-0.1606636643409729
0.02411496639251709
-0.17964613437652588
0.03529113531112671
-0.03615593910217285
-0.1688709855079651
-0.19428473711013794
-0.12120434641838074
0.04639759659767151
-0.043717026710510254
-0.18209806084632874
0.08454477787017822
0.015519976615905762
-0.011553823947906494
-0.11190685629844666
-0.009231120347976685
-0.3281594514846802
-0.5445182174444199
0.21245542168617249
-0.2519412636756897
-0.010556519031524658
-0.43379417061805725
0.25805455446243286
-0.1144217848777771
-0.048117250204086304
-0.07664898037910461
-0.2133367955684662
-0.31755000352859497
-0.25368747115135193
-0.29717597365379333
0.0542106032371521
0.05211985111236572
-0.4388968348503113
-0.3211483359336853
0.3473076820373535
-0.05947551131248474
-0.02175915241241455
-0.41397999227046967
-0.024771004915237427
0.02052655816078186
0.24684861302375793
-0.17106777429580688
-0.20490095019340515
-0.10130733251571655
0.21435728669166565
-0.09724840521812439
-0.07986626029014587
0.07391542196273804
0.35090935230255127
0.006156206130981445
-0.11703932285308838
-0.39199551939964294
0.2717289924621582
-0.21599748730659485
-0.005109280347824097
0.049237191677093506
-0.23098403215408325
-0.10260617733001709
-0.071483314037323
0.21979469060897827
-0.12080338597297668
0.22576546669006348
-0.031633079051971436
0.20561665296554565
-0.38093867897987366
0.02227604389190674
-0.12358331680297852
-0.32716551423072815
0.19216087460517883
0.1362604796886444
-0.10537287592887878
0.06681481003761292
-0.16034221649169922
-0.284767210483551
0.0029655098915100098
-0.060618698596954346
0.16026276350021362
-0.004867434501647949
-0.3353264033794403
0.13214179873466492
-0.11160877346992493
0.004148364067077637
-0.20708772540092468
-0.38245299458503723
-0.0009177625179290771
-0.5392631888389587
-0.10250350832939148
-0.0007156729698181152
0.18678981065750122
-0.3444283604621887
-0.1037360429763794
-0.29353776574134827
-0.3632749617099762
0.511642575263977
0.10801032185554504
0.04530090093612671
0.19785991311073303
-0.22618284821510315
-0.1879461705684662
-0.027746498584747314
-0.31829217076301575
-0.22261106967926025
-0.2713048458099365
-0.09613838791847229
-0.2888062000274658
-0.24006283283233643
-0.15611106157302856
0.07047942280769348
-0.20985108613967896
-0.07755351066589355
-0.23780301213264465
-0.15600168704986572
-0.12091276049613953
-0.44301530718803406
-0.2401885986328125
-0.014386773109436035
-0.29914405941963196
-0.2714903652667999
-0.5803228318691254
0.07607242465019226
-0.033839792013168335
-0.3958524167537689
0.05335906147956848
-0.22174623608589172
0.017633944749832153
0.8371347039937973
-0.2784121334552765
0.3948649764060974
-0.37356649339199066
-0.023687511682510376
-0.01594400405883789
-0.23394954204559326
-0.15547817945480347
-0.12048858404159546
-0.24526146054267883
-0.20548737049102783
-0.27654334902763367
-0.33269554376602173
0.12976279854774475
-0.24773329496383667
0.459675133228302
0.1472509205341339
0.0151919424533844
0.027428358793258667
-0.08217239379882812
-0.46961870789527893
-0.18713438510894775
0.4657486379146576
-0.3213074207305908
0.03492993116378784
-0.06184464693069458
-0.30327585339546204
-0.21349254250526428
-0.0939415991306305
0.19365853071212769
-0.20169350504875183
-0.29653316736221313
0.21569600701332092
0.006911754608154297
0.16279751062393188
-0.2687435746192932
-0.4408252388238907
-0.2950420677661896
-0.03054627776145935
-0.1974523961544037
-0.3505050837993622
-0.047063589096069336
0.17004719376564026
-0.28261351585388184
-0.037378519773483276
-0.21822738647460938
-0.16033226251602173
-0.48522815108299255
0.2534821033477783
-0.19539475440979004
-0.4080490469932556
-0.20809832215309143
-0.5751008838415146
0.023104339838027954
-0.1980486810207367
0.07758671045303345
-0.16145220398902893
0.0122794508934021
-0.055207908153533936
0.10324564576148987
-0.47637802362442017
-0.351850301027298
-0.01856169104576111
-0.11324882507324219
-0.07705983519554138
0.4627002626657486
-0.2082606852054596
0.07501211762428284
-0.43694186210632324
-0.1273837387561798
0.15296992659568787
-0.13311925530433655
0.190994530916214
0.0725436806678772
-0.12924259901046753
-0.15052801370620728
0.03729906678199768
-0.23349228501319885
-0.09743726253509521
-0.25230905413627625
-0.3754185438156128
-0.11377239227294922
-0.29864373803138733
-0.25018855929374695
-0.05543658137321472
0.4204212427139282
-0.13510075211524963
-0.3583314120769501
-0.2324683964252472
-0.14577648043632507
0.07173189520835876
-0.10535630583763123
-0.38782070577144623
-0.029611915349960327
0.03505915403366089
-0.09366989135742188
-0.17005380988121033
0.1423703134059906
-0.1801995038986206
-0.6465411484241486
-0.3704087734222412
-0.38157162070274353
-0.093146413564682
-0.042660027742385864
0.35295701026916504
-0.0370173454284668
0.08088341355323792
0.03846859931945801
0.3237626850605011
-0.5638187676668167
-0.2177104651927948
0.08153298497200012
0.10708588361740112
-0.06059882044792175
0.04655995965003967
-0.004463165998458862
-0.1888473927974701
-0.592363715171814
-0.13002127408981323
-0.1615217924118042
-0.20014283061027527
0.14741989970207214
0.28189775347709656
-0.10946157574653625
-0.2313021421432495
-0.07728847861289978
-0.09925961494445801
-0.18556058406829834
-0.39100152254104614
0.021225661039352417
-0.13808944821357727
-0.025539696216583252
-0.03571847081184387
0.06940916180610657
-0.06101632118225098
-0.19463595747947693
-0.12204918265342712
-0.3202769458293915
-0.2344895899295807
-0.06196725368499756
-0.16227728128433228
-0.1442357301712036
0.04877328872680664
-0.14379847049713135
-0.226769357919693
-0.1047830879688263
-0.08412066102027893
-0.02755752205848694
0.08693709969520569
-0.015268146991729736
-0.32301053404808044
-0.11765235662460327
-0.04080459475517273
-0.1866043210029602
-0.21300876140594482
0.08242753148078918
0.3926980495452881
-0.35456404089927673
0.032958388328552246
-0.2182406783103943
0.16910284757614136
-0.15280422568321228
-0.30033689737319946
0.25431036949157715
0.18859565258026123
-0.005188792943954468
-0.22039437294006348
-0.2694990336894989
-0.02788892388343811
-0.09342798590660095
-0.47445961833000183
-0.10172480344772339
-0.14141610264778137
0.00797206163406372
0.1732976734638214
-0.27062560617923737
0.02772986888885498
0.10349413752555847
-0.18806877732276917
0.16843360662460327
0.06999573111534119
-0.08173179626464844
-0.06374660134315491
-0.17153489589691162
-0.25802475214004517
0.32295748591423035
-0.11789757013320923
-0.08281856775283813
0.04712986946105957
-0.11174789071083069
-0.07761979103088379
-0.13062435388565063
-0.17391395568847656
0.15769484639167786
-0.014996439218521118
-0.5032099783420563
-0.29342514276504517
-0.3067185580730438
0.6323267668485641
0.2847141921520233
0.5135511755943298
0.024330317974090576
0.12847387790679932
0.17651164531707764
0.21612337231636047
-0.5291970670223236
0.23166990280151367
-0.3746830224990845
-0.6095139682292938
-0.21352893114089966
-0.38591548800468445
-0.13474950194358826
0.08504843711853027
-0.02600690722465515
-0.3435933589935303
-0.36717820167541504
-0.4543074518442154
-0.0611952543258667
-0.014661818742752075
-0.2737269699573517
-0.19906264543533325
-0.13212865591049194
-0.06436613202095032
-0.4813150018453598
-0.31712254881858826
0.18478184938430786
-0.12643948197364807
0.01229935884475708
-0.0945446789264679
-0.15855297446250916
-0.3830593228340149
-0.0045990049839019775
-0.07266294956207275
-0.04809075593948364
0.8700369894504547
-0.015341073274612427
0.14629006385803223
-0.26087427139282227
-0.030692100524902344
-0.10387188196182251
-0.1637716293334961
-0.33925938606262207
-0.38528257608413696
-0.4213225692510605
0.20259809494018555
-0.0688525140285492
0.17162108421325684
-0.18341681361198425
-0.16522616147994995
-0.06797116994857788
-0.022892266511917114
0.33769547939300537
-0.12926247715950012
-0.334922194480896
0.11386844515800476
-0.17221415042877197
-0.12380531430244446
-0.08396831154823303
0.013439178466796875
0.23033788800239563
-0.2253711223602295
-0.2285221815109253
-0.05463135242462158
-0.22322401404380798
-0.11987894773483276
-0.012531250715255737
0.31616830825805664
-0.10954779386520386
-0.3314199447631836
0.016596853733062744
0.6642447113990784
0.28948551416397095
-0.27535372972488403
0.09307348728179932
-0.13895422220230103
-0.23752793669700623
-0.4421539008617401
-0.13931867480278015
0.21489745378494263
-0.0688525140285492
-0.5495281666517258
-0.06002885103225708
-0.11562788486480713
0.004572540521621704
-0.49386945366859436
-0.21546730399131775
0.015698879957199097
0.04084429144859314
-0.012146919965744019
-0.2071075737476349
-0.17541158199310303
-0.0394228994846344
0.23010265827178955
-0.04971757531166077
-0.14118081331253052
-0.46292561292648315
-0.21804189682006836
-0.4080788493156433
0.024671554565429688
-0.14002445340156555
0.03815385699272156
-0.2405332624912262
-0.00604364275932312
0.13828158378601074
0.2905192971229553
-0.34995177388191223
0.16933149099349976
0.10327547788619995
0.2573719024658203
-0.3795669972896576
-0.13244670629501343
-0.4097256064414978
0.1744805872440338
-0.3418537974357605
-0.29626139998435974
0.012514710426330566
-0.3572777211666107
0.09541937708854675
0.021238893270492554
0.32491907477378845
0.4697446823120117
-0.13594236969947815
-0.06752049922943115
0.05287528038024902
-0.08686751127243042
-0.1660611927509308
-0.15013697743415833
0.4974711835384369
-0.1301538348197937
-0.040006041526794434
0.05415433645248413
-0.021576881408691406
-0.13039898872375488
0.018303215503692627
-0.08745729923248291
0.012292742729187012
0.6886909753084183
0.33658212423324585
-0.08253353834152222
-0.1791822910308838
-0.2794690728187561
-0.08986282348632812
-0.283710241317749
-0.09515765309333801
0.07194727659225464
-0.16028589010238647
-0.22957918047904968
-0.14270499348640442
-0.09595942497253418
-0.24680548906326294
-0.18199867010116577
-0.19558358192443848
-0.24111971259117126
0.05201712250709534
0.007289469242095947
-0.16997098922729492
-0.27259373664855957
-0.13807281851768494
-0.18950361013412476
-0.2488035261631012
-0.019240915775299072
-0.15302622318267822
-0.10756966471672058
-0.12882515788078308
-0.2746414244174957
-0.10553854703903198
0.18622657656669617
0.18143868446350098
-0.14790374040603638
-0.10448154807090759
0.6607921570539474
-0.01774325966835022
-0.04234868288040161
-0.08902126550674438
-0.282527357339859
0.18238627910614014
0.23571553826332092
0.15709510445594788
-0.08470049500465393
-0.22842609882354736
-0.1397460699081421
-0.2736738920211792
-0.2285454273223877
0.16335082054138184
-0.06665238738059998
-0.06317666172981262
-0.41001051664352417
-0.3656473755836487
0.3075038194656372
-0.3062777817249298
-0.06661266088485718
-0.0664602518081665
-0.010732114315032959
-0.06939923763275146
-0.2650027573108673
0.5041278302669525
0.40608081221580505
0.12745344638824463
-0.26201072335243225
0.05437964200973511
-0.09013783931732178
-0.29751721024513245
0.003952890634536743
-0.1520719826221466
-0.03327643871307373
-0.059618085622787476
-0.21946001052856445
-0.07655289769172668
0.17193248867988586
-0.2990546226501465
0.2429884374141693
-0.03593719005584717
-0.2616727650165558
-0.17321813106536865
-0.3132823705673218
0.07921358942985535
-0.2716858983039856
-0.36951082944869995
0.4279692471027374
0.777871310710907
-0.01608988642692566
-0.1576186716556549
-0.1352730393409729
-0.10917001962661743
-0.38278762996196747
0.07474377751350403
-0.054750680923461914
0.05124184489250183
0.5164370685815811
-0.18367525935173035
-0.316870778799057
-0.1436426341533661
-0.15140926837921143
-0.08889862895011902
0.24629858136177063
-0.1434173583984375
-0.214228093624115
-0.12899410724639893
-0.13380521535873413
-0.1369032859802246
-0.5174046158790588
-0.09871956706047058
0.13234391808509827
-0.03517839312553406
-0.19288647174835205
-0.18921852111816406
-0.1628272533416748
-0.010198652744293213
-0.3966045379638672
-0.30209627747535706
-0.15683335065841675
-0.2760893702507019
0.010483592748641968
0.2528392970561981
-0.21500682830810547
-0.15603148937225342
0.03827977180480957
-0.2117828130722046
-0.0012657344341278076
-0.5064571797847748
-0.0005996525287628174
-0.3227653205394745
-0.1250312626361847
0.11681404709815979
-0.174911230802536
0.03871050477027893
-0.4390856623649597
0.07034358382225037
-0.16995775699615479
0.05872011184692383
0.025208324193954468
-0.04826304316520691
-0.40646854043006897
-0.1769954264163971
0.020602792501449585
-0.362675279378891
-0.17473238706588745
-0.07017794251441956
-0.22072571516036987
-0.2232670783996582
-0.2674082815647125
-0.2890249788761139
0.06904140114784241
-0.26682186126708984
-0.06418722867965698
-0.030552923679351807
-0.2629914879798889
-0.23830994963645935
0.052689701318740845
0.34011757373809814
0.08874288201332092
0.18321144580841064
-0.04567861557006836
-0.15564388036727905
-0.5343493968248367
-0.2866227328777313
-0.4196624457836151
-0.30759984254837036
-0.47537073493003845
-0.08470717072486877
-0.010453790426254272
0.051586419343948364
-0.22416171431541443
0.021964550018310547
-0.22603046894073486
-0.09921985864639282
0.07097643613815308
-0.09144002199172974
0.266874760389328
-0.287480890750885
0.09195029735565186
0.13723456859588623
-0.24590760469436646
-0.038604408502578735
-0.21825718879699707
0.07494586706161499
0.05652335286140442
0.14135974645614624
-0.15942776203155518
-0.3519630581140518
-0.39514002203941345
0.2711292505264282
-0.21461579203605652
-0.1475326418876648
-0.17455017566680908
-0.1950468122959137
-0.18970230221748352
0.013270169496536255
-0.4441683888435364
0.04096025228500366
-0.10148626565933228
0.1613462269306183
-0.2603839039802551
0.2097318470478058
-0.19923168420791626
-0.1361212432384491
0.14682355523109436
-0.3820984363555908
0.21468544006347656
-0.08128446340560913
-0.15565714240074158
-0.14126703143119812
-0.17702195048332214
-0.19402959942817688
0.007435262203216553
-0.1350940763950348
-0.03128516674041748
-0.025287926197052002
0.029167920351028442
0.12275174260139465
-0.12462705373764038
-0.2359408736228943
0.025904208421707153
0.6352557241916656
0.128818541765213
-0.09445187449455261
0.5944081246852875
-0.08233144879341125
0.02402547001838684
-0.29561200737953186
-0.20402613282203674
0.05115228891372681
-0.07302743196487427
-0.06927996873855591
-0.3358996510505676
-0.03572511672973633
-0.1294182538986206
0.4285622835159302
-0.08021751046180725
-0.2481805980205536
-0.31498217582702637
-0.009559154510498047
-0.08071452379226685
-0.3254392743110657
-0.3686493933200836
0.41024249792099
-0.06748077273368835
0.09846773743629456
0.30148324370384216
-0.10414361953735352
0.120525062084198
-0.09772220253944397
-0.6791815757751465
-0.2013622522354126
-0.23842594027519226
-0.1342458426952362
-0.08686760067939758
-0.07392871379852295
-0.032308995723724365
-0.300804078578949
0.039909958839416504
0.4420379102230072
-0.1309092938899994
-0.49410805106163025
-0.08136728405952454
-0.1829330325126648
-0.33727142214775085
-0.05453863739967346
-0.44303858280181885
-0.26147395372390747
0.1893046796321869
0.8582710921764374
-0.732358306646347
0.2242179811000824
-0.18936100602149963
0.0368615984916687
-0.23475468158721924
0.11678755283355713
0.27745455503463745
0.05723905563354492
0.0485844612121582
0.08595630526542664
-0.06082415580749512
0.12027651071548462
0.0012060999870300293
-0.05702704191207886
-0.02176573872566223
-0.017074018716812134
0.09719541668891907
-0.1598353087902069
0.3017483949661255
-0.1784135401248932
-0.13938495516777039
-0.12484905123710632
0.03764691948890686
-0.12855342030525208
-0.15393736958503723
-0.35627374053001404
0.07330906391143799
-0.1506803333759308
0.192449152469635
-0.06239140033721924
-0.09369975328445435
-0.2668449878692627
-0.31888526678085327
-0.16723409295082092
0.07264310121536255
-0.23680070042610168
-0.17547786235809326
0.08801725506782532
-0.19447025656700134
-0.4602881669998169
0.3473076820373535
0.1521216630935669
-0.24104350805282593
-0.20038804411888123
0.07110562920570374
0.05602964758872986
-0.27220940589904785
-0.0625934898853302
-0.1570984125137329
-0.011805593967437744
0.010314643383026123
-0.4811294376850128
-0.0017395317554473877
-0.21341639757156372
-0.4501093327999115
0.01086801290512085
0.2422827184200287
-0.43668675422668457
-0.07871654629707336
0.1792219877243042
-0.12145280838012695
-0.2079823613166809
-0.2481011152267456
-0.1589737832546234
0.4102324843406677
-0.18680641055107117
-0.4383832812309265
-0.30167555809020996
-0.043448686599731445
-0.18332073092460632
-0.2734386622905731
-0.04477408528327942
-0.21536466479301453
-0.30044955015182495
0.044803887605667114
-0.41564005613327026
0.19775068759918213
0.2493734061717987
-0.20602750778198242
-0.36877191066741943
-0.18023592233657837
0.1962926983833313
0.09962078928947449
0.10157233476638794
-0.0226040780544281
-0.07432961463928223
0.0782824456691742
-0.15809249877929688
-0.2688893675804138
-0.20837333798408508
0.0677657425403595
-0.20999357104301453
-0.29383930563926697
-0.1376156508922577
0.15835759043693542
0.10159224271774292
-0.10028016567230225
-0.05703693628311157
-0.06937605142593384
0.006388187408447266
-0.3497827649116516
-0.15859270095825195
0.01101711392402649
0.0478290319442749
-0.015824824571609497
0.03713002800941467
-0.38118064403533936
-0.046834975481033325
-0.0293998122215271
0.10354059934616089
-0.5187067985534668
-0.25473451614379883
0.32112517952919006
-0.4838100075721741
-0.10811963677406311
-0.13702252507209778
-0.12944146990776062
-0.3070697784423828
-0.05161625146865845
-0.09001526236534119
-0.1610877513885498
-0.06363058090209961
-0.2774943709373474
-0.3104858696460724
-0.07490938901901245
0.7349361628293991
-0.16359272599220276
0.09777522087097168
-0.37271153926849365
-0.24770015478134155
-0.4123200327157974
-0.1441662311553955
0.13883495330810547
-0.33953776955604553
-0.11348411440849304
-0.1179671585559845
0.09201318025588989
-0.09052878618240356
-0.005404144525527954
0.09631404280662537
0.0072762370109558105
-0.23774662613868713
-0.239310622215271
-0.1882079839706421
0.0015175044536590576
-0.13591912388801575
0.10678771138191223
0.362052321434021
-0.04687142372131348
-0.04023468494415283
-0.27361419796943665
-0.14010727405548096
-0.1331457793712616
-0.42461276054382324
-0.0484352707862854
-0.04525446891784668
-0.012816250324249268
-0.533468022942543
-0.16672387719154358
-0.30149319767951965
-0.4133869707584381
-0.23421785235404968
-0.2310502827167511
0.0044731199741363525
-0.26079800724983215
0.039489150047302246
0.2282206118106842
-0.21830034255981445
-0.32550880312919617
-0.11844092607498169
0.02944621443748474
0.01199457049369812
-0.09137707948684692
-0.27532726526260376
-0.025983691215515137
0.23417815566062927
-0.1468169093132019
-0.18938589096069336
-0.24506932497024536
-0.19328412413597107
-0.09262621402740479
-0.09357389807701111
-0.1651202142238617
-0.20657745003700256
-0.0887097418308258
0.12347391247749329
0.10862666368484497
-0.3789772242307663
-0.1557532250881195
-0.1178412139415741
-0.2753537893295288
-0.221815824508667
-0.050310730934143066
-0.0648532509803772
-0.04945254325866699
0.24002623558044434
0.07122159004211426
-0.1490136981010437
0.17610743641853333
0.1431788206100464
0.3327586352825165
-0.026918083429336548
-0.6974317729473114
-0.42289304733276367
0.03342890739440918
0.0834645926952362
0.14883142709732056
-0.16321825981140137
-0.20226344466209412
0.49952882528305054
-0.25684183835983276
-0.3404886722564697
0.7287368029356003
-0.08199679851531982
-0.14854323863983154
0.22396951913833618
-0.07295119762420654
-0.10247361660003662
-0.14654189348220825
-0.22585156559944153
0.2506921589374542
0.11894455552101135
0.047437965869903564
-0.4026348888874054
-0.12887153029441833
-0.1673898696899414
-0.042746275663375854
-0.3110358417034149
-0.22586143016815186
-0.21569931507110596
0.6536450982093811
-0.11386182904243469
-0.45305171608924866
0.25692468881607056
-0.7403403744101524
-0.10343119502067566
0.27821001410484314
0.06929656863212585
-0.08208626508712769
-0.14726755023002625
-0.25276634097099304
-0.04450559616088867
-0.10599583387374878
-0.11970663070678711
0.3806372284889221
-0.10970017313957214
-0.12373572587966919
-0.06532040238380432
-0.14881163835525513
0.1010654866695404
0.024721264839172363
-0.12360984086990356
-0.22075223922729492
0.12057146430015564
-0.08585694432258606
-0.0871557891368866
-0.00668644905090332
-0.06818988919258118
0.07034358382225037
0.006997853517532349
0.0517752468585968
0.24425747990608215
0.012617439031600952
-0.14400047063827515
0.0030847787857055664
-0.38410964608192444
-0.15789034962654114
-0.5190148949623108
-0.29166898131370544
-0.44298888742923737
0.3122883141040802
-0.26141756772994995
-0.4639229476451874
0.1605674922466278
-0.4317465126514435
-0.17034539580345154
-0.2939089238643646
-0.010377615690231323
-0.039532214403152466
-0.23501646518707275
-0.06771606206893921
-0.10105544328689575
-0.14417612552642822
-0.28673210740089417
0.046596407890319824
-0.06437945365905762
0.18230348825454712
-0.25339263677597046
-0.356972873210907
-0.4254079759120941
-0.21961244940757751
0.12690335512161255
-0.028700709342956543
-0.21320092678070068
0.027395248413085938
-0.14241009950637817
-0.2902574837207794
-0.10351407527923584
-0.29434624314308167
-0.04309737682342529
-0.3451108932495117
-0.02090427279472351
0.05876323580741882
1.0277583450078964
-0.17281386256217957
-0.028790175914764404
-0.11512091755867004
-0.40942737460136414
-0.1363598108291626
-0.3772243857383728
-0.07878613471984863
-0.2605893015861511
0.057040274143218994
-0.013429224491119385
-0.2704201638698578
-0.2093375027179718
0.13856327533721924
-0.4701322913169861
-0.08320954442024231
-0.07347476482391357
-0.003124535083770752
-0.17904970049858093
-0.16362914443016052
-0.13582968711853027
0.11778154969215393
-0.465897798538208
-0.07863706350326538
-0.15197259187698364
0.6413325369358063
0.1446698009967804
-0.011944890022277832
-0.13435187935829163
-0.15545499324798584
-0.19256508350372314
-0.40841351449489594
-0.21306845545768738
0.14265203475952148
-0.24229606986045837
0.030910760164260864
-0.031003475189208984
-0.10596928000450134
0.056755274534225464
-0.020854562520980835
0.019201189279556274
-0.28243786096572876
-0.0978614091873169
-0.1520785689353943
0.022342294454574585
-0.16739651560783386
-0.2797374427318573
-0.1135205626487732
-0.10474330186843872
-0.22056341171264648
-0.25668278336524963
-0.26978397369384766
-0.39997756481170654
0.13996481895446777
-0.28422051668167114
0.19722044467926025
0.08661237359046936
-0.16527920961380005
0.10756632685661316
0.3928835690021515
-0.11018061637878418
-0.1651400923728943
-0.46191835403442383
-0.38223421573638916
-0.08322936296463013
0.08035999536514282
-0.35558128356933594
-0.2218787670135498
-0.0859098732471466
-0.45371440052986145
-0.30176493525505066
0.46322712302207947
0.47208720445632935
-0.3885231167078018
-0.3231397271156311
0.034661442041397095
-0.2711755633354187
0.30316317081451416
0.12865951657295227
-0.4226710647344589
-0.044157713651657104
-0.22196829319000244
-0.29303744435310364
-0.3193259686231613
0.5389450788497925
-0.04286220669746399
0.042166322469711304
0.07072135806083679
-0.3711840808391571
-0.30679798126220703
0.19422513246536255
0.24419784545898438
-0.1508459746837616
-0.2719741761684418
-0.033611148595809937
0.5313043296337128
-0.39179009199142456
-0.032484591007232666
-0.2949194014072418
-0.10925617814064026
-0.21167349815368652
-0.239887073636055
-0.36560431122779846
-0.07447537779808044
-0.3186401426792145
-0.35357342660427094
-0.24011582136154175
-0.25906848907470703
-0.2084362804889679
0.04652014374732971
-0.3134413957595825
0.06478369235992432
-0.1950800120830536
-0.402634933590889
-0.1657496690750122
-0.29611894488334656
-0.11339128017425537
0.040251195430755615
0.32338494062423706
0.30736464262008667
-0.14926224946975708
-0.42593151330947876
-0.2441117763519287
-0.03623539209365845
-0.04361438751220703
0.34944814443588257
-0.13848701119422913
-0.3342529237270355
-0.2694956958293915
-0.2564011514186859
-0.20819446444511414
-0.331254243850708
-0.06612229347229004
0.0029985904693603516
-0.05174875259399414
-0.20373457670211792
0.054691046476364136
0.07117858529090881
-0.11887174844741821
-0.2649596631526947
-0.0447905957698822
-0.10726812481880188
0.0988454520702362
-0.3647594153881073
-0.356661394238472
-0.11045235395431519
-0.15760540962219238
-0.36897408962249756
-0.10325890779495239
-0.2915927767753601
-0.504816934466362
0.10917997360229492
-0.28873005509376526
-0.21966871619224548
-0.19632911682128906
-0.02858138084411621
-0.014499515295028687
0.14223113656044006
0.3848021328449249
-0.051354408264160156
-0.5784805864095688
-0.08783501386642456
-0.1091468334197998
-0.3605414628982544
0.1831948161125183
0.2600558400154114
-0.20203804969787598
-0.07614538073539734
-0.24788901209831238
0.22245532274246216
-0.1845300793647766
-0.1021324098110199
-0.16430503129959106
0.06495928764343262
0.13124722242355347
-0.35316580533981323
-0.0018919408321380615
-0.3503924608230591
-0.05686134099960327
-0.12012740969657898
-0.24949273467063904
-0.0395984947681427
-0.033319562673568726
-0.094180166721344
-0.18520602583885193
0.019333720207214355
-0.1278509497642517
-0.2889288067817688
-0.2533892095088959
0.09008815884590149
-0.2705659866333008
-0.3285902142524719
0.1589440107345581
0.11298048496246338
-0.25344231724739075
-0.18837031722068787
-0.04462161660194397
-0.000974118709564209
0.37677374482154846
-0.33592289686203003
-0.08103922009468079
-0.2217627763748169
0.15033575892448425
-0.003757387399673462
-0.17197883129119873
-0.23679572343826294
-0.018690913915634155
0.37423577904701233
-0.011056840419769287
-0.40079596638679504
-0.20033171772956848
-0.1915014386177063
-0.05371031165122986
0.14392095804214478
-0.26147401332855225
-0.12731093168258667
-0.2690947651863098
-0.2945748269557953
-0.13795024156570435
0.3445277214050293
-0.2589259445667267
-0.24350202083587646
-0.23842591047286987
0.06603610515594482
0.39310216903686523
0.051927655935287476
-0.2532236576080322
-0.03983044624328613
-0.06587377190589905
-0.18613049387931824
0.17915242910385132
0.6194309294223785
0.04232540726661682
-0.25214675068855286
-0.2548769414424896
-0.036795347929000854
-0.16952693462371826
0.09314310550689697
-0.09908735752105713
0.21220025420188904
-0.07137733697891235
0.03088092803955078
-0.2662154734134674
0.0925532877445221
-0.12532943487167358
-0.21498030424118042
0.014532595872879028
0.410222589969635
-0.1076359748840332
-0.029691457748413086
-0.13501456379890442
-0.14333778619766235
-0.2617291510105133
-0.0884844958782196
-0.18482831120491028
-0.22609996795654297
-0.03730890154838562
0.0033531785011291504
-0.30769604444503784
0.1842285692691803
-0.026706010103225708
-0.36742666363716125
-0.3303430676460266
0.1444876492023468
0.010762006044387817
-0.2521003186702728
-0.023687541484832764
0.166001558303833
-0.10321915149688721
-0.13990846276283264
0.39357276260852814
0.1597922444343567
-0.05445581674575806
-0.04119554162025452
0.5565823018550873
-0.07479679584503174
-0.2694195508956909
0.04652354121208191
-0.029071837663650513
-0.1678006947040558
-0.10997521877288818
-0.2134527564048767
-0.10396793484687805
-0.05153337121009827
-0.42440399527549744
0.14920589327812195
-0.24223637580871582
-0.11114475131034851
-0.12071394920349121
-0.32876256108283997
0.18183299899101257
-0.04586413502693176
-0.37603823840618134
-0.8375788033008575
-0.17741623520851135
-0.24006935954093933
0.2326805591583252
-0.2632632255554199
-0.16194596886634827
-0.24066248536109924
-0.162933349609375
0.17553749680519104
-0.01630192995071411
-0.1205647885799408
-0.05238157510757446
0.21260789036750793
0.06811696290969849
0.1265554130077362
-0.3826451301574707
0.2580181360244751
-0.2011202871799469
-0.22628560662269592
-0.31311339139938354
0.22105702757835388
-0.11703598499298096
-0.2954694628715515
0.11043575406074524
-0.15836414694786072
-0.21138852834701538
-0.3968663066625595
-0.025758415460586548
0.019499361515045166
-0.0787331759929657
-0.07622155547142029
0.01687180995941162
-0.7971088737249374
-0.18237310647964478
0.10766249895095825
-0.209297776222229
-0.07933288812637329
-0.31385886669158936
0.16751912236213684
0.10067114233970642
0.04839882254600525
-0.0823248028755188
-0.028922706842422485
-0.17959973216056824
-0.19036495685577393
-0.24012571573257446
0.07033687829971313
0.11732763051986694
0.015417277812957764
-0.4050636291503906
-0.017355620861053467
-0.21106383204460144
-0.3425629436969757
-0.32948487997055054
-0.24306797981262207
0.3288387954235077
-0.14523977041244507
0.05921712517738342
-0.052146345376968384
-0.19176986813545227
-0.22615963220596313
-0.01711040735244751
-0.31032344698905945
-0.23611977696418762
-0.1718961000442505
0.2527034282684326
-0.18258512020111084
-0.08437255024909973
0.3775656670331955
-0.4386084973812103
-0.1767071783542633
-0.06293812394142151
-0.04353809356689453
0.05282893776893616
-0.20077243447303772
0.0035453736782073975
-0.2797507047653198
0.06292480230331421
0.002538055181503296
-0.04296490550041199
-0.37671414017677307
0.24888962507247925
-0.2508445680141449
0.2816791236400604
0.14437493681907654
-0.24929723143577576
-0.2717057764530182
-0.11311295628547668
-0.246709406375885
-0.3049789369106293
-0.017282694578170776
0.054522037506103516
-0.2581539452075958
-0.06715273857116699
-0.30006855726242065
-0.15077310800552368
0.08769914507865906
-0.3010724186897278
0.015274792909622192
-0.08830887079238892
-0.08636391162872314
0.07359069585800171
-0.03791859745979309
0.06181156635284424
0.2680145502090454
-0.3554619550704956
-0.16458341479301453
0.27332600951194763
0.1749047338962555
-0.17007040977478027
-0.079548180103302
0.3023481070995331
-0.30589014291763306
0.017885714769363403
-0.46272680163383484
-0.41501709818840027
-0.3884800523519516
-0.14196941256523132
0.03580135107040405
-4.971027374267578e-05
-0.27618876099586487
0.40094172954559326
0.027829259634017944
-0.11679413914680481
-0.023588120937347412
-0.279664546251297
-0.22417500615119934
-0.18417888879776
-0.0906977653503418
-0.08643341064453125
-0.2618185579776764
0.10195010900497437
-0.009738057851791382
-0.0595683753490448
-0.07891860604286194
0.217737078666687
-0.16606122255325317
-0.1281028389930725
-0.19299253821372986
-0.26455214619636536
-0.24490362405776978
-0.052288830280303955
0.09111198782920837
-0.17018964886665344
-0.6040965169668198
0.048491597175598145
-0.2163122594356537
-0.19217079877853394
-0.3212742507457733
-0.01064261794090271
-0.2546980082988739
-0.31262290477752686
-0.297490656375885
-0.1736885905265808
0.16141587495803833
-0.2979644536972046
-0.3622743785381317
0.049946218729019165
-0.11679747700691223
-0.33931243419647217
0.14512047171592712
0.017368823289871216
-0.03716972470283508
0.02696448564529419
-0.3113075792789459
0.16406318545341492
-0.28368037939071655
-0.13190656900405884
-0.40699538588523865
0.32081034779548645
-0.4152291417121887
0.4783197045326233
-0.036898016929626465
-0.32504165172576904
-0.3499915897846222
-0.20485448837280273
-0.2977192997932434
-0.12804976105690002
-0.2037014663219452
-0.12252303957939148
-0.09967383742332458
0.0974571704864502
0.22169646620750427
-0.17847654223442078
-0.1894339621067047
-0.0256291925907135
-0.057567059993743896
-0.03664293885231018
-0.35106173157691956
-0.2729814648628235
-0.21815454959869385
-0.028766989707946777
-0.036420971155166626
-0.02808767557144165
-0.20207789540290833
-0.27942928671836853
-0.04213330149650574
-0.34256619215011597
-0.2793961763381958
-0.2163950800895691
-0.07767945528030396
0.09155929088592529
-0.24611303210258484
0.22234603762626648
0.07097306847572327
-0.37136633694171906
-0.1017281711101532
0.028982311487197876
-0.11334824562072754
-0.039399683475494385
-0.17302599549293518
-0.1907062530517578
-0.07307380437850952
-0.21112340688705444
-0.17229372262954712
-0.00625571608543396
0.05365067720413208
-0.1906333863735199
-0.31148648262023926
0.1175927221775055
-0.24550995230674744
-0.4067899286746979
-0.2450394332408905
-0.2286049723625183
-0.1632150113582611
-0.27093371748924255
-0.18636906147003174
0.18271762132644653
-0.06791812181472778
-0.16083592176437378
0.013578325510025024
-0.39853954315185547
-0.4645557552576065
-0.05687129497528076
-0.41255851089954376
-0.29340529441833496
-0.024234235286712646
-0.24545037746429443
0.06295135617256165
-0.2544959783554077
-0.18935105204582214
-0.2628258764743805
-0.023150771856307983
0.027106940746307373
0.21178948879241943
-0.14892756938934326
-0.30635732412338257
-0.20277372002601624
0.030019491910934448
0.2820104658603668
-0.06859081983566284
-0.022826015949249268
-0.04298481345176697
-0.22404581308364868
0.2233167588710785
0.09160897135734558
0.05837550759315491
-0.26660966873168945
-0.08056211471557617
-0.1261412799358368
-0.171034574508667
-0.13682040572166443
-0.18998059630393982
0.2606423795223236
-0.0012756884098052979
-0.06890559196472168
-0.062421172857284546
-0.23194491863250732
-0.4786675423383713
-0.015612751245498657
0.15629327297210693
-0.23369106650352478
0.013041585683822632
-0.2720106244087219
-0.19830060005187988
-0.24602019786834717
-0.43809497356414795
-0.2680675685405731
-0.24739530682563782
0.16330444812774658
-0.39431828260421753
-0.21566614508628845
-0.07397174835205078
-0.3556840121746063
0.5660221576690674
-0.04973748326301575
0.23928073048591614
0.3411911427974701
-0.21815448999404907
0.1654282510280609
-0.09486269950866699
-0.33122771978378296
0.01968824863433838
0.09003180265426636
0.1781550645828247
0.2767123878002167
-0.08529362082481384
0.07838189601898193
-0.06976702809333801
-0.6697979867458344
-0.07504528760910034
0.2060340940952301
-0.04021811485290527
-0.09858372807502747
-0.018869876861572266
-0.02172592282295227
-0.28840863704681396
-0.0877058207988739
-0.1515451967716217
-0.17694902420043945
-0.15046831965446472
-0.18565338850021362
-0.1533907651901245
-0.1918262243270874
-0.030022770166397095
0.14093232154846191
0.0683256983757019
-0.24916797876358032
-0.09064477682113647
-0.23894277215003967
-0.21701142191886902
-0.00746840238571167
-0.14770489931106567
-0.05382293462753296
0.27662280201911926
-0.20603734254837036
0.15507391095161438
-0.1386195421218872
-0.17082586884498596
-0.13396424055099487
0.11476299166679382
-0.06017804145812988
-0.21533149480819702
0.20253515243530273
-0.2798501253128052
-0.6275752782821655
0.16876161098480225
-0.19416877627372742
-0.13454404473304749
-0.13853013515472412
-0.178622305393219
-0.03325662016868591
-0.12096911668777466
-0.1306309700012207
0.09202313423156738
0.11911022663116455
-0.1320822536945343
-0.2432270646095276
-0.13829156756401062
-0.08962428569793701
0.12028652429580688
0.29386577010154724
-0.05984333157539368
0.14025971293449402
-0.13175418972969055
0.011199265718460083
-0.17178010940551758
0.08315983414649963
0.4335290938615799
-0.07246741652488708
-0.02448934316635132
0.21534806489944458
0.6336918771266937
0.04312726855278015
0.5252673327922821
-0.024363458156585693
-0.13856986165046692
-0.09559831023216248
-0.22648438811302185
-0.23596736788749695
-0.2987762689590454
-0.24698445200920105
-0.14790377020835876
-0.3150516450405121
-0.680576503276825
-0.16161122918128967
-0.14106816053390503
0.22665339708328247
-0.07329249382019043
-0.04988992214202881
-0.14894738793373108
0.03725925087928772
-0.18020933866500854
0.07196712493896484
-0.0033863186836242676
-0.29093673825263977
-0.320064902305603
0.1513131856918335
-0.38391752541065216
0.3673504889011383
0.2605462968349457
-0.267951637506485
0.01509585976600647
-0.0007090270519256592
-0.03989669680595398
0.07425671815872192
0.1099717915058136
0.10855042934417725
-0.1717735230922699
-0.36030614376068115
0.16554102301597595
0.21282657980918884
0.13207224011421204
0.01945626735687256
-0.30630427598953247
-0.24010911583900452
0.0954160988330841
-0.030400514602661133
-0.26430362462997437
-0.13581976294517517
-0.03805112838745117
-0.058126986026763916
-0.12373247742652893
0.059565067291259766
-0.5491470098495483
0.16670730710029602
0.28364065289497375
-0.17511335015296936
-0.011232376098632812
0.46728280186653137
-0.1304951012134552
-0.044614940881729126
-0.11134359240531921
-0.10746696591377258
0.004602313041687012
-0.2997570335865021
0.028081119060516357
-0.14170429110527039
-0.2861686944961548
-0.1426619291305542
-0.31597617268562317
-0.12159198522567749
-0.32568442821502686
-0.31139373779296875
0.5437760055065155
-0.5192468464374542
-0.03842228651046753
-0.1337587833404541
-0.02316063642501831
0.15635958313941956
0.0304071307182312
-0.33523035049438477
-0.2668449878692627
-0.014184713363647461
0.27436310052871704
-0.03146740794181824
-0.17525923252105713
-0.08315986394882202
-0.041334718465805054
-0.4547514468431473
-0.07832887768745422
-0.14738020300865173
-0.35526320338249207
-0.022789597511291504
-0.1670352816581726
-0.04942271113395691
-0.03430694341659546
0.10004159808158875
-0.18915557861328125
-0.18611392378807068
-0.3214929699897766
-0.18192574381828308
-0.08039301633834839
-0.21237927675247192
-0.055728137493133545
-0.15296664834022522
-0.1880224049091339
-0.017739921808242798
-0.10515090823173523
0.22502654790878296
-0.0871458649635315
-0.2734485864639282
-0.5316058248281479
-0.1342160403728485
-0.04884284734725952
-0.28396207094192505
-0.35915642976760864
-0.3708030581474304
-0.2232671082019806
-0.2554137408733368
-0.3529769480228424
-0.08190402388572693
-0.42426149547100067
-0.006583750247955322
0.07157948613166809
0.10478967428207397
-0.23691827058792114
-0.07318979501724243
0.3480597734451294
-0.0034824013710021973
-0.2056298553943634
-0.14336103200912476
-0.3851301670074463
0.07806706428527832
-0.45398271083831787
-0.247435063123703
0.09998863935470581
-0.004572451114654541
-0.2498372495174408
0.03165629506111145
0.0004571974277496338
-0.24194803833961487
0.13236388564109802
0.42279696464538574
-0.20311829447746277
-0.2447611391544342
0.46808789670467377
0.06859409809112549
0.025808095932006836
-0.5809855312108994
0.10335499048233032
0.1317509114742279
-0.3282257914543152
-0.014724761247634888
0.2588762938976288
-0.007475018501281738
0.13527634739875793
-0.053915709257125854
0.12278485298156738
0.0007355809211730957
-0.18233004212379456
0.022338926792144775
0.01927405595779419
-0.23917147517204285
-0.04531410336494446
-0.3128184676170349
-0.021099746227264404
-0.3587454855442047
-0.40689927339553833
-0.1975882351398468
-0.28986313939094543
-0.31719881296157837
-0.01756766438484192
-0.15541189908981323
-0.42749863862991333
-0.14263540506362915
9.939074516296387e-05
-0.21019244194030762
-0.17843341827392578
-0.15041202306747437
0.060211181640625
-0.1594608724117279
0.4035063236951828
0.07598632574081421
0.18251222372055054
0.019814133644104004
0.07755020260810852
-0.23049360513687134
0.45406225323677063
-0.2838825583457947
-0.38891077041625977
-0.3912732005119324
-0.25697433948516846
0.015092551708221436
-0.23549026250839233
-0.8405642509460449
-0.01632845401763916
-0.32600581645965576
0.4914639741182327
-0.4363223612308502
-0.140733540058136
-0.06019124388694763
0.5716218650341034
-0.1661108434200287
-0.39336732029914856
0.16329777240753174
0.08141690492630005
0.1015491783618927
0.34472984075546265
-0.26410484313964844
0.26809415221214294
-0.05830267071723938
-0.11352711915969849
-0.021494060754776
-0.15074333548545837
-0.33517399430274963
-0.260824590921402
-0.10122448205947876
-0.25763705372810364
-0.06325286626815796
0.30059534311294556
-0.30897819995880127
-0.025897562503814697
-0.1742783784866333
-0.09715896844863892
0.08391526341438293
0.18150821328163147
-0.0682528018951416
-0.09202650189399719
-0.10553854703903198
0.06260675191879272
0.15583598613739014
-0.14314237236976624
0.01903882622718811
-0.12173771858215332
-0.07155293226242065
0.029548943042755127
0.005427360534667969
-0.02375715970993042
0.11440196633338928
-0.001457899808883667
-0.07370668649673462
0.14364928007125854
-0.16228395700454712
-0.15250268578529358
-0.025774985551834106
-0.026404589414596558
0.006196081638336182
0.03214338421821594
-0.012653857469558716
0.024194449186325073
-0.13301661610603333
0.015122383832931519
-0.22611665725708008
-0.07013487815856934
-0.14186671376228333
-0.04872030019760132
-0.11139330267906189
-0.3286697566509247
-0.09804356098175049
0.010483592748641968
-0.11010107398033142
-0.0867946445941925
-0.03906172513961792
0.19539806246757507
0.16288697719573975
-0.03563237190246582
-0.12495839595794678
0.05100655555725098
0.0070244669914245605
0.08629092574119568
-0.2787832021713257
-0.34282466769218445
0.2762153148651123
-0.18175014853477478
0.14692291617393494
-0.1815977692604065
-0.2586310803890228
0.13558775186538696
-0.08724528551101685
0.07736459374427795
0.017670363187789917
0.029820680618286133
-0.30177485942840576
0.12352368235588074
-0.14235377311706543
-0.20390352606773376
0.20201826095581055
0.5124344825744629
0.12134349346160889
-0.055194705724716187
-0.41212114691734314
-0.25324341654777527
-0.25490015745162964
0.3151014447212219
-0.20753508806228638
0.03793182969093323
0.0448932945728302
-0.13869574666023254
0.02277296781539917
0.009516149759292603
0.2674679458141327
0.12690666317939758
0.0629313588142395
-0.31322604417800903
-0.12229111790657043
-0.06227540969848633
-0.3616282343864441
0.17063698172569275
-0.009615510702133179
0.02692800760269165
0.16676363348960876
0.05484011769294739
0.17981836199760437
0.10568767786026001
-0.1374930739402771
0.06900501251220703
-0.2288435995578766
-0.035758256912231445
-0.13508746027946472
0.15945428609848022
-0.06096994876861572
-0.12617114186286926
0.29960131645202637
-0.39322152733802795
-0.18818148970603943
0.15963974595069885
-0.29876962304115295
-0.09433591365814209
-0.2591877281665802
-0.2975867986679077
-0.013442426919937134
-0.2533528506755829
-0.24885323643684387
-0.28465455770492554
-0.34188365936279297
0.3368207514286041
0.1775851845741272
0.06486648321151733
-0.2801284193992615
-0.13134333491325378
0.04330286383628845
0.1521216630935669
-0.2289893627166748
0.21795573830604553
-0.12808957695960999
0.24434366822242737
-0.2038571834564209
-0.11725139617919922
-0.2549796998500824
-0.11149272322654724
-0.3056018650531769
0.08361378312110901
-0.423963338136673
0.04190126061439514
-0.13460040092468262
-0.022640496492385864
0.1488977074623108
-0.30799080431461334
-0.07929641008377075
0.3462275266647339
0.28424695134162903
-0.6243845075368881
-0.21065959334373474
-0.07126137614250183
-0.04305437207221985
-0.0474015474319458
0.0015639066696166992
0.1328510046005249
-0.30663564801216125
-0.07011491060256958
-0.15186652541160583
-0.18150165677070618
-0.026858478784561157
-0.24598708748817444
0.26671910285949707
-0.06380623579025269
0.0884711742401123
0.15987509489059448
-0.1527842879295349
0.016358256340026855
-0.21936053037643433
0.11116796731948853
-0.14340078830718994
-0.20860853791236877
-0.2526404857635498
-0.23903557658195496
-0.037835776805877686
0.23690834641456604
0.12517043948173523
-0.4691150635480881
0.1458626687526703
-0.00010269880294799805
0.3317910134792328
0.009320586919784546
-0.11196655035018921
0.31797412037849426
-0.05500918626785278
0.2837665379047394
0.0030615925788879395
-0.39832746982574463
-0.16604125499725342
0.04938960075378418
0.3174207806587219
-0.09743067622184753
-0.29870665073394775
-0.30200350284576416
-0.1938473880290985
0.12740370631217957
0.11869609355926514
-0.8634863495826721
-0.07917708158493042
0.06565845012664795
-0.10821574926376343
-0.28955841064453125
-0.27182504534721375
-0.06561198830604553
-0.1950567662715912
-0.052050232887268066
0.06621506810188293
-0.2722226679325104
-0.42910563945770264
-0.25795507431030273
-0.4040431082248688
0.06343179941177368
0.04244464635848999
-0.3651801645755768
0.17130300402641296
0.03439643979072571
-0.27612248063087463
0.01914149522781372
0.24997639656066895
-0.20814809203147888
-0.041106075048446655
-0.12565425038337708
0.04956182837486267
-0.11944493651390076
-0.19438746571540833
-0.12937849760055542
-0.2273624837398529
-0.0021968185901641846
0.3419399857521057
-0.17539504170417786
-0.10570424795150757
-0.01683211326599121
-0.40770772099494934
-0.5533119142055511
-0.2987431585788727
-0.2597079575061798
-0.19176656007766724
-0.09374943375587463
-0.30348125100135803
-0.17476218938827515
0.07990604639053345
-0.01946958899497986
0.07498231530189514
0.08827903866767883
-0.13244667649269104
-0.22106367349624634
-0.5271227359771729
0.06643706560134888
0.0847998857498169
-0.42681941390037537
-0.04272639751434326
0.009181469678878784
0.23738223314285278
0.08644333481788635
-0.2078896164894104
-0.35708218812942505
0.22311466932296753
-0.1306309700012207
0.01389312744140625
0.060068726539611816
-0.27230551838874817
-0.5638287216424942
0.012637317180633545
-0.1947154998779297
0.5860947966575623
-0.12283781170845032
0.23902231454849243
0.13844391703605652
0.17799940705299377
-0.19991084933280945
-0.19213107228279114
-0.05879300832748413
0.42423492670059204
-0.3040710687637329
-0.059767186641693115
-0.1398322880268097
-0.39982181787490845
-0.07086703181266785
0.1418534517288208
0.18969902396202087
-0.09681761264801025
-0.06840521097183228
-0.22238239645957947
-0.3812137842178345
0.04172235727310181
-0.019158154726028442
-0.22134864330291748
0.028806746006011963
-0.1604747176170349
0.07820296287536621
-0.32171159982681274
-0.3573704659938812
-0.33622097969055176
0.007428675889968872
-0.47490355372428894
0.05713135004043579
-0.16325145959854126
-0.07447537779808044
-0.4132378250360489
-0.03783905506134033
-0.06527736783027649
-0.2137013077735901
0.17685958743095398
0.0019349753856658936
-0.2662949860095978
-0.08267942070960999
0.031997501850128174
-0.2491612732410431
-0.5238027572631836
-0.6892080008983612
-0.0676000714302063
0.21512603759765625
0.0760757327079773
0.3131663501262665
-0.0207882821559906
-0.007826298475265503
-0.28172221779823303
0.08228504657745361
0.10666176676750183
-0.26469460129737854
-0.31090661883354187
-0.07745087146759033
0.3437192738056183
-0.09499862790107727
0.12315589189529419
-0.1365884244441986
-0.12002149224281311
0.1848416030406952
-0.105995774269104
-0.3359393775463104
0.14096543192863464
0.45102715492248535
-0.1471482515335083
0.0636802613735199
-0.010261565446853638
-0.23481762409210205
-0.4079960286617279
-0.39809882640838623
-0.04622530937194824
-0.1950799822807312
-0.12368938326835632
-0.07274910807609558
-0.045980095863342285
-0.22464880347251892
-0.34274178743362427
0.38792338967323303
-0.05776253342628479
-0.13567394018173218
0.0227167010307312
0.09599599242210388
-0.0817880630493164
-0.19979164004325867
-0.07021105289459229
-0.10641327500343323
0.2816758155822754
0.02622559666633606
-0.00736236572265625
-0.049237191677093506
-0.09164214134216309
0.03410819172859192
0.0010172128677368164
0.21985089778900146
0.4886641204357147
-0.24107006192207336
-0.21955278515815735
-0.008343130350112915
0.008916378021240234
0.2732597589492798
-0.2414974868297577
-0.10649615526199341
-0.0627492368221283
-1.152819350361824
-0.1027618944644928
-0.1616908311843872
-0.2958373427391052
-0.23533785343170166
0.0954989492893219
-0.013902992010116577
0.048594385385513306
0.03257077932357788
-0.05531063675880432
0.03136801719665527
-0.10956764221191406
-0.21342629194259644
-0.07637721300125122
-0.2519710958003998
-0.2021077275276184
-0.06346824765205383
-0.24543708562850952
-0.2701551020145416
-0.24275648593902588
-0.14835098385810852
0.19705480337142944
0.02433362603187561
0.029704660177230835
0.023048043251037598
0.003316730260848999
0.1258232295513153
-0.015871167182922363
-9.942054748535156e-05
-0.14312580227851868
0.11105206608772278
-0.29314351081848145
0.005440622568130493
-0.08004853129386902
-0.5813169181346893
-0.37912964820861816
-0.15378832817077637
-0.21474173665046692
0.3888114094734192
0.04157319664955139
-0.15231716632843018
-0.11179089546203613
0.26722270250320435
-0.1616676151752472
-0.413251057267189
-0.12330836057662964
0.35024669766426086
-0.159593403339386
-0.6035497337579727
-0.16359269618988037
0.29797765612602234
-0.6785486936569214
-0.047666579484939575
-0.3630065619945526
-0.33357030153274536
-0.09550556540489197
-0.2628655433654785
0.2565833330154419
0.05624502897262573
-0.15194278955459595
-0.2914237976074219
-0.1516346037387848
0.003445923328399658
0.01905539631843567
0.09035322070121765
0.06416738033294678
-0.0015606582164764404
-0.29025086760520935
-0.12284776568412781
-0.362178236246109
0.0767715573310852
0.07366684079170227
-0.162787526845932
-0.315850168466568
0.085330069065094
-0.057424575090408325
-0.03747129440307617
-0.15512526035308838
-0.19981485605239868
0.03779599070549011
-0.23719993233680725
0.10844776034355164
-0.267477810382843
0.4252356290817261
-0.14074015617370605
-0.06042647361755371
0.14057445526123047
-0.16428852081298828
-0.1887248158454895
-0.149563729763031
0.158890962600708
0.061046063899993896
0.15048813819885254
-0.15224432945251465
-0.4184298515319824
-0.05663269758224487
-0.014353662729263306
-0.316247820854187
-0.09393167495727539
0.20683923363685608
-0.263909250497818
-0.041397690773010254
0.2756817936897278
0.5036076009273529
-0.18658113479614258
-0.21087494492530823
-0.16244298219680786
0.2376936972141266
-0.04551953077316284
-0.4242151379585266
-0.15881147980690002
0.18723052740097046
-0.050247758626937866
-0.19468238949775696
-0.16478878259658813
0.21431758999824524
-0.23936033248901367
-0.12836787104606628
-0.2056264877319336
-0.13895085453987122
-0.10480961203575134
-0.33048221468925476
-0.05780896544456482
-0.235311359167099
-0.41532525420188904
-0.018946021795272827
0.28233516216278076
0.024615228176116943
0.2119385302066803
0.17305240035057068
0.17746591567993164
-0.07780861854553223
0.2161863148212433
0.06996920704841614
-0.1958751678466797
0.0412253737449646
0.02077174186706543
0.09713572263717651
0.07875961065292358
-0.3808723986148834
-0.29629117250442505
-0.26188480854034424
0.31519752740859985
-0.17891719937324524
-0.2545257806777954
-0.2976231873035431
-0.1380397379398346
-0.08001872897148132
-0.3222252130508423
-0.17413264513015747
0.3213868737220764
0.32691362500190735
-0.44540101289749146
-0.1774825155735016
-0.3245578408241272
0.49488335847854614
0.04835578799247742
0.1525822877883911
0.2130485475063324
-0.00010597705841064453
-0.16342371702194214
-0.08063828945159912
0.15582942962646484
-0.4598275274038315
-0.11305993795394897
-0.12185373902320862
0.4239765405654907
0.06732839345932007
-0.10873594880104065
0.10584011673927307
-0.5236337929964066
-0.10530993342399597
-0.09418684244155884
-0.13113129138946533
0.12012419104576111
-0.1696893274784088
-0.2537902295589447
0.027796119451522827
0.020831376314163208
0.35390138626098633
-0.34329840540885925
-0.12145280838012695
-0.011898428201675415
-0.05559229850769043
-0.2894391417503357
-0.2283267080783844
-0.048339247703552246
0.07320308685302734
0.1819920539855957
-0.05221596360206604
-0.46144455671310425
-0.384855180978775
0.1161944568157196
-0.1984960436820984
0.07887887954711914
-0.28130796551704407
0.28678837418556213
0.4233006238937378
-0.3810215890407562
-0.13406029343605042
0.04884612560272217
-0.2761192321777344
0.06990286707878113
-0.2671232521533966
-0.17285364866256714
-0.04182177782058716
0.3761707544326782
-0.03698095679283142
-0.04245138168334961
0.07570463418960571
-0.1471051275730133
-0.09024053812026978
0.24539729952812195
-0.22569581866264343
-0.16508039832115173
0.13133671879768372
-0.1374598741531372
0.2802344262599945
0.05208677053451538
0.11084988713264465
-0.19953981041908264
0.2466067373752594
0.0005201995372772217
-0.06306067109107971
0.02721303701400757
-0.11961719393730164
-0.11018723249435425
0.037653595209121704
-0.29012835025787354
-0.10173475742340088
-0.20743894577026367
-0.18335384130477905
-0.030867666006088257
-0.2073163092136383
0.3372515141963959
0.28872671723365784
-0.23527488112449646
0.027150064706802368
0.1442224383354187
-0.07677489519119263
0.19015619158744812
0.02464178204536438
0.024843931198120117
-0.2598007619380951
0.10767903923988342
-0.08954140543937683
-0.21016588807106018
0.22349902987480164
-0.35231420397758484
-0.1173541247844696
-0.3234710097312927
-0.1707131266593933
-0.16003409028053284
-0.08554545044898987
-0.33494868874549866
-0.1859581470489502
-0.2687866687774658
0.17598146200180054
-0.23854857683181763
-0.2056398093700409
-0.20209774374961853
-0.13823851943016052
0.26068538427352905
-0.2675474286079407
-0.38399699330329895
-0.22714710235595703
0.03857135772705078
-0.14905017614364624
0.06605264544487
0.8591093420982361
-0.10760614275932312
-0.2560333013534546
0.003823697566986084
-0.23299860954284668
0.02598699927330017
-0.21379071474075317
-0.08190733194351196
-0.14892089366912842
0.017683684825897217
-0.22574886679649353
0.06338876485824585
0.0823976993560791
-0.11732763051986694
0.08480989933013916
-0.2497047781944275
-0.2953469157218933
-0.011172831058502197
-0.30915385484695435
0.20019587874412537
-0.20185256004333496
0.026792198419570923
-0.03485703468322754
-0.17597484588623047
0.006729543209075928
-0.33134377002716064
-0.24338942766189575
0.2026444375514984
0.1188683807849884
0.16099169850349426
-0.07259002327919006
-0.19197198748588562
-0.021354883909225464
0.5354658961296082
-0.11171802878379822
-0.1965709626674652
0.20975834131240845
0.7315731942653656
0.02829650044441223
-0.14856311678886414
-0.004526048898696899
0.10736089944839478
0.012455105781555176
0.14808598160743713
0.01669621467590332
-0.22027507424354553
-0.04069855809211731
-0.11034303903579712
-0.31328901648521423
-0.0831068754196167
-0.22694164514541626
-0.16963300108909607
-0.04075491428375244
0.031570106744766235
0.3097469210624695
-0.12625393271446228
-0.22631871700286865
0.05965787172317505
-0.04520478844642639
-0.06669881939888
-0.27236515283584595
0.03726249933242798
-0.24548682570457458
-0.04727894067764282
-0.26928699016571045
-0.09296751022338867
0.1794605851173401
0.3072619140148163
-0.3613763451576233
-0.32293760776519775
0.2508942484855652
-0.06187447905540466
0.029300421476364136
-0.16450059413909912
-0.38588234782218933
0.01497986912727356
-0.22302857041358948
-0.21351903676986694
0.16545149683952332
-0.20281344652175903
-0.1746031939983368
0.10840129852294922
-0.013293445110321045
-0.09013780951499939
-0.11993199586868286
-0.43688228726387024
-0.16992461681365967
-0.14773797988891602
0.1658458113670349
0.14438483119010925
-0.0867747962474823
-0.32734447717666626
-0.013303309679031372
-0.18404626846313477
-0.012627363204956055
-0.24067896604537964
0.02150404453277588
-0.13162827491760254
-0.1525755524635315
0.04397878050804138
-0.24235230684280396
-0.035115450620651245
-0.059193968772888184
-0.30175504088401794
0.057726144790649414
0.1017281711101532
-0.37700575590133667
0.1345970332622528
0.030466735363006592
0.3773502707481384
-0.8500272929668427
0.0026938319206237793
0.3584805428981781
0.3367246687412262
-0.3134016990661621
-0.28640735149383545
0.22150760889053345
0.02779608964920044
0.2717289626598358
-0.431938573718071
0.16739317774772644
0.0039694905281066895
-0.050078749656677246
-0.538742870092392
0.005258321762084961
-0.27406495809555054
0.04523459076881409
-0.029459446668624878
0.0716623067855835
-0.2000666856765747
-0.10443517565727234
-0.13596883416175842
-0.2549564838409424
-0.2509041428565979
-0.2470308542251587
-0.26199421286582947
0.21315789222717285
0.1740531325340271
0.031980961561203
-0.2753736674785614
-0.01957884430885315
-0.26786553859710693
0.01670616865158081
0.284366250038147
0.03878012299537659
-0.14610454440116882
-0.41197875142097473
0.11454436182975769
-0.06829586625099182
0.022322386503219604
-0.2339296042919159
-0.31235459446907043
-0.14864593744277954
-0.1940959095954895
0.03342890739440918
0.13642281293869019
-0.02502945065498352
-0.03724929690361023
-0.14993816614151
0.1268669068813324
0.2920070290565491
-0.05078786611557007
-0.10075065493583679
-0.20901945233345032
-0.37940800189971924
0.1810179054737091
-0.10253661870956421
-0.23767048120498657
0.2194831669330597
-0.07179483771324158
0.10708260536193848
0.06998240947723389
-0.1893378496170044
0.06874319911003113
0.04091387987136841
-0.045681893825531006
-0.23583152890205383
-0.06659278273582458
-0.20213085412979126
0.05180168151855469
-0.17810207605361938
-0.025894254446029663
0.028081119060516357
-0.6074860990047455
0.0506022572517395
-0.10678109526634216
-0.3246937394142151
-0.22786283493041992
-0.2767321467399597
0.6050540804862976
0.13334795832633972
-0.06078442931175232
-0.0645948052406311
-0.5382128059864044
0.46319401264190674
-0.13876542448997498
-0.13231417536735535
0.21566283702850342
0.4809240400791168
0.13303646445274353
-0.3205619156360626
-0.0899820625782013
-0.17954671382904053
-0.12754619121551514
-0.2330019176006317
-0.21364831924438477
0.13203585147857666
-0.5157446265220642
-0.07131439447402954
-0.17211145162582397
0.04108619689941406
-0.08860042691230774
0.5463704019784927
-0.2121870517730713
0.26245805621147156
-0.09258309006690979
-0.11929905414581299
-0.3377583920955658
-0.1409621238708496
-0.17327779531478882
0.11474648118019104
0.005778580904006958
-0.3179277181625366
0.02237871289253235
0.15276113152503967
-0.33566775918006897
-0.10870617628097534
-0.22193843126296997
-0.09284156560897827
0.05391573905944824
-0.1743645966053009
-0.2633857727050781
0.33092617988586426
0.30827251076698303
-0.20957612991333008
-0.21312472224235535
-0.2743067145347595
0.2646416127681732
-0.2673022150993347
0.04222932457923889
-0.19844970107078552
-0.6056471318006516
-0.15334096550941467
-0.5387528240680695
0.3679733872413635
-0.1576186716556549
-0.09353074431419373
0.05973735451698303
0.2448473572731018
-0.5168049037456512
-0.2650027275085449
-0.17730683088302612
-0.0739617645740509
-0.1472410261631012
-0.24331650137901306
-0.035267919301986694
0.5070834457874298
-0.08149644732475281
-0.050651997327804565
0.04565873742103577
0.02459871768951416
0.004529446363449097
-0.606356292963028
-0.7020937353372574
-0.4697711616754532
-0.07031044363975525
0.2407684624195099
0.04213994741439819
0.020152121782302856
0.17517301440238953
0.03656342625617981
-0.11629056930541992
0.07746735215187073
-0.21342960000038147
0.40558716654777527
0.008528709411621094
-0.11913013458251953
0.034416377544403076
-0.1147729754447937
-0.3131200075149536
-0.3548523187637329
-0.17687943577766418
-0.007209956645965576
-0.0405195951461792
-0.05450883507728577
-0.2289695143699646
-0.04857781529426575
-0.3070133328437805
-0.21304526925086975
-0.19785329699516296
-0.17767798900604248
-0.25128522515296936
0.1587584912776947
-0.11781802773475647
-0.06218263506889343
0.20310503244400024
0.41207484900951385
-0.03526785969734192
0.12536263465881348
-0.10648617148399353
0.10119470953941345
-0.016040146350860596
0.03846198320388794
-0.011689692735671997
-0.0887097418308258
-0.31896477937698364
0.0083199143409729
-0.09235119819641113
0.43643495440483093
0.37062081694602966
-0.02781936526298523
0.4966527819633484
-0.2932296693325043
-0.31628096103668213
-0.08881911635398865
-0.01992020010948181
-0.0803368091583252
-0.293842613697052
0.5105889141559601
-0.2226043939590454
-0.19713759422302246
-0.02913808822631836
0.11243706941604614
-0.07205656170845032
0.07495251297950745
-0.254525750875473
0.2826698422431946
-0.23209068179130554
-0.20821428298950195
-0.23566919565200806
-0.04012197256088257
-0.36856983602046967
-0.012895762920379639
0.11181080341339111
-0.2497379183769226
-0.06973722577095032
-0.11135029792785645
-0.010748684406280518
-0.09400129318237305
-0.1094052791595459
0.0757245421409607
0.6558717489242554
-0.19080230593681335
-0.25675898790359497
0.4636578857898712
-0.3166685700416565
-0.14815551042556763
0.02161005139350891
-0.22730940580368042
-0.19354248046875
0.1651068925857544
0.07842829823493958
-0.5633879601955414
-0.32966378331184387
0.07912746071815491
0.008114486932754517
-0.29953503608703613
-0.003906577825546265
-0.2632664740085602
-0.3639807105064392
-0.00461229681968689
0.08675816655158997
-0.1906631886959076
-0.1506803333759308
-0.32278189063072205
-0.007869362831115723
-0.0028031766414642334
-0.25251784920692444
-0.07724204659461975
-0.25806117057800293
-0.07266619801521301
0.275267630815506
-0.016401350498199463
0.03208369016647339
0.24585124850273132
-0.01918792724609375
-0.2507948577404022
0.043405622243881226
0.36895084381103516
-0.08891192078590393
-0.2306990623474121
0.1086762547492981
-0.2693101763725281
-0.08323931694030762
0.07542303204536438
0.24322709441184998
-0.04455536603927612
-0.4602053165435791
0.114037424325943
-0.29693397879600525
0.5187896192073822
-0.014688313007354736
-0.22770705819129944
0.43853890895843506
-0.17620348930358887
-0.043677300214767456
0.6651625037193298
-0.31834855675697327
0.10115820169448853
-0.3137395977973938
-0.4639163613319397
-0.011096566915512085
0.062457650899887085
-0.16359606385231018
-0.13619083166122437
0.3354722559452057
-0.1823730766773224
0.00938686728477478
-0.07853761315345764
-0.4580184817314148
0.014754623174667358
-0.05183491110801697
-0.16249927878379822
-0.16954687237739563
-0.07488292455673218
-0.08190396428108215
0.08124130964279175
-0.25294527411460876
-0.5598857402801514
0.2079857885837555
-0.2049538791179657
-0.007504850625991821
0.30570125579833984
-0.24017870426177979
0.08471378684043884
-0.3160358667373657
-0.07797098159790039
-0.4436449110507965
0.05008208751678467
-0.4550960063934326
0.6367699503898621
0.14096546173095703
0.0469244122505188
-0.10256308317184448
-0.03127855062484741
-0.18868505954742432
0.09780502319335938
-0.4197917580604553
-0.4226512312889099
0.2442641258239746
-0.011616736650466919
-0.08882245421409607
0.002272993326187134
0.002276301383972168
0.06636416912078857
-0.2900421619415283
-0.09853404760360718
-0.3674233555793762
-0.08693382143974304
-0.33506467938423157
-0.06214621663093567
-0.08459782600402832
-0.11851716041564941
0.031102895736694336
0.13832798600196838
-0.02246156334877014
-0.1626119315624237
-0.1868395209312439
-0.4356265068054199
0.5559461414813995
-0.1263699233531952
-0.15976238250732422
0.02174919843673706
-0.21782654523849487
0.011533975601196289
0.24210381507873535
-0.20472198724746704
-0.1795235574245453
-0.1763758361339569
-0.14287400245666504
-0.039267122745513916
-0.21360519528388977
0.35091927647590637
-0.2639855444431305
-0.26644405722618103
-0.25284263491630554
-0.18369510769844055
-0.10683742165565491
-0.16363570094108582
-0.13839426636695862
-0.04341214895248413
-0.2973845601081848
-0.3411182463169098
-0.2192777693271637
-0.08429300785064697
-0.09656250476837158
-0.08835527300834656
0.2875272035598755
0.5185974687337875
-0.3372151553630829
-0.0729379653930664
-0.06751388311386108
-0.13320544362068176
-0.20339331030845642
-0.04470774531364441
-0.08077412843704224
-0.34238725900650024
-0.21864160895347595
-0.33333832025527954
-0.16428852081298828
-0.16702210903167725
0.07292470335960388
0.7414669096469879
-0.15554440021514893
-0.36359967291355133
0.14144253730773926
0.5902365148067474
-0.23837292194366455
0.04070514440536499
-0.10357704758644104
0.3326028287410736
-0.16296976804733276
0.1804347038269043
-0.13876208662986755
0.37934499979019165
0.1551169455051422
0.13024336099624634
0.0465599000453949
-0.20876100659370422
-0.22258123755455017
-0.38492146134376526
-0.05965787172317505
-0.21286967396736145
-0.23178592324256897
-0.1310848891735077
-0.09873941540718079
-0.07837194204330444
0.013995826244354248
0.0456620454788208
-0.2402813732624054
-0.15447092056274414
-0.11171472072601318
-0.2589590549468994
0.3968032896518707
-0.019807547330856323
-0.05927017331123352
-0.20078566670417786
-0.30068477988243103
-0.11783793568611145
-0.44485101103782654
-0.03111952543258667
-0.040610671043395996
-0.014134973287582397
-0.2081778645515442
0.3270859718322754
-0.21293258666992188
-0.7219145745038986
0.11640980839729309
0.20396649837493896
0.37588246166706085
0.03854483366012573
-0.12895438075065613
0.1387256383895874
0.031762272119522095
-0.14430207014083862
-0.5647001415491104
-0.5135511308908463
-0.1127651035785675
-0.17394372820854187
-0.308805912733078
-0.014525920152664185
-0.05508539080619812
0.2880276143550873
0.44163694977760315
-0.13167467713356018
0.028240114450454712
-0.3372548222541809
-0.010652542114257812
0.07387897372245789
-0.03187823295593262
-0.19025558233261108
-0.24224957823753357
0.3427384942770004
0.023084521293640137
-0.23912173509597778
-0.10530328750610352
-0.20246553421020508
0.10863986611366272
-0.24637144804000854
0.3397829532623291
0.11000829935073853
-0.41362881660461426
-0.1893412172794342
0.09257981181144714
0.00663343071937561
0.45668649673461914
-0.2521930932998657
0.03073844313621521
-0.0916222333908081
-0.28704679012298584
-0.3757333755493164
-0.22906556725502014
-0.1920449137687683
-0.08502528071403503
0.012186676263809204
-0.3275764286518097
-0.003263711929321289
-0.12035280466079712
-0.39182329177856445
-0.16360265016555786
-0.08873963356018066
-0.07316327095031738
0.20078232884407043
0.14171430468559265
-0.2081083059310913
0.18866193294525146
-0.0491642951965332
-0.2443999946117401
0.04952213168144226
-0.008498817682266235
0.45968177914619446
0.30493590235710144
-0.07575765252113342
0.10268563032150269
-0.12517377734184265
-0.11762577295303345
0.31360703706741333
-0.3229442238807678
-0.09675797820091248
-0.10364320874214172
0.16358605027198792
-0.24705079197883606
0.10817930102348328
-0.12782451510429382
-0.07578417658805847
0.31332865357398987
0.15120717883110046
-0.15074661374092102
-0.28960809111595154
0.02461862564086914
-0.273031085729599
-0.0490913987159729
0.2870866060256958
-0.16570991277694702
0.04346853494644165
-0.1510547697544098
-0.011924952268600464
0.12109166383743286
-0.2697906792163849
0.03012216091156006
-0.0163516104221344
-0.31734785437583923
0.024727970361709595
0.10151612758636475
-0.06443580985069275
-0.23620599508285522
-0.1941554844379425
-0.3714424967765808
-0.1828402578830719
0.28658294677734375
-0.13186684250831604
-0.31624123454093933
-0.016093164682388306
-0.16996103525161743
0.11639663577079773
-0.19298917055130005
0.24986374378204346
-0.1547558307647705
-0.11863303184509277
-0.17107096314430237
-0.23014241456985474
0.258796751499176
-0.1368071436882019
-0.18495753407478333
-0.40430158376693726
-0.15934821963310242
0.048962146043777466
-0.3381428122520447
0.2083866000175476
0.044850319623947144
-0.3057575821876526
0.4603278785943985
-0.05127158761024475
-0.22757118940353394
-0.11228793859481812
-0.1415088176727295
0.5485406517982483
0.025771617889404297
0.0213681161403656
-0.4902181029319763
-0.022418498992919922
-0.31739431619644165
-0.12110155820846558
0.0948759913444519
-0.09954467415809631
-0.17264488339424133
-0.02488034963607788
0.19602760672569275
-0.13221141695976257
0.04360765218734741
-0.2730211913585663
0.03380665183067322
-0.11394461989402771
0.036188989877700806
0.1775156557559967
0.6101898550987244
-0.0412849485874176
-0.21390008926391602
0.04199740290641785
0.1268039345741272
-0.5985498875379562
-0.17598816752433777
-0.34638655185699463
-0.16376164555549622
-0.3616083562374115
-0.14771151542663574
-0.2841145098209381
0.1889634132385254
0.10724493861198425
0.06332910060882568
-0.0938819944858551
0.29177507758140564
0.018939465284347534
-0.041106075048446655
-0.16131305694580078
-0.10614818334579468
0.16868874430656433
0.05194753408432007
0.10991224646568298
-0.122059166431427
-0.09613510966300964
-0.08191066980361938
-0.026026785373687744
-0.24675914645195007
0.13390791416168213
0.04620206356048584
-0.3512572646141052
-0.1994735598564148
-0.48075835406780243
0.2314743995666504
-0.07339850068092346
0.11268559098243713
-0.29779547452926636
-0.48484374582767487
-0.4242648482322693
-0.20548737049102783
0.12696295976638794
0.3247036933898926
0.3862037658691406
-0.43407242000102997
-0.13156861066818237
-0.17782378196716309
-0.12610483169555664
0.30091342329978943
-0.04091396927833557
-0.5835865288972855
-0.11588960886001587
-0.2431740164756775
-0.40701526403427124
2.9772520065307617e-05
-0.2674248218536377
0.25771665573120117
0.07747066020965576
0.0406356155872345
-0.26913124322891235
-0.02859470248222351
-0.032166510820388794
-0.1424333155155182
-0.15772461891174316
-0.28586724400520325
0.13462024927139282
-0.7573547661304474
-0.5706079304218292
-0.02736872434616089
-0.3287592828273773
0.12214532494544983
-0.003909885883331299
0.2036186158657074
-0.11649927496910095
-0.010516732931137085
-0.05945241451263428
-0.3818300664424896
-0.15571677684783936
-0.37968289852142334
-0.19407600164413452
0.030045896768569946
-0.1132885217666626
-0.28110259771347046
0.20042124390602112
-0.013121068477630615
-0.252388596534729
-0.17464947700500488
0.02530115842819214
-0.41368183493614197
0.4537507891654968
-0.056755274534225464
0.041599780321121216
-0.05044323205947876
-0.395898699760437
-0.01970815658569336
-0.017176657915115356
0.14242663979530334
0.163138747215271
-0.16621360182762146
-0.05744117498397827
-0.356147900223732
-0.05194091796875
-0.2597079873085022
-0.07433289289474487
-0.10275524854660034
-0.0871458649635315
0.035450100898742676
-0.03784570097923279
0.13401392102241516
-0.23924103379249573
-0.14189982414245605
0.20078891515731812
-0.05755379796028137
0.20415538549423218
0.2205534279346466
-0.00023859739303588867
0.1965908706188202
-0.20081877708435059
-0.09430280327796936
0.15899699926376343
-0.12210556864738464
0.2839322090148926
0.21925455331802368
-0.045486390590667725
-0.11837798357009888
-0.24185192584991455
-0.040354013442993164
0.02763381600379944
0.021749168634414673
0.42528194189071655
-0.029191017150878906
-0.09037637710571289
-0.39252570271492004
0.11640322208404541
0.08507499098777771
-0.17489475011825562
-0.13938164710998535
-0.4819345772266388
-0.23598721623420715
-0.21356883645057678
0.013956069946289062
-0.14679041504859924
-0.7312020808458328
-0.05135110020637512
0.13664808869361877
-0.23393628001213074
-0.14163810014724731
-0.27734190225601196
-0.30248400568962097
-0.06987971067428589
-0.08018431067466736
-0.011156231164932251
0.35970643162727356
0.09630739688873291
-0.05582094192504883
-0.24392622709274292
0.2446053922176361
-0.3955574482679367
-0.1332915723323822
-0.07542964816093445
-0.2559637427330017
0.28953519463539124
0.0005731880664825439
-0.17163428664207458
-0.7367983013391495
0.28629136085510254
-0.08061516284942627
-0.2133103311061859
-0.20165708661079407
-0.3206414580345154
0.048942238092422485
0.34048542380332947
-0.6815672069787979
-0.09591645002365112
-0.19766774773597717
-0.2816227674484253
0.1253262162208557
0.19295936822891235
-0.30516448616981506
0.12293383479118347
-0.14405688643455505
-0.024114996194839478
0.19775715470314026
-0.27807408571243286
0.14513042569160461
0.013068050146102905
-0.08469066023826599
-0.15740659832954407
0.01559293270111084
-0.19289639592170715
-0.10804009437561035
-0.06483671069145203
-0.2315075397491455
-0.15327805280685425
-0.1144217848777771
-0.27559894323349
-0.17227712273597717
-0.3204757273197174
-0.12469664216041565
-0.08326590061187744
0.35631024837493896
-0.05137762427330017
-0.27712318301200867
0.0856713056564331
0.09253010153770447
-0.31763944029808044
-0.017276018857955933
0.18622323870658875
-0.4318922460079193
-0.1520289182662964
0.358463853597641
0.3051777780056
-0.3105885684490204
-0.8564056009054184
-0.23479777574539185
-0.06219923496246338
-0.1906631886959076
-0.16743949055671692
0.06327271461486816
-0.372062087059021
-0.40819811820983887
0.13661497831344604
-0.1483842432498932
-0.25665295124053955
-0.6829588115215302
-0.07588022947311401
-0.32663530111312866
-0.4284430146217346
-0.14779439568519592
0.22021877765655518
0.5223415940999985
-0.020808160305023193
-0.09550222754478455
-0.4446653723716736
0.18390050530433655
-0.30428647994995117
0.021848589181900024
0.048498332500457764
0.2916557788848877
-0.23101717233657837
-0.11314612627029419
0.2835080325603485
-0.07444560527801514
-0.21878734230995178
-0.442531555891037
-0.006527364253997803
0.1313864290714264
0.371154248714447
0.3034879267215729
-0.18431472778320312
-0.6047194004058838
-0.13359972834587097
-0.2326706051826477
0.04044342041015625
-0.4563352167606354
0.035214900970458984
-0.18590843677520752
0.10664856433868408
-0.3363170921802521
-0.3688812255859375
0.07892197370529175
-0.18645188212394714
-0.40460312366485596
0.12828171253204346
-0.14895078539848328
-0.2360667884349823
-0.21316120028495789
-0.2555959224700928
0.32552868127822876
0.5576492249965668
0.018455594778060913
-0.07962441444396973
0.0495586097240448
0.23808464407920837
-0.038369208574295044
-0.22303178906440735
-0.43335676193237305
-0.061228394508361816
0.2449202835559845
-0.3698919415473938
-0.43019580841064453
0.1511707305908203
-0.1341431736946106
0.14068052172660828
-0.18246251344680786
0.07270270586013794
0.0592767596244812
-0.055585652589797974
-0.35099220275878906
-0.20742902159690857
0.10970345139503479
-0.3039485216140747
-0.34746333956718445
-0.11492541432380676
0.1710113286972046
-0.022749781608581543
-0.3602432310581207
0.14565059542655945
-0.22059983015060425
-0.22643467783927917
0.14046180248260498
0.006855428218841553
-0.20656755566596985
0.4028039574623108
-0.18280714750289917
0.06058555841445923
-0.3514493703842163
-0.4284430146217346
0.2169550359249115
-0.18434453010559082
-0.1739802360534668
-0.043465226888656616
-0.3258633017539978
0.015672415494918823
0.2643764913082123
-0.08323273062705994