0.24066579341888428
-0.23643618822097778
-0.33073413372039795
0.2531425952911377
-0.11769044399261475
-0.4822361469268799
-0.06059211492538452
0.07239949703216553
-0.16933488845825195
0.11050033569335938
-0.0070095062255859375
-0.2386925220489502
0.2454237937927246
0.017164945602416992
0.5998522043228149
0.09668350219726562
-0.0648036003112793
-0.2217925786972046
-0.05629146099090576
-0.16582268476486206
-0.04750263690948486
-0.20100927352905273
-0.12429249286651611
0.1662120223045349
-0.32651281356811523
-0.19323116540908813
0.155431866645813
0.2550724744796753
-0.3676171898841858
-0.18094664812088013
0.2553905248641968
-0.15465807914733887
0.27225255966186523
0.19751858711242676
-0.6501809656620026
-0.6096117496490479
0.3683544397354126
-0.1851332187652588
0.2166932225227356
-0.04829782247543335
0.16879630088806152
0.05592846870422363
-0.15185660123825073
-0.40652644634246826
0.17373836040496826
-0.4423178434371948
0.02136152982711792
-0.18078935146331787
0.26989173889160156
0.222770094871521
0.12704741954803467
-0.1048957109451294
0.30226194858551025
0.056781768798828125
0.1828070878982544
-0.25031113624572754
0.1095924973487854
-0.07062363624572754
0.5851819515228271
-0.13175910711288452
-0.027327299118041992
0.3461148738861084
0.1194068193435669
-0.2394728660583496
0.13152873516082764
-0.016070008277893066
0.11676442623138428
0.3829384446144104
-0.08025896549224854
-0.22848576307296753
-0.20248055458068848
-0.12910676002502441
-0.3296041488647461
0.2789919972419739
-0.5769267678260803
-0.03422582149505615
-0.08648478984832764
0.29060375690460205
0.2707133889198303
0.21802866458892822
-0.07851767539978027
0.12408685684204102
-0.14208537340164185
0.007064223289489746
0.031122803688049316
-0.0657958984375
0.5419503450393677
0.28999900817871094
0.07546776533126831
-0.25645411014556885
-0.10919654369354248
0.039234042167663574
-0.3195297122001648
0.10352730751037598
0.14554131031036377
0.06825292110443115
-0.4290228486061096
0.06750249862670898
0.24660837650299072
-0.15553295612335205
-0.1306772232055664
-0.15909314155578613
-0.25341081619262695
-0.6020621061325073
0.05690109729766846
-0.2013026475906372
0.6510739326477051
-0.243941068649292
-0.5626789927482605
-0.0619739294052124
-0.18566495180130005
0.3167116641998291
0.20028364658355713
0.01157534122467041
-0.4721848964691162
-0.0906977653503418
-4.309415817260742e-05
0.1821279525756836
-0.3065676689147949
-0.1818561553955078
0.30774229764938354
-0.1790960431098938
-0.12725794315338135
0.1339576244354248
-0.16196244955062866
0.1246023178100586
-0.32514917850494385
-0.35893112421035767
-0.01920783519744873
-0.22702950239181519
-0.03343719244003296
-0.11864465475082397
-0.08223533630371094
-0.15519648790359497
-0.14313572645187378
0.11242377758026123
-0.7066630125045776
0.027618885040283203
0.23893117904663086
-0.23202276229858398
-0.2058088779449463
0.26808905601501465
0.07432293891906738
0.2730443477630615
0.007306098937988281
0.01761573553085327
-0.06790322065353394
0.14362776279449463
0.23862630128860474
0.0014479756355285645
0.09470033645629883
-0.37399885058403015
-0.03799307346343994
-0.08175492286682129
-0.5332394242286682
-0.3759289085865021
-0.1325129270553589
0.023730576038360596
0.3330399990081787
0.0020940303802490234
-0.10119473934173584
0.10780656337738037
-0.27477896213531494
-0.11159050464630127
-0.03030109405517578
1.4102146625518799
-0.1915363073348999
0.10729789733886719
-0.19642853736877441
0.009945213794708252
-0.3742854595184326
0.7493098974227905
0.23183894157409668
-0.4341967701911926
0.0839533805847168
0.14161646366119385
-0.30299246311187744
-0.01642775535583496
-0.15981543064117432
-0.4387410283088684
-0.2989252805709839
0.3723818063735962
0.05614733695983887
0.3014369010925293
0.09914696216583252
0.01910841464996338
-0.014796018600463867
-0.010276556015014648
0.08142024278640747
-0.11681079864501953
-0.004883944988250732
0.045850932598114014
0.27266836166381836
-0.15693938732147217
-0.1911088228225708
0.47443467378616333
0.3254094123840332
-0.35242360830307007
-0.265083909034729
0.014754533767700195
-0.1749659776687622
0.3129824995994568
-0.0017594695091247559
-0.7719137966632843
-0.19863200187683105
-0.13239699602127075
0.4043794870376587
-0.24109315872192383
0.5887504816055298
-0.19164234399795532
0.10050046443939209
-0.24191486835479736
-0.20741915702819824
-0.2025318145751953
-0.1746196746826172
-0.15356957912445068
-0.1698516607284546
-0.19888710975646973
0.18501722812652588
0.26282423734664917
-0.019318819046020508
0.12545210123062134
-0.6260957419872284
-0.2143622636795044
-0.008253693580627441
0.09759461879730225
0.5097142457962036
0.27499938011169434
0.3785414695739746
0.2870601415634155
-0.606021523475647
-0.5709591209888458
-0.2476140260696411
0.012672185897827148
-0.11201608180999756
-0.03214991092681885
-0.6435971856117249
-0.21045750379562378
-0.34099239110946655
-0.12359988689422607
0.09213417768478394
-0.08659577369689941
-0.5971183776855469
0.3525594472885132
-0.08997553586959839
0.04193270206451416
0.35232412815093994
0.19542288780212402
-0.03814554214477539
-0.32151955366134644
-0.36181700229644775
0.2561526298522949
-0.2644411325454712
-0.2940845489501953
-0.01827836036682129
-0.16889750957489014
-0.48305124044418335
0.08861041069030762
-0.0713125467300415
-0.13644927740097046
-0.5759159326553345
-0.20996880531311035
0.3104129433631897
-0.10437548160552979
-0.050171613693237305
-0.23532962799072266
0.1755077838897705
0.12706071138381958
-0.10591793060302734
0.21661871671676636
-0.22593450546264648
0.2394382357597351
-0.24363970756530762
0.15590393543243408
-0.05431663990020752
-0.026767313480377197
-0.00851529836654663
-0.15118885040283203
0.0120774507522583
0.09637868404388428
-0.3240790367126465
-0.07232660055160522
0.06702852249145508
-0.06222569942474365
-0.2526089549064636
-0.043273091316223145
0.005074501037597656
-0.28939270973205566
-0.0005500316619873047
-0.0774044394493103
-0.04046660661697388
0.03625380992889404
0.3167397975921631
-0.21554690599441528
-0.14605647325515747
0.1554068922996521
-0.2709006667137146
-0.26954710483551025
0.24490368366241455
0.1412719488143921
-0.16305923461914062
0.09332036972045898
-0.10015261173248291
0.09034162759780884
-0.159742534160614
0.04836076498031616
0.35957229137420654
0.12695634365081787
-0.16107946634292603
-0.17759841680526733
-0.30508333444595337
-0.015150487422943115
-0.18981832265853882
0.008975863456726074
0.21525514125823975
-0.26577305793762207
-0.0098954439163208
-0.17811208963394165
-0.261558473110199
0.3706090450286865
0.0038319826126098633
0.28671884536743164
0.17933785915374756
-0.024273991584777832
-0.09743225574493408
-0.004105269908905029
-0.34109175205230713
-0.09914857149124146
0.3396339416503906
-0.14564573764801025
0.3517874479293823
0.215165913105011
0.1078413724899292
-0.13816404342651367
0.05627322196960449
-0.12262904644012451
-0.007940530776977539
0.5436667203903198
-0.653469443321228
-0.15484023094177246
-0.1831616759300232
0.29311037063598633
0.36361801624298096
0.1926114559173584
0.0052651166915893555
-0.14130502939224243
0.5733381509780884
0.25817716121673584
-0.5022706985473633
0.04706692695617676
-0.6377523839473724
-0.3761310577392578
-0.047159671783447266
-0.22265583276748657
0.7903413772583008
0.7785438299179077
0.1688445806503296
-0.2889404296875
0.07716917991638184
-0.24283605813980103
0.27524280548095703
-0.25129520893096924
-0.3145049214363098
0.19143027067184448
-0.04581785202026367
-0.1911221146583557
-0.5010694861412048
-0.18493926525115967
0.3792637586593628
-0.013309955596923828
-0.09916681051254272
-0.08259660005569458
0.05917084217071533
-0.12748318910598755
0.0982440710067749
-0.07032382488250732
-0.212863028049469
0.8959145545959473
-0.008131146430969238
0.022383689880371094
-0.3138986825942993
0.3524235486984253
0.0034592747688293457
-0.07700353860855103
-0.4827529788017273
-0.17326122522354126
-0.30128949880599976
0.18255043029785156
-0.190474271774292
0.023357868194580078
-0.49639755487442017
-0.2445027232170105
0.03444945812225342
-0.030224859714508057
-0.24397265911102295
-0.016356587409973145
-0.44307172298431396
-0.11895930767059326
0.008992671966552734
-0.3715783357620239
-0.314292848110199
-0.10521399974822998
0.4147653579711914
-0.03526461124420166
0.16539514064788818
0.008363008499145508
0.3926433324813843
-0.1480727195739746
-0.21177947521209717
0.4057992696762085
0.22044742107391357
-0.09968376159667969
0.26571178436279297
-0.17629945278167725
0.6241989135742188
0.08091002702713013
-0.44476306438446045
-0.14587920904159546
-0.022249341011047363
-0.7875879406929016
-0.09865832328796387
-0.12321877479553223
-0.5426362752914429
-0.4273529052734375
0.23256129026412964
-0.38944751024246216
-0.09792762994766235
-0.17711806297302246
0.3230370879173279
0.05753052234649658
-0.056992292404174805
-0.0027468204498291016
-0.30845147371292114
0.005033016204833984
0.08390533924102783
0.30174171924591064
-0.01686537265777588
-0.344895601272583
-0.7782441079616547
0.07019603252410889
-0.4244421124458313
0.06362724304199219
-0.12945634126663208
0.2814140319824219
-0.6180076599121094
0.1259392499923706
0.2365802526473999
0.2653322219848633
0.055845797061920166
-0.06260013580322266
0.010455429553985596
0.8383029699325562
-0.22001338005065918
0.041225433349609375
0.07427322864532471
0.5847792625427246
-0.20432275533676147
-0.43557673692703247
-0.35156381130218506
-0.1783771514892578
-0.038889408111572266
-0.12443315982818604
0.2630263566970825
0.12126564979553223
-0.23536759614944458
-0.1466064453125
0.23393791913986206
-0.011316776275634766
-0.05922544002532959
0.009671807289123535
0.036314964294433594
0.09718543291091919
-0.2593814730644226
0.23667824268341064
-0.04140758514404297
-0.023952603340148926
0.0727607011795044
-0.1722041368484497
0.1227184534072876
0.44900619983673096
0.11140656471252441
0.13815075159072876
0.12168312072753906
0.1820964217185974
-0.010178804397583008
-0.55807825922966
0.13326841592788696
-0.06760168075561523
0.13255423307418823
-0.013041555881500244
-0.13755273818969727
-0.10078877210617065
-0.16264677047729492
0.21588170528411865
-0.3222915530204773
-0.10505473613739014
0.5099660158157349
-0.2237856388092041
-0.650881826877594
0.02472132444381714
-0.1009676456451416
-0.014502763748168945
-0.2500990629196167
-0.10956263542175293
-0.08905279636383057
-0.1005668044090271
0.254868745803833
-0.1693878173828125
-0.13840103149414062
-0.032270848751068115
-0.296268105506897
-0.23060637712478638
0.046483755111694336
0.3910214900970459
0.24903881549835205
-0.007160305976867676
-0.2293703556060791
-0.09089827537536621
0.12861812114715576
0.48920750617980957
0.3150915503501892
-0.176516592502594
-0.39305585622787476
-0.15992146730422974
-0.1542273759841919
-0.0926063060760498
0.3034597635269165
0.2101842164993286
-0.06347322463989258
-0.07115530967712402
0.10841286182403564
0.4963313341140747
-0.45031142234802246
-0.8530838489532471
0.12223637104034424
0.19775879383087158
0.18300914764404297
-0.13557958602905273
0.09555184841156006
0.44218552112579346
-0.09854722023010254
-0.2696332335472107
-0.2896677255630493
0.5213642120361328
-0.26857632398605347
0.01572859287261963
-0.10326886177062988
0.2580578923225403
-0.1293090581893921
-0.3944573402404785
0.24553489685058594
0.08937239646911621
-0.3030092120170593
0.21007806062698364
-0.03392761945724487
-0.10582995414733887
-0.35633671283721924
-0.029870271682739258
0.22994673252105713
-0.15652358531951904
0.2563813328742981
0.1329668164253235
0.8064562082290649
-0.05890399217605591
-0.19977009296417236
-0.2221803069114685
-0.3320842981338501
0.06384271383285522
0.18395674228668213
-0.05628812313079834
-0.35647571086883545
0.24663317203521729
-0.056105971336364746
-0.10849082469940186
-0.29294639825820923
-0.014330506324768066
0.3779566287994385
0.2384657859802246
0.04421389102935791
-0.06277740001678467
-0.13689661026000977
0.02154374122619629
0.26304447650909424
-0.3254539966583252
0.05803591012954712
0.23255789279937744
0.11902576684951782
0.07516956329345703
-0.16137266159057617
-0.15165114402770996
-0.23912674188613892
-1.0758705139160156
0.05579113960266113
-0.0706864595413208
-0.2926448583602905
0.36791712045669556
0.07677656412124634
-0.22432416677474976
0.07130444049835205
-0.08611536026000977
-0.15168273448944092
-0.45715034008026123
-0.2369149923324585
-0.3072570562362671
-0.6477837562561035
0.12119430303573608
-0.5148930549621582
0.07395517826080322
-0.18014812469482422
-0.7520714402198792
0.21731948852539062
0.045275986194610596
0.11769866943359375
-0.19639045000076294
0.15593886375427246
-0.5871450304985046
-0.06887251138687134
0.1741774082183838
0.00984412431716919
-0.4001847505569458
-0.096923828125
-0.2543335556983948
-0.034987807273864746
-0.43280506134033203
-0.11930733919143677
0.7896984815597534
-0.19397997856140137
-0.12814581394195557
0.28496432304382324
0.11091774702072144
-0.20051723718643188
0.1570950746536255
0.3987746238708496
0.14710843563079834
0.017773032188415527
0.12629199028015137
-0.36154866218566895
-0.23511910438537598
0.24260079860687256
0.036470651626586914
-0.213817298412323
-0.30797266960144043
0.1911553144454956
0.0968160629272461
0.335671067237854
-0.14512711763381958
-0.023969173431396484
0.044808924198150635
0.024857163429260254
-0.06869518756866455
0.33110010623931885
0.3390754461288452
-0.39886921644210815
-0.06692743301391602
-0.0395885705947876
-0.15891581773757935
-0.004309177398681641
-0.0013518929481506348
-0.09247541427612305
-0.008750677108764648
0.933487057685852
-0.15491324663162231
-0.07330411672592163
-0.2770403027534485
0.4121858477592468
-0.507427990436554
0.02762550115585327
0.14940804243087769
-0.0785144567489624
-0.19227349758148193
0.5206716060638428
-0.02771008014678955
0.033188700675964355
-0.02763068675994873
-0.16808229684829712
-0.294319748878479
0.03113269805908203
0.3875921964645386
-0.24547195434570312
0.027375340461730957
-0.37536221742630005
0.4255836009979248
-0.16038531064987183
-0.20224517583847046
-0.13654541969299316
-0.022035837173461914
-0.10790926218032837
-0.232097327709198
0.03145575523376465
0.24901223182678223
0.18357086181640625
0.03963172435760498
0.2955440282821655
-0.11706089973449707
-0.39768630266189575
0.46517717838287354
0.15850651264190674
0.06671547889709473
-0.4244818091392517
0.7874139547348022
0.08501529693603516
0.08231818675994873
-0.03365594148635864
0.44870948791503906
0.4105490446090698
-0.33868956565856934
-0.04062056541442871
-0.519187331199646
-0.19348454475402832
0.20273548364639282
0.3941011428833008
-0.32636862993240356
-0.1680724024772644
-0.09114021062850952
-0.06116551160812378
0.10367470979690552
-0.25999945402145386
-0.4227191209793091
0.49990320205688477
-0.2634388208389282
-0.012016057968139648
-0.054599881172180176
0.20103919506072998
-0.39621520042419434
0.09379255771636963
-0.5311569571495056
0.030529677867889404
-0.17640066146850586
0.16390907764434814
-0.02704566717147827
-0.10957419872283936
0.12905371189117432
-0.07656610012054443
0.19000720977783203
0.4297981262207031
-0.2645255923271179
-0.3317446708679199
0.1442573070526123
-0.07975035905838013
-0.0321582555770874
-0.04245632886886597
-0.10592788457870483
-0.0027931928634643555
0.13380682468414307
0.3954050540924072
-0.2688794732093811
0.20859360694885254
0.23438692092895508
0.3513334393501282
-0.5437296032905579
0.280295729637146
0.4294006824493408
0.07349133491516113
0.35489535331726074
0.18115711212158203
-0.1428375244140625
0.13148915767669678
-0.044638216495513916
-0.3015645146369934
0.11094260215759277
0.19389545917510986
0.31946516036987305
-0.35311269760131836
-0.22023868560791016
0.08684110641479492
-0.25453895330429077
-0.28681159019470215
0.207372784614563
0.13770508766174316
-0.5802184045314789
0.21994376182556152
0.30445706844329834
-0.02804630994796753
-0.06866037845611572
0.40608417987823486
0.10458600521087646
-0.4008803963661194
-0.22307002544403076
-0.4766746759414673
0.02061760425567627
0.12684690952301025
-0.5583797693252563
0.22589123249053955
-0.03310590982437134
-0.4129793643951416
0.30226194858551025
-0.1382848024368286
0.20247375965118408
-0.22167009115219116
-0.04305100440979004
0.43808186054229736
-0.6207728981971741
0.45177769660949707
0.09673154354095459
0.3928654193878174
0.2299734354019165
-0.19366347789764404
0.3326442241668701
0.18595653772354126
-0.5927994847297668
-0.01486063003540039
0.29406309127807617
-0.1834632158279419
-0.272560715675354
0.2665468454360962
-0.2184227705001831
-0.10025203227996826
0.05441606044769287
0.09487605094909668
0.10064464807510376
-0.22889494895935059
0.6794368028640747
-0.31370317935943604
0.19303226470947266
-0.1465684175491333
0.13422918319702148
0.12853193283081055
-0.2514559030532837
0.10385358333587646
0.167527437210083
-0.187472403049469
-0.058415353298187256
-0.10324406623840332
-0.2824445366859436
-0.38176214694976807
-0.17689597606658936
-0.0025049448013305664
0.5929138660430908
-0.15503758192062378
0.11572390794754028
-0.237410306930542
-0.17764490842819214
0.00019216537475585938
-0.015475273132324219
0.40913403034210205
-0.14775627851486206
-0.30569136142730713
0.27968430519104004
-0.284946084022522
0.169985830783844
0.023046374320983887
0.23708558082580566
-0.11378884315490723
0.27086079120635986
0.01010429859161377
-0.21370303630828857
-0.546297550201416
0.391110897064209
-0.2870715856552124
-0.49517494440078735
-0.2945747971534729
0.12608999013900757
-0.07268452644348145
0.13917291164398193
0.18245601654052734
-0.2627032399177551
0.02718985080718994
-0.04019665718078613
0.6037966012954712
-0.5479838848114014
0.0658273696899414
-0.20177632570266724
-0.18449199199676514
-0.01739037036895752
0.2879946231842041
-0.06668895483016968
-0.3139832019805908
-0.03341895341873169
-0.3109894394874573
-0.3983755111694336
0.5043317079544067
-0.21920490264892578
0.3334726095199585
0.04837238788604736
-0.5968634486198425
-0.10187888145446777
0.3248146176338196
0.5368974208831787
-0.3404041528701782
-0.08357560634613037
0.34611159563064575
0.19238942861557007
-0.37416112422943115
0.18756186962127686
-0.06182980537414551
-0.243932843208313
0.15431857109069824
-0.04305768013000488
-0.03289055824279785
0.07732832431793213
0.18640053272247314
0.023067951202392578
0.4254593849182129
0.20020413398742676
-0.01899576187133789
-0.45582327246665955
-0.6243248283863068
0.26148706674575806
0.21185243129730225
0.07445883750915527
-0.09718382358551025
0.44133877754211426
-0.11900919675827026
-0.17195075750350952
-0.21168512105941772
-0.9405312240123749
-0.10916006565093994
-0.2698403596878052
0.027202963829040527
0.06980687379837036
-0.39208823442459106
-0.053902268409729004
0.059112727642059326
-0.1865081787109375
0.24627548456192017
0.1726779341697693
-0.0407184362411499
-0.09618473052978516
-0.015341043472290039
-0.03429710865020752
0.9251769781112671
0.10842454433441162
-0.24376380443572998
-0.690447211265564
-0.19473689794540405
0.11293900012969971
0.44161224365234375
0.005427360534667969
-0.09570437669754028
0.033788442611694336
-0.13875871896743774
0.26887452602386475
-0.22393649816513062
-0.06023108959197998
-0.14103007316589355
-0.44402262568473816
-0.001520991325378418
-0.08843469619750977
-0.12083470821380615
0.25259411334991455
0.30164575576782227
0.4489927887916565
-0.4652417004108429
-0.13464844226837158
0.34920287132263184
0.41473710536956787
0.07633423805236816
-0.45390981435775757
-0.0970081090927124
0.20203804969787598
0.13735055923461914
-0.13296854496002197
-0.09278368949890137
0.06036859750747681
0.2875404953956604
-0.12575364112854004
-0.1438232660293579
0.18483996391296387
0.4162663221359253
-0.3664558529853821
0.03720128536224365
-0.23597735166549683
-0.36298996210098267
-0.3314794898033142
0.09389364719390869
-0.1677112579345703
-0.15861600637435913
0.30016958713531494
-0.4662291407585144
-0.28602135181427
-0.2430182695388794
0.1900867223739624
-0.4160011410713196
-0.17648184299468994
-0.381352961063385
1.2965847253799438
-0.0762331485748291
-0.19646495580673218
0.40731513500213623
-0.7057982087135315
-0.26063233613967896
0.0033266544342041016
0.24214351177215576
-0.10082030296325684
0.11601400375366211
-0.45747339725494385
-0.29426348209381104
0.2351422905921936
-0.48665785789489746
-0.12722980976104736
0.12864625453948975
-0.26777106523513794
0.12163829803466797
0.007705330848693848
0.2624596357345581
0.4126429557800293
0.1922088861465454
0.22182750701904297
-0.02687668800354004
0.29896843433380127
-0.002173483371734619
0.3270462155342102
0.1135520339012146
0.21731948852539062
0.33789753913879395
0.29327595233917236
0.5501841306686401
-0.031092941761016846
0.0773497223854065
0.257357120513916
-0.31850093603134155
-0.5754504203796387
-0.9655723571777344
0.13553977012634277
-0.14397895336151123
0.543769359588623
-0.12630027532577515
-0.2155468463897705
1.5201135873794556
-1.2220165729522705
0.045486390590667725
-0.2149968147277832
0.13561755418777466
0.1038205623626709
-0.10842621326446533
-0.18341344594955444
0.03516674041748047
0.11954760551452637
-0.2829829454421997
0.8567917346954346
-0.004484593868255615
0.10872602462768555
0.07251715660095215
-0.5861147046089172
-0.4512724280357361
0.16909301280975342
0.20388364791870117
0.04300469160079956
0.0848960280418396
0.19757330417633057
-0.21324729919433594
-0.06388568878173828
-0.23314601182937622
-0.4345414638519287
-0.3840135335922241
-0.4488121271133423
0.10466527938842773
-0.028916120529174805
0.9166415929794312
0.046384334564208984
0.0717782974243164
0.6002014875411987
0.11829513311386108
0.1661921739578247
-0.0354500412940979
-0.12206411361694336
-0.026699423789978027
0.20467233657836914
-0.07718908786773682
0.003889918327331543
-0.09570443630218506
0.23734915256500244
-1.0335352718830109
0.05054432153701782
0.08190727233886719
0.2366335391998291
-0.07054567337036133
-0.5903640985488892
-0.0010072588920593262
-0.0990857481956482
-0.09225833415985107
0.09418344497680664
-0.1732330322265625
0.19803553819656372
-0.051276445388793945
-0.164167582988739
0.2642439603805542
0.5182793140411377
0.02978581190109253
0.05700552463531494
-0.21380400657653809
0.5231996774673462
0.5165978670120239
-0.0960770845413208
-0.20142507553100586
-0.2211630940437317
-0.4756888747215271
-0.19747388362884521
-0.07415896654129028
-0.02808278799057007
-0.18040651082992554
0.09449160099029541
0.18762481212615967
-0.012960433959960938
-0.18444889783859253
-0.12395614385604858
-0.018399357795715332
0.038385868072509766
0.17316842079162598
-0.15902352333068848
-0.30752032995224
0.17850637435913086
-0.05156320333480835
0.03701889514923096
-0.007829546928405762
-0.07656288146972656
0.9171203374862671
-0.009029030799865723
0.05480527877807617
0.2794458866119385
0.10056006908416748
-0.6622797846794128
0.18383252620697021
0.18718081712722778
-0.6237151622772217
0.058677077293395996
0.08831048011779785
-0.5499321818351746
0.049247145652770996
0.2079160213470459
0.19885730743408203
-0.32794421911239624
-0.008270204067230225
0.21588319540023804
-0.15305447578430176
0.8386192321777344
0.6658550500869751
-0.03408670425415039
-0.7331287264823914
-0.017150163650512695
-0.29904794692993164
-0.316312313079834
0.6449621915817261
-0.5772911310195923
0.17389404773712158
-0.07146847248077393
-0.2742255926132202
0.2145545482635498
-0.2113405466079712
0.7933878898620605
-0.10880059003829956
-0.5514183640480042
0.25824838876724243
0.48099350929260254
0.0820845365524292
0.058501482009887695
-0.03284245729446411
-0.017903923988342285
-0.11500334739685059
-0.3480134606361389
-0.07968395948410034
-0.4348561763763428
-0.13310599327087402
-0.7089657187461853
-0.01779627799987793
0.07195889949798584
-0.23927927017211914
0.23006939888000488
0.07742106914520264
-0.35433870553970337
-0.0828930139541626
-0.2843232750892639
-0.16973400115966797
-0.5125157833099365
-0.1685991883277893
0.4189998507499695
-0.014194607734680176
0.412750780582428
0.011640012264251709
-0.34156060218811035
-0.12166815996170044
-0.1291896104812622
0.5335574150085449
0.030489802360534668
0.12078511714935303
0.08143514394760132
-0.4001317024230957
-0.4693204164505005
-0.2299022078514099
0.07648992538452148
-0.10418987274169922
0.2657167911529541
0.38813042640686035
0.1308678388595581
0.05387437343597412
0.06592679023742676
-0.21068274974822998
-0.17329931259155273
-0.11524021625518799
-0.2684122323989868
-0.19839835166931152
-0.24841094017028809
-0.12216681241989136
0.14535737037658691
-0.34475308656692505
-0.23100388050079346
0.27091217041015625
-0.19240432977676392
-0.28888237476348877
-0.01644444465637207
-0.3856537342071533
-0.1371268630027771
0.11337482929229736
0.16301947832107544
0.0105399489402771
0.10912048816680908
0.23529475927352905
-0.03236186504364014
-0.6209020614624023
0.15989166498184204
-0.08039641380310059
-0.4155769348144531
0.1480494737625122
-0.29911744594573975
-0.4149690866470337
-0.3319035768508911
-0.05033063888549805
0.4000985622406006
-0.06265640258789062
-0.23879873752593994
-0.1841059923171997
-0.008437514305114746
0.03841733932495117
-0.24106013774871826
-0.3636842370033264
-0.002350747585296631
-0.22230952978134155
-0.41699516773223877
-0.0412982702255249
-0.05673873424530029
0.12445306777954102
0.33125102519989014
-0.2802676260471344
-0.1848199963569641
-0.23978447914123535
0.18376636505126953
-0.31001538038253784
0.09450829029083252
-0.27385610342025757
-0.3255882263183594
-0.331234335899353
-0.32578718662261963
0.1371980905532837
0.3884734511375427
-0.3609173893928528
0.22443675994873047
0.1283678412437439
-0.19938069581985474
-0.3544662594795227
-0.031856656074523926
0.332685649394989
0.21694672107696533
-0.2609404921531677
-0.15600842237472534
0.02379685640335083
0.37340235710144043
-0.18716752529144287
-0.0023109912872314453
-0.09813809394836426
0.2674497365951538
-0.2740996479988098
0.4486779570579529
-0.12999814748764038
0.16124677658081055
-0.26490169763565063
-0.09650611877441406
-0.33613157272338867
-0.258245050907135
-0.33750009536743164
-0.03748124837875366
-0.13149571418762207
0.4645589590072632
0.08405113220214844
-0.011703014373779297
0.4262295961380005
0.016818761825561523
-0.3731952905654907
-0.4590755105018616
0.2948465347290039
0.6803842782974243
0.18444061279296875
-0.6388905644416809
0.32096946239471436
-0.343377947807312
0.13130700588226318
-0.021374821662902832
0.21609020233154297
0.6733235120773315
0.20586347579956055
-0.15835750102996826
-0.1252632737159729
-0.3306545615196228
-0.10732781887054443
0.1294580101966858
0.22907042503356934
0.6090037226676941
-0.026245415210723877
0.5490378141403198
0.024449586868286133
0.06670379638671875
-0.16902345418930054
-0.011466026306152344
-0.038425564765930176
-0.040155112743377686
0.023617982864379883
-0.17502892017364502
-0.18771600723266602
0.1312306523323059
-0.03998112678527832
0.01061779260635376
-0.2538183331489563
-0.144278883934021
0.06439763307571411
-0.0598301887512207
1.1746878623962402
0.5377870798110962
-0.03209531307220459
0.04810231924057007
0.10276192426681519
0.1356690526008606
0.1936187744140625
-0.273624062538147
0.23017549514770508
0.045400261878967285
-0.05030083656311035
0.15148711204528809
0.33571910858154297
-0.7838486433029175
-0.06443744897842407
0.22967851161956787
-0.1663925051689148
-0.13292372226715088
-0.3740684390068054
0.4657057523727417
-0.08284509181976318
0.03551805019378662
-0.4338339567184448
-0.2665864825248718
0.0510944128036499
0.201019287109375
-0.04681837558746338
-0.5909258127212524
0.07942724227905273
-0.13984715938568115
-0.10845768451690674
0.09788787364959717
-0.7667746841907501
0.02863442897796631
0.09126275777816772
0.2311878204345703
-0.22922468185424805
-0.047214388847351074
0.1538379192352295
-0.3001594543457031
0.12471151351928711
0.39831268787384033
-0.22269552946090698
0.06618189811706543
-0.22051870822906494
-0.42200183868408203
-0.17428672313690186
-0.09251201152801514
-0.276450514793396
-0.06180989742279053
0.23219835758209229
0.20302212238311768
-0.23998326063156128
-0.3122386336326599
0.2118391990661621
-0.4048002362251282
0.3056034445762634
-0.005005002021789551
0.09113192558288574
0.20615506172180176
-0.14401710033416748
-0.3125467896461487
0.0619739294052124
0.19497060775756836
-0.27802932262420654
0.6707174777984619
0.42065322399139404
0.4057760238647461
0.07819795608520508
0.067527174949646
0.2355896234512329
-0.35229426622390747
-0.5578347444534302
0.31779026985168457
0.15671569108963013
0.4479672908782959
-0.40533530712127686
-0.16410458087921143
-0.38166606426239014
-0.1827242374420166
-0.38650864362716675
0.2430182695388794
0.08361208438873291
-0.11270546913146973
-0.28528404235839844
0.0022630691528320312
-0.3870089054107666
-0.3825341463088989
0.39135944843292236
-0.12013739347457886
0.02936840057373047
0.26195114850997925
-0.039371490478515625
-0.09719705581665039
0.2184610366821289
-0.06128638982772827
-0.29483336210250854
0.11076700687408447
0.4513254165649414
-0.0993192195892334
0.02135157585144043
0.13691163063049316
0.202569842338562
0.012438535690307617
-0.21391165256500244
-0.20025384426116943
0.03420412540435791
-0.0210152268409729
-0.10772871971130371
0.02255427837371826
0.2726566791534424
-0.2603938579559326
-0.24130523204803467
0.2542673945426941
-0.09495550394058228
0.006351828575134277
0.06650334596633911
-0.45044398307800293
0.29514479637145996
0.15285074710845947
0.0043174028396606445
-0.05670881271362305
0.2180137038230896
0.25371062755584717
-0.41640037298202515
0.0230066180229187
-0.006871998310089111
0.24425578117370605
0.011202573776245117
0.16907644271850586
-0.06229043006896973
0.008442521095275879
-0.5310640931129456
0.1165473461151123
0.5372352600097656
0.06410777568817139
0.25772321224212646
-0.07031714916229248
0.18356430530548096
-0.19803392887115479
0.058599114418029785
-0.303749680519104
-0.5673773884773254
-0.35973942279815674
0.06292986869812012
-0.27602630853652954
1.0518915057182312
-0.16379821300506592
-0.006666660308837891
0.07656127214431763
0.2351456880569458
0.2654632329940796
-0.35973966121673584
-0.12733399868011475
0.5540691614151001
0.2669045925140381
0.12243854999542236
-0.8249895870685577
0.3216354250907898
-0.2640252113342285
-0.16998744010925293
0.08074259757995605
0.22601723670959473
0.2942368984222412
0.14368903636932373
0.10195010900497437
0.08801734447479248
-0.32386696338653564
-0.18342173099517822
-0.41259825229644775
-0.2135472297668457
-0.8230710625648499
-0.03616917133331299
-0.02191317081451416
-0.204461932182312
-0.07353436946868896
0.23434698581695557
-0.10910046100616455
0.03575325012207031
-0.08565294742584229
-0.11015075445175171
-0.10577380657196045
-0.6162782311439514
-0.5181931853294373
0.2597924470901489
-0.1959182620048523
-0.1888408660888672
-0.0017758607864379883
-0.3081367015838623
-0.29257023334503174
0.17028582096099854
-0.12563103437423706
0.04748278856277466
0.06930661201477051
-0.4061603546142578
-0.34469670057296753
0.2171107530593872
-0.22480446100234985
0.6988266706466675
0.0747719407081604
-0.20740574598312378
-0.6403651237487793
0.16860580444335938
-0.13584786653518677
0.13346552848815918
-0.3288339376449585
-0.31001365184783936
-0.007016122341156006
-0.19596123695373535
0.4765915870666504
0.0065059661865234375
0.12364965677261353
0.27094364166259766
0.33780980110168457
0.1577146053314209
-0.04000270366668701
-0.2525360584259033
0.007644057273864746
-0.26283907890319824
-0.1918262243270874
-0.023972511291503906
-0.2550692558288574
-0.6540411114692688
0.34953105449676514
-0.05263334512710571
0.006777644157409668
-0.15772634744644165
-0.08667367696762085
-0.21735429763793945
-0.1770319938659668
-0.29923683404922485
-0.14447617530822754
-0.2567242383956909
0.11694002151489258
-0.0875997543334961
-0.4116937518119812
-0.0428539514541626
0.196397066116333
-0.37612104415893555
0.1455296277999878
0.015173733234405518
0.1064332127571106
-0.5181981921195984
-0.5234549045562744
0.04298645257949829
-0.20353573560714722
0.5309662818908691
0.1686440110206604
-0.318999707698822
-0.25318384170532227
0.1604863405227661
0.19451677799224854
0.213422954082489
-0.1705310344696045
-0.1128230094909668
-0.009168267250061035
-0.33701616525650024
0.009920239448547363
-0.11700129508972168
-0.5314218997955322
0.013194024562835693
-0.27024126052856445
-0.030917346477508545
0.05918228626251221
-0.1326056718826294
-0.12334644794464111
-0.1607845425605774
-0.03505074977874756
-0.16339224576950073
0.22731274366378784
0.11913681030273438
0.0026673078536987305
0.2762351632118225
-0.059932827949523926
0.004249453544616699
0.21067947149276733
0.13486051559448242
0.12241196632385254
0.26440465450286865
-0.08767110109329224
-0.03901529312133789
0.4816347360610962
-0.13098382949829102
-0.011407971382141113
-0.4753873348236084
0.0023490190505981445
0.036881446838378906
-0.08720886707305908
-0.13169950246810913
-0.3535369634628296
1.0456342697143555
0.369368314743042
0.2697674632072449
0.22851228713989258
-0.368834912776947
-0.22760766744613647
-0.25262880325317383
0.7180176973342896
-0.11443662643432617
-0.3929862976074219
0.35863620042800903
0.13679057359695435
-0.1257883906364441
-0.28316015005111694
0.028690814971923828
-0.09464907646179199
0.1450110673904419
-0.4269784688949585
0.3650013208389282
0.08692049980163574
-0.26412802934646606
-0.06973397731781006
0.1694541573524475
0.48119914531707764
0.06278568506240845
0.08888709545135498
-0.24817228317260742
0.10309487581253052
-0.3026396334171295
-0.34932392835617065
0.025685667991638184
0.15267008543014526
-0.4387608766555786
-0.29131776094436646
-0.13552826642990112
0.17866206169128418
-0.5861826539039612
-0.14335113763809204
-0.23698961734771729
-0.10447162389755249
-0.20358383655548096
0.06370019912719727
0.11610335111618042
-0.3464395999908447
-0.16295325756072998
-0.016439437866210938
-0.21303534507751465
-0.22007471323013306
0.0978778600692749
-0.6809971332550049
0.04925048351287842
0.04374033212661743
0.2878749370574951
-0.4636877775192261
-0.06704509258270264
-0.17616546154022217
-0.07020282745361328
0.02628028392791748
-0.07286834716796875
0.13699603080749512
0.3852394223213196
-0.19832706451416016
-0.20260632038116455
0.021938085556030273
0.06614881753921509
-0.1618962287902832
-0.21643316745758057
0.5258024334907532
-0.31178802251815796
0.3562124967575073
-0.18630272150039673
0.15870046615600586
-0.12819409370422363
0.2902575731277466
0.05349498987197876
-0.15585088729858398
-0.23830008506774902
-0.06721901893615723
0.004562497138977051
0.08333539962768555
-0.03623872995376587
0.1584354043006897
-0.3615288734436035
0.12285763025283813
-0.2791973352432251
-0.07048767805099487
-0.04100334644317627
-0.08816969394683838
0.5760384798049927
-0.29807883501052856
0.4094853401184082
-0.006141364574432373
0.16557252407073975
-0.03640109300613403
0.498360812664032
0.44619786739349365
-0.35705244541168213
0.5468076467514038
-0.04937148094177246
0.7796785831451416
0.1559816598892212
0.19611382484436035
-0.29008859395980835
0.15749937295913696
0.17800599336624146
-0.473122775554657
-0.22337806224822998
0.05498594045639038
-0.1179041862487793
0.1469428539276123
-0.033750295639038086
-0.12129044532775879
-0.0032819509506225586
0.03512543439865112
0.006855368614196777
-9.930133819580078e-05
-0.05198228359222412
-0.03962665796279907
0.20878756046295166
-0.1991901993751526
0.5074162483215332
-0.03382158279418945
0.07454979419708252
-0.11919146776199341
0.12843751907348633
0.18597149848937988
-0.039913296699523926
0.05804920196533203
-0.19765782356262207
0.348209023475647
0.2096308469772339
0.3233567476272583
0.1850569248199463
-0.14352834224700928
-0.3222418427467346
-0.18199700117111206
-0.3324868083000183
-0.11568748950958252
-0.2396235466003418
0.7350853681564331
0.28733837604522705
-0.08688908815383911
-0.19066643714904785
0.22531461715698242
0.13148736953735352
-0.2539989948272705
0.37039709091186523
0.06078606843948364
0.1717602014541626
0.15516674518585205
-0.19196045398712158
-0.3582751750946045
-0.1495819091796875
0.6050225496292114
-0.6191493272781372
-0.3162693381309509
0.2773832082748413
0.11703944206237793
-0.17150503396987915
-0.0017908811569213867
-0.2787567973136902
0.17405152320861816
-0.4949116110801697
0.24230927228927612
-0.5036507248878479
-0.3476755619049072
0.009315669536590576
0.056896090507507324
-0.02805459499359131
-0.2469959855079651
-0.31630420684814453
-0.15577805042266846
-0.15722930431365967
0.026984333992004395
-0.19226694107055664
-0.06256693601608276
0.5852880477905273
0.10571253299713135
-1.0488779246807098
0.039870262145996094
0.11713218688964844
-0.01887643337249756
0.22041094303131104
0.12281632423400879
-0.052948176860809326
-0.03596532344818115
-0.4234381914138794
0.32039129734039307
-0.4601919651031494
-0.32855379581451416
0.059522032737731934
0.21510785818099976
0.4463486671447754
-0.06450366973876953
-0.15934818983078003
0.007547736167907715
-0.2858407497406006
-0.05830097198486328
-0.22973978519439697
-0.048547983169555664
0.04084104299545288
0.050965309143066406
-0.025635719299316406
0.03162646293640137
0.1242210865020752
0.19654780626296997
-0.18087375164031982
0.2030935287475586
-0.07312679290771484
-0.29702675342559814
0.34653234481811523
0.2352433204650879
-0.8368250727653503
0.08659082651138306
-0.24451756477355957
-0.22829532623291016
-0.02429717779159546
0.026460766792297363
-0.04730212688446045
-0.10273212194442749
0.040297746658325195
-0.2178281545639038
0.32173824310302734
-0.25501614809036255
-0.0961880087852478
0.16744613647460938
0.14621388912200928
-0.28653329610824585
0.36125385761260986
-0.4023698568344116
-0.298567533493042
-0.24809116125106812
-0.3724249005317688
0.259302020072937
0.24326008558273315
-0.17270612716674805
0.14154529571533203
-0.15369725227355957
-0.046821773052215576
-0.10374605655670166
0.2429785132408142
-0.05710482597351074
-0.3488467335700989
-0.22643470764160156
-0.16294658184051514
-0.3779831528663635
-0.31604069471359253
0.018946051597595215
0.3796365261077881
-0.3119785189628601
0.07189750671386719
0.46054983139038086
0.07006525993347168
0.38637447357177734
0.32752668857574463
0.07576096057891846
0.006712913513183594
0.04003262519836426
-0.048152029514312744
-0.33672308921813965
-0.24647247791290283
-0.1874309778213501
-0.0020543336868286133
-0.009877264499664307
-0.011799037456512451
-0.16151678562164307
-0.09982126951217651
-0.12079346179962158
-0.2690417766571045
0.07962274551391602
0.05263996124267578
0.007587790489196777
-0.6416241526603699
-0.19852089881896973
-0.0036181211471557617
-0.025836288928985596
0.14002275466918945
0.021474242210388184
0.022766411304473877
-0.075497567653656
0.011530637741088867
-0.0015292167663574219
0.25118255615234375
0.021901607513427734
-0.09754657745361328
-0.07066500186920166
0.11019384860992432
-0.36786067485809326
-0.009830892086029053
-0.30260658264160156
0.25006920099258423
-0.34965527057647705
-0.1992763876914978
0.1262904405593872
-0.15391582250595093
0.3899760842323303
-0.4850773215293884
-0.3299901485443115
-0.0575786828994751
0.40434956550598145
-0.21916842460632324
-0.21111685037612915
-0.012223124504089355
0.06881439685821533
0.14690303802490234
0.16548466682434082
-0.1508162021636963
0.6170834302902222
-0.16514170169830322
-0.006323635578155518
-0.17917239665985107
-0.14913463592529297
-0.298839271068573
-0.07706320285797119
-0.010089278221130371
-0.14767515659332275
-0.25398075580596924
0.6853346824645996
-0.24527138471603394
0.3261714577674866
-0.043024539947509766
-0.050456464290618896
0.05666583776473999
-0.007700443267822266
0.003717660903930664
0.14956700801849365
-0.17527234554290771
0.32514941692352295
-0.34457075595855713
-0.1000680923461914
0.2818613052368164
0.3553774952888489
0.021611571311950684
0.038945913314819336
-0.4544714689254761
-0.09613507986068726
0.23793566226959229
0.0571744441986084
0.03881335258483887
0.08384907245635986
-0.17612224817276
0.372764527797699
-0.039171040058135986
0.1433776617050171
-0.38469773530960083
-0.09283000230789185
0.15741819143295288
0.3640519380569458
-0.09558504819869995
0.4495212435722351
0.06339704990386963
0.11008286476135254
0.19383740425109863
-0.6847994327545166
0.3146672248840332
0.26226919889450073
0.1864948272705078
0.36791712045669556
0.14336270093917847
0.0899803638458252
-0.042714834213256836
0.11779987812042236
0.4064222574234009
-0.04758036136627197
-0.0812181830406189
-0.06815838813781738
0.43246889114379883
0.16592872142791748
0.23370927572250366
-0.05410957336425781
0.27867716550827026
-0.4910050630569458
0.11037278175354004
-0.08414387702941895
-0.3493255376815796
-0.15886783599853516
0.044898271560668945
0.2394978404045105
0.11334478855133057
-0.034560441970825195
-0.0753219723701477
0.37761199474334717
0.009176433086395264
0.023238539695739746
-0.15498113632202148
0.7400022745132446
0.07522916793823242
0.3498954772949219
-0.536128580570221
-0.2821146845817566
-0.04109448194503784
0.21363818645477295
-0.03866744041442871
-0.26335763931274414
-0.3288685083389282
-0.581957995891571
-0.30955970287323
0.5290396213531494
0.08308696746826172
-0.28346502780914307
-0.5302242040634155
-0.23273515701293945
-0.3263338804244995
0.15669411420822144
-0.03985029458999634
0.1594078540802002
-0.15109622478485107
0.013901352882385254
0.018386125564575195
0.01312267780303955
-0.32706117630004883
0.15154850482940674
-0.07272422313690186
-0.15024453401565552
-0.06607425212860107
0.3241387605667114
-0.05691760778427124
-0.09876430034637451
-0.1416994333267212
-0.01868760585784912
0.14804303646087646
0.014482855796813965
-0.31373298168182373
0.2327120304107666
0.09573584794998169
-0.15061068534851074
-0.2520257830619812
-0.03051149845123291
0.17883431911468506
0.16647863388061523
-0.10234779119491577
0.18862879276275635
-0.34535276889801025
0.47407352924346924
-0.06263488531112671
0.17036360502243042
0.3183668851852417
-1.5143963098526
0.18059712648391724
0.042000651359558105
-0.18305563926696777
-0.0879889726638794
-0.09013628959655762
0.31399470567703247
-0.060353636741638184
0.09025871753692627
0.008139252662658691
0.16117215156555176
-0.5366173982620239
0.08770585060119629
0.11344587802886963
0.10416018962860107
0.2835826873779297
-0.09557831287384033
0.12365961074829102
-0.2044072151184082
-0.13053810596466064
0.3965034484863281
-0.1769406795501709
-0.2786605954170227
-0.09207946062088013
0.5111026763916016
0.051155686378479004
0.33777010440826416
0.3197286128997803
0.2731803059577942
-0.4058505892753601
-0.04394400119781494
0.13871073722839355
0.08575087785720825
-0.10431921482086182
0.1635032296180725
0.09866809844970703
-0.049041748046875
0.009481310844421387
-0.3675062656402588
-0.19462096691131592
-0.37547487020492554
-0.16319668292999268
0.0339508056640625
-0.004946887493133545
-0.02914142608642578
-0.12295717000961304
-0.045884013175964355
0.11213052272796631
0.20511138439178467
0.1757197380065918
-0.3010972738265991
-0.12641799449920654
0.07834219932556152
0.1091235876083374
0.05501246452331543
-0.31014788150787354
0.4313570261001587
0.112152099609375
0.10049557685852051
-0.2419116497039795
-0.08415389060974121
0.15744799375534058
0.008778810501098633
0.18565833568572998
0.003217339515686035
-0.26196104288101196
-0.000826716423034668
-0.27854299545288086
0.2508113384246826
-0.02231419086456299
-0.38379836082458496
0.19308030605316162
0.26821839809417725
0.031185626983642578
-0.25519174337387085
0.2722127437591553
0.08933603763580322
-0.16866886615753174
0.24374055862426758
-0.21855545043945312
-0.021588563919067383
-0.8742548525333405
-0.19664061069488525
-0.6794466376304626
-0.2140343189239502
0.032610535621643066
-0.036808550357818604
0.0022166967391967773
0.4286186695098877
0.18028724193572998
0.03328144550323486
0.23636162281036377
-0.052272260189056396
0.03910636901855469
0.008851766586303711
0.23348408937454224
0.22696155309677124
-0.002844572067260742
-0.35582977533340454
0.01024007797241211
-0.16567349433898926
0.3753058910369873
0.046034812927246094
-0.21176791191101074
-0.27238667011260986
-0.4104166030883789
-0.2538928985595703
0.10465383529663086
-0.07350456714630127
-0.11448633670806885
0.04996448755264282
-0.13850027322769165
0.10923135280609131
-0.13200271129608154
0.08701169490814209
-0.013169050216674805
0.057378172874450684
0.35850203037261963
-0.45324063301086426
-0.9711156785488129
-0.15063893795013428
0.15726417303085327
0.2721812129020691
0.043390750885009766
0.15484368801116943
0.01745164394378662
0.1796560287475586
-0.14225107431411743
-0.05341702699661255
-0.22128725051879883
0.19254690408706665
0.2929579019546509
0.3002490997314453
-0.1703653335571289
0.5483320951461792
-0.16869699954986572
0.19784998893737793
1.4656809568405151
-0.007087349891662598
0.23809778690338135
0.2599215507507324
-0.21467041969299316
-0.08636057376861572
-0.08234131336212158
0.22690027952194214
1.3705531358718872
-0.1452564001083374
-0.1545271873474121
-0.1545255184173584
-0.4813099503517151
-0.15324163436889648
0.1764354109764099
0.16119539737701416
-0.3772210478782654
-0.4296507239341736
-0.20565295219421387
-0.12600040435791016
0.16376829147338867
-0.5022606253623962
-0.08413064479827881
0.25209856033325195
-0.07027727365493774
-0.03238856792449951
-0.3669114112854004
-0.0010022521018981934
-0.286712110042572
0.174468994140625
-0.1894669532775879
0.1242361068725586
0.17497754096984863
0.1512916088104248
-0.1507217288017273
0.0733025074005127
-0.25751274824142456
0.09320104122161865
0.2507418394088745
0.17723560333251953
-0.18594986200332642
-0.13520509004592896
0.013649582862854004
0.2314015030860901
-0.44885194301605225
-0.46288424730300903
-0.37909650802612305
-0.15493810176849365
0.16773617267608643
0.3254392147064209
-0.5984107851982117
-0.01934528350830078
-0.22148281335830688
0.02923583984375
0.32371795177459717
-0.138702392578125
0.052063584327697754
-0.09148299694061279
0.5638172626495361
0.03691631555557251
0.17313367128372192
-0.03275144100189209
0.314319372177124
0.4238854646682739
0.02548503875732422
-0.14605319499969482
0.19976842403411865
0.12748152017593384
0.10751497745513916
0.07867193222045898
-0.07505190372467041
-0.15567851066589355
0.0068471431732177734
-0.24776142835617065
-0.11003148555755615
0.013387858867645264
-0.04139596223831177
0.24478435516357422
0.2175796627998352
-0.31161245703697205
-0.11417162418365479
0.08060848712921143
-0.38411951065063477
0.026517152786254883
0.16481709480285645
0.15100336074829102
0.18530696630477905
-0.06451702117919922
0.14862936735153198
0.053135454654693604
0.15350008010864258
-0.04302775859832764
-0.09138035774230957
0.08840656280517578
0.11108183860778809
-0.08247065544128418
-0.03146243095397949
0.29850125312805176
0.23530960083007812
-0.08417379856109619
-0.2702677249908447
0.3241918087005615
-0.572765052318573
0.08652782440185547
-0.13143610954284668
-0.13380521535873413
-0.04320180416107178
0.37237024307250977
0.033919453620910645
0.14677053689956665
-0.19068479537963867
-0.4051862359046936
0.41319966316223145
0.21112346649169922
-0.27631139755249023
0.0981365442276001
0.2897835969924927
0.40392374992370605
-0.0872800350189209
-0.44219523668289185
-0.05494129657745361
-0.26539039611816406
-0.34654396772384644
-0.5654705166816711
-0.31076908111572266
0.0939018726348877
-0.6299293637275696
-0.35465681552886963
-0.24435698986053467
0.11793732643127441
0.05149853229522705
-0.17889070510864258
0.06712287664413452
0.40490293502807617
-0.1658092737197876
-0.00010448694229125977
-0.11710071563720703
0.10424458980560303
-0.29731327295303345
0.08620655536651611
0.022395312786102295
-0.03777444362640381
-0.010954141616821289
0.03168952465057373
-0.04379165172576904
0.1704479455947876
0.2580529451370239
0.19480156898498535
-0.251845121383667
0.03217148780822754
-0.15010887384414673
-0.1888291835784912
-0.49526774883270264
0.1647888422012329
-0.07543957233428955
-0.6891482770442963
0.1054309606552124
0.1342940330505371
0.13854503631591797
0.14642095565795898
-0.10161381959915161
-0.13928890228271484
-0.5856789350509644
0.11875402927398682
-0.16303777694702148
0.04619544744491577
0.17397034168243408
0.2601933479309082
-0.23401910066604614
0.2334839105606079
-0.08938229084014893
-0.17368197441101074
0.17827105522155762
-0.1275196671485901
-0.2839322090148926
-0.2747972011566162
-0.5608946979045868
0.23325365781784058
0.09638512134552002
-0.0637052059173584
-0.10579204559326172
-0.35659849643707275
0.22547054290771484
0.19598615169525146
-0.11876070499420166
-0.12678742408752441
-0.07740938663482666
-0.10204458236694336
-0.3285372257232666
-0.13387644290924072
0.20734286308288574
0.09574413299560547
-0.22573226690292358
0.06269627809524536
0.05589878559112549
-0.09321272373199463
-0.16459167003631592
0.06539666652679443
0.23097240924835205
0.4013392925262451
-0.049749016761779785
0.07153630256652832
0.00022363662719726562
-0.11710727214813232
0.008109569549560547
0.17413103580474854
0.04165768623352051
-0.06877630949020386
-0.3921297788619995
0.19652307033538818
-0.1281144618988037
-0.07842820882797241
-0.37845033407211304
0.13004934787750244
-0.09484124183654785
0.021263837814331055
-0.26125532388687134
-0.07760649919509888
-0.01682865619659424
0.09462088346481323
-0.2003135085105896
0.14326328039169312
0.13753604888916016
0.0019516348838806152
-0.01890629529953003
-0.19336199760437012
-0.31288641691207886
0.02640622854232788
-0.03027629852294922
-0.0713840126991272
-0.16794323921203613
-0.2566777467727661
-0.03636133670806885
-0.18690747022628784
0.07885217666625977
0.26662135124206543
0.16247272491455078
0.1833639144897461
-0.28180837631225586
0.4154379367828369
-0.46682214736938477
-0.10012280941009521
0.2618914842605591
0.09015429019927979
-0.12223148345947266
-0.10761117935180664
-0.36145585775375366
-0.4058489203453064
0.002682209014892578
0.6965205669403076
0.03987681865692139
-0.3529355525970459
0.21497857570648193
0.3933788537979126
-0.03583121299743652
0.8222758769989014
-0.10172808170318604
-0.372839093208313
0.45233261585235596
-0.22326213121414185
-0.08182448148727417
-0.45899102091789246
0.317052960395813
-0.15098851919174194
-0.011426329612731934
0.2900521159172058
-0.146290123462677
-0.5607554912567139
0.44284307956695557
0.25607311725616455
0.1617603302001953
-0.1769474744796753
-0.11203110218048096
0.09453308582305908
-0.20757484436035156
-0.2257537841796875
-0.2660563588142395
0.10337817668914795
0.16162621974945068
0.051051318645477295
-0.3003617525100708
-0.18127965927124023
-0.1474912166595459
-0.21819764375686646
0.32636868953704834
-0.07022768259048462
0.43836504220962524
-0.39202213287353516
-0.06752228736877441
0.3876749277114868
0.013656139373779297
-0.17398685216903687
-0.03322023153305054
0.18207323551177979
-0.000989079475402832
0.3363006114959717
-0.07528054714202881
-0.15254920721054077
-0.3130803108215332
0.15821164846420288
-0.23382353782653809
0.2997288703918457
-0.048933982849121094
0.8735904693603516
0.26358282566070557
-0.21115326881408691
-0.18310028314590454
0.1674661636352539
-0.5222487151622772
0.017150163650512695
-0.00513911247253418
0.0685129165649414
-0.2399168610572815
0.09495222568511963
-0.15119057893753052
-0.03386950492858887
0.24066579341888428
0.060451388359069824
-0.08694207668304443
0.2613530158996582
-0.2209344506263733
-0.06954008340835571
0.11831164360046387
0.09236443042755127
-0.15046513080596924
0.2231544852256775
0.23907864093780518
0.12679719924926758
-0.4540971517562866
-0.07169216871261597
0.2442077398300171
0.4227108359336853
0.1140373945236206
-0.0012491941452026367
0.1803750991821289
-0.19823598861694336
0.16476881504058838
0.5324938297271729
0.15409648418426514
-0.27696746587753296
-0.13732242584228516
0.18380939960479736
0.3663199543952942
-0.4240345358848572
0.2562519311904907
-0.10285806655883789
0.23316097259521484
-0.10386204719543457
0.3134379982948303
0.17783212661743164
-0.08576750755310059
-0.36364442110061646
0.2530546188354492
-0.2602447271347046
0.20203638076782227
0.030990242958068848
-0.09610533714294434
-0.20252686738967896
-0.2593268156051636
-0.14485210180282593
-0.02371734380722046
-0.3139483630657196
0.24943137168884277
0.06305408477783203
-0.14838087558746338
-0.03618896007537842
-0.43592458963394165
-0.3558165431022644
-0.3399584889411926
0.12588441371917725
0.14462852478027344
-0.046717286109924316
-0.16869205236434937
-0.06013321876525879
-0.01118612289428711
-0.1428060531616211
0.486159086227417
0.06102955341339111
-0.22946810722351074
-0.6248880624771118
0.09740912914276123
-0.08032691478729248
0.3634141683578491
0.0887761116027832
0.03270828723907471
0.045208096504211426
-0.2963292598724365
0.016568660736083984
-0.08675146102905273
-0.01091766357421875
-0.20933252573013306
-0.1339360475540161
-0.11066436767578125
-0.07125473022460938
-0.2800820469856262
0.34339797496795654
-0.17655789852142334
0.21239912509918213
0.07795953750610352
0.027037382125854492
0.05554759502410889
-0.21149945259094238
-0.2645553946495056
0.3335767984390259
0.12254452705383301
-0.1334904432296753
-0.15956026315689087
0.19619828462600708
0.16325807571411133
1.113174319267273
-0.06401002407073975
-0.17640388011932373
-0.1250593662261963
0.05699223279953003
0.10428273677825928
-0.582783043384552
-0.019716501235961914
0.3058156967163086
-0.1923413872718811
0.279913067817688
-0.10289287567138672
-0.13050508499145508
-0.07915055751800537
0.3195314407348633
-0.06328099966049194
0.07469570636749268
-0.037184715270996094
-0.06684625148773193
-0.07362061738967896
-0.04527771472930908
0.07426989078521729
-0.21857869625091553
-0.040360450744628906
0.1336228847503662
0.11373269557952881
-0.385459840297699
-0.19079571962356567
-0.04092061519622803
0.22481447458267212
0.1060720682144165
-0.1723765730857849
-0.029900193214416504
0.2142910361289978
0.2076476812362671
-0.27386945486068726
-0.18216931819915771
0.4934122562408447
-0.04571831226348877
0.14204895496368408
0.15644574165344238
-0.16577470302581787
0.2104243040084839
-0.36139291524887085
-0.34248995780944824
-0.07801902294158936
-0.2084064483642578
-0.24149739742279053
-0.29919880628585815
0.1258910894393921
-0.0467984676361084
0.029824018478393555
-0.0846790075302124
0.0009227991104125977
0.15297812223434448
0.3745936155319214
0.40955662727355957
0.2500045895576477
-0.34251999855041504
0.08547747135162354
0.24165648221969604
0.29529058933258057
-0.1457948088645935
0.18733322620391846
-0.6725116968154907
0.233808696269989
-0.05947887897491455
-0.06949543952941895
0.0867699384689331
-0.035393714904785156
-0.2464492917060852
0.08128774166107178
0.3278547525405884
0.03878664970397949
0.22334665060043335
0.10440373420715332
0.6695411205291748
-0.4912039041519165
-0.0983351469039917
0.2506524324417114
0.009113550186157227
0.18529218435287476
0.04058420658111572
0.20008313655853271
0.11075222492218018
0.5143232345581055
0.09973013401031494
0.16616404056549072
0.2671862840652466
0.1956547498703003
0.05603301525115967
0.10493552684783936
-0.34540241956710815
0.07157617807388306
0.1955471634864807
0.025413870811462402
-0.1792154312133789
0.22762084007263184
-0.2064218521118164
-0.1138617992401123
0.17369192838668823
-0.10680931806564331
0.09358054399490356
-0.29222571849823
0.0027484893798828125
0.10661542415618896
-0.09362685680389404
0.06928324699401855
-0.1544278860092163
0.059689342975616455
0.010407447814941406
0.026947855949401855
-0.016354918479919434
-0.2003798484802246
0.25633156299591064
-0.1427960991859436
-0.07637405395507812
-0.01823526620864868
-0.0032057762145996094
-0.0906977653503418
0.15450406074523926
0.20203804969787598
-0.10670483112335205
-0.2438715100288391
0.12066912651062012
-0.02386319637298584
0.043682217597961426
0.03574502468109131
-0.06247752904891968
-0.1255631446838379
0.06925678253173828
-0.7453899085521698
0.3769063353538513
0.12845075130462646
0.07648497819900513
-0.05460822582244873
-0.207491934299469
0.22196495532989502
0.2316732406616211
0.12907534837722778
0.2543831467628479
0.04989492893218994
0.19572603702545166
0.11495852470397949
-0.2669212818145752
0.15962320566177368
-0.09534168243408203
-0.2595902681350708
-0.2163536548614502
0.24230927228927612
-0.08318960666656494
0.048294663429260254
-0.2274850606918335
0.1076740026473999
-0.3892819285392761
-0.3576306104660034
-0.08210283517837524
0.12039756774902344
0.04746115207672119
0.12314927577972412
-0.11740386486053467
0.027405202388763428
0.3706705570220947
-0.3205154538154602
-0.01638317108154297
0.5677070021629333
0.3885496258735657
0.19379925727844238
-0.33783119916915894
-0.25314414501190186
-0.030725181102752686
-0.6045968532562256
-0.14977246522903442
-0.1741044521331787
-0.4103204011917114
-0.6383553743362427
-0.0637316107749939
0.05241966247558594
-0.39181995391845703
0.25452572107315063
-0.10406243801116943
0.09017425775527954
0.08925819396972656
0.1051708459854126
-0.06290489435195923
0.010344505310058594
0.023361146450042725
0.018273472785949707
0.3054661154747009
-0.11502969264984131
-0.1289096474647522
-0.07394355535507202
0.1569543480873108
0.14095538854599
0.03542196750640869
0.08249044418334961
-0.08630096912384033
-0.19897162914276123
-0.32363492250442505
0.26360106468200684
0.7056819200515747
-0.47082817554473877
0.009890556335449219
-0.026961207389831543
-0.13750970363616943
-0.12865781784057617
0.18671858310699463
-0.16174709796905518
-0.347991943359375
0.13393938541412354
-0.4696999788284302
-0.04654347896575928
-0.0651397705078125
-0.1582498550415039
-0.5295880138874054
0.14256417751312256
-0.3864837884902954
-0.3035658597946167
-0.06218099594116211
-0.26931506395339966
0.05060231685638428
-0.33428269624710083
-0.30514466762542725
0.30204159021377563
0.38373684883117676
-0.2511063814163208
0.03540867567062378
-0.14561748504638672
-0.7195056676864624
-0.6000939607620239
-0.2696681022644043
-0.5840901136398315
-0.5788782238960266
-0.07651633024215698
-0.10507458448410034
-0.08682769536972046
-0.25574344396591187
0.10996687412261963
-0.27905166149139404
0.16623014211654663
0.11854195594787598
0.23998653888702393
0.36009085178375244
0.17853784561157227
0.07152974605560303
-0.061581313610076904
-0.25659334659576416
-0.16524934768676758
-0.3121722936630249
0.23709559440612793
0.09141337871551514
-0.28396546840667725
0.26104986667633057
-0.27689945697784424
-0.05942082405090332
0.07391881942749023
-0.05319011211395264
-0.08220553398132324
0.023412466049194336
-0.11075055599212646
-0.25253450870513916
-0.28189945220947266
0.05335569381713867
0.0620732307434082
-0.26480400562286377
0.17838382720947266
0.08019101619720459
0.5296211242675781
0.06814515590667725
0.07511329650878906
-0.2261795997619629
-0.20420169830322266
-0.5430039763450623
0.11463046073913574
0.04367399215698242
0.1300809383392334
-0.05918073654174805
0.24349546432495117
0.40472233295440674
-0.5236386656761169
-0.25325173139572144
-0.002398967742919922
0.2888079881668091
0.3090195655822754
-0.13664305210113525
0.5742676258087158
-0.0414656400680542
0.036353111267089844
0.13168787956237793
0.21063971519470215
0.0877753496170044
-0.29698705673217773
0.09969687461853027
0.5002180337905884
0.07304561138153076
0.29334890842437744
0.31698179244995117
-0.3081151843070984
-0.6821470558643341
-0.11998003721237183
-0.03263372182846069
-0.022892296314239502
0.08856236934661865
0.2676733732223511
-0.4581047296524048
-0.005453705787658691
0.1746230125427246
0.3007841110229492
0.02960348129272461
0.08926641941070557
-0.04637932777404785
0.09168851375579834
-0.2735612392425537
0.01971149444580078
0.05410957336425781
-0.00792229175567627
-0.17469418048858643
0.6731611490249634
0.16978204250335693
-0.23011088371276855
-0.18598639965057373
0.21951299905776978
0.009812593460083008
-0.5273397564888
0.003850221633911133
-0.5988314151763916
0.018859922885894775
-0.4075188636779785
0.4275931119918823
0.00747990608215332
-0.27179020643234253
-0.31599605083465576
-0.6130261421203613
-0.35924750566482544
-0.688341498374939
-0.31974178552627563
-0.23296713829040527
-0.11831998825073242
0.44283628463745117
0.4905775785446167
0.05535709857940674
-0.09039294719696045
-0.005944311618804932
0.2676103115081787
-0.002649068832397461
-0.3164118528366089
-0.16784876585006714
0.3644561767578125
0.4481511116027832
-0.06491613388061523
-0.35433876514434814
0.08525550365447998
0.19080400466918945
0.08769917488098145
-0.0903482437133789
-0.21194523572921753
0.13960695266723633
-0.08015620708465576
0.2190490961074829
-0.05468106269836426
1.0371931791305542
0.06689596176147461
0.1868826150894165
0.6159716844558716
-0.06161940097808838
0.058248043060302734
-0.01928400993347168
-0.3562769889831543
-0.07321131229400635
0.07400333881378174
0.05450558662414551
-0.5280505418777466
0.13940322399139404
-0.06447875499725342
-0.05702030658721924
-0.0716407299041748
0.234491229057312
-0.2522147297859192
-0.1631287932395935
0.1492905616760254
-0.08538299798965454
0.1618962287902832
-0.029267311096191406
-0.05682492256164551
0.20149964094161987
-0.7919168770313263
0.21531319618225098
-0.4056849479675293
-0.08408761024475098
0.08154457807540894
0.14222300052642822
0.4841644763946533
-0.23352545499801636
-0.10820579528808594
-0.24084460735321045
-0.04495781660079956
-0.1477099061012268
0.36197608709335327
-0.46460551023483276
-0.29250240325927734
0.33430421352386475
0.32695674896240234
0.0780571699142456
0.6172292232513428
-0.5665656328201294
0.02307283878326416
-0.07712435722351074
-0.056937575340270996
0.3242546319961548
-0.05077791213989258
-0.07882755994796753
-0.20103418827056885
-0.36517369747161865
-0.03858792781829834
-0.4741166830062866
-0.11259782314300537
-0.07904130220413208
0.0675470232963562
0.1896907091140747
0.03692126274108887
-0.2518220543861389
0.1830788254737854
0.13484060764312744
-0.3290873169898987
0.04409480094909668
0.07635903358459473
0.5381962060928345
0.39611244201660156
0.3655959963798523
0.04857945442199707
0.19813323020935059
0.1227881908416748
0.09493899345397949
-0.411653995513916
-0.11420977115631104
0.16321825981140137
0.09621459245681763
-0.21249353885650635
-0.045148611068725586
0.001983046531677246
-0.46605509519577026
-0.045103609561920166
-0.15473270416259766
-0.04517000913619995
0.18646347522735596
-0.07294458150863647
0.15124362707138062
-0.19343173503875732
-0.2902922034263611
0.05142414569854736
-0.08728998899459839
0.1740298867225647
-0.09836506843566895
-0.10199975967407227
-0.18640553951263428
0.37869560718536377
-0.3357107639312744
-0.2611525058746338
0.04237014055252075
-0.19114696979522705
0.020662426948547363
-0.004817605018615723
0.24730587005615234
-0.11445319652557373
0.07762300968170166
-0.11626070737838745
-0.4897642135620117
-0.05209988355636597
-0.016336917877197266
0.9910690784454346
0.3374568819999695
-0.43175143003463745
-0.23979264497756958
0.32802534103393555
-0.2436131238937378
0.05607438087463379
0.18288660049438477
0.27618545293807983
-0.3420741558074951
1.0023229122161865
0.038799941539764404
-0.22255975008010864
-0.060877084732055664
-0.002776622772216797
0.8735010623931885
0.07561016082763672
-0.07351458072662354
-0.4987037181854248
-0.12149584293365479
0.10048890113830566
0.05894869565963745
0.07675004005432129
0.10762923955917358
-0.19646334648132324
0.13321542739868164
-0.38440775871276855
0.22163188457489014
-0.018815159797668457
-0.0941387414932251
-0.10459595918655396
0.04468119144439697
0.1977522373199463
0.2661011815071106
-0.34109675884246826
-0.1199766993522644
0.07119512557983398
-0.03562569618225098
-0.17958486080169678
-0.07777214050292969
0.17260843515396118
-0.14942783117294312
0.1070394515991211
-0.007045924663543701
0.15946412086486816
-0.08261978626251221
-0.11314785480499268
0.3220479488372803
-0.17256534099578857
-0.32471853494644165
0.5886759757995605
-0.10277509689331055
-0.055963337421417236
-0.39272284507751465
-0.09950971603393555
0.07943892478942871
0.07398664951324463
0.1820235252380371
0.11569082736968994
-0.20773547887802124
0.6084702014923096
0.22653084993362427
-0.1613461971282959
0.0017859339714050293
-0.45044904947280884
0.43700480461120605
0.2543734312057495
-0.10925614833831787
-0.11453437805175781
0.4592112898826599
0.3036254644393921
0.03457367420196533
0.12382018566131592
0.1172945499420166
-0.24934357404708862
-0.11705601215362549
-0.19038158655166626
0.1282651424407959
0.12933039665222168
-0.1004226803779602
-0.2085803747177124
0.44247525930404663
-0.21511942148208618
0.42023396492004395
0.17242461442947388
-0.5562790632247925
0.03915286064147949
0.007430315017700195
0.4630216956138611
-0.3290574550628662
-0.35439997911453247
0.19895648956298828
-0.262241005897522
-0.3500991463661194
0.09291458129882812
-0.226887047290802
-0.10409891605377197
0.2128099799156189
-0.4782037138938904
-0.09753334522247314
0.2286663055419922
-0.15996778011322021
0.1373835802078247
0.24261081218719482
-0.13824182748794556
-0.42473530769348145
-0.049146056175231934
-0.03360450267791748
0.8933866024017334
0.16009044647216797
-0.1277599334716797
0.34424126148223877
-0.1961287260055542
-0.13294214010238647
-0.2676815986633301
0.07592171430587769
0.13930046558380127
0.3192579746246338
0.42907261848449707
0.03303790092468262
-0.2518500089645386
-0.11002492904663086
-0.14850181341171265
0.8376567363739014
0.2697622776031494
0.031836867332458496
-0.4583830237388611
0.30101609230041504
-0.5801025032997131
0.1469130516052246
0.6156303882598877
-0.07861047983169556
-0.49471938610076904
-0.14127188920974731
0.029474377632141113
-0.19737613201141357
-0.23447132110595703
0.3570159673690796
0.42837005853652954
0.020350873470306396
0.04846024513244629
0.16992127895355225
0.06836873292922974
-0.17651987075805664
0.25433021783828735
-0.22356534004211426
-0.14043700695037842
0.04517006874084473
0.07676494121551514
0.22141492366790771
0.07739448547363281
0.05885756015777588
-0.2818911075592041
-0.42016613483428955
-0.11823713779449463
-0.07608568668365479
-0.2393256425857544
0.04769313335418701
-0.3398839831352234
0.33756959438323975
0.06577438116073608
-0.29800593852996826
-0.4348974823951721
-0.1812978982925415
0.02643430233001709
-0.2238469123840332
0.035624027252197266
0.3194037675857544
-0.14819198846817017
0.4124194383621216
-0.31041622161865234
-0.1816108226776123
-0.3980938196182251
0.007698774337768555
0.16773605346679688
-0.06945890188217163
0.020127296447753906
-0.29591017961502075
0.036798715591430664
-0.07682627439498901
-0.11597251892089844
0.08316147327423096
0.014419913291931152
-0.0856747031211853
0.35147595405578613
0.34926414489746094
-0.14953559637069702
-0.10878902673721313
-0.3185771107673645
0.13910984992980957
-0.15919911861419678
-0.2349071502685547
0.23710870742797852
0.4037233591079712
0.08033841848373413
-0.13651883602142334
0.08697855472564697
0.5042620897293091
-0.14337098598480225
0.1776266098022461
0.16188132762908936
0.010906100273132324
-0.6796967387199402
-0.030688703060150146
-0.28702032566070557
0.22990214824676514
-0.10697323083877563
0.04527771472930908
-0.23402249813079834
-0.3092963695526123
-0.009598910808563232
0.11831176280975342
-0.17424535751342773
0.06128960847854614
0.660720944404602
0.0819736123085022
0.11346590518951416
-0.23788589239120483
0.19891357421875
0.30554723739624023
-0.1538081169128418
-0.2641926407814026
0.07101285457611084
-0.22681570053100586
0.20981132984161377
-0.12869590520858765
-0.46758919954299927
-0.05905306339263916
-0.0253525972366333
-0.3445376753807068
0.032347142696380615
-0.2701634168624878
0.00923776626586914
-0.08175492286682129
-0.3560948371887207
-0.24972796440124512
0.21310162544250488
0.038712143898010254
-0.0615696907043457
-0.09999024868011475
-0.3218408226966858
0.4299689531326294
0.02581477165222168
-0.3815847635269165
0.0056143999099731445
-0.26026126742362976
-0.493718683719635
-0.03394746780395508
0.07446706295013428
0.7588192224502563
0.2379852533340454
-0.18579912185668945
-0.21152609586715698
-0.33959901332855225
0.16419243812561035
-0.17892050743103027
0.2284143567085266
0.0245821475982666
-0.11331510543823242
-0.06055247783660889
-0.24085462093353271
-0.16702711582183838
-0.32009631395339966
-0.1765514612197876
0.12351709604263306
-0.14721941947937012
-0.04038715362548828
-0.6384068727493286
-0.3739756941795349
-0.0029970407485961914
-0.2827857732772827
-0.21850258111953735
0.4995884299278259
0.02246987819671631
0.06729358434677124
-0.9135054647922516
0.2628556489944458
-0.1564769744873047
-0.11454266309738159
0.14583468437194824
0.07432132959365845
-0.03700745105743408
0.2642704248428345
-0.23668622970581055
0.17190271615982056
0.02927720546722412
-0.22526180744171143
0.015919208526611328
0.216444730758667
-0.06581747531890869
-0.00985407829284668
-0.16158145666122437
-0.196388840675354
-0.07084065675735474
-0.013705730438232422
0.08761632442474365
-0.26287221908569336
-0.3095117211341858
0.2030935287475586
-0.11186373233795166
0.13814568519592285
-0.31649965047836304
0.5671635866165161
-0.020965576171875
0.5769431591033936
-0.056740522384643555
0.07085710763931274
0.7805401086807251
-0.09562480449676514
0.08467733860015869
0.06288182735443115
-0.5416339039802551
0.17518293857574463
-0.0337834358215332
-0.09396809339523315
0.06022286415100098
-0.008742213249206543
-0.1101723313331604
-0.09812963008880615
-0.24328011274337769
-0.17852121591567993
0.2690715789794922
1.46503484249115
-0.2765797972679138
-0.0926395058631897
0.06020784378051758
0.07953822612762451
0.08950996398925781
-0.06499075889587402
0.08064496517181396
-0.32095950841903687
-0.058315932750701904
0.019081830978393555
0.022282719612121582
0.055600523948669434
-0.4344104528427124
0.05294656753540039
-0.015433788299560547
-0.0012839436531066895
-0.09959763288497925
0.05155158042907715
0.11298716068267822
0.2270195484161377
-0.2579038143157959
-0.06086224317550659
0.21739578247070312
0.12354028224945068
-0.28190940618515015
0.008344769477844238
0.30566149950027466
-0.05327123403549194
0.0696876049041748
-0.011318624019622803
-0.5160791873931885
0.0018836259841918945
-0.09952807426452637
0.11489558219909668
-0.6146596074104309
0.057634949684143066
0.24384665489196777
0.10578048229217529
-0.03495973348617554
-0.2101360559463501
0.0984429121017456
0.4039868116378784
0.1910243034362793
0.263332724571228
0.22151267528533936
0.027280807495117188
0.002935647964477539
0.196799635887146
-0.36408674716949463
0.2214280366897583
0.25850343704223633
-0.351479172706604
-0.18640542030334473
0.01126396656036377
0.21835172176361084
0.16344356536865234
-0.19630932807922363
-0.1451585292816162
-0.10085666179656982
-0.07765793800354004
-0.21998685598373413
0.045496344566345215
-0.3029826283454895
-0.13540053367614746
0.05205196142196655
-0.17764818668365479
-0.1876664161682129
-0.028475403785705566
-0.25611287355422974
-0.08733141422271729
0.4864060878753662
0.43820101022720337
0.1083565354347229
-0.08664882183074951
0.08799409866333008
-0.17408466339111328
0.16807758808135986
0.21727800369262695
-0.6503913998603821
-0.11310303211212158
0.1423654556274414
0.31071943044662476
-0.26891428232192993
-0.272396445274353
0.11630713939666748
-0.36855989694595337
0.00747990608215332
-0.11329853534698486
-0.0018455982208251953
-0.22195833921432495
-0.6585755348205566
0.2422579526901245
-0.17388415336608887
-0.3254258632659912
0.1464989185333252
-0.07191747426986694
-0.31951814889907837
-0.29517126083374023
-0.001502692699432373
0.4770474433898926
0.08411240577697754
0.9931695461273193
-0.3322218656539917
-0.14539384841918945
0.0263216495513916
0.2771580219268799
-0.31872957944869995
-0.2019205093383789
0.32235443592071533
-0.22815442085266113
-0.5663467645645142
0.19343149662017822
-0.27653008699417114
-0.4438254237174988
-0.6341209709644318
0.30365025997161865
0.5378994941711426
-0.07225382328033447
-0.07172203063964844
-0.4008655548095703
-0.3556060791015625
-0.4325035810470581
-0.24298685789108276
0.06269621849060059
-0.32394975423812866
0.23641788959503174
-0.13713514804840088
-0.1166849136352539
-0.2974708080291748
-0.20662885904312134
-0.15688300132751465
0.029038667678833008
-0.5392166972160339
-0.04807913303375244
0.024797558784484863
-0.42259150743484497
-0.24399244785308838
-0.8681582808494568
0.11973631381988525
0.23925423622131348
0.12002789974212646
-0.06503218412399292
0.09958434104919434
0.652825117111206
-0.25784581899642944
0.1416131854057312
-0.7057700455188751
0.4425530433654785
0.43857383728027344
-0.09504985809326172
-0.28296637535095215
0.11638820171356201
0.0632479190826416
0.012297749519348145
0.08377617597579956
0.1262953281402588
0.10743218660354614
0.18645358085632324
-0.14918601512908936
-0.026041686534881592
0.013666152954101562
-0.2013704776763916
-0.1658259630203247
0.03464329242706299
0.3754417896270752
0.2980307340621948
-0.2621135115623474
0.007735073566436768
-0.3043792247772217
-0.06424522399902344
-0.16628313064575195
-0.8498350381851196
0.05874979496002197
0.276488721370697
-0.20071440935134888
-0.12098574638366699
-0.8858038187026978
-0.29517126083374023
0.1373671293258667
-0.31457793712615967
0.36439812183380127
-0.2923200726509094
-0.01115119457244873
0.15516668558120728
0.2562304735183716
-0.313928484916687