0.3400745689868927
0.07651981711387634
-0.1140705943107605
0.1888921856880188
-0.10919660329818726
-0.12839439511299133
0.1977439522743225
0.12770023941993713
0.0460563600063324
0.15360286831855774
0.2048528492450714
0.08334371447563171
0.36326661705970764
-0.017516255378723145
0.6687227934598923
0.2300877869129181
0.1644574999809265
0.0071652233600616455
-0.1886204481124878
0.19316479563713074
0.11376571655273438
0.2926200330257416
-0.12555646896362305
0.31008660793304443
0.1146090030670166
-0.06213623285293579
0.34193992614746094
0.3446105718612671
-0.029018789529800415
0.15070360898971558
0.09349924325942993
0.06854939460754395
0.21339809894561768
0.17489972710609436
-0.12313935160636902
-0.8263945132493973
0.4119422435760498
-0.0075363218784332275
0.24290567636489868
-0.01697450876235962
0.2891707420349121
0.1927357316017151
0.1393882930278778
-0.07365691661834717
0.1082339882850647
-0.4289350360631943
0.13346219062805176
-7.125735282897949e-05
0.30986127257347107
0.31861697137355804
0.08033010363578796
0.14006584882736206
0.43142014741897583
0.24415984749794006
0.01780623197555542
-0.15308919548988342
0.2827111780643463
0.07132261991500854
0.6219127029180527
0.12262579798698425
-0.008946120738983154
0.2932511866092682
0.22772032022476196
-0.0873098373413086
0.2509472370147705
0.34403568506240845
0.24698111414909363
0.506099283695221
0.2919522523880005
0.011997848749160767
0.3421321511268616
0.09735113382339478
-0.002496659755706787
0.3871845304965973
-0.5268163233995438
0.36895912885665894
0.13144272565841675
0.45916488766670227
0.16642233729362488
0.2776566445827484
-0.06468430161476135
0.4245679974555969
-0.09565964341163635
0.27159640192985535
0.122962087392807
0.005079448223114014
0.4125535786151886
0.3543338179588318
0.2288568615913391
0.11690512299537659
0.029094964265823364
-0.003913134336471558
-0.024225950241088867
0.16342541575431824
0.34357184171676636
0.3724564015865326
-0.21526682376861572
0.5005311071872711
0.2516977787017822
0.2708377540111542
-0.006424695253372192
-0.011800646781921387
0.3326425850391388
-0.30700841546058655
0.18270769715309143
0.017801254987716675
0.4942207336425781
0.030910760164260864
-0.13926395773887634
-0.3043377995491028
-0.04350501298904419
0.51655313372612
0.140639066696167
0.25244829058647156
0.028752058744430542
0.18280383944511414
-0.06068328022956848
0.19094154238700867
-0.09362024068832397
-0.29335224628448486
0.07321465015411377
0.10126426815986633
0.12233918905258179
0.3483911454677582
0.053730159997940063
0.4000123143196106
0.07167881727218628
0.0365484356880188
0.2311331331729889
-0.1764255166053772
0.054720908403396606
-0.0666673481464386
0.31441381573677063
0.24719318747520447
-0.07191577553749084
0.2208334505558014
-0.47832468152046204
0.368011474609375
0.5567081570625305
-0.1107107400894165
0.3038308918476105
0.46371087431907654
0.4502667486667633
0.500325620174408
-0.024592071771621704
0.3413352370262146
-0.06434965133666992
0.2082507610321045
0.4067401885986328
0.01967000961303711
0.1879594624042511
-0.08968225121498108
0.11440518498420715
0.07657274603843689
-0.14581957459449768
0.005154013633728027
0.0716606080532074
0.11841270327568054
0.5025075078010559
0.11221343278884888
0.10790431499481201
0.1552925705909729
0.0879659652709961
-0.21246212720870972
0.13037580251693726
0.9978679567575455
0.19699516892433167
0.33024197816848755
0.11466202139854431
-0.060018956661224365
0.020385682582855225
0.5922891795635223
0.3554454445838928
-0.2642455995082855
0.2151029109954834
0.12130042910575867
0.024742841720581055
0.34430405497550964
0.22329694032669067
0.19913560152053833
-0.06013005971908569
0.3016141951084137
0.31513452529907227
0.04577469825744629
0.1482168436050415
0.36226439476013184
0.08296266198158264
0.18023264408111572
0.4082941859960556
-0.05604621767997742
0.022615700960159302
0.3716081380844116
0.16486996412277222
-0.0914466381072998
0.024780958890914917
0.3777976334095001
0.43411892652511597
-0.08390194177627563
-0.06474557518959045
0.13388139009475708
0.16290685534477234
0.31342148780822754
0.1733705699443817
-0.27449890971183777
-0.1389525830745697
0.16760697960853577
0.1244845986366272
-0.1508493423461914
0.5662441551685333
-0.15547147393226624
0.312745600938797
-0.22929251194000244
0.010566473007202148
0.02547508478164673
-0.027656912803649902
0.13336947560310364
0.13237714767456055
0.1349068582057953
0.083641916513443
0.17874163389205933
0.009887158870697021
0.12421292066574097
-0.160973459482193
-0.12943479418754578
0.07685437798500061
0.21554356813430786
0.665364682674408
0.3963261842727661
0.49178043007850647
0.33379724621772766
-0.5314037501811981
-0.34224817156791687
0.004009276628494263
0.24879688024520874
-0.10675454139709473
0.0865941047668457
-0.3129410445690155
0.06906458735466003
0.19216084480285645
0.13924747705459595
0.12742358446121216
0.13768520951271057
-0.7351002246141434
-0.0135270357131958
-0.057315289974212646
0.30186933279037476
0.44845594465732574
0.27807414531707764
0.04935646057128906
0.04021647572517395
0.14230072498321533
0.3441086411476135
-0.12179741263389587
-0.09484952688217163
0.2343769073486328
0.1264527142047882
-0.14777785539627075
0.39964616298675537
0.19538971781730652
-0.08031520247459412
-0.41782185435295105
0.03533253073692322
0.28127485513687134
-0.051864683628082275
0.2600557804107666
0.18506848812103271
0.34234750270843506
-0.0036679506301879883
0.10093790292739868
0.12185543775558472
-0.03560417890548706
-0.06328266859054565
0.11643636226654053
0.39355456829071045
0.26715150475502014
-0.15838903188705444
0.17272105813026428
0.046130865812301636
0.15076318383216858
0.10582184791564941
-0.07496243715286255
-0.13931864500045776
0.28537517786026
0.03219962120056152
0.25171929597854614
0.3687155842781067
0.1696561872959137
-0.028670936822891235
0.02302318811416626
0.03899216651916504
-0.010576367378234863
0.25031110644340515
0.2239380180835724
-0.05000588297843933
0.18359073996543884
0.3357439637184143
-0.2465040683746338
0.019496053457260132
0.3367760479450226
0.3491680324077606
-0.28776252269744873
0.29900985956192017
0.007846146821975708
0.06108593940734863
0.17005714774131775
0.23177921772003174
0.3788645267486572
0.46792224049568176
0.1595238745212555
0.03891262412071228
-0.09420010447502136
0.2616346776485443
0.08202987909317017
-0.1691078543663025
0.20376110076904297
0.027284175157546997
0.43254992365837097
0.14572015404701233
-0.12725123763084412
0.445314884185791
0.3365722596645355
0.2897372543811798
0.12965181469917297
0.20354241132736206
-0.04964470863342285
0.2625276446342468
-0.21245047450065613
0.2197962999343872
0.3780660331249237
0.0005235075950622559
0.4358202815055847
0.14413467049598694
0.026043355464935303
-0.007024437189102173
-0.0816604495048523
0.10140341520309448
0.18695223331451416
0.37180039286613464
-0.5141458213329315
0.037895381450653076
-0.09676298499107361
0.5409661829471588
0.6463456749916077
0.6103008687496185
0.17537188529968262
0.29926496744155884
0.5225552320480347
0.6352094113826752
-0.6221479773521423
0.3448325991630554
-0.07501378655433655
-0.3343423306941986
0.1979626715183258
-0.2114829123020172
0.6148733347654343
0.5422849655151367
0.3442179262638092
0.10249519348144531
0.09421330690383911
-0.043309539556503296
0.30108240246772766
-0.10241073369979858
-0.07775068283081055
0.07975035905838013
0.23908203840255737
0.05419731140136719
-0.11043909192085266
-0.1296120584011078
0.2932809889316559
0.3016737997531891
0.19595307111740112
0.15966960787773132
0.2641511857509613
-0.1436244249343872
0.337415486574173
-0.11925935745239258
0.08375623822212219
1.022980436682701
0.4819146692752838
0.39563700556755066
-0.022216439247131348
0.3347432315349579
0.22530150413513184
0.153732031583786
-0.2893959879875183
-0.014413297176361084
-0.2122516930103302
0.35077521204948425
-0.006767570972442627
0.2906152904033661
0.013908028602600098
-0.01748812198638916
0.2757249176502228
0.2264496088027954
0.14643749594688416
0.4017154276371002
-0.22913846373558044
0.30121490359306335
0.18489784002304077
0.02233898639678955
0.00020709633827209473
-0.004416763782501221
0.6618325710296631
0.08930617570877075
0.19226521253585815
0.36468982696533203
0.398686945438385
0.07075440883636475
0.25489360094070435
0.28780728578567505
0.2334061563014984
-0.2309773564338684
0.4246525168418884
0.23778977990150452
0.6404842436313629
0.010629385709762573
0.1763012707233429
-0.08359557390213013
0.20614668726921082
-0.44172972440719604
0.044714391231536865
0.460586354136467
-0.23063448071479797
0.03626856207847595
0.41395682096481323
-0.03952056169509888
0.21389350295066833
-0.3143409192562103
0.25891104340553284
0.25777286291122437
0.23961707949638367
0.19664889574050903
-0.10124102234840393
0.08565807342529297
0.399058073759079
0.33735421299934387
0.18711453676223755
-0.09274548292160034
-0.22295725345611572
0.13155868649482727
-0.10673466324806213
0.2526255249977112
-0.08096474409103394
0.24080497026443481
-0.4033191502094269
0.4727928936481476
0.6695296466350555
0.2767520546913147
0.016316920518875122
0.2586873769760132
0.22290921211242676
0.8540962636470795
-0.09120309352874756
-0.08994567394256592
-0.026578456163406372
0.6013231575489044
-0.15579459071159363
-0.23608171939849854
0.11756294965744019
-0.15160313248634338
0.07520100474357605
0.3283483684062958
0.4173315167427063
0.2812880873680115
0.0314408540725708
0.3199538588523865
0.276216983795166
0.0453605055809021
0.06807389855384827
0.25119078159332275
0.4246673882007599
0.17365387082099915
0.09703633189201355
0.5004300773143768
0.32086676359176636
0.26859617233276367
0.2493535578250885
0.06854438781738281
0.145849347114563
0.598652571439743
0.40102124214172363
-0.03734874725341797
0.031808674335479736
0.03143423795700073
0.46116119623184204
-0.17571815848350525
0.21046572923660278
0.2953900396823883
0.24773496389389038
0.12613466382026672
0.17712461948394775
-0.01665651798248291
-0.04793998599052429
0.11649593710899353
0.028278231620788574
0.06388071179389954
0.5192120969295502
0.2280052900314331
-0.27227404713630676
0.050358712673187256
0.30173349380493164
0.2678108215332031
-0.027714937925338745
0.07191914319992065
0.2890945076942444
0.24079173803329468
0.4675693213939667
-0.03530272841453552
0.09072929620742798
0.17694896459579468
0.1383908987045288
0.10357701778411865
0.33668825030326843
0.6098585426807404
0.4488966464996338
0.2301209270954132
0.0992082953453064
-0.06323632597923279
0.4026167392730713
0.5759126991033554
0.3089103400707245
-0.03236857056617737
-0.10271555185317993
0.04510369896888733
-0.015041202306747437
0.07980164885520935
0.4590655267238617
0.3136998116970062
0.2689622640609741
-0.07000395655632019
0.113934725522995
0.6029698848724365
-0.13055309653282166
-0.1484023630619049
0.36233726143836975
0.44991716742515564
0.20934250950813293
0.00496673583984375
0.45373421907424927
0.6668589413166046
0.11066931486129761
-0.1492936909198761
0.16090553998947144
0.5814228951931
0.06865867972373962
0.38873857259750366
0.054207295179367065
0.3626736104488373
0.1845732033252716
-0.208461195230484
0.19263464212417603
0.5032977610826492
-0.3750773072242737
0.4360969364643097
-0.030423611402511597
0.06257200241088867
0.04644230008125305
0.051707297563552856
0.18275415897369385
-0.03892585635185242
0.13816234469413757
0.30697695910930634
0.9945977032184601
0.08748048543930054
0.38333097100257874
-0.015022963285446167
-0.005173861980438232
-0.008328258991241455
0.3897358179092407
0.26433342695236206
0.10854208469390869
0.4706707000732422
0.04494136571884155
0.0035867393016815186
-0.01967334747314453
0.3333599269390106
0.42306044697761536
0.4958823621273041
0.39937281608581543
0.1887281835079193
0.09653106331825256
-0.001549065113067627
0.27278265357017517
-0.3088158965110779
0.17453354597091675
0.41635239124298096
0.39794808626174927
-0.05939441919326782
-0.03611946105957031
0.2231527864933014
0.027594029903411865
-0.5163890421390533
0.058773159980773926
0.2638198733329773
-0.38211995363235474
0.34976619482040405
0.2026643455028534
-0.1295425295829773
0.10609027743339539
0.14280766248703003
0.15136617422103882
-0.04162296652793884
-0.23562279343605042
0.11496025323867798
-0.3488169014453888
0.008291780948638916
0.1230134665966034
0.22799202799797058
0.2045612931251526
-0.20783492922782898
0.5295564830303192
0.2784219980239868
0.39153003692626953
0.004625469446182251
0.20422500371932983
-0.39863403141498566
0.027327299118041992
0.33283644914627075
-0.08285993337631226
-0.2100631594657898
-0.18665894865989685
-0.16073986887931824
0.016861915588378906
-0.20274052023887634
0.06419387459754944
0.49900683760643005
-0.19973361492156982
0.1604631245136261
0.34794721007347107
0.05321493744850159
0.16075974702835083
0.37366750836372375
0.48396408557891846
0.325700968503952
0.32820263504981995
0.0816504955291748
-0.1488397717475891
-0.20817285776138306
-0.027113616466522217
0.2782232463359833
-0.028535038232803345
0.052747756242752075
0.27149033546447754
0.14419272541999817
0.29041820764541626
0.07352110743522644
0.08055877685546875
-0.010682433843612671
0.29710128903388977
0.26277774572372437
0.2781337797641754
0.44604381918907166
-0.10751163959503174
0.20239093899726868
0.3315325975418091
-0.19325926899909973
0.21701639890670776
0.04992634057998657
0.2635928988456726
0.16851308941841125
0.48424410820007324
0.16839879751205444
0.08743247389793396
-0.03969290852546692
0.34019047021865845
-0.038079261779785156
0.22317108511924744
0.24610310792922974
-0.08347123861312866
0.13521337509155273
0.5438505411148071
-0.06400993466377258
0.33809807896614075
0.22736749053001404
0.2371751368045807
0.012685328722000122
0.25890278816223145
0.4753144681453705
-0.018386095762252808
0.16744783520698547
-0.1647987961769104
0.7564070969820023
0.2085191309452057
0.10087493062019348
0.39623841643333435
0.09296253323554993
0.15391254425048828
0.07799914479255676
0.09699323773384094
0.2377350628376007
0.3301873207092285
0.23193496465682983
0.3993099629878998
-0.13205069303512573
-0.20185422897338867
0.3583412766456604
0.5289452373981476
0.33501994609832764
-0.15831944346427917
0.8446130901575089
0.14603003859519958
0.4443241059780121
-0.08869653940200806
0.35817235708236694
0.40606099367141724
-0.12901729345321655
0.2083318829536438
-0.3882232904434204
0.3565256595611572
0.22041094303131104
0.5884854197502136
-0.04489496350288391
0.2584918737411499
0.08863857388496399
0.11255466938018799
-0.06556567549705505
-0.1643017828464508
-0.14855647087097168
0.5733596682548523
-0.020377397537231445
0.13355004787445068
0.33255308866500854
0.3989587426185608
0.18565663695335388
0.20844623446464539
-0.5095287263393402
-0.007292807102203369
0.18627455830574036
0.06673857569694519
0.24652552604675293
0.2671531140804291
0.23440173268318176
0.0476931631565094
0.13023003935813904
0.4722096621990204
0.10808157920837402
-0.03314068913459778
0.24889960885047913
0.13565906882286072
-0.020834654569625854
0.05078616738319397
-0.1048460602760315
0.013699233531951904
0.30496737360954285
0.7428419888019562
-0.0740363597869873
0.4701586961746216
0.3078152537345886
0.2887217104434967
-0.15592211484909058
0.31316304206848145
0.5266357660293579
0.298121839761734
0.41550910472869873
0.35014066100120544
0.10012775659561157
0.3888130187988281
0.21077725291252136
0.15643906593322754
0.10388684272766113
0.3677133321762085
0.32510459423065186
-0.10072585940361023
0.22005975246429443
-0.017208218574523926
-0.08331549167633057
-0.1168455183506012
0.435341477394104
0.3132392466068268
0.06327271461486816
0.09268584847450256
0.4294850826263428
0.17561867833137512
0.3903852701187134
0.39163270592689514
0.28243449330329895
-0.09656751155853271
-0.2959582209587097
0.05818831920623779
0.37992480397224426
0.17504385113716125
-0.0654761791229248
0.3561164438724518
0.012294411659240723
-0.12742024660110474
0.43142014741897583
0.1407964527606964
0.2922206521034241
0.09965723752975464
0.2571069002151489
0.5183804035186768
-0.18882429599761963
0.38010871410369873
0.3089085817337036
0.4539612829685211
0.23295709490776062
-0.3046608567237854
0.4828606843948364
0.2335171401500702
-0.4708794355392456
0.09719535708427429
0.6766351759433746
0.07116523385047913
0.1127220094203949
0.5699551403522491
0.08082219958305359
0.1357501745223999
0.007899165153503418
0.2370343804359436
0.2589060664176941
-0.43073582649230957
0.7484664469957352
-0.13842734694480896
0.11617952585220337
-0.14716649055480957
0.35093918442726135
0.12449458241462708
0.12252631783485413
0.2061251997947693
0.33990225195884705
-0.0840064287185669
0.3552780747413635
0.2384623885154724
-0.1239263117313385
-0.05616551637649536
0.06199714541435242
0.27465468645095825
0.6520282030105591
-0.10419657826423645
0.25889283418655396
0.13074034452438354
0.23026171326637268
0.09037640690803528
0.14608460664749146
0.3418636918067932
0.14973771572113037
-0.022635579109191895
0.13615936040878296
0.02104508876800537
0.2113090455532074
0.40222403407096863
0.16937625408172607
0.29006367921829224
0.38878488540649414
0.24314752221107483
0.082710862159729
-0.35102033615112305
0.6409183442592621
0.012537956237792969
0.0953216552734375
-0.01162007451057434
-0.004865735769271851
0.10372614860534668
0.09525537490844727
0.4987037479877472
-0.4782567322254181
-0.11669641733169556
0.1734219193458557
0.42191562056541443
-0.3465174436569214
0.2004891037940979
0.07321462035179138
0.1319529414176941
0.14209860563278198
0.34173622727394104
0.12648093700408936
0.028399169445037842
-0.15078312158584595
-0.08205804228782654
-0.030938923358917236
0.42326411604881287
0.16191282868385315
0.6299327611923218
-0.0639304518699646
-0.0039379894733428955
-0.21911215782165527
0.20895156264305115
0.5131021738052368
-0.1818975806236267
0.06583073735237122
0.23501646518707275
0.31777533888816833
-0.1979808211326599
0.39569827914237976
0.0603635311126709
-0.004986673593521118
0.15459182858467102
0.19910076260566711
0.009506165981292725
0.2441415786743164
0.10941189527511597
0.14940965175628662
0.6301563680171967
-0.018477141857147217
0.1844654679298401
0.05060723423957825
0.024734556674957275
0.10217040777206421
0.061306267976760864
0.22469350695610046
0.3071972727775574
0.3958142101764679
-0.208446204662323
-0.04037383198738098
-0.053460121154785156
-0.4668768048286438
0.12121424078941345
-0.07429146766662598
0.16385114192962646
0.13412326574325562
0.29156792163848877
0.32612836360931396
0.029144644737243652
0.02482736110687256
0.04249608516693115
0.20562982559204102
0.18006029725074768
-0.013704240322113037
-0.024318695068359375
0.1744672656059265
0.7280972898006439
0.1413232982158661
0.016449421644210815
-0.2545439600944519
0.03632485866546631
0.21395477652549744
0.1659054458141327
-0.013122797012329102
0.27031081914901733
0.23093926906585693
0.11374086141586304
0.3148280680179596
-0.11706754565238953
0.10886847972869873
0.06504878401756287
-0.12978103756904602
0.08035007119178772
0.16381967067718506
0.15180864930152893
0.30038994550704956
0.39302435517311096
0.6033145189285278
-0.09026706218719482
0.41482990980148315
0.40919384360313416
0.4418838620185852
0.28930822014808655
-0.430305153131485
-0.07130113244056702
0.32750681042671204
0.3702182471752167
0.0623549222946167
0.23059964179992676
0.07221728563308716
0.4705812782049179
0.08701825141906738
0.1276257336139679
0.22325047850608826
0.4048963189125061
0.022234588861465454
0.1604747474193573
0.09804865717887878
-0.001063615083694458
-0.11139827966690063
0.1144830584526062
-0.04825472831726074
0.003962814807891846
0.4314747750759125
-0.3742274045944214
-0.015942394733428955
-0.1317359209060669
0.3632550835609436
-0.2258085012435913
-0.31396985054016113
-0.27112919092178345
1.1243904531002045
0.08911067247390747
0.08560842275619507
0.48996296525001526
-0.543825700879097
0.15827471017837524
0.20685914158821106
0.35852357745170593
0.19020763039588928
0.04446905851364136
-0.046149104833602905
-0.11749333143234253
0.3617226779460907
-0.014113426208496094
0.5121694952249527
0.15473604202270508
-0.15289705991744995
0.2653655409812927
0.08879584074020386
0.3091157078742981
0.4516434669494629
0.22609996795654297
0.2612254321575165
0.19782018661499023
0.35761570930480957
-0.08160245418548584
0.446005642414093
0.22590619325637817
0.5295564830303192
0.5252806395292282
0.4336897134780884
0.6578780710697174
0.23231935501098633
0.3363552391529083
0.3872077167034149
-0.12661507725715637
-0.10093125700950623
-0.4429292380809784
0.1694374978542328
-0.03760048747062683
0.41539815068244934
-0.1719805896282196
-0.04141426086425781
0.9109839051961899
-0.47853177785873413
0.02749958634376526
0.043316155672073364
0.15942606329917908
0.1888905167579651
-0.05975726246833801
0.04573988914489746
0.13087281584739685
0.2796629071235657
-0.1196984052658081
0.7988981604576111
0.06525084376335144
0.2560648024082184
0.1688113808631897
-0.14075011014938354
-0.23134183883666992
0.1189495325088501
0.3078615963459015
0.196637362241745
0.15984857082366943
0.24253788590431213
0.09384384751319885
0.005856454372406006
0.048074185848236084
-0.5464796870946884
0.15997612476348877
-0.2121257185935974
0.2517242729663849
0.04729384183883667
0.9358625710010529
-0.016606777906417847
0.17301931977272034
0.44264256954193115
0.13880512118339539
0.22845590114593506
-0.0876527726650238
0.2605081796646118
-0.0011662840843200684
0.22264745831489563
0.3486330509185791
0.23873573541641235
0.04609447717666626
0.33575719594955444
-0.605693593621254
0.09555187821388245
0.21350416541099548
0.223547101020813
0.15139609575271606
-0.15260538458824158
-0.08222374320030212
0.24812260270118713
-0.04290860891342163
0.16888752579689026
-0.009164929389953613
0.39396369457244873
0.23786261677742004
-0.04197916388511658
0.012917280197143555
0.4958873689174652
0.061384111642837524
-0.06215775012969971
0.0870828628540039
0.5269985496997833
0.5328931510448456
0.16113245487213135
0.16082599759101868
0.20403775572776794
0.030185043811798096
0.25466659665107727
0.23050525784492493
0.16390088200569153
0.13448935747146606
0.16977885365486145
0.20056700706481934
0.18064340949058533
-0.11440521478652954
0.10529011487960815
-0.007307648658752441
0.05404162406921387
0.20913711190223694
-0.16407307982444763
-0.2087676227092743
0.21688711643218994
0.1660611927509308
0.4078204333782196
0.20192879438400269
-0.02544364333152771
0.46342429518699646
0.3756588101387024
0.020718663930892944
0.2796098589897156
-0.24108660221099854
-0.3539726138114929
0.10856372117996216
0.24683374166488647
-0.41123315691947937
-0.054830193519592285
0.21553364396095276
-0.4453546106815338
0.07428988814353943
0.3500843048095703
0.7161027640104294
-0.13972628116607666
-0.05965787172317505
0.23522189259529114
0.001017153263092041
0.743981808423996
0.5392498672008514
-0.2435186505317688
-0.3613150715827942
0.133874773979187
-0.19972702860832214
-0.02696940302848816
0.753080427646637
-0.1314079463481903
0.49504582583904266
0.20800384879112244
-0.17789995670318604
0.10504153370857239
0.3265591859817505
0.809191107749939
0.2709187865257263
-0.4160144031047821
0.21756145358085632
0.6202641725540161
0.14897394180297852
0.06800761818885803
0.14262214303016663
0.053027719259262085
0.07326102256774902
-0.20777863264083862
0.09783488512039185
0.11258786916732788
-0.11019721627235413
-0.5273531377315521
-0.019275695085525513
-0.03323844075202942
-0.20856383442878723
0.3232424557209015
0.012358993291854858
0.30287495255470276
0.11854031682014465
-0.19394344091415405
0.11201295256614685
-0.2155783772468567
-0.058875828981399536
0.21397632360458374
0.19226190447807312
0.39131298661231995
0.3534126281738281
-0.043619364500045776
0.007847785949707031
0.1546730101108551
0.3003733456134796
0.2839488089084625
0.015138983726501465
0.05485677719116211
-0.06445392966270447
-0.19966411590576172
-0.17568665742874146
0.13543537259101868
0.053325921297073364
0.45964205265045166
0.3326840102672577
0.10858848690986633
0.39854615926742554
0.3004164397716522
-0.0006477534770965576
0.2505977153778076
0.2109047770500183
0.2301291525363922
0.14706876873970032
-0.018048107624053955
-0.31721365451812744
0.11450457572937012
-0.08769586682319641
0.04799795150756836
0.22961720824241638
0.07636725902557373
-0.17094680666923523
0.17689931392669678
-0.2730990946292877
-0.14610785245895386
0.24598383903503418
0.24878370761871338
0.24124234914779663
0.26949071884155273
0.2698618173599243
0.09884211421012878
-0.1993923783302307
0.30470559000968933
0.17425018548965454
-0.14228421449661255
0.2736423909664154
0.25860780477523804
-0.05979868769645691
-0.1286892592906952
0.04451724886894226
0.584593802690506
0.01869255304336548
-0.09785312414169312
0.034626662731170654
0.2197350561618805
0.1998942792415619
-0.19722041487693787
0.013801991939544678
-0.01016223430633545
0.08931609988212585
-0.0821177065372467
-0.055509477853775024
0.15400367975234985
0.04848167300224304
0.33814284205436707
0.0461789071559906
0.05563533306121826
0.12958058714866638
0.02548670768737793
-0.16253238916397095
0.3028484284877777
-0.06711471080780029
-0.13527467846870422
-0.03963494300842285
-0.03650707006454468
0.1370987594127655
0.2629384398460388
0.16865229606628418
0.5124609917402267
0.13970297574996948
-0.03398054838180542
-0.0364077091217041
0.3001513034105301
0.370102196931839
0.29714107513427734
-0.06506869196891785
-0.02051323652267456
0.19720721244812012
0.5076134949922562
0.014897048473358154
-0.057769209146499634
-0.12841594219207764
0.07872974872589111
0.028404146432876587
0.49288037419319153
-0.06624817848205566
0.32048729062080383
-0.13369089365005493
-0.08596459031105042
-0.1921873688697815
0.37097033858299255
0.08939066529273987
-0.14238357543945312
0.053470075130462646
0.4214649796485901
0.2734386622905731
0.20218223333358765
0.6525119245052338
0.14608797430992126
-0.009898900985717773
-0.2781420052051544
0.43888020515441895
0.7491076290607452
0.3716546297073364
-0.3500942587852478
0.005286574363708496
-0.15946248173713684
0.31223368644714355
0.3131895661354065
0.10625925660133362
0.5992058515548706
0.17124336957931519
0.24025660753250122
0.019502699375152588
0.002776622772216797
0.24829649925231934
0.13887140154838562
0.2391350269317627
0.5462163090705872
0.14716976881027222
0.35477444529533386
0.08582046627998352
0.247257798910141
0.1421947479248047
0.18046453595161438
0.04564714431762695
0.0713094174861908
0.42188243567943573
0.05803593993186951
-0.05426028370857239
0.4987269341945648
-0.10012441873550415
-0.0207882821559906
-0.025369077920913696
0.2104276716709137
0.11398273706436157
0.2653009295463562
0.9018537998199463
0.5137366503477097
0.20385217666625977
0.14785730838775635
0.3843018710613251
0.37029942870140076
0.3751734495162964
-0.014125049114227295
0.5715340673923492
0.24766197800636292
0.09782826900482178
0.24137315154075623
0.10340142250061035
-0.4498542696237564
-0.020717084407806396
0.339678555727005
0.11032640933990479
0.047181278467178345
-0.41296276450157166
0.5467365384101868
0.1347859799861908
0.10963723063468933
-0.08867833018302917
-0.09381240606307983
0.3718037009239197
0.23122918605804443
0.05954849720001221
-0.7030513435602188
0.07989111542701721
-0.051207005977630615
0.18847638368606567
-0.06870675086975098
-0.1294613480567932
0.025561273097991943
-0.04498940706253052
0.36338263750076294
0.16627991199493408
-0.02741178870201111
0.29153478145599365
0.270691841840744
0.254905104637146
0.4821648895740509
0.01950603723526001
0.3689773678779602
-0.1338101625442505
-0.07810023427009583
0.22080188989639282
0.39887747168540955
-0.011123120784759521
-0.13557127118110657
0.4826602637767792
0.2713777422904968
-0.12441837787628174
-0.04296654462814331
0.284743994474411
-0.04027935862541199
-0.017254531383514404
0.2397562563419342
0.10592284798622131
0.1770864725112915
0.03205719590187073
0.07974866032600403
0.2805261015892029
0.3379605710506439
-0.2046341598033905
0.6209882646799088
0.3415240943431854
0.5130176842212677
0.34671127796173096
0.0714254081249237
0.19981974363327026
-0.1787962019443512
-0.23001325130462646
0.3520856648683548
0.47220975160598755
0.3053451478481293
-0.061912596225738525
-0.013159185647964478
0.07844650745391846
0.11139824986457825
0.13144275546073914
0.21363338828086853
0.3152554929256439
-0.1001293957233429
0.19236624240875244
-0.0021404623985290527
-0.14671087265014648
-0.32370132207870483
0.4890551269054413
0.15387612581253052
0.044542133808135986
0.007832884788513184
0.28653663396835327
-0.044218987226486206
0.2456425130367279
0.2358182668685913
-0.21583178639411926
0.24164989590644836
0.3634340167045593
0.23837953805923462
0.3332240879535675
0.13314247131347656
0.2754167914390564
-0.008782148361206055
-0.1198093593120575
0.24558290839195251
0.31733471155166626
0.15776774287223816
0.24928560853004456
0.2073461413383484
0.6025922298431396
-0.06085065007209778
0.12318739295005798
0.20324084162712097
0.26714321970939636
0.10983434319496155
0.10636189579963684
-0.06842505931854248
0.3595176339149475
0.15060409903526306
0.15416932106018066
-0.09853234887123108
0.12970978021621704
0.4203798472881317
-0.24052003026008606
0.3407207131385803
-0.07770264148712158
0.24823859333992004
0.25257906317710876
0.18537664413452148
0.3289862275123596
0.24461695551872253
0.04167261719703674
0.10934233665466309
0.7119064927101135
0.37390273809432983
0.05370199680328369
0.2930772304534912
0.38522130250930786
-0.10807985067367554
0.17516639828681946
-0.3265608251094818
-0.1599263846874237
-0.28273606300354004
0.19211280345916748
-0.055323898792266846
0.5993664264678955
0.132112056016922
0.315396249294281
0.25071200728416443
0.08225852251052856
0.24343252182006836
-0.11267229914665222
-0.19432449340820312
0.2716462016105652
0.3469233810901642
0.3186500668525696
-0.4552634358406067
0.4330204576253891
0.08337345719337463
-0.010591268539428711
0.12317579984664917
0.44843435287475586
0.3573903441429138
0.2037031054496765
-0.07108741998672485
0.1284540593624115
0.024121582508087158
0.03533419966697693
0.04416769742965698
-0.06965276598930359
-0.6244971305131912
0.20202815532684326
0.10591629147529602
0.002069234848022461
0.27030083537101746
0.4083902835845947
-0.0009410083293914795
0.039785683155059814
0.05835568904876709
-0.00891140103340149
0.1843544840812683
-0.26943439245224
-0.07159602642059326
0.5039306282997131
-0.05895701050758362
-0.22609004378318787
0.1748417317867279
0.009284228086471558
0.000848233699798584
0.22932735085487366
-0.04201066493988037
0.16265833377838135
0.07584384083747864
-0.07670527696609497
-0.1287936270236969
0.489668071269989
0.033601194620132446
0.5152989327907562
0.3600527048110962
-0.12196800112724304
-0.46959221363067627
0.15221938490867615
0.09810158610343933
0.20037975907325745
-0.24614620208740234
0.033690690994262695
-0.09337502717971802
0.19671350717544556
0.5047871768474579
0.0806184709072113
0.3740949183702469
0.14724606275558472
0.3284991681575775
0.18230348825454712
-0.1570984423160553
-0.10326719284057617
0.1593134105205536
0.15497788786888123
0.23702102899551392
0.16432493925094604
0.06440925598144531
-0.2948581576347351
0.35091933608055115
-0.1609022617340088
0.33576539158821106
0.24394604563713074
-0.019514262676239014
-0.04035058617591858
0.053695350885391235
0.26297494769096375
-0.0018637776374816895
-0.020680606365203857
0.3150549829006195
0.03608623147010803
0.09732797741889954
0.3939306139945984
0.30150654911994934
0.09060174226760864
0.2710910737514496
-0.004970133304595947
0.17791816592216492
-0.17203852534294128
-0.06771931052207947
0.2654235064983368
0.052070170640945435
0.696323499083519
-0.0025579333305358887
-0.11439359188079834
-0.3313370645046234
0.2174006998538971
0.24531611800193787
0.11050695180892944
0.21104398369789124
0.23340612649917603
0.009683430194854736
0.07084721326828003
0.18721064925193787
-0.10050714015960693
-0.3637089729309082
0.11560302972793579
0.08150479197502136
-0.007924020290374756
0.07325774431228638
0.010520070791244507
0.12060794234275818
0.16721418499946594
0.04998102784156799
0.10134381055831909
0.3046641945838928
0.3333682119846344
0.32905247807502747
0.3090659976005554
-0.12718674540519714
0.23607343435287476
0.07866019010543823
0.32170501351356506
0.19147831201553345
0.22104713320732117
0.09426969289779663
0.15203887224197388
0.5374175012111664
0.31698673963546753
0.10705775022506714
-0.13252627849578857
0.14881491661071777
0.35093918442726135
0.17776089906692505
-0.026184171438217163
0.1322246491909027
0.6902367174625397
0.3325265944004059
0.24176248908042908
0.28766149282455444
-0.36325013637542725
-0.2438400387763977
0.1263483762741089
0.6439401507377625
0.05546140670776367
-0.015062719583511353
0.25534912943840027
0.011696308851242065
0.12496504187583923
-0.11652252078056335
0.30192071199417114
0.25272655487060547
0.39275431632995605
-0.3748520016670227
0.36174580454826355
0.16896206140518188
-0.2038985788822174
0.3587157428264618
0.151046484708786
0.4219934642314911
0.3926582336425781
0.27620700001716614
0.21022549271583557
0.16528084874153137
-0.11307159066200256
-0.13282108306884766
0.18157455325126648
0.2724662125110626
0.13153713941574097
0.1865810751914978
-0.12290075421333313
0.2619858384132385
-0.2972587049007416
0.1265985667705536
0.23059964179992676
0.36453741788864136
-0.06444573402404785
0.27964136004447937
0.2631489038467407
-0.23922446370124817
-0.08610540628433228
-0.04718944430351257
0.04443937540054321
0.10044583678245544
-0.0439208447933197
-0.4580284357070923
0.2757978141307831
0.2516331374645233
0.3829781711101532
0.10962393879890442
-0.15109950304031372
0.2190690040588379
0.06930649280548096
0.13684019446372986
0.2254440188407898
0.11894288659095764
0.3808426856994629
0.22334495186805725
0.018654465675354004
0.20560991764068604
0.22416004538536072
0.009370297193527222
-0.13293370604515076
0.4150734543800354
-0.03597196936607361
0.3731025457382202
0.054339826107025146
0.051894575357437134
-0.20957446098327637
0.624599814414978
0.1561756432056427
0.21253171563148499
-0.13298016786575317
0.1548386812210083
0.20687073469161987
0.12201938033103943
0.19380763173103333
0.3792935609817505
0.1986899971961975
0.2207985818386078
0.010861366987228394
-0.13991013169288635
0.09694847464561462
0.15080124139785767
0.3651719093322754
0.027110248804092407
0.5531943738460541
0.2194434404373169
0.31224524974823
0.055676788091659546
0.22153747081756592
0.6714696288108826
0.09025216102600098
0.49530579149723053
0.368460476398468
0.8310796618461609
0.33094272017478943
0.4773786962032318
0.19447025656700134
0.23613470792770386
0.09322267770767212
-0.06484663486480713
-0.24827340245246887
0.05658292770385742
-0.16610583662986755
0.3163604736328125
-0.045849233865737915
-0.2725573182106018
0.02663642168045044
0.17737480998039246
0.2766096293926239
0.12321716547012329
0.19129273295402527
-0.047332048416137695
0.41095489263534546
-0.26985853910446167
0.3936324119567871
0.286423921585083
-0.08045771718025208
-0.12932881712913513
0.28902003169059753
0.15811562538146973
0.20036157965660095
0.2607550621032715
-0.10077881813049316
0.5053918063640594
0.3480548858642578
0.243598073720932
0.39166587591171265
0.19704481959342957
0.11079519987106323
0.08134573698043823
-0.21863824129104614
0.28891730308532715
0.46887654066085815
0.5001251995563507
0.09372955560684204
0.01705077290534973
-0.045777976512908936
0.5429261028766632
-0.01145276427268982
-0.04771465063095093
0.1289941668510437
-0.05415591597557068
0.32505327463150024
0.4824018180370331
-0.36329159140586853
-0.6587213277816772
-0.014627039432525635
0.5860533863306046
-0.3537621796131134
-0.0822833776473999
0.6106404662132263
0.014617085456848145
0.0276603102684021
0.2149239182472229
-0.0023442208766937256
0.24857822060585022
-0.09979802370071411
0.35677242279052734
-0.12622737884521484
-0.1534404158592224
0.0886451005935669
-0.067278653383255
0.07910752296447754
-0.20467063784599304
-0.25393596291542053
0.2737633287906647
-0.16039854288101196
0.07928642630577087
0.00886005163192749
0.09415698051452637
0.4717160761356354
0.44313299655914307
-0.6766501218080521
0.07151654362678528
0.3091472089290619
-0.03759557008743286
0.5081635266542435
0.007268011569976807
0.11126738786697388
0.27101820707321167
-0.09146654605865479
0.14723774790763855
-0.017375528812408447
0.03149724006652832
0.11827859282493591
0.09475511312484741
0.44304513931274414
0.24992012977600098
0.10452127456665039
0.09359040856361389
0.1818561851978302
0.048735201358795166
-0.10839137434959412
0.2471666932106018
0.23327520489692688
0.30974701046943665
0.163624107837677
-0.06559544801712036
0.4453745037317276
0.12093096971511841
0.25454720854759216
0.27595019340515137
0.15743640065193176
-0.3242464065551758
0.32558831572532654
0.43476831912994385
-0.22337648272514343
0.10163864493370056
-0.48118577897548676
-0.15596193075180054
0.08150970935821533
0.02331644296646118
0.335225373506546
0.046632856130599976
0.13568556308746338
-0.001404881477355957
0.41322290897369385
-0.2760479748249054
-0.006424695253372192
0.34246355295181274
0.17569664120674133
-0.13777631521224976
0.45720338821411133
-0.21606379747390747
-0.0560760498046875
-0.28260350227355957
0.05152508616447449
0.5502570122480392
0.33894798159599304
0.06979027390480042
0.3922954201698303
0.18559369444847107
0.02733224630355835
0.15499940514564514
0.2981235384941101
-0.028482019901275635
-0.12029474973678589
0.2700043022632599
0.22028174996376038
0.34164682030677795
0.07521924376487732
0.13935178518295288
0.7088068127632141
-0.28900834918022156
0.20152124762535095
0.37559589743614197
0.34761086106300354
0.6990802139043808
0.2450808882713318
0.25389623641967773
0.16361093521118164
0.20051062107086182
0.1882312297821045
-0.16008713841438293
0.04318523406982422
0.11306658387184143
0.1485796570777893
0.13584956526756287
-0.1546117067337036
-0.16791340708732605
0.024898558855056763
-0.010299772024154663
-0.0718163549900055
0.1409422755241394
0.12779131531715393
-0.1689952313899994
-0.26426389813423157
0.040874183177948
0.24076518416404724
0.14238858222961426
0.4673456698656082
0.31900784373283386
0.13112133741378784
0.3105289041996002
0.04681509733200073
0.3013441264629364
0.2492905557155609
0.2822225093841553
0.25770995020866394
0.42368659377098083
0.1611209213733673
-0.23687857389450073
-0.059757232666015625
0.013265162706375122
0.38120710849761963
0.17274436354637146
-0.1421217918395996
0.500420093536377
-0.2416614294052124
0.3397116959095001
-0.28165921568870544
-0.02366432547569275
0.14188826084136963
0.508836030960083
0.12605348229408264
-0.045302510261535645
0.28806072473526
0.22673454880714417
0.38795986771583557
0.2106563150882721
-0.15667766332626343
0.5461964756250381
0.2562636137008667
0.13904863595962524
0.2215690016746521
0.20844954252243042
0.09781497716903687
-0.030438601970672607
-0.09304863214492798
-0.03267350792884827
0.23908200860023499
0.5895125865936279
-0.19700345396995544
0.4187396764755249
0.10486093163490295
0.24809113144874573
0.3858988881111145
0.28037527203559875
0.2634388208389282
0.10403260588645935
0.15155839920043945
0.4753889739513397
0.04995620250701904
0.23759925365447998
0.23674938082695007
0.11096754670143127
0.3709918260574341
0.22289440035820007
-0.1055932343006134
0.010588020086288452
0.32180777192115784
0.15642914175987244
0.2792321741580963
0.32274869084358215
0.046904534101486206
0.1704961359500885
0.18771427869796753
0.23951607942581177
-0.040764808654785156
0.1837630271911621
0.26090070605278015
0.35547691583633423
0.11055666208267212
0.4508068561553955
0.2071838676929474
0.22744861245155334
0.36240026354789734
-0.22892802953720093
0.2989584803581238
-0.09671163558959961
0.2413516640663147
0.34976619482040405
-0.08222538232803345
0.19674664735794067
0.28507205843925476
0.2657499313354492
0.5343494117259979
-0.07525235414505005
0.07812511920928955
0.24030789732933044
0.3985412120819092
0.410956472158432
0.24731582403182983
0.1322479248046875
0.3602282702922821
-0.05316519737243652
0.39935794472694397
0.033770203590393066
0.06149345636367798
0.26203057169914246
0.39581429958343506
0.19974029064178467
0.2957594096660614
0.10357040166854858
-0.004111945629119873
0.4543853998184204
0.19228675961494446
0.08639034628868103
0.31705138087272644
0.6021481603384018
0.3432653248310089
0.25615930557250977
-0.5018995106220245
-0.2314678430557251
0.11785277724266052
0.3361746668815613
0.08642017841339111
0.13900062441825867
0.10162869095802307
-0.19280031323432922
-0.08977502584457397
0.4222734868526459
0.31422173976898193
-0.06199875473976135
0.026417791843414307
-0.0899655818939209
0.05159798264503479
0.25101351737976074
0.0972699522972107
0.45467525720596313
0.13792705535888672
0.20355236530303955
0.4466816484928131
0.3551025092601776
0.01888635754585266
0.44922134280204773
0.10927608609199524
0.40892040729522705
-0.1272495985031128
0.30172184109687805
0.06394866108894348
0.20915696024894714
-0.13906022906303406
0.05587229132652283
0.4041309505701065
0.12147930264472961
0.05990299582481384
0.3278447687625885
0.04071345925331116
0.021046757698059082
-0.0503770112991333
0.008338212966918945
0.30396831035614014
0.09466728568077087
0.031672775745391846
-0.22803843021392822
-0.09675797820091248
0.6426495909690857
0.4330337643623352
0.26429370045661926
0.18264645338058472
-1.2011902332305908
0.22660371661186218
0.17116045951843262
0.14070534706115723
0.44585496187210083
-0.04821997880935669
0.37579968571662903
-0.00653567910194397
0.34084320068359375
0.14206388592720032
0.05118545889854431
-0.16139093041419983
0.18920201063156128
-0.15106141567230225
0.2890315651893616
0.3850075602531433
0.1844438910484314
0.3290160596370697
-0.03564229607582092
0.10290771722793579
0.3437921702861786
0.09912708401679993
-0.0038816630840301514
0.05969920754432678
0.4162529706954956
0.15779760479927063
0.3008686900138855
0.3672112822532654
0.3202537000179291
0.0833088755607605
0.18545952439308167
0.3784255087375641
0.10029670596122742
6.300210952758789e-05
0.2472495138645172
0.2581506669521332
0.2967500686645508
0.11736571788787842
-0.10067445039749146
0.09957769513130188
-0.0934562087059021
0.13700592517852783
0.2732365131378174
0.1182669997215271
0.34485578536987305
-0.056712210178375244
0.12919288873672485
0.38890084624290466
0.3090047538280487
0.10140013694763184
-0.1995580494403839
0.18395355343818665
0.2739306688308716
0.2828221917152405
0.25775468349456787
-0.08869487047195435
0.4933260977268219
0.28738313913345337
0.37966299057006836
0.11129727959632874
0.06108260154724121
0.1956995725631714
0.10959082841873169
0.48471787571907043
0.2692405879497528
-0.04649698734283447
0.04573655128479004
0.0927090048789978
0.4599998891353607
0.4258105456829071
-0.7601280063390732
0.3969143033027649
0.41156622767448425
-0.0038220882415771484
-0.09496378898620605
0.32370465993881226
0.00025010108947753906
-0.06922858953475952
0.17132949829101562
0.11656719446182251
-0.004562556743621826
-0.3206712603569031
-0.08930283784866333
-0.2587933838367462
0.005347788333892822
0.11613979935646057
0.19068801403045654
0.3577415943145752
0.45953109860420227
0.26772305369377136
0.22174623608589172
0.39527586102485657
0.13931533694267273
0.3829996585845947
-0.12279978394508362
0.3908507525920868
0.29098811745643616
0.09842133522033691
-0.14279118180274963
0.03606805205345154
0.04455694556236267
0.315230593085289
0.2631853520870209
0.09776198863983154
-0.05377647280693054
-0.5144474506378174
-0.07321959733963013
0.283332496881485
0.13886800408363342
-0.012768208980560303
0.2702644467353821
-0.08870148658752441
0.18046122789382935
0.22787606716156006
0.35449448227882385
0.07643857598304749
0.271670937538147
0.372867226600647
-0.20738926529884338
-0.5698326230049133
-0.002127230167388916
0.28631284832954407
0.0029555559158325195
0.21844445168972015
0.24551495909690857
0.2541464567184448
0.3308168947696686
0.09467393159866333
0.03528442978858948
0.07908603549003601
-0.022070586681365967
0.67408886551857
0.386357843875885
-0.15827804803848267
0.11623260378837585
0.11231943964958191
0.29278725385665894
0.9182750582695007
0.06432315707206726
0.39430001378059387
0.382138192653656
0.18202349543571472
-0.04095369577407837
0.08194375038146973
0.3706224858760834
1.0687070488929749
0.07087698578834534
0.13152888417243958
0.012532949447631836
-0.13833627104759216
-0.1121024489402771
0.2827906906604767
0.4994625747203827
0.02931368350982666
-0.14921417832374573
-0.11305829882621765
0.15456700325012207
0.2524068355560303
-0.07743260264396667
-0.01963689923286438
0.2397380769252777
0.039964646100997925
0.19182786345481873
-0.39326292276382446
-0.07125142216682434
-0.08351767063140869
0.33566272258758545
-0.09524047374725342
0.39237987995147705
0.2940910756587982
0.1917019486427307
-0.021643131971359253
0.2063140869140625
-0.009005874395370483
0.20974180102348328
0.38642075657844543
0.38703376054763794
-0.0895281732082367
0.0441594123840332
0.236779123544693
0.2371436059474945
-0.33513423800468445
-0.6108989417552948
0.07152813673019409
0.3932066261768341
0.3720952272415161
0.5736595392227173
-0.14815053343772888
0.11074221134185791
0.19088688492774963
0.22171145677566528
0.6120950728654861
-0.037126749753952026
-0.07731005549430847
0.16332757472991943
0.5853260159492493
0.1556985080242157
0.13090595602989197
0.08903279900550842
0.24091100692749023
0.5580749660730362
0.20642507076263428
-0.04834255576133728
0.40007200837135315
0.46045710146427155
0.15732210874557495
0.09333023428916931
0.18311530351638794
0.0187588632106781
0.2120744287967682
0.008013427257537842
0.191045880317688
0.00300028920173645
0.1531289517879486
0.1892019808292389
0.3001529574394226
-0.20819443464279175
0.1310882568359375
0.3578161597251892
-0.28875815868377686
0.187949538230896
0.2618516981601715
0.28380629420280457
0.21214890480041504
0.14447429776191711
0.15081122517585754
0.14283418655395508
0.4169389009475708
0.36210528016090393
0.10591620206832886
-0.1308893859386444
0.16825798153877258
0.11213883757591248
0.21259140968322754
0.40786176919937134
0.49256402254104614
-0.025890886783599854
-0.06496259570121765
0.435941219329834
-0.23480436205863953
0.3413203954696655
0.11174452304840088
0.18944719433784485
0.39835894107818604
-0.20673155784606934
0.2305433750152588
0.14985203742980957
0.045489728450775146
-0.002932310104370117
0.7621177285909653
0.3260422348976135
0.2010970413684845
0.2387605905532837
0.42611366510391235
0.5746005773544312
0.011040270328521729
0.1386808156967163
0.21283316612243652
-0.1162061095237732
0.0032686591148376465
-0.14584606885910034
-0.07116523385047913
-0.11900091171264648
-0.29027408361434937
-0.005998849868774414
0.10063961148262024
0.2591645419597626
0.23580998182296753
0.11027669906616211
-0.0519939661026001
0.40951523184776306
-0.06935620307922363
0.10484111309051514
0.20159417390823364
0.42295771837234497
0.011630058288574219
0.3646649420261383
0.3017251789569855
-0.06875306367874146
-0.007349163293838501
0.17929822206497192
0.030816316604614258
0.6154581904411316
0.411902517080307
0.02379024028778076
0.13975107669830322
0.2318669855594635
-0.06000906229019165
-0.14092901349067688
-0.19965246319770813
0.3135109841823578
0.1141417920589447
-0.279664546251297
0.1827971339225769
0.5061489641666412
-0.002988755702972412
0.12096405029296875
0.1620652675628662
0.27998098731040955
-0.2877028286457062
0.213040292263031
0.15965965390205383
0.17016318440437317
0.19591325521469116
0.07160264253616333
-0.2664903998374939
0.5077791512012482
0.2210405468940735
0.01987546682357788
0.2449582815170288
0.16601809859275818
0.0902123749256134
0.030296117067337036
-0.18912577629089355
0.24396425485610962
0.3379589021205902
0.1394197642803192
-0.021502315998077393
-0.017600804567337036
0.4349704086780548
0.3572445511817932
0.1791839301586151
-0.006948202848434448
0.06648343801498413
-0.020975500345230103
0.20871296525001526
-0.10755142569541931
0.5108887851238251
0.13831639289855957
-0.019749552011489868
0.39298126101493835
0.123416006565094
-0.06515148282051086
0.06277242302894592
0.251777321100235
0.3461579382419586
0.3301128149032593
0.3024524748325348
0.19242265820503235
0.2117198407649994
0.09392005205154419
-0.017865896224975586
0.33633697032928467
0.23724961280822754
-0.05742621421813965
-0.0663045346736908
0.3792588412761688
0.34672290086746216
-0.34207582473754883
-0.06726539134979248
0.3690667748451233
0.42507660388946533
0.14566051959991455
-0.10118305683135986
0.08664217591285706
0.18534022569656372
0.1654912531375885
0.12002798914909363
0.5115845799446106
0.4550463855266571
0.25029125809669495
0.046988993883132935
-0.019568979740142822
0.17241957783699036
0.07877451181411743
0.11913344264030457
0.22559800744056702
-0.06440266966819763
-0.21394652128219604
0.19438746571540833
0.3611626923084259
0.4070284962654114
0.18764463067054749
0.3539477586746216
0.15145564079284668
0.1782810389995575
0.42669355869293213
0.009034007787704468
0.1447857916355133
0.08269929885864258
0.4009384214878082
0.2596035599708557
0.30486467480659485
-0.26893243193626404
-0.23900076746940613
-0.06638073921203613
0.6057299822568893
0.23793554306030273
0.042401671409606934
0.2069949507713318
0.284598171710968
0.1010405421257019
0.4581294357776642
0.03827640414237976
0.3362905979156494
0.6557955145835876
0.033848077058792114
-0.05551111698150635
-0.22098255157470703
0.514526903629303
0.0854460597038269
0.22756624221801758
0.22132867574691772
0.08000046014785767
-0.2310701608657837
0.280516117811203
0.388294517993927
-0.0382002592086792
-0.0005831718444824219
-0.22309482097625732
0.3286101222038269
0.15701889991760254
0.11670467257499695
-0.038886070251464844
-0.17253383994102478
0.08736288547515869
0.04313555359840393
-0.001093447208404541
0.08214917778968811
-0.09231474995613098
-0.21679607033729553
0.296102374792099
0.08022412657737732
0.5567015707492828
-0.22939693927764893
0.10797390341758728
0.29170870780944824
0.17703184485435486
0.00047710537910461426
-0.004144996404647827
0.3873700499534607
0.22693005204200745
0.5076914131641388
0.021540433168411255
-0.26227086782455444
-0.4961226284503937
0.1994454264640808
-0.11567091941833496
0.2826913595199585
0.011060148477554321
0.6271064281463623
0.23698624968528748
0.1071157455444336
0.02764207124710083
0.3767174482345581
-0.12531626224517822
0.16012853384017944
0.22733598947525024
0.07961282134056091
0.3175681531429291
0.5584510713815689
0.06982669234275818
0.1518433690071106
0.3400745689868927
0.3097718060016632
0.06223896145820618
0.45185884833335876
0.07049265503883362
-0.10446006059646606
0.2512471377849579
0.24753284454345703
0.10003167390823364
0.2950105667114258
0.5252640247344971
0.06365042924880981
0.06858748197555542
0.03190803527832031
0.46982911229133606
0.35915136337280273
0.32506483793258667
0.21529999375343323
0.22172141075134277
-0.07116034626960754
0.2710314691066742
0.5565093457698822
0.05698227882385254
0.06919878721237183
0.12352699041366577
0.29159942269325256
0.4240627586841583
-0.21009626984596252
0.33051541447639465
0.28666582703590393
0.18099305033683777
0.23238730430603027
0.46197304129600525
0.27747607231140137
-0.038051068782806396
0.12176427245140076
0.023675978183746338
0.268831342458725
0.4117136597633362
0.13174095749855042
-0.09649461507797241
-0.10756796598434448
0.18434622883796692
0.2598735988140106
-0.022781312465667725
-0.15341058373451233
0.20505666732788086
0.2799959182739258
0.20043611526489258
-0.05555257201194763
-0.173448383808136
-0.03463500738143921
-0.12454754114151001
0.1917102336883545
0.2947637438774109
-0.14039716124534607
0.13398581743240356
0.27195924520492554
0.22290095686912537
-0.1809234619140625
0.7858797907829285
0.18596315383911133
-0.20986604690551758
-0.07949188351631165
0.37580132484436035
0.3854019045829773
0.01574528217315674
0.2841840386390686
0.10924622416496277
0.07697367668151855
0.037646859884262085
0.1666940450668335
0.04487347602844238
0.21776846051216125
0.1391480565071106
0.1196337640285492
0.04017999768257141
0.14052307605743408
-0.03717303276062012
0.5939873158931732
0.10783302783966064
0.3767605423927307
-0.049764007329940796
0.2573106586933136
0.36536404490470886
0.12494513392448425
-0.10153928399085999
0.4815949946641922
0.44279173016548157
0.2549697756767273
0.050839245319366455
0.22966358065605164
0.11923456192016602
0.9912479221820831
-0.12955740094184875
0.181544691324234
0.1805407702922821
0.5067436695098877
0.2972554564476013
-0.22575539350509644
0.19266951084136963
0.3971180319786072
0.10125434398651123
0.43296414613723755
0.3839489221572876
0.2580445408821106
0.19727343320846558
0.36574018001556396
-0.03955376148223877
0.057207584381103516
0.17302095890045166
0.08458462357521057
0.31921666860580444
0.27492961287498474
0.3123430013656616
-0.06935116648674011
0.16729548573493958
0.3228995203971863
0.34249162673950195
0.03257080912590027
0.032163262367248535
0.22320246696472168
0.14331963658332825
0.060959964990615845
-0.08845797181129456
0.20603248476982117
0.16182661056518555
0.25295186042785645
-0.05266159772872925
-0.07911241054534912
0.37185999751091003
0.3703524321317673
0.3546335995197296
0.22805994749069214
0.011036902666091919
0.33655571937561035
-0.020114034414291382
-0.21994870901107788
0.049465835094451904
0.11929577589035034
0.17082250118255615
0.22602054476737976
0.286203533411026
0.1124768853187561
0.21928435564041138
-0.13608145713806152
0.14991000294685364
0.17370185256004333
0.31127774715423584
0.5454691350460052
0.49226248264312744
-0.09844458103179932
0.35879024863243103
0.23976123332977295
0.4480980932712555
-0.08617505431175232
0.5703643560409546
-0.2393735647201538
0.19236138463020325
0.053105562925338745
-0.06780382990837097
0.17369526624679565
0.16994118690490723
-0.21902427077293396
0.31452982127666473
0.49544504284858704
-0.12846067547798157
0.11219018697738647
0.07247740030288696
0.7468014657497406
-0.24136489629745483
0.19993415474891663
0.3826684057712555
0.2954314053058624
-0.058981895446777344
0.24367940425872803
0.3881586790084839
0.11814272403717041
0.4067634642124176
-0.04270809888839722
0.44508126378059387
0.38075318932533264
0.1847255825996399
-0.07255691289901733
0.31845957040786743
-0.24650073051452637
0.37261050939559937
0.30090007185935974
0.21734267473220825
-0.025683820247650146
-0.04738497734069824
0.037479549646377563
0.07471388578414917
0.2124471664428711
0.25414472818374634
-0.053354084491729736
0.16651174426078796
0.21363341808319092
0.1508675515651703
0.2083137333393097
0.12977439165115356
0.004111945629119873
0.1324748992919922
0.3279176354408264
0.3040793836116791
0.1291084587574005
-0.02071705460548401
0.35490697622299194
0.059659481048583984
0.027039021253585815
0.018328040838241577
-0.1424647569656372
0.07770594954490662
0.2201591432094574
0.32750681042671204
0.36343395709991455
0.12458232045173645
0.3018245995044708
0.16611748933792114
0.277456134557724
0.38958674669265747
0.2509737014770508
0.3001214265823364
0.1506306231021881
-0.2517789602279663
0.4117020070552826
0.20072272419929504
0.3080041706562042
0.3656805455684662
-0.014739662408828735
0.15949732065200806
0.4283585250377655
0.09923809766769409
0.38285553455352783
0.30244743824005127
0.4915434718132019
0.2854199707508087
0.30474039912223816
0.08937740325927734
0.20457616448402405
-0.04946741461753845
0.07083725929260254
0.35677242279052734
-0.19898810982704163
0.2894159257411957
0.09426137804985046
0.1686190962791443
0.09413546323776245
-0.21332693099975586
0.39515820145606995
0.3762005567550659
0.31618157029151917
0.21835824847221375
0.3249289393424988
0.254194438457489
0.3815980851650238
0.06458809971809387
0.2731437683105469
0.6810586005449295
0.22560635209083557
-0.011490941047668457
-0.11408877372741699
-0.04418092966079712
-0.2054542899131775
-0.24316072463989258
-0.022970199584960938
0.25831297039985657
-0.414616197347641
-0.07749223709106445
-0.17164424061775208
0.21198171377182007
-0.15955868363380432
0.4621734917163849
0.16168248653411865
0.15091395378112793
0.33326056599617004
0.07200190424919128
0.055128395557403564
0.2513018250465393
-0.12407368421554565
0.4216753840446472
0.41027066111564636
0.008406102657318115
0.157833993434906
0.2618599534034729
0.13873222470283508
0.3025966286659241
0.11377400159835815
0.32555851340293884
0.08704808354377747
-0.1513645350933075
-0.16760849952697754
0.5316291153430939
0.8455028384923935
-0.03311088681221008
-0.07427993416786194
0.07677486538887024
0.35574859380722046
0.10356542468070984
0.36576998233795166
-0.046677589416503906
-0.13211527466773987
0.30440738797187805
-0.2830756902694702
0.4248132109642029
0.1657314896583557
0.13891613483428955
-0.3063606917858124
0.3446255177259445
-0.2591247260570526
0.016739308834075928
-0.010647624731063843
0.018119335174560547
0.18705815076828003
0.08515280485153198
0.14623704552650452
0.4704437553882599
0.25932028889656067
-0.04485020041465759
0.2907412648200989
0.16011029481887817
-0.12141469120979309
-0.20558178424835205
-0.3842107355594635
-0.3972291201353073
0.14644914865493774
0.10730630159378052
0.15418756008148193
0.3399370312690735
0.17246761918067932
0.2777908146381378
0.0937875509262085
0.29494763910770416
0.07502543926239014
0.36257418990135193
0.33754968643188477
0.21543261408805847
0.38521963357925415
-0.0425838828086853
-0.08113861083984375
-0.10485929250717163
-0.011828899383544922
0.3626122772693634
0.1608823537826538
0.25343236327171326
-0.003492414951324463
-0.1244133710861206
0.18821457028388977
0.02339264750480652
0.27568021416664124
0.16799625754356384
0.35726282000541687
0.29214122891426086
0.04524454474449158
-0.0012342333793640137
0.3636477589607239
0.48312412202358246
0.17184308171272278
0.4413188695907593
0.21822577714920044
0.5262447893619537
0.3262709081172943
0.3879266679286957
-0.042398303747177124
0.18398338556289673
-0.2840498089790344
0.1698020100593567
0.28623831272125244
0.4878855347633362
0.2889851927757263
0.1685098111629486
0.47068893909454346
-0.3089235723018646
-0.026005208492279053
0.1213269829750061
0.4534442722797394
0.3911638855934143
0.057179421186447144
0.6304098665714264
0.03311082720756531
-0.029482662677764893
0.3359029293060303
0.324952095746994
0.07810854911804199
0.12288421392440796
-0.02115774154663086
0.33674949407577515
0.2990446090698242
0.24605831503868103
0.3048199415206909
0.03857472538948059
-0.07442900538444519
-0.11735913157463074
0.22273194789886475
0.045585840940475464
0.03531423211097717
0.31592145562171936
0.03593221306800842
-0.057855427265167236
0.05713137984275818
0.47437840700149536
0.40341857075691223
-0.3050353229045868
0.09844952821731567
0.33827537298202515
0.03668105602264404
0.17778563499450684
0.10218209028244019
0.15808257460594177
0.23686859011650085
0.6144807040691376
0.4034102261066437
-0.23121261596679688
0.046651095151901245
0.26376017928123474
0.12860804796218872
-0.288411945104599
0.46040740609169006
-0.021124601364135742
0.11386185884475708
0.046324700117111206
0.41917872428894043
-0.007026076316833496
0.09848102927207947
0.0020659267902374268
-0.1981779932975769
0.013150900602340698
-0.3845205008983612
0.02780604362487793
-0.057189375162124634
0.10722345113754272
0.5513172894716263
0.3589426875114441
0.043170273303985596
0.38766831159591675
0.06555569171905518
0.2315274477005005
0.127797931432724
-0.03712332248687744
0.08029207587242126
0.22692346572875977
0.495138555765152
0.08245903253555298
0.11402243375778198
0.21908235549926758
0.5865967273712158
0.2334442138671875
-0.12289080023765564
0.19230669736862183
0.13931867480278015
0.2919556200504303
0.2066437304019928
0.09628918766975403
1.0017364919185638
0.01578664779663086
0.3159463405609131
0.6797282993793488
0.07305389642715454
0.29994261264801025
-0.08987277746200562
-0.28754210472106934
0.19131261110305786
0.3669147193431854
0.04844358563423157
-0.07077261805534363
0.28028249740600586
0.17197564244270325
0.3056847155094147
0.03110957145690918
0.044301897287368774
0.12518206238746643
0.14632481336593628
0.20490914583206177
-0.06619188189506531
0.0827406644821167
0.05718928575515747
0.3040545582771301
0.41958460211753845
-0.6730351597070694
0.34809961915016174
-0.29387909173965454
0.22329026460647583
0.3114698529243469
0.1603919267654419
0.44749343395233154
0.034442782402038574
0.2601204514503479
-0.054240405559539795
0.18287339806556702
-0.07499563694000244
0.5777764916419983
0.037191301584243774
0.07152977585792542
0.3291900157928467
0.48368406295776367
-0.0768643319606781
0.5757305026054382
-0.39434975385665894
0.02521836757659912
0.23384350538253784
0.2807347774505615
0.24022510647773743
0.07231998443603516
0.15502095222473145
-0.0227033793926239
-0.18348640203475952
0.222513347864151
-0.04240664839744568
0.07268616557121277
-0.0699758231639862
0.1968725025653839
0.27752071619033813
0.06555074453353882
0.33405405282974243
0.3494182825088501
0.3102870285511017
-0.05054929852485657
0.2546781599521637
0.03972434997558594
0.8709895610809326
0.47100697457790375
0.18047112226486206
0.2303047776222229
0.1627063751220703
0.25727590918540955
0.4436863362789154
-0.2650424838066101
0.05273774266242981
0.25926724076271057
-0.02971792221069336
-0.04027104377746582
-0.010225176811218262
0.35158857703208923
-0.23652401566505432
0.25303971767425537
0.11318421363830566
0.08206471800804138
0.2625010907649994
0.12282782793045044
0.26072683930397034
-0.08251696825027466
-0.1915660798549652
0.06287017464637756
-0.019242554903030396
0.17633435130119324
0.13243675231933594
0.2956583797931671
0.24568891525268555
0.46878039836883545
-0.15025290846824646
0.04833096265792847
0.3873651325702667
0.12603694200515747
0.04289701581001282
0.32701146602630615
0.38807252049446106
0.12365451455116272
0.02813243865966797
-0.1644144058227539
-0.15373528003692627
-0.027169913053512573
0.13690325617790222
0.9764634966850281
0.18903306126594543
-0.2826698124408722
0.14259395003318787
0.3913244903087616
-0.18192905187606812
0.47191321849823
0.3059563934803009
0.45744022727012634
0.0071569085121154785
0.9072597026824951
0.07642370462417603
0.2575012147426605
0.2233896553516388
0.44791755080223083
0.5085080862045288
0.12993177771568298
0.0482829213142395
-0.3700774013996124
-0.047209322452545166
0.2074621617794037
0.15254580974578857
0.15568354725837708
0.13586783409118652
0.07505524158477783
0.3299190104007721
0.0025049448013305664
0.24593576788902283
0.303946852684021
-0.048256486654281616
-0.048223257064819336
0.3587355613708496
0.23816579580307007
0.35648253560066223
-0.22128891944885254
0.005838274955749512
0.043359190225601196
0.06039509177207947
0.04686802625656128
0.23155388236045837
0.2413235306739807
-0.0720350444316864
0.3126941919326782
0.060868918895721436
-0.11895120143890381
0.12991198897361755
0.30636066198349
0.49322009086608887
0.11648929119110107
0.017660439014434814
0.36683523654937744
0.05659294128417969
0.15367570519447327
-0.39469262957572937
0.07397663593292236
0.17110413312911987
0.03055289387702942
0.033339470624923706
0.4205870032310486
0.26498445868492126
0.6481747031211853
0.30608072876930237
-0.010834813117980957
0.15041860938072205
-0.07867014408111572
0.031157612800598145
0.6635505259037018
0.20248208940029144
-0.042434751987457275
0.4665571451187134
0.3287062644958496
0.14204224944114685
0.09953135251998901
0.1639074981212616
0.07421523332595825
0.21934235095977783
-0.14238357543945312
0.2063007652759552
0.5051334500312805
0.028134137392044067
0.0044648051261901855
0.5279395878314972
0.06975707411766052
0.459315687417984
0.20873290300369263
-0.5513422191143036
0.13246992230415344
-0.010009795427322388
0.32705947756767273
0.037706583738327026
-0.05163770914077759
0.1786123514175415
0.22532805800437927
0.17951688170433044
0.40617862343788147
0.11803501844406128
0.132897287607193
0.24014559388160706
-0.13598215579986572
0.07072457671165466
0.1368800401687622
0.19998052716255188
0.34796038269996643
0.27994948625564575
0.15169590711593628
-0.05870687961578369
0.16106131672859192
0.3238620162010193
0.3909981846809387
0.4091804623603821
0.06520777940750122
0.3193790316581726
0.04068031907081604
0.11724480986595154
0.25744980573654175
0.3528725504875183
0.1366165578365326
0.35091930627822876
0.37608128786087036
0.2281179130077362
0.05801770091056824
0.20040133595466614
-0.04840385913848877
0.8730289340019226
0.3926582932472229
0.11100402474403381
0.030726909637451172
0.516975536942482
-0.040297627449035645
0.25687000155448914
0.6484116613864899
0.032877206802368164
-0.041059672832489014
0.15673059225082397
0.2781386375427246
0.25822022557258606
-0.07388722896575928
0.42072606086730957
0.457741841673851
0.15543511509895325
0.270443320274353
0.3735796958208084
0.04562222957611084
0.06374487280845642
0.365680456161499
0.0495353639125824
0.11096426844596863
0.28091204166412354
0.25948095321655273
-0.0013783574104309082
0.4128170311450958
0.09706121683120728
-0.031729161739349365
-0.11554667353630066
0.06429168581962585
-0.014512717723846436
-0.18726861476898193
0.22061634063720703
-0.3902907967567444
0.4547746479511261
0.1754911243915558
0.08605903387069702
0.0164145827293396
-0.10997021198272705
0.3080223500728607
-0.1566113829612732
0.14525631070137024
0.3297416865825653
0.03186666965484619
0.3391301929950714
-0.24325847625732422
0.025006264448165894
-0.08954635262489319
0.13356661796569824
0.28441599011421204
-0.11842602491378784
0.15162140130996704
-0.2095993161201477
0.20497548580169678
0.008903145790100098
0.006471127271652222
0.37756896018981934
0.29023104906082153
0.034376561641693115
0.3245694637298584
0.4452286958694458
0.19347628951072693
0.147169828414917
-0.2678920328617096
0.34018880128860474
0.0787578821182251
0.004680246114730835
0.433744415640831
0.5434082448482513
0.03912132978439331
0.237402081489563
0.28319332003593445
0.442582905292511
-0.2900089919567108
0.02129685878753662
-0.13233235478401184
0.032098591327667236
-0.6320516169071198
0.11557486653327942
0.10572576522827148
0.30990931391716003
0.33245038986206055
0.3138025403022766
0.054623156785964966
0.35741686820983887
0.14604651927947998
0.2803504168987274
-0.031165897846221924
0.3105487525463104
0.44978129863739014
0.21232950687408447
0.214354008436203
-0.17432811856269836
0.20419511198997498
0.4272419810295105
0.10512271523475647
0.14903524518013
0.4096791744232178
0.13766363263130188
0.1969885230064392
0.03402373194694519
-0.2871594727039337
0.2830111086368561
0.15278106927871704
0.059724122285842896
-0.07543960213661194
-0.14186334609985352
-0.1880141794681549
0.07657274603843689
-0.00251653790473938
0.1481340229511261
0.463362917304039
-0.2042713165283203
0.0698482096195221
0.09118485450744629
-0.031141012907028198
0.5033722817897797
0.05714297294616699
-0.2217048704624176
0.21595439314842224
-0.11090463399887085
-0.1625489592552185
0.13015711307525635
0.0576498806476593
0.746299535036087
0.5767344832420349
0.10439205169677734
-0.21875429153442383
8.118152618408203e-05
0.13698440790176392
0.04277607798576355
0.09521228075027466
0.19886383414268494
0.3535435199737549
-0.06208488345146179
-0.24315908551216125
0.211542546749115
-0.006051957607269287
0.1521100401878357
0.2523902952671051
0.34245190024375916
-0.1074255108833313
-0.1686902940273285
-0.07704329490661621
0.00625571608543396
-0.06901657581329346
0.1842915415763855
0.22741541266441345
0.06533041596412659
0.13240858912467957
-0.5294356346130371
0.5440244972705841
0.3761160373687744
0.10477149486541748
0.12305986881256104
0.1909530758857727
0.24797016382217407
0.32150623202323914
0.16618704795837402
0.20057693123817444
0.14475932717323303
-0.23416152596473694
0.33104223012924194
0.3023083209991455
0.22403419017791748
0.20073926448822021
0.07186612486839294
0.15416115522384644
-0.2000352442264557
0.18927818536758423
0.06669050455093384
0.1944636106491089
0.1455429494380951
0.27595019340515137
0.31044772267341614
0.27171576023101807
0.23187869787216187
0.26830291748046875
0.2048545777797699
0.570336252450943
0.19462603330612183
0.34097081422805786
0.6638950705528259
0.23865613341331482
0.33368465304374695
0.09321272373199463
-0.11586639285087585
0.4490755796432495
0.2776118814945221
0.1815645694732666
0.3090594410896301
0.34114977717399597
0.19179478287696838
0.22043082118034363
0.07417550683021545
0.10735926032066345
0.49102988839149475
1.2388502657413483
0.028876304626464844
-0.00721663236618042
0.1232387125492096
0.15057268738746643
0.33678606152534485
0.18686771392822266
0.11794224381446838
-0.06663089990615845
0.09299063682556152
0.08383077383041382
0.09477165341377258
-0.008321613073348999
-0.19593319296836853
0.2359524667263031
0.3362475633621216
0.364494264125824
0.12198624014854431
0.09498539566993713
0.10139018297195435
0.2072649896144867
0.07498231530189514
0.10784471035003662
0.4219636917114258
0.3457172214984894
-0.12882846593856812
0.0014744997024536133
0.5210957378149033
0.009933620691299438
0.20433098077774048
0.1123608648777008
-0.23732590675354004
0.2259906828403473
0.17962953448295593
0.23337799310684204
-0.48511211574077606
0.5874201655387878
0.10821247100830078
0.252665251493454
0.09703969955444336
-0.04822489619255066
0.35178741812705994
0.5250370502471924
0.12991532683372498
0.299155592918396
0.21512115001678467
0.12236067652702332
0.46267712116241455
0.3524633049964905
-0.24211367964744568
0.3476572334766388
0.36555954813957214
0.041450709104537964
0.25754427909851074
0.19991254806518555
0.23628383874893188
0.23079854249954224
0.15190961956977844
0.2928253710269928
0.3351740092039108
0.2348756194114685
-0.01859813928604126
0.15100839734077454
0.016641557216644287
0.041000038385391235
0.120099276304245
-0.16132637858390808
0.34872913360595703
0.03958350419998169
0.10904249548912048
0.02770167589187622
0.4712521433830261
0.5728543698787689
0.1519991159439087
-0.057692885398864746
0.3930674195289612
-0.010771870613098145
0.2641213834285736
0.26595038175582886
-0.30293458700180054
0.21882712841033936
0.34834975004196167
0.5306830853223801
-0.10301372408866882
-0.4289913475513458
0.2699860632419586
-0.04321008920669556
-0.007026076316833496
0.2950851619243622
0.22230619192123413
-0.005834996700286865
-0.2403460443019867
0.5267119407653809
0.04104810953140259
-0.20005670189857483
-0.08448353409767151
0.20875772833824158
-0.2447809875011444
0.01611468195915222
0.03669768571853638
0.5154811441898346
0.4184299111366272
0.6834857165813446
-0.20437410473823547
0.08863192796707153
0.21890997886657715
0.16268479824066162
0.020289629697799683
0.10095778107643127
0.4541516602039337
0.24032288789749146
-0.30884239077568054
0.26334601640701294
-0.042240917682647705
-0.13577166199684143
-0.33607858419418335
0.39142072200775146
0.4645492136478424
0.41833049058914185
0.25056296586990356
-0.20752844214439392
-0.28369030356407166
0.16132298111915588
-0.03244811296463013
0.20172497630119324
-0.3352534770965576
0.22551855444908142
0.11605864763259888
0.23419135808944702
-0.363680899143219
0.008631408214569092
0.24641957879066467
0.18065348267555237
-0.17285695672035217
0.40827102959156036
0.04367893934249878
-0.07171362638473511
-0.011898428201675415
-0.4520410895347595
0.5769994556903839
0.5025157928466797
0.17077282071113586
0.30399319529533386
0.16715294122695923
0.4769926369190216
0.2014847695827484
0.2783888578414917
-0.47450926899909973
0.3154608905315399
0.4594499170780182
-0.00855359435081482
-0.6008592545986176
0.36744990944862366
0.05933302640914917
0.2244400680065155
0.2103547751903534
0.24141958355903625
0.08177149295806885
0.18549755215644836
0.0782245397567749
0.15237510204315186
0.3131166994571686
0.027516156435012817
-0.08215588331222534
0.10995525121688843
0.5841415524482727
0.45440685749053955
-0.018096119165420532
0.10163861513137817
-0.15706026554107666
0.05020138621330261
0.25666457414627075
-0.343492329120636
-0.01101541519165039
0.6044161915779114
0.22627893090248108
0.16082268953323364
-0.705824613571167
0.01611468195915222
0.43153440952301025
-0.28585901856422424
0.5630865395069122
0.018215447664260864
-0.03780922293663025
0.00862973928451538
0.5141822993755341
-0.136074960231781