0.37431690096855164
0.2575608193874359
-0.020944058895111084
0.04215139150619507
-0.08224368095397949
-0.17156633734703064
0.2736291289329529
-0.004055678844451904
0.16463977098464966
0.28763994574546814
0.2879215478897095
-0.1487470269203186
0.45290258526802063
-0.027025818824768066
1.3482605069875717
0.42687249183654785
0.08818626403808594
0.09763273596763611
-0.29090526700019836
0.0879940390586853
-0.16109606623649597
0.394179105758667
-0.008127838373184204
0.550203949213028
0.17471250891685486
-0.2004477083683014
0.42575252056121826
0.6103969216346741
-0.1559354066848755
0.23594576120376587
0.15164950489997864
0.019426465034484863
0.18978184461593628
0.1274583339691162
-0.015577971935272217
-0.929099977016449
0.4498029053211212
0.09953632950782776
0.02363121509552002
0.17647355794906616
0.4784356355667114
0.31589823961257935
0.2660067081451416
0.035070717334747314
0.06423863768577576
-0.7992278933525085
0.0662846565246582
0.03383314609527588
0.2858705520629883
0.46486395597457886
0.23819071054458618
-0.0556635856628418
0.8684101104736328
0.3152388632297516
0.12614789605140686
-0.5727550387382507
0.48479408025741577
0.0728832483291626
0.7467601001262665
0.1757512092590332
0.07389217615127563
0.7148039042949677
0.40118029713630676
-0.1090424656867981
0.4563567638397217
0.5395613610744476
0.4596353769302368
0.8343118727207184
0.24881511926651
-0.03863760828971863
0.2444397509098053
0.209494948387146
0.013078033924102783
0.16315364837646484
-0.8777389377355576
0.5283885300159454
0.21114668250083923
1.194912850856781
0.210918128490448
0.49733033776283264
-0.10206934809684753
0.40167561173439026
-0.09452974796295166
0.5463935732841492
0.13454076647758484
-0.18098634481430054
0.44053852558135986
0.2766857147216797
0.3469150960445404
-0.018914520740509033
-0.11067759990692139
-0.04411792755126953
-0.11110177636146545
0.13596051931381226
0.41182637214660645
0.4666796624660492
-0.36846211552619934
0.5207644104957581
0.2730741500854492
0.33420151472091675
-0.14167118072509766
0.13105672597885132
0.45787766575813293
-0.48559924960136414
0.4621337354183197
0.28784534335136414
0.7032782733440399
0.1916903555393219
-0.11400431394577026
-0.20733284950256348
-0.07563510537147522
0.5252192616462708
0.29827427864074707
0.4212181270122528
-0.10051876306533813
0.10400444269180298
0.12524831295013428
0.2899559736251831
-0.3261830806732178
-0.18177500367164612
0.33067774772644043
0.22845757007598877
0.03552132844924927
0.37898218631744385
-0.07801735401153564
0.43221694231033325
0.09339490532875061
-0.14122557640075684
0.19346469640731812
-0.19820117950439453
0.323153018951416
-0.2762848138809204
-0.12064433097839355
0.13045373558998108
-0.10480299592018127
0.09887528419494629
-0.5513967573642731
0.5235592424869537
0.5348944664001465
-0.02776801586151123
0.18702012300491333
0.584459662437439
0.5433651208877563
0.8045591115951538
-0.09313321113586426
0.5219538807868958
-0.18744760751724243
0.3311515152454376
0.5159781575202942
0.022054016590118408
0.30396169424057007
-0.11138510704040527
0.03168940544128418
-0.09077069163322449
-0.1625921130180359
0.034779131412506104
0.3795437812805176
0.12269693613052368
0.5454492568969727
0.27507874369621277
0.0189344584941864
0.3398592472076416
0.27793994545936584
-0.04895889759063721
0.22744357585906982
1.076969027519226
0.06701356172561646
0.30079585313796997
0.22364485263824463
0.12421619892120361
-0.1641162931919098
0.4549933671951294
0.47187018394470215
-0.36895912885665894
0.00920790433883667
0.18341347575187683
-0.09756982326507568
0.25219643115997314
-0.21631065011024475
0.19861876964569092
-0.1319364607334137
0.36218488216400146
0.338644802570343
0.16684311628341675
0.04095369577407837
0.5271725356578827
0.14209038019180298
0.07274255156517029
0.6032682061195374
-0.02472129464149475
0.17520946264266968
0.5720112025737762
-0.002745211124420166
-0.22647449374198914
0.13930708169937134
0.3574119210243225
0.37453562021255493
-0.11161038279533386
-0.21411550045013428
0.007219970226287842
0.34023022651672363
0.4535520672798157
0.2446386218070984
-0.20309999585151672
-0.33806657791137695
0.2794608175754547
0.39234840869903564
-0.1466711163520813
0.6887854635715485
-0.2284889817237854
0.274064838886261
-0.3786458671092987
-0.006797432899475098
0.14845868945121765
-0.13356328010559082
0.15676379203796387
0.23208904266357422
0.26262038946151733
0.2616545855998993
0.16626667976379395
0.026247084140777588
0.3174372911453247
-0.29124656319618225
-0.3476274609565735
-0.009565800428390503
0.3196474611759186
0.9322494268417358
0.43777695298194885
1.1588366329669952
0.5533716082572937
-0.6232529580593109
-0.6128240823745728
-0.03795167803764343
0.6049894690513611
-0.3498457670211792
0.10779827833175659
-0.40125489234924316
0.004824340343475342
0.21290439367294312
0.3115329146385193
0.038001418113708496
0.3281628489494324
-0.8016465902328491
-0.028680801391601562
-0.16567352414131165
0.22648268938064575
0.6525053381919861
0.36844056844711304
0.047595322132110596
0.4470146894454956
0.24039071798324585
0.5334596931934357
-0.28941094875335693
-0.03824657201766968
0.3548358082771301
0.32706114649772644
-0.009345471858978271
0.5568887591362
0.20573249459266663
-0.1685827374458313
-0.42307204008102417
0.09405434131622314
0.3656888008117676
0.07638227939605713
0.09349435567855835
0.11132866144180298
0.47888627648353577
-0.03676217794418335
-0.10246038436889648
0.20261293649673462
-0.11995851993560791
0.08237123489379883
0.1963159143924713
0.40761998295783997
0.23190677165985107
-0.17801758646965027
0.2378062903881073
-0.03287893533706665
0.1214478611946106
0.2922256588935852
-0.09992557764053345
0.11073726415634155
0.39805251359939575
-0.03840070962905884
0.07275247573852539
0.2588762938976288
0.3541713356971741
-0.2651717960834503
-0.1534487009048462
0.17060387134552002
0.09604066610336304
0.3315027356147766
0.21713566780090332
-0.09553039073944092
0.19837844371795654
0.21151450276374817
-0.1288665533065796
-0.03916776180267334
0.5036340057849884
0.6067091226577759
-0.2897058129310608
-0.005521714687347412
0.004854142665863037
0.23198789358139038
0.16357287764549255
0.32387033104896545
0.34450453519821167
0.5336900353431702
0.1280713677406311
0.06403809785842896
-0.046755433082580566
0.21834665536880493
0.046566665172576904
-0.44266581535339355
0.21650773286819458
0.2187608778476715
0.5237149894237518
0.22408220171928406
-0.06445562839508057
0.41147494316101074
0.31323590874671936
0.34646934270858765
0.0943259596824646
0.1245458722114563
-0.06640726327896118
0.24433037638664246
-0.10414695739746094
-0.05636432766914368
0.30836859345436096
0.06829261779785156
0.20692867040634155
0.12934696674346924
0.2153083086013794
0.012943863868713379
0.047297149896621704
0.13806957006454468
0.2653539478778839
0.34062784910202026
-0.46334975957870483
-0.10199320316314697
8.940696716308594e-05
0.6754489839076996
1.0348671972751617
1.2744577825069427
0.0808139443397522
0.3062281012535095
0.88722363114357
0.7642167508602142
-0.8861798942089081
0.5188177824020386
-0.47166305780410767
-0.6501362323760986
0.26337912678718567
-0.40157952904701233
0.9527162909507751
0.5470861196517944
0.6009421646595001
0.02700752019882202
0.1905091404914856
-0.0779528021812439
0.3707202076911926
-0.11058148741722107
0.04931172728538513
0.1708391010761261
0.39939773082733154
0.11007457971572876
-0.28902822732925415
-0.21210429072380066
0.40952011942863464
0.160768061876297
0.16022789478302002
0.2353113889694214
0.22114819288253784
-0.003740847110748291
0.36589258909225464
-0.11258119344711304
0.2596532106399536
1.1384259909391403
0.6956640779972076
0.281399130821228
0.15925556421279907
0.4070633351802826
0.39119037985801697
-0.004383653402328491
-0.48882152140140533
-0.015715420246124268
-0.3829665184020996
0.34327858686447144
-0.12214863300323486
0.3752976655960083
0.17784368991851807
0.1081511378288269
0.08438253402709961
0.3665867745876312
0.29662424325942993
0.4099094867706299
-0.303852379322052
0.2881418764591217
0.293496310710907
0.294386088848114
0.17126157879829407
0.2609007656574249
0.7248568534851074
0.14452075958251953
0.22875574231147766
0.41914230585098267
0.6651708483695984
0.10354214906692505
0.2989535331726074
0.4247950315475464
0.20197349786758423
-0.13354343175888062
0.372933566570282
0.5551608204841614
0.816962867975235
0.0824175477027893
0.0651845932006836
-0.07632756233215332
0.30978336930274963
-0.8460992574691772
0.10157907009124756
0.3873402178287506
-0.25009405612945557
-0.17048954963684082
0.5894762277603149
-0.052365005016326904
0.060048818588256836
-0.2628573179244995
0.2510450482368469
0.4969674348831177
0.1519593596458435
0.12794709205627441
-0.2321387529373169
0.0013949871063232422
0.34978777170181274
0.25623881816864014
0.25090914964675903
-0.08422839641571045
-0.25233060121536255
0.21863827109336853
-0.2409456968307495
0.34226471185684204
-0.22470176219940186
0.27608275413513184
-0.43878746032714844
0.6017472445964813
0.8790162205696106
0.5296244621276855
0.20765596628189087
0.22513413429260254
0.23858162760734558
1.0118373334407806
0.08826076984405518
-0.2624911963939667
-0.10890495777130127
0.5482838898897171
-0.03355813026428223
-0.032753050327301025
0.24196800589561462
-0.40903642773628235
0.31795257329940796
0.16119378805160522
0.47254616022109985
0.5480203926563263
0.0290585458278656
0.4328249394893646
0.40874478220939636
-0.09628260135650635
0.09286648035049438
0.3280286490917206
0.5962752103805542
0.18179991841316223
-0.1340090036392212
0.6181486546993256
0.4031550884246826
0.3157922029495239
0.547291487455368
0.14411979913711548
0.4218510687351227
0.8467139899730682
0.5840570032596588
-0.02376040816307068
0.149769127368927
0.20918673276901245
0.3459276556968689
-0.1889137625694275
0.3204692006111145
0.5026201605796814
0.09061497449874878
0.20562979578971863
0.27523618936538696
-0.1778154969215393
0.05930835008621216
0.18869829177856445
0.05510520935058594
-0.13781768083572388
0.323255717754364
0.2926928997039795
-0.19588184356689453
-0.1286727786064148
0.3708859086036682
0.3056548833847046
-0.38267168402671814
0.17065688967704773
0.6173136532306671
0.29604601860046387
0.43983444571495056
-0.08701661229133606
0.26214826107025146
0.469448059797287
0.15494632720947266
0.2027471959590912
0.07751542329788208
0.6723476648330688
0.8024500608444214
0.36872217059135437
0.06874653697013855
-0.0616111159324646
0.36534589529037476
0.6443378329277039
0.4460570812225342
0.012224793434143066
-0.20910891890525818
0.05919894576072693
-0.03463172912597656
-0.05605947971343994
0.8070706725120544
0.4530831575393677
0.15998607873916626
-0.18711784482002258
0.2179110050201416
0.8345769047737122
-0.19675317406654358
-0.0797470211982727
0.44073742628097534
0.594761073589325
0.12012583017349243
-0.05723574757575989
0.5131004750728607
1.0590832233428955
0.14380329847335815
-0.2339097559452057
0.29638898372650146
0.6932071447372437
0.2332056164741516
0.4297882914543152
-0.12674590945243835
0.7380259335041046
0.26193784177303314
-0.13425248861312866
0.32457441091537476
0.48210686445236206
-0.40094006061553955
0.4987468123435974
-0.23144793510437012
0.04434990882873535
0.1163402795791626
0.008826911449432373
0.052782535552978516
-0.1362786889076233
0.23239722847938538
0.5945936590433121
0.8001340627670288
0.25355494022369385
0.28547796607017517
0.01394277811050415
-0.05471262335777283
-0.1990693211555481
0.5289701223373413
0.1721346378326416
0.11909371614456177
0.5155987739562988
0.09797900915145874
-0.07777884602546692
0.07522585988044739
0.4009981155395508
0.1256873607635498
0.5011788308620453
0.4653874933719635
0.2549150586128235
0.011045217514038086
-0.06904807686805725
0.5429443717002869
-0.4556559920310974
0.30983150005340576
0.5433850288391113
0.33877405524253845
-0.19562169909477234
-0.024476051330566406
0.21080538630485535
0.23225969076156616
-0.8050395846366882
0.12449118494987488
0.1467556357383728
-0.3273908197879791
0.3270396292209625
0.24064266681671143
-0.18207481503486633
0.11509603261947632
0.19714421033859253
0.027638763189315796
-0.08743411302566528
-0.387891948223114
-0.10904908180236816
-0.4063856899738312
0.06835222244262695
0.34585148096084595
0.30344653129577637
0.3771001994609833
-0.3382206857204437
0.6039076149463654
0.4877628982067108
0.4575413465499878
-0.03273975849151611
0.47356823086738586
-0.45584484934806824
0.05495119094848633
0.6476445496082306
-0.06967753171920776
-0.26243484020233154
-0.15694278478622437
-0.20323094725608826
0.021387934684753418
-0.4786013960838318
0.07234814763069153
0.6306336522102356
-0.39737486839294434
0.2808457314968109
0.5052095949649811
0.16839048266410828
0.028975725173950195
0.5068464875221252
0.5752732455730438
0.5945737957954407
0.6644169390201569
-0.0769454836845398
-0.25857311487197876
-0.32073745131492615
0.07409101724624634
0.12342268228530884
-0.131209135055542
0.07373815774917603
0.3582783043384552
0.38461002707481384
0.3850489854812622
-0.019457995891571045
0.2735529839992523
0.10759618878364563
0.3480647802352905
0.3176378011703491
0.403806209564209
0.5369769036769867
-0.137542724609375
0.24496987462043762
0.4731159806251526
0.08872300386428833
0.2824975252151489
0.006991267204284668
0.30301082134246826
0.1654118299484253
0.3530746400356293
0.2560996115207672
0.15612435340881348
0.06523755192756653
0.38425374031066895
-0.04513022303581238
0.2677164077758789
0.49432507157325745
-0.28371840715408325
0.2901945114135742
0.8012307286262512
-0.052250802516937256
0.5357625484466553
0.2330714464187622
0.2328892946243286
-0.01826012134552002
0.2856485843658447
0.37172579765319824
0.06644201278686523
0.13035595417022705
-0.3423558175563812
0.9065773487091064
0.268831342458725
0.21913033723831177
0.18970394134521484
0.037360310554504395
0.24782276153564453
0.0458889901638031
0.02470642328262329
0.41733479499816895
0.30231499671936035
0.29266470670700073
0.6218315064907074
-0.1296137273311615
-0.4151363968849182
0.44126421213150024
1.0340603291988373
0.2204490602016449
-0.09477490186691284
1.0696463584899902
0.32350587844848633
0.32604724168777466
0.06217271089553833
0.3649332821369171
0.4784952998161316
-0.6466173827648163
0.26013195514678955
-0.20019090175628662
0.315313458442688
0.5828940868377686
0.772851437330246
0.13158851861953735
0.2033054530620575
0.10610345005989075
0.22478467226028442
-0.09928947687149048
-0.21125435829162598
-0.13503777980804443
0.7111061215400696
0.08121150732040405
0.439557820558548
0.31138545274734497
0.5078752636909485
0.09026375412940979
0.44072407484054565
-1.0419645756483078
0.11041253805160522
0.34029489755630493
0.051506876945495605
0.2126343548297882
0.2529585361480713
0.9044301509857178
0.06759509444236755
0.47705554962158203
1.096819519996643
0.2588215470314026
-0.12096074223518372
0.3069901466369629
0.2157590091228485
-0.032363682985305786
0.0955701470375061
-0.09332525730133057
0.15214818716049194
0.31125450134277344
0.8987161815166473
-0.22519883513450623
0.5728676915168762
0.4900326430797577
0.3278629183769226
-0.3564494550228119
0.5885566771030426
0.42246729135513306
0.3932911157608032
0.33115488290786743
0.6412994265556335
-0.038503408432006836
0.468222051858902
0.2083120048046112
0.3148297071456909
0.37925055623054504
0.36703240871429443
0.31200504302978516
-0.038054466247558594
0.039323508739471436
0.09722352027893066
-0.19597291946411133
-0.03131827712059021
0.33495867252349854
0.42178472876548767
0.2033882737159729
0.16631633043289185
0.3748089671134949
0.07578420639038086
0.43024054169654846
0.429354190826416
0.31129929423332214
-0.11270540952682495
-0.2847937345504761
-0.03142598271369934
0.34771355986595154
0.2580544650554657
-0.013820171356201172
0.394679456949234
-0.03615584969520569
-0.25915956497192383
0.8684101104736328
0.24244511127471924
0.29578423500061035
0.17766472697257996
0.3545442223548889
0.8632362484931946
-0.359709769487381
0.40861061215400696
0.6336686611175537
0.3839191198348999
0.3407338857650757
-0.3517095744609833
0.49999433755874634
0.38665106892585754
-0.4978853762149811
0.25002115964889526
0.19822436571121216
-0.26964980363845825
0.12115293741226196
0.5638965964317322
0.13628530502319336
0.09786471724510193
-0.21521714329719543
0.33522701263427734
0.4747130870819092
-0.38863080739974976
0.6249246001243591
0.028422415256500244
0.0903995931148529
-0.06650495529174805
0.5170103013515472
0.24326682090759277
0.1893196403980255
0.3450346887111664
0.2981399893760681
-0.26531749963760376
0.6067952811717987
0.3527052104473114
-0.1536789834499359
0.015258252620697021
0.09511452913284302
0.6327358782291412
0.746938943862915
-0.05955016613006592
0.36740022897720337
0.19362542033195496
0.48417776823043823
0.2571168541908264
0.15810734033584595
0.5428913235664368
0.10058325529098511
-0.10667014122009277
0.08737611770629883
0.00649106502532959
0.3884933292865753
0.49350661039352417
0.27561551332473755
0.2666296362876892
0.7359849512577057
0.4822129011154175
0.20425641536712646
-0.5590441226959229
0.9438910186290741
0.11733263731002808
0.05938607454299927
0.12784773111343384
0.11885508894920349
0.4070483446121216
0.04431343078613281
0.5666235387325287
-0.4345528781414032
-0.08798086643218994
0.20115017890930176
0.4862983226776123
-0.19330734014511108
0.5639463067054749
0.2145296335220337
0.02054804563522339
0.2985244393348694
0.343720942735672
0.14335110783576965
-0.09855049848556519
-0.24072709679603577
-0.40404975414276123
-0.04794830083847046
0.5977944433689117
0.12103867530822754
1.1208069324493408
0.15833264589309692
-0.031016767024993896
-0.3235655128955841
0.09380412101745605
0.6790191829204559
-0.2704715132713318
0.13571035861968994
0.35499322414398193
0.5816266238689423
-0.29296454787254333
0.5411832332611084
0.22017574310302734
0.10602724552154541
0.23124241828918457
-0.2271553874015808
-0.015367567539215088
0.3715932369232178
0.21154934167861938
0.08057203888893127
0.9054571390151978
-0.2944457530975342
0.25319379568099976
0.09497201442718506
0.11650428175926208
0.20699000358581543
0.057744383811950684
0.41701172292232513
0.3744610846042633
0.4230189919471741
0.016313523054122925
0.01783609390258789
0.11308813095092773
-0.6027462482452393
0.19098132848739624
-0.042832374572753906
0.3432123064994812
0.4665156602859497
0.3676404654979706
0.3454488515853882
0.0785524845123291
-0.3391815721988678
0.2727445363998413
0.25659000873565674
0.3491697609424591
-0.037232667207717896
-0.2677959203720093
0.4466385543346405
0.8461671769618988
0.3092730641365051
-0.0099601149559021
-0.2833159267902374
0.22930577397346497
0.38710661232471466
0.593690812587738
-0.031921327114105225
0.1964501142501831
0.2800372838973999
0.09323090314865112
0.5290727615356445
-0.3259677290916443
0.2942782938480377
0.073280930519104
0.024991273880004883
0.28116557002067566
0.29433131217956543
0.020821452140808105
0.5277374088764191
0.42276716232299805
0.46209222078323364
0.1198011040687561
0.2963574528694153
0.9631137400865555
0.7593179047107697
0.4212993085384369
-0.633817732334137
-0.029790818691253662
0.27717286348342896
0.6100042909383774
0.24268198013305664
0.10444515943527222
0.16167759895324707
0.8975829482078552
0.12902069091796875
0.159593403339386
0.315321683883667
0.5564928352832794
-0.12179243564605713
0.347425252199173
0.22399932146072388
0.23573213815689087
0.055805981159210205
0.2548571228981018
0.08985620737075806
0.2462007999420166
0.6411187648773193
-0.3349287807941437
0.29418057203292847
-0.08090004324913025
0.27656984329223633
-0.2044801115989685
-0.08088010549545288
-0.05920886993408203
1.1935642659664154
0.25463345646858215
0.1495007872581482
0.43552377820014954
-0.6575632393360138
-0.02209874987602234
0.25567883253097534
0.418969988822937
0.31626105308532715
-0.18081408739089966
-0.08084043860435486
-0.2116088569164276
0.6433918476104736
-0.12183716893196106
0.588371068239212
0.4785003364086151
-0.010846495628356934
0.44040775299072266
0.11287450790405273
0.4093611240386963
0.3987085521221161
0.3991939425468445
0.5046596229076385
0.29029062390327454
0.3427799642086029
-0.012605845928192139
0.4452054798603058
0.19328081607818604
0.6039076149463654
0.7073620855808258
0.23575204610824585
0.8499759435653687
0.31714242696762085
0.4155290126800537
0.6570877134799957
-0.08597785234451294
-0.27869540452957153
-0.42099449038505554
0.27311891317367554
0.06340199708938599
0.5053802728652954
-0.3040992319583893
0.12966012954711914
1.1112079620361328
-0.5629208087921143
0.22748339176177979
0.2591446042060852
0.25678718090057373
0.4266554117202759
-0.40581586956977844
0.21674954891204834
0.26488345861434937
0.5112217664718628
-0.12933871150016785
0.8662149012088776
0.2917005121707916
0.21286967396736145
0.21737253665924072
-0.12241044640541077
-0.5000871419906616
-0.065641850233078
0.3274637758731842
0.4825293719768524
0.44161874055862427
0.5557440221309662
-0.03854650259017944
-0.018618017435073853
0.214822918176651
-0.5669333934783936
0.10360848903656006
-0.08513623476028442
0.4006584882736206
0.004058957099914551
1.1067167222499847
-0.040238022804260254
0.2299303114414215
0.13172441720962524
0.18961119651794434
0.36382168531417847
0.4164849519729614
0.19619989395141602
0.03975260257720947
0.18642038106918335
0.34927254915237427
0.43966883420944214
0.04990649223327637
0.14156854152679443
-0.6680948734283447
0.21123111248016357
0.16594845056533813
0.44663864374160767
0.27281245589256287
-0.15188807249069214
0.004880547523498535
0.20199835300445557
-0.09125769138336182
0.21535634994506836
0.11424124240875244
0.46133849024772644
0.3091174364089966
-0.12006288766860962
0.02757418155670166
0.33820903301239014
0.3237708806991577
0.05654489994049072
0.11877226829528809
0.5932749509811401
0.356842041015625
0.20547416806221008
0.2101576328277588
0.33000504970550537
0.30073282122612
0.11860823631286621
0.35318896174430847
0.31889355182647705
0.15945425629615784
0.24400734901428223
0.09436905384063721
0.21829372644424438
-0.2852228283882141
0.06804406642913818
-0.06419390439987183
-0.139076828956604
0.16881465911865234
-0.23900243639945984
-0.11948466300964355
0.22794896364212036
0.3485617935657501
0.5059981942176819
0.3148496150970459
0.0403522253036499
0.3548423647880554
0.5299723297357559
0.04159814119338989
0.18120670318603516
-0.2259824573993683
-0.3494531512260437
0.27311232686042786
0.49004417657852173
-0.41627615690231323
-0.05853462219238281
0.1978151798248291
-0.5141111016273499
0.127158522605896
0.33585989475250244
0.8325060606002808
-0.012430250644683838
-0.010693967342376709
0.18154966831207275
0.03841894865036011
0.46105849742889404
0.6890389025211334
-0.01824021339416504
-0.37513038516044617
0.08047926425933838
-0.28181496262550354
-0.3019869327545166
1.1339827179908752
-0.12537753582000732
0.5086224675178528
0.27184489369392395
-0.30642691254615784
0.11630210280418396
0.3636262118816376
1.1390223801136017
0.16520798206329346
-0.3884403109550476
0.24170613288879395
0.6551196873188019
0.20221543312072754
0.03158825635910034
0.07966083288192749
0.18799924850463867
0.19240769743919373
-0.4510023593902588
0.4585684537887573
0.1488049328327179
-0.17753875255584717
-0.6412198543548584
-0.03605473041534424
-0.14037403464317322
-0.05829435586929321
0.2975337505340576
-0.22230124473571777
0.3015512228012085
0.06833064556121826
-0.2633708417415619
-0.09185749292373657
-0.07675504684448242
-0.08906763792037964
0.2850968837738037
0.36948102712631226
0.6526344418525696
0.3307257890701294
0.033127427101135254
-0.1554914116859436
-0.07855087518692017
0.3526654541492462
0.4551573395729065
0.04812216758728027
0.06697046756744385
-0.17724722623825073
-0.0810093879699707
-0.3614708185195923
0.14150387048721313
0.0845944881439209
0.5607092976570129
0.4950341582298279
0.3131580948829651
0.4828159511089325
0.33312803506851196
-0.02485218644142151
0.2698204517364502
0.41899651288986206
0.405643492937088
0.3817737400531769
0.05879288911819458
-0.4275186061859131
0.15133970975875854
-0.06724554300308228
0.0817151665687561
0.29511159658432007
-0.049644649028778076
-0.2179640233516693
-0.034066736698150635
-0.18146193027496338
-0.04188638925552368
0.4464530050754547
0.29016968607902527
0.560836672782898
0.43628421425819397
0.4431976079940796
0.0008234381675720215
-0.18547770380973816
0.3889041543006897
0.28671547770500183
-0.3358217477798462
0.4478927254676819
0.04631975293159485
0.02573847770690918
-0.1905820071697235
0.061006397008895874
0.5264220088720322
-0.14080804586410522
0.06952184438705444
-0.05419570207595825
0.5073335468769073
0.3340573310852051
-0.2719443738460541
0.165252685546875
-0.07178822159767151
0.060810863971710205
-0.16195088624954224
0.08383575081825256
0.3371885418891907
0.019557416439056396
0.4502137303352356
-0.04418754577636719
0.21900933980941772
0.20199331641197205
0.11915159225463867
-0.15039539337158203
0.31991738080978394
-0.10929259657859802
-0.2078879177570343
0.052991271018981934
-0.048962175846099854
0.07792291045188904
0.4675444960594177
0.3013342022895813
0.4585834741592407
0.6589466035366058
0.10336172580718994
-0.05434146523475647
0.4210391640663147
0.47446954250335693
0.3477649390697479
0.06323796510696411
0.16497266292572021
0.26631975173950195
0.6059735417366028
0.09093976020812988
-0.05014503002166748
-0.2733227014541626
0.23552179336547852
0.03578978776931763
0.5832667946815491
-0.12843912839889526
0.6617215424776077
-0.05402839183807373
0.008818626403808594
-0.12854188680648804
0.3427749574184418
0.3463004231452942
-0.24934694170951843
0.09312659502029419
0.38304603099823
0.35916629433631897
0.39434143900871277
0.6589747369289398
0.09171998500823975
0.005321323871612549
-0.19457799196243286
0.7122476398944855
1.1973316967487335
0.3896579146385193
-0.2755592167377472
0.022951900959014893
-0.12793710827827454
0.3532337546348572
0.24566572904586792
0.21616485714912415
0.4201429486274719
0.28498581051826477
0.31752508878707886
-0.2390090823173523
0.08681279420852661
0.0313795804977417
0.24583971500396729
0.29614537954330444
1.0814355313777924
-0.0688326358795166
0.9544824361801147
0.1885989010334015
0.4372235834598541
0.19287163019180298
0.31183600425720215
0.1096305251121521
-0.002392321825027466
0.4224292039871216
-0.05355292558670044
0.18805396556854248
0.5361816883087158
-0.09902447462081909
0.1584535837173462
0.0780671238899231
-0.008265316486358643
0.19131922721862793
0.12339949607849121
0.35530465841293335
0.5025357306003571
0.029936552047729492
0.36430051922798157
0.5033706426620483
0.3617425560951233
0.358207106590271
0.12899410724639893
0.8923360705375671
0.35847213864326477
0.40358424186706543
0.3022056221961975
0.01708221435546875
-0.5226513743400574
0.27314212918281555
0.39161622524261475
0.22953277826309204
0.32132065296173096
-0.3566663861274719
0.5716085731983185
0.07160931825637817
0.19379273056983948
-0.04476913809776306
-0.11576202511787415
0.4405137598514557
0.3791114389896393
0.05551105737686157
-0.7636435329914093
0.24344408512115479
-0.09619805216789246
0.41226035356521606
0.0684814453125
-0.18367034196853638
-0.16157153248786926
0.01025170087814331
0.3800457715988159
0.29466933012008667
-0.05845010280609131
0.35873061418533325
0.35479098558425903
0.4906604290008545
0.6104979515075684
-0.014012396335601807
0.42929789423942566
-0.19794273376464844
-0.24639302492141724
0.30177977681159973
0.7689964175224304
0.12261751294136047
-0.1475723683834076
0.6395018696784973
0.38214147090911865
-0.08110222220420837
-0.003586709499359131
0.34266555309295654
-0.030788123607635498
0.05750077962875366
0.1647440791130066
-0.03879496455192566
0.15645891427993774
0.01258760690689087
0.021777331829071045
0.1371152698993683
0.4373975098133087
-0.3951151967048645
0.743405282497406
0.30945873260498047
0.4477766752243042
0.351391464471817
0.07949352264404297
-0.14437487721443176
-0.16224080324172974
-0.40276578068733215
0.4337776005268097
1.113123208284378
0.3143591582775116
-0.1787663996219635
-0.03914123773574829
0.21000516414642334
0.13505429029464722
0.05847001075744629
0.32554858922958374
0.4975258409976959
0.01572704315185547
0.29012492299079895
0.0072977542877197266
-0.03522646427154541
-0.36683523654937744
0.6003887355327606
0.08073931932449341
0.16780397295951843
0.12208068370819092
0.19353923201560974
-0.13980576395988464
0.1652626395225525
0.34491875767707825
-0.4046395421028137
0.24909836053848267
0.3137296438217163
0.21396636962890625
0.40633100271224976
0.20687565207481384
0.4351426959037781
0.066836416721344
-0.031096279621124268
0.255705326795578
0.32916024327278137
0.2061467468738556
0.3010972738265991
0.24441486597061157
0.9563660025596619
0.020243287086486816
0.2870981693267822
0.17438942193984985
0.3054196238517761
0.22351396083831787
0.06435787677764893
-0.06991112232208252
0.42758482694625854
0.15164786577224731
0.13621562719345093
-0.14488855004310608
0.2494545876979828
0.6426314115524292
-0.44450637698173523
0.4101380705833435
-0.19211941957473755
0.2884848117828369
0.3722742795944214
0.11633366346359253
0.41585204005241394
0.29459813237190247
-0.14767009019851685
0.007006168365478516
1.189237117767334
0.43308839201927185
-0.19746896624565125
0.3232822120189667
0.583773672580719
-0.06260502338409424
0.2721133232116699
-0.04734522104263306
-0.05157148838043213
-0.33669978380203247
0.20166873931884766
-0.11037284135818481
0.3960380554199219
0.029391586780548096
0.6410575211048126
0.43691208958625793
0.2535615563392639
0.5260558724403381
-0.2204076647758484
-0.06578764319419861
0.3322681486606598
0.22360345721244812
0.402200847864151
-0.5059535205364227
0.6940786838531494
-0.03973269462585449
0.1787184476852417
0.34742027521133423
0.3390556573867798
0.1397925615310669
0.6632954180240631
-0.26000940799713135
0.07077762484550476
-0.11495524644851685
0.15353325009346008
-0.10901427268981934
-0.21619629859924316
-0.7733551263809204
0.4092467725276947
-0.12073719501495361
0.10811305046081543
0.2256113588809967
0.33134037256240845
0.10185736417770386
-0.07691240310668945
-0.0930221676826477
-0.27027106285095215
0.20492911338806152
-0.08747392892837524
-0.08845624327659607
0.7894715070724487
-0.2222316861152649
-0.14616253972053528
0.311148464679718
-0.0037955045700073242
-0.046717286109924316
0.45678916573524475
0.1005982756614685
0.174197256565094
0.02024325728416443
0.07920524477958679
-0.02010411024093628
0.4684060215950012
-0.06620675325393677
0.32257312536239624
0.422172486782074
-0.0924108624458313
-0.27686139941215515
0.19031694531440735
0.2988640367984772
0.130049467086792
-0.10331183671951294
-0.002279609441757202
0.055974990129470825
0.23752793669700623
0.5840504467487335
0.18157780170440674
0.6120536476373672
0.19451016187667847
0.5583864748477936
0.07515794038772583
-0.0249863862991333
-0.12470823526382446
0.4078916907310486
0.15726575255393982
0.09600916504859924
0.316942036151886
0.26883792877197266
-0.4185442328453064
0.15414780378341675
-0.09706127643585205
0.37069207429885864
0.35582974553108215
-0.0010817646980285645
-0.004605650901794434
0.06794464588165283
0.5105939507484436
0.07646352052688599
-0.05837550759315491
0.3276907205581665
0.07786834239959717
-0.08466410636901855
0.3501273989677429
0.1326885223388672
0.12462371587753296
0.49758216738700867
0.027597427368164062
0.21082359552383423
-0.5378284156322479
-0.10539275407791138
0.3216553330421448
0.20516926050186157
0.6024630069732666
0.05209171772003174
-0.07238629460334778
-0.28449058532714844
0.2888658940792084
0.4489496946334839
0.34198135137557983
0.1009477972984314
0.15058588981628418
0.2590385973453522
0.01595902442932129
0.21348923444747925
-0.5779902040958405
-0.44427281618118286
0.06269955635070801
0.24796026945114136
0.3244684338569641
0.13710540533065796
-0.09646809101104736
0.21458271145820618
0.16566023230552673
0.3397994637489319
0.10577377676963806
0.30684930086135864
0.5414764881134033
0.46728771924972534
0.2574283480644226
-0.2539774179458618
0.26429206132888794
0.2692107558250427
0.3036983013153076
0.18913570046424866
0.3267083466053009
0.37761205434799194
0.24021846055984497
0.6294606328010559
0.30120664834976196
0.14010721445083618
-0.26264688372612
0.31809666752815247
1.2104858756065369
0.4906207025051117
-0.12811610102653503
0.2659851312637329
0.7383805811405182
0.5065631866455078
0.1238815188407898
0.47837939858436584
-0.48879337310791016
-0.4808942377567291
0.23295548558235168
0.7585243284702301
0.206801176071167
-0.05325627326965332
0.32008153200149536
0.03511548042297363
-0.030952155590057373
-0.09889185428619385
0.40945395827293396
0.09517088532447815
0.39035218954086304
-0.46074536442756653
0.727929949760437
0.35594239830970764
-0.3379407525062561
0.3649499714374542
0.3181679844856262
0.5283553898334503
0.49585747718811035
0.1906416416168213
0.3696798086166382
0.19091004133224487
-0.03162980079650879
0.0967828631401062
0.3548324704170227
0.08995044231414795
0.2585681080818176
0.02995985746383667
-0.041450679302215576
0.2792603075504303
-0.27038368582725525
0.2641943693161011
0.29567331075668335
0.6216624975204468
0.0263863205909729
0.30515456199645996
0.17484834790229797
-0.36468642950057983
0.0005649328231811523
0.1468169391155243
0.01765879988670349
0.11366963386535645
0.006669878959655762
-0.4635004997253418
0.2138155698776245
0.7477822601795197
0.4803276062011719
0.10835486650466919
-0.1846526861190796
0.21121123433113098
-0.004181534051895142
0.08770906925201416
0.33200976252555847
0.1430644392967224
0.6164919435977936
0.35186854004859924
0.04276275634765625
0.23744183778762817
0.33471348881721497
-0.10847252607345581
-0.23646441102027893
0.5725512206554413
-0.022350549697875977
0.3265607953071594
0.2579633891582489
-0.20146486163139343
-0.6585142314434052
0.4320942759513855
0.2348540723323822
0.24353188276290894
-0.40459975600242615
0.22234103083610535
0.2635382413864136
0.3619992733001709
0.34683552384376526
0.4057910144329071
0.35930222272872925
0.5514911711215973
-0.10096770524978638
-0.1603422462940216
0.2075880765914917
0.12300515174865723
0.5320581793785095
0.1792336106300354
0.5165861248970032
0.18389058113098145
0.4397914409637451
0.08904612064361572
0.480892539024353
0.8837047517299652
0.044760823249816895
0.28539013862609863
0.40828758478164673
0.8789632022380829
0.5070800334215164
0.5480336844921112
0.3220694661140442
0.37385135889053345
0.14971286058425903
-0.08691728115081787
-0.5004980266094208
0.17596668004989624
0.034600138664245605
0.38845518231391907
-0.0218866765499115
-0.3846663236618042
0.12649250030517578
0.6448911428451538
0.44168007373809814
0.2587205171585083
0.36256924271583557
0.024997949600219727
0.464489609003067
-0.24297186732292175
0.3139963746070862
0.21254658699035645
0.05950206518173218
-0.07657939195632935
0.42224693298339844
0.01693648099899292
0.2846362590789795
0.4630167484283447
-0.0061546266078948975
0.4933244287967682
0.38506561517715454
0.15023469924926758
0.5269704163074493
0.2675756812095642
0.25762876868247986
0.1334473192691803
-0.08060848712921143
0.33264920115470886
0.3958408236503601
1.02743861079216
0.011307060718536377
0.11686205863952637
-0.22053024172782898
0.44534793496131897
0.09379255771636963
0.13672757148742676
0.21910715103149414
0.10412538051605225
0.5857169926166534
0.44311147928237915
-0.5996880233287811
-0.5602170825004578
-0.03486025333404541
0.6831759065389633
-0.6223234832286835
-0.1463099718093872
0.5648409426212311
0.12058305740356445
-0.18522590398788452
0.4242498576641083
-0.01646268367767334
0.3767605423927307
0.02631998062133789
0.5689181387424469
-0.23861312866210938
-0.048423826694488525
0.06841355562210083
0.15779924392700195
0.1762085258960724
-0.06252557039260864
-0.46803656220436096
0.5914956033229828
0.0270688533782959
0.17352628707885742
0.11045396327972412
0.2892569303512573
0.5828608721494675
0.2135339379310608
-0.913729190826416
0.17290335893630981
0.3828223943710327
0.2968031167984009
0.4198099374771118
0.17365211248397827
0.1334473192691803
0.29953664541244507
-0.22930416464805603
-0.003101348876953125
0.08773729205131531
-0.024259090423583984
0.2684520483016968
0.17421221733093262
0.6007615923881531
0.3467709720134735
0.18619021773338318
0.1840744912624359
0.3234197199344635
0.1786106824874878
0.022400230169296265
0.14249950647354126
0.2102321982383728
0.6293678283691406
0.09115338325500488
0.11237078905105591
0.4754834771156311
0.18422526121139526
0.2920815348625183
0.19758161902427673
0.1974804699420929
-0.42354243993759155
0.24315744638442993
0.3973119258880615
-0.4184945225715637
0.01910504698753357
-0.6122855246067047
-0.2466166615486145
-0.004731595516204834
0.03478741645812988
0.22431743144989014
0.16935637593269348
0.09897631406784058
0.349274218082428
0.339749813079834
-0.10688546299934387
0.03312408924102783
0.4596453607082367
0.23262089490890503
-0.0932607352733612
0.3102986216545105
-0.36634325981140137
-0.09485948085784912
-0.12307971715927124
-0.07174506783485413
0.796600341796875
0.30808359384536743
0.1187441349029541
0.4376526176929474
0.2173824906349182
0.16270968317985535
0.1785428524017334
0.48911312222480774
-0.14880996942520142
-0.495647132396698
0.4210408627986908
0.5331614315509796
0.32918837666511536
0.15722274780273438
0.22959402203559875
0.7423730492591858
-0.20389527082443237
0.3417975604534149
0.5685918033123016
0.6820940375328064
0.7058312445878983
0.1298406720161438
0.37508732080459595
0.21693021059036255
0.16606447100639343
0.19916540384292603
-0.086812824010849
0.053435325622558594
-0.11006462574005127
0.17008358240127563
0.31810328364372253
-0.24902555346488953
-0.06169557571411133
-0.19064000248908997
0.14476096630096436
-0.1403689980506897
0.2138885259628296
0.14731717109680176
0.09951478242874146
-0.10213571786880493
0.33776015043258667
0.13564416766166687
0.22451624274253845
0.3076065182685852
0.36542874574661255
0.1877225935459137
0.438827246427536
0.21245881915092468
0.34310635924339294
0.21344780921936035
0.4905692934989929
0.24525320529937744
0.5865254998207092
0.19120162725448608
-0.3567376434803009
-0.267572283744812
-0.06327110528945923
0.5178221464157104
0.002476811408996582
-0.2966010570526123
0.5031753182411194
-0.28117048740386963
0.4526274800300598
-0.20192879438400269
-0.23627886176109314
0.3818035125732422
0.3896346986293793
0.17695903778076172
-0.19273734092712402
0.38795986771583557
0.29777729511260986
0.5710402727127075
0.4257856011390686
-0.13898900151252747
0.7403785586357117
0.25154536962509155
0.44173476099967957
0.307949423789978
0.04421079158782959
0.11914506554603577
0.08211445808410645
0.0979773998260498
0.07422024011611938
0.3092002272605896
0.5616517961025238
-0.16158807277679443
0.4353315234184265
0.24717339873313904
0.29640382528305054
0.4688764810562134
0.7926026880741119
0.3457304537296295
0.18370169401168823
0.08900964260101318
0.5226596891880035
0.10034149885177612
0.3067118227481842
0.3717970848083496
0.0751463770866394
0.3897375464439392
0.4441601634025574
-0.11876237392425537
-0.007852792739868164
0.446419894695282
0.12372744083404541
0.557697206735611
0.3930889368057251
0.10775524377822876
0.3124391436576843
0.35925909876823425
0.2538498342037201
-0.06434303522109985
0.2763262391090393
0.32521727681159973
0.3691479563713074
0.3265988826751709
0.5943982005119324
0.40533697605133057
0.1553986668586731
0.40219587087631226
-0.21184411644935608
0.2625938653945923
0.025629162788391113
0.28206172585487366
0.3270396292209625
0.0032404661178588867
0.4501507878303528
0.4662340581417084
0.6739199161529541
0.5220947265625
-0.004140138626098633
0.2203662395477295
0.3620672821998596
0.3972771167755127
0.3677927851676941
0.3048281669616699
0.13213855028152466
0.3952840566635132
-0.03241002559661865
0.29275748133659363
0.009704947471618652
-0.13283765316009521
0.4519416391849518
0.26859116554260254
0.02128523588180542
0.224958598613739
0.1427099108695984
0.032691746950149536
0.6750315129756927
0.23056817054748535
-0.18160605430603027
0.3219800293445587
0.644201934337616
0.3460932970046997
0.0970844030380249
-0.669441819190979
-0.07330906391143799
0.06052255630493164
0.06619015336036682
0.16943415999412537
0.18502378463745117
0.0534534752368927
-0.21424636244773865
-0.10095775127410889
0.38103151321411133
0.23215365409851074
0.08361709117889404
0.06282877922058105
-0.09337836503982544
-0.060829102993011475
0.4714162349700928
0.20157089829444885
0.5935185551643372
0.22188037633895874
0.008412688970565796
0.4751156270503998
0.4683215022087097
-0.023917794227600098
0.524329662322998
0.058334171772003174
0.34220173954963684
-0.25846371054649353
0.33945661783218384
0.11963871121406555
0.2169700264930725
-0.3163522183895111
0.03872549533843994
0.28791990876197815
0.1830788254737854
-0.07433292269706726
0.402926504611969
-0.11019724607467651
0.03071528673171997
-0.14670097827911377
-0.0754246711730957
0.5926603972911835
0.26454707980155945
0.22708246111869812
-0.45265403389930725
-0.015443742275238037
0.7565925717353821
0.5791466534137726
0.43124616146087646
0.3795735836029053
-1.2563035488128662
0.04327958822250366
0.029230773448944092
0.2598753571510315
0.3085094094276428
-0.20983627438545227
0.3070879280567169
0.28524109721183777
0.440046489238739
0.19792455434799194
0.09731468558311462
-0.21389344334602356
0.25810426473617554
0.06773263216018677
0.34377554059028625
0.25614601373672485
0.32860681414604187
0.28611576557159424
-0.126630038022995
0.3227057456970215
0.6184087097644806
0.39712467789649963
-0.2876631021499634
-0.011593639850616455
0.6939179599285126
0.1344628632068634
0.22019225358963013
0.35242366790771484
0.6181056201457977
0.17328763008117676
0.0662432312965393
0.49998271465301514
0.12698283791542053
-0.027103662490844727
0.17227384448051453
0.2452399730682373
0.4710037112236023
0.29012662172317505
-0.004416763782501221
0.04816031455993652
-0.08743244409561157
0.16878151893615723
0.27804097533226013
0.22301533818244934
0.4568157494068146
-0.09230810403823853
0.09848761558532715
0.5344537198543549
0.635098397731781
0.25428882241249084
-0.12358993291854858
0.20881247520446777
0.31678128242492676
0.4953075051307678
0.22193843126296997
-0.04393070936203003
0.456626832485199
0.0857657790184021
0.5403251051902771
0.08701157569885254
0.14043527841567993
0.22996842861175537
0.4436416029930115
0.3478112816810608
0.2719476521015167
0.1212109625339508
0.01977771520614624
-0.020389020442962646
0.6487362831830978
0.40691253542900085
-1.0744574069976807
0.17559552192687988
0.42911556363105774
0.1742916703224182
-0.2517275810241699
0.4805909991264343
0.006653308868408203
0.12824028730392456
0.36923086643218994
0.18649324774742126
-0.10564622282981873
-0.380170077085495
-0.09194701910018921
-0.10528838634490967
0.074168860912323
0.11650919914245605
0.2987961173057556
0.5671752393245697
0.5553298592567444
0.14228582382202148
0.45570898056030273
0.31632569432258606
0.1803087592124939
0.21583515405654907
0.043299585580825806
0.46766549348831177
0.5824335515499115
-0.03234046697616577
-0.027898848056793213
0.06152826547622681
0.1365486979484558
0.1507798433303833
0.3363237679004669
0.2235884666442871
0.16014182567596436
-0.5669896602630615
-0.059117674827575684
0.3842090964317322
0.277610182762146
0.07437765598297119
0.5567429959774017
0.003126204013824463
0.4067220389842987
0.5804123878479004
0.440361350774765
0.06544965505599976
0.35377880930900574
0.17532879114151
-0.34771528840065
-0.995005339384079
0.06483340263366699
0.5632057785987854
-0.2403874695301056
0.3034416139125824
0.33806490898132324
0.10092288255691528
0.40308547019958496
-0.1298506259918213
0.16133630275726318
0.152837336063385
0.1233978271484375
0.5151050686836243
0.3498672842979431
0.053680479526519775
0.20999690890312195
0.19237291812896729
0.4051862061023712
0.8515497446060181
0.21663862466812134
0.39555415511131287
0.49610936641693115
0.1974424421787262
0.00799185037612915
0.14357304573059082
0.3988924026489258
0.9841241240501404
0.13108155131340027
-0.042779356241226196
0.09310168027877808
-0.32971519231796265
0.0702441930770874
0.35800665616989136
0.5483418703079224
0.19236630201339722
-0.1727028489112854
0.027540981769561768
0.14871874451637268
0.3729170560836792
-0.03985193371772766
0.11133533716201782
0.4123647212982178
-0.10714885592460632
0.014474630355834961
-0.42829227447509766
-0.2160869836807251
-0.18227529525756836
0.46338289976119995
-0.3549948036670685
0.48366084694862366
0.361775666475296
0.20746052265167236
-0.0873313844203949
0.15959668159484863
-0.036349713802337646
0.2227420210838318
0.6309963911771774
0.7942908704280853
0.018313229084014893
0.13304471969604492
0.34886497259140015
0.39932817220687866
-0.40881770849227905
-0.7969233393669128
0.1865198314189911
0.3440655469894409
0.49356794357299805
0.3722808063030243
-0.09241411089897156
0.12267380952835083
0.0534633994102478
0.18820303678512573
0.6995754539966583
0.06390058994293213
-0.20472529530525208
0.24204576015472412
0.696760892868042
0.04586082696914673
0.2021275758743286
0.06334066390991211
0.34208908677101135
0.40555402636528015
0.36753934621810913
-0.10661876201629639
0.49728891253471375
0.7349328100681305
0.16078788042068481
0.26905667781829834
0.2959631681442261
-0.007373988628387451
-0.012262910604476929
0.21832183003425598
0.2230634093284607
-0.0335729718208313
0.06737637519836426
0.30778542160987854
0.33706265687942505
-0.15326476097106934
0.25117260217666626
0.38783392310142517
-0.09935241937637329
0.3689972162246704
0.5663816630840302
0.4151363968849182
0.23915651440620422
0.17085066437721252
0.29815995693206787
0.08504021167755127
0.40269458293914795
0.38567689061164856
0.2767205536365509
-0.1391199231147766
0.17341196537017822
0.15306439995765686
0.2703653573989868
0.33758291602134705
0.4926285743713379
-0.326423317193985
-0.12373077869415283
0.8681648671627045
-0.3840583562850952
0.3698686361312866
0.1146702766418457
0.16820496320724487
0.4834985136985779
-0.1324813961982727
0.3512555956840515
0.035319238901138306
0.2873235046863556
-0.14048999547958374
0.8638741225004196
0.2066950798034668
0.2155054807662964
0.5850411653518677
0.42998379468917847
0.6373730897903442
0.06968921422958374
0.1392325460910797
0.35181063413619995
-0.0001342296600341797
-0.02022331953048706
-0.3879300057888031
0.07799753546714783
-0.025054216384887695
0.004459857940673828
0.2630545198917389
0.19500380754470825
0.19066819548606873
0.28167909383773804
-0.07914060354232788
0.02703571319580078
0.39671051502227783
-0.07682958245277405
0.09039294719696045
0.2891424894332886
0.3893647789955139
-0.164518803358078
0.5156517326831818
0.4098946154117584
-0.15372705459594727
-0.054876625537872314
0.16827118396759033
0.05539843440055847
0.7259404063224792
0.36225613951683044
0.13755929470062256
0.09206950664520264
0.40759339928627014
-0.08160746097564697
-0.19548580050468445
-0.2590767443180084
0.5616832375526428
0.1584436297416687
-0.44592946767807007
0.37832289934158325
0.4615405946969986
-0.03194785118103027
0.05863898992538452
0.23930895328521729
0.24823033809661865
-0.4027160406112671
0.15380501747131348
0.14798656105995178
0.16945743560791016
0.23476135730743408
0.20657914876937866
-0.33341455459594727
0.6572418808937073
0.46242865920066833
0.21841955184936523
0.4213390648365021
0.20811158418655396
0.15024131536483765
0.12699946761131287
-0.18924832344055176
0.4432257413864136
0.4695524573326111
0.2571069002151489
-0.18757179379463196
0.040279388427734375
0.9452379047870636
0.4164368510246277
-0.08703812956809998
-0.1862182915210724
0.2032441794872284
-0.25788891315460205
0.2817138731479645
-0.220056414604187
0.48735693097114563
0.07094001770019531
-0.04438471794128418
0.5682952105998993
0.1402895450592041
0.021136164665222168
0.24704906344413757
0.3663879334926605
0.634692519903183
0.7879557013511658
0.3691844642162323
0.3706076443195343
0.3630480468273163
0.3393190801143646
0.11170470714569092
0.26036566495895386
0.3150682747364044
-0.20641183853149414
-0.19925981760025024
0.37874531745910645
0.3346555829048157
-0.13849031925201416
0.38930004835128784
0.24331653118133545
0.2855623960494995
0.07355755567550659
-0.30562347173690796
0.2334425151348114
-0.018912911415100098
0.284187376499176
0.3403147757053375
1.1421352922916412
0.4371688961982727
0.4928091764450073
0.41380107402801514
-0.11165845394134521
0.16995114088058472
0.2307802438735962
0.117882639169693
0.3606142997741699
-0.2152056097984314
-0.4683397710323334
0.3341965973377228
0.36103516817092896
0.3207970857620239
0.2912200689315796
0.7921189665794373
0.1697920858860016
0.42631587386131287
0.6893140077590942
0.06869351863861084
0.23161694407463074
0.23481100797653198
0.4232327342033386
0.2356013059616089
0.39490967988967896
-0.461224228143692
-0.006333529949188232
0.04312562942504883
0.6522501111030579
0.3042301535606384
-0.03664785623550415
0.3223859369754791
0.3116835951805115
0.05582094192504883
0.4001299738883972
0.1819274127483368
0.3361879885196686
0.8223886489868164
-0.03564229607582092
0.21289950609207153
-0.3259362280368805
0.819000631570816
-0.13252782821655273
0.2411229908466339
0.3460121154785156
0.20747873187065125
-0.34479621052742004
0.1636473536491394
0.35846391320228577
-0.058153629302978516
0.021502375602722168
-0.16746273636817932
0.22323399782180786
0.22531479597091675
-0.013015031814575195
-0.05585074424743652
-0.051440536975860596
0.4282972812652588
0.3634207546710968
0.3092615008354187
0.06600302457809448
-0.11950120329856873
-0.13803482055664062
0.4443373382091522
0.2669394612312317
0.7354630827903748
-0.014968276023864746
0.24336785078048706
0.14091575145721436
0.19741258025169373
-0.3888494670391083
-0.02211695909500122
0.4579273462295532
0.26016682386398315
0.6445066928863525
-0.023826658725738525
-0.3751552402973175
-0.7799919247627258
0.1882626712322235
0.014429867267608643
0.39987316727638245
0.04001426696777344
0.5320581793785095
0.3137528598308563
0.1749047040939331
0.21292099356651306
0.5126581490039825
-0.14307937026023865
0.2751466929912567
0.3344963788986206
0.28397199511528015
0.4368888735771179
0.6157513856887817
0.1883041262626648
0.13718482851982117
0.37431690096855164
0.547922670841217
0.06317663192749023
0.5693389773368835
0.02248305082321167
0.048778265714645386
0.40544798970222473
0.1687069535255432
-0.06702017784118652
0.4375167787075043
0.4546355605125427
0.2646217346191406
0.08863520622253418
-0.005006551742553711
0.5752864181995392
0.3876832127571106
0.5367150902748108
0.24915963411331177
0.5395563542842865
-0.16029751300811768
0.3891112804412842
0.448833703994751
-0.0015655755996704102
0.08039975166320801
0.10781317949295044
0.2674247622489929
0.6116428375244141
-0.3907911479473114
0.28344351053237915
0.3195744752883911
0.20051395893096924
0.21088489890098572
0.5142419636249542
0.4147917330265045
0.10481953620910645
-0.1605575680732727
0.351285457611084
0.29641708731651306
0.5224575698375702
0.27392739057540894
-0.31139373779296875
-0.05640241503715515
0.27336081862449646
0.1731303334236145
0.04307752847671509
-0.311286062002182
0.19216912984848022
0.25333625078201294
0.05745112895965576
0.031136035919189453
-0.15308094024658203
0.08408421277999878
-0.0198555588722229
0.24093091487884521
0.42536982893943787
-0.14215824007987976
0.2735048830509186
0.37269335985183716
0.3186401128768921
-0.1378028690814972
1.1345841884613037
0.15718460083007812
-0.3447464406490326
-0.10949307680130005
0.6457873582839966
0.26055288314819336
0.0328407883644104
0.20902776718139648
0.06170380115509033
0.38643237948417664
0.060098499059677124
0.3048297166824341
0.10195350646972656
0.2872008681297302
0.2053995132446289
0.20077568292617798
-0.18294796347618103
0.30391865968704224
-0.035448431968688965
0.746075838804245
0.06539836525917053
0.7884725779294968
-0.06177014112472534
0.40768948197364807
0.24917125701904297
0.009698271751403809
-0.2304837703704834
0.46070727705955505
0.44168004393577576
0.271591454744339
-0.09858369827270508
0.23736071586608887
1.0847305655479431
0.8952701389789581
-0.13796350359916687
0.13913646340370178
0.19969886541366577
0.7473217844963074
0.3504040539264679
-0.3169635236263275
0.2529503107070923
0.306660532951355
0.02884650230407715
0.5865868180990219
0.40191587805747986
0.32728806138038635
0.09283983707427979
1.0453889071941376
-0.1019551157951355
-0.04726240038871765
0.16888758540153503
0.21154093742370605
0.4625611901283264
0.25933682918548584
0.33031654357910156
-0.16541174054145813
0.19294774532318115
0.4214816093444824
0.4161122143268585
0.053854405879974365
0.11693668365478516
0.26499781012535095
-0.15598180890083313
0.1413448452949524
-0.26117241382598877
0.14413636922836304
0.21397966146469116
0.2543119788169861
-0.030080795288085938
-0.03374037146568298
0.8623498678207397
0.2940480709075928
0.2792172133922577
0.27209681272506714
0.045708417892456055
0.3847326636314392
0.16084089875221252
-0.1960524022579193
0.1122249960899353
0.05579119920730591
0.21810150146484375
0.3340855836868286
0.5253484845161438
0.005261719226837158
0.34312453866004944
-0.09232956171035767
0.46120592951774597
0.2579965591430664
0.40998727083206177
0.5664164423942566
0.6108143925666809
-0.1974606215953827
0.43284982442855835
0.18689417839050293
0.4159349501132965
-0.07550749182701111
0.5020569562911987
-0.45384693145751953
0.298764705657959
0.022458195686340332
-0.18448036909103394
0.3231199085712433
0.3361961841583252
-0.4390907287597656
0.6357096880674362
0.5461666584014893
-0.23222661018371582
0.08205145597457886
0.11401748657226562
0.7229301035404205
-0.30349457263946533
0.365491658449173
0.5812506973743439
0.544297844171524
0.06412765383720398
0.31767091155052185
0.7388560175895691
0.19201672077178955
0.8715876713395119
0.017461657524108887
0.6104134619235992
0.3625890612602234
0.32746368646621704
-0.17784196138381958
0.563802182674408
-0.32431262731552124
0.4036322236061096
0.43334686756134033
0.19410419464111328
-0.02116110920906067
-0.03461188077926636
0.10716879367828369
-0.07491934299468994
0.20110368728637695
0.15746286511421204
-0.15559250116348267
0.199390709400177
0.3702430725097656
0.04103487730026245
0.4698241651058197
0.11914169788360596
0.18742769956588745
0.26176717877388
0.4970470368862152
0.20226678252220154
0.10758787393569946
-0.25131672620773315
0.5502022504806519
0.046596407890319824
-0.04869544506072998
0.08302068710327148
-0.15475088357925415
0.18074947595596313
0.38345521688461304
0.27717286348342896
0.36529111862182617
0.3184727728366852
0.49905985593795776
0.15346026420593262
0.5199161469936371
0.5674833655357361
0.2049986720085144
0.2506275177001953
0.09098771214485168
-0.44531315565109253
0.514533519744873
0.31343314051628113
0.7386174499988556
0.3867587447166443
0.002652406692504883
0.18530207872390747
0.5289402902126312
0.3224588632583618
0.4104164242744446
0.7475021481513977
0.7068699598312378
0.5548974573612213
0.10505479574203491
-0.06651827692985535
-0.021001994609832764
-0.08668029308319092
-0.014738082885742188
0.5689181387424469
-0.24799177050590515
0.08197689056396484
-0.00114479660987854
0.21215063333511353
0.13403218984603882
-0.5589016675949097
0.8842563927173615
0.4994922876358032
0.15426215529441833
0.24737215042114258
0.2938309907913208
0.2720470130443573
0.28702858090400696
0.15864908695220947
0.3536893129348755
0.8973824977874756
0.14031600952148438
0.08907091617584229
-0.11581510305404663
-0.21741732954978943
-0.16049134731292725
-0.5743387937545776
0.11672621965408325
0.1892317533493042
-0.73157799243927
-0.2026759684085846
-0.12833476066589355
0.49816036224365234
-0.28343185782432556
0.6618011295795441
0.013787060976028442
0.4592130184173584
0.42171016335487366
0.02604997158050537
0.1370241641998291
0.3603243827819824
0.10358858108520508
0.47338441014289856
0.6786844432353973
-0.07360720634460449
0.08803051710128784
0.2550095021724701
0.1640913486480713
0.37675726413726807
0.27664774656295776
0.336625337600708
-0.1293802261352539
-0.12975457310676575
-0.01579493284225464
0.44137853384017944
1.0636474788188934
-0.15646058320999146
0.01265069842338562
0.07822614908218384
0.3394913971424103
0.08148324489593506
0.5250022709369659
-0.13373559713363647
-0.29208648204803467
0.3272417187690735
-0.30624136328697205
0.2868463695049286
0.16855615377426147
0.1837928593158722
-0.23504126071929932
0.35674263536930084
-0.4310522973537445
0.00198972225189209
0.16444921493530273
0.043823063373565674
0.2654053270816803
0.11416822671890259
0.12925758957862854
0.8722468912601471
0.25066232681274414
0.06161773204803467
0.564983457326889
0.19831714034080505
-0.1384638249874115
-0.2249685525894165
-0.6657638847827911
-0.4643107205629349
0.16725397109985352
0.027507901191711426
0.3494945466518402
0.2877226769924164
0.13143116235733032
0.4196392893791199
0.3329837918281555
0.18748065829277039
0.24928230047225952
0.4305436611175537
0.45076215267181396
0.2863278090953827
0.2609487473964691
-0.1132952868938446
0.0716208815574646
0.12452930212020874
0.05658799409866333
0.3593551814556122
0.4545361399650574
0.20162731409072876
0.16753727197647095
-0.14129343628883362
-0.026898205280303955
0.11127239465713501
0.32699811458587646
0.1907162070274353
0.355859637260437
0.2316914200782776
0.03462177515029907
0.028481990098953247
0.45392972230911255
0.4015580713748932
0.3329921066761017
0.3664243519306183
0.31786978244781494
0.6019924283027649
0.4402238130569458
0.2928253710269928
-0.059745609760284424
0.16820994019508362
-0.35766375064849854
0.41694048047065735
0.40187281370162964
0.756203293800354
0.17356273531913757
0.2875223159790039
0.5608135610818863
-0.1350560188293457
0.04872024059295654
0.23122099041938782
0.3992767930030823
0.5327125191688538
0.16680172085762024
0.9643214643001556
-0.333116352558136
-0.3380633294582367
0.4281531274318695
0.43985769152641296
0.5501658022403717
0.01714688539505005
0.1783009171485901
0.69329833984375
0.32007646560668945
0.20273393392562866
0.3452666699886322
0.15743476152420044
-0.0266379714012146
-0.10530996322631836
0.3299338221549988
0.11685550212860107
-0.01732581853866577
0.4815237820148468
-0.024650096893310547
-0.07414239645004272
-0.11233764886856079
0.5738302767276764
0.8862726986408234
-0.20711582899093628
0.30147501826286316
0.19952654838562012
0.05738651752471924
0.13598546385765076
0.13126713037490845
0.24186691641807556
0.15162134170532227
0.5907485485076904
0.46980756521224976
-0.21515429019927979
0.1870051622390747
0.27882295846939087
-0.008121073246002197
-0.29484325647354126
0.5806474983692169
0.09856715798377991
-0.06852787733078003
0.04676872491836548
0.6200754046440125
0.13028472661972046
0.16504395008087158
0.2358049750328064
0.11742371320724487
-0.04787039756774902
-0.35022348165512085
-0.019501060247421265
0.05408468842506409
0.25608640909194946
0.4940335154533386
0.5113361477851868
0.08581382036209106
0.37007737159729004
0.17511668801307678
0.13011568784713745
0.316150039434433
0.01513892412185669
0.0045576393604278564
0.16760358214378357
0.5482408702373505
0.057678043842315674
0.313187837600708
0.19541123509407043
0.5614198446273804
0.26297491788864136
-0.16476896405220032
0.2768183946609497
0.23295393586158752
0.48846861720085144
0.22509443759918213
0.1526384949684143
0.7455621957778931
0.022160053253173828
0.5363506823778152
0.8644388914108276
0.29056233167648315
0.30653291940689087
0.03862428665161133
-0.4835929870605469
0.2357039451599121
0.5326065123081207
0.025662362575531006
-0.00645291805267334
0.18447047472000122
0.26009228825569153
0.41180145740509033
0.16553598642349243
0.01262730360031128
0.24574688076972961
0.2609189748764038
0.15827146172523499
-0.08095145225524902
0.052333563566207886
0.18055230379104614
0.13345730304718018
0.38095855712890625
-0.4090115427970886
0.31953638792037964
-0.6256369054317474
0.37280938029289246
0.46401238441467285
0.03288388252258301
0.5049760937690735
-0.16931825876235962
0.33104556798934937
-0.22601383924484253
0.29905126988887787
0.000795215368270874
0.9363663345575333
0.015317797660827637
0.10995036363601685
0.5643239617347717
0.6529940366744995
0.047756075859069824
0.5598393678665161
-0.4454258680343628
0.07822614908218384
0.2862499952316284
0.4199938178062439
0.5728394985198975
0.19149494171142578
0.12363803386688232
0.12011253833770752
-0.42698681354522705
0.32468873262405396
-0.011156201362609863
0.31843799352645874
-0.0012457966804504395
0.5404758751392365
0.20256489515304565
0.047757744789123535
0.3047652244567871
0.4330669045448303
0.2503657937049866
0.14557933807373047
0.45459407567977905
0.013657867908477783
1.022871047258377
0.5725992918014526
0.2362789511680603
0.24243342876434326
0.10379397869110107
0.3696118891239166
0.5251795053482056
-0.4400499165058136
-0.09970861673355103
0.34717845916748047
0.014901995658874512
-0.1110239028930664
-0.18019944429397583
0.32463085651397705
-0.34316760301589966
0.3380848169326782
0.1662566363811493
0.14295676350593567
-0.04046660661697388
0.22049039602279663
0.36872217059135437
-0.1356143057346344
-0.2943097949028015
0.144133061170578
-0.06203359365463257
0.3216172456741333
0.2265242338180542
0.21134042739868164
0.3406643271446228
0.554107129573822
-0.21666020154953003
0.012083947658538818
0.411499947309494
0.1517091989517212
0.0972815752029419
0.23538756370544434
0.4667409658432007
0.42115020751953125
0.05273282527923584
-0.3565156161785126
-0.03059929609298706
0.009797751903533936
0.04801785945892334
0.9305546581745148
-0.007160305976867676
-0.4635286033153534
0.2067796289920807
0.7547437846660614
-0.25818371772766113
0.5346144437789917
0.16984841227531433
0.6919017136096954
0.03778272867202759
0.9414739608764648
0.2045944333076477
0.08591991662979126
0.3818184733390808
0.5469618737697601
0.5444088280200958
0.27943259477615356
0.13830482959747314
-0.28155985474586487
0.16200554370880127
0.3474700450897217
0.17618364095687866
0.23502641916275024
0.34137505292892456
0.21054857969284058
0.24185526371002197
0.007214903831481934
0.3600079417228699
0.5541651546955109
-0.10280823707580566
-0.17418068647384644
0.23805975914001465
0.40535691380500793
0.17625659704208374
-0.17686793208122253
0.1287638545036316
0.11171796917915344
-0.38128000497817993
0.04996940493583679
0.0795896053314209
0.2710943818092346
-0.028637707233428955
0.4164949059486389
0.04236847162246704
-0.1828402876853943
0.07366025447845459
0.8056575655937195
0.6071664094924927
0.019252538681030273
0.16015499830245972
0.16637098789215088
0.1275511384010315
-0.11417657136917114
-0.5348082780838013
0.17669719457626343
-0.041881442070007324
0.09582528471946716
0.12540900707244873
0.4359677731990814
0.4193510413169861
1.1461726278066635
0.6212698221206665
0.01988375186920166
0.12338459491729736
-0.26788365840911865
0.06997078657150269
0.7333258986473083
0.18393531441688538
0.06814849376678467
0.6842792332172394
0.7690675854682922
0.1523303985595703
0.08316478133201599
0.223673015832901
-0.048594385385513306
0.18647834658622742
-0.0973626971244812
0.4249340891838074
0.695317953824997
0.08198687434196472
0.05522945523262024
0.6257661581039429
0.04891413450241089
0.5627683997154236
0.1233447790145874
-0.6189935803413391
0.3570772111415863
-0.07425665855407715
0.5547665059566498
0.13299673795700073
-0.0544474720954895
0.18870824575424194
0.10542097687721252
0.11341285705566406
0.2531838119029999
0.23308801651000977
-0.01837944984436035
0.26173412799835205
0.06899672746658325
0.24006438255310059
0.20408251881599426
0.012296110391616821
0.40238475799560547
0.3915233612060547
0.16407647728919983
-0.18352609872817993
0.36996638774871826
0.5366836190223694
0.5467465221881866
0.8024418354034424
0.3161153197288513
0.3086237609386444
0.032779425382614136
0.12076693773269653
0.1813690960407257
0.3807183802127838
0.14907175302505493
0.226666659116745
0.5824981331825256
0.30431461334228516
-0.0683853030204773
0.08301728963851929
0.07638058066368103
0.6256816983222961
0.47178900241851807
0.14739182591438293
-0.028776884078979492
0.7354099452495575
-0.1825469732284546
0.2785859704017639
0.6931211054325104
0.10275858640670776
-0.002294480800628662
0.06565505266189575
0.5074462592601776
0.21034318208694458
-0.2857877314090729
0.7115882337093353
0.6265662759542465
0.0019482672214508057
0.30958467721939087
0.29682792723178864
0.12841922044754028
0.02958539128303528
0.2485731840133667
-0.010142266750335693
0.15235531330108643
0.379673033952713
0.27530747652053833
-0.019330382347106934
0.31728997826576233
0.5035777688026428
0.1423802375793457
-0.12638980150222778
0.2781933844089508
0.05232694745063782
0.10286128520965576
0.5476642549037933
-0.24299514293670654
0.6619485020637512
0.172268807888031
0.15795832872390747
-0.14931029081344604
-0.2646879553794861
0.31283172965049744
0.09996038675308228
0.2640584409236908
0.3023911714553833
0.08403784036636353
0.4094720780849457
-0.2275744378566742
0.19597458839416504
-0.0550704300403595
0.20809337496757507
0.4135061800479889
-0.13445132970809937
-0.02694624662399292
-0.2551983594894409
0.3278845250606537
0.05121028423309326
0.2265937328338623
0.5021844804286957
0.21706268191337585
0.2682549059391022
0.2509639263153076
0.5632968842983246
0.23066926002502441
0.18730497360229492
-0.521420419216156
0.5329610407352448
0.12994015216827393
-0.0306241512298584
0.4992007315158844
0.6703546345233917
0.1973746418952942
0.3293457627296448
0.3857366442680359
0.753789484500885
-0.5169374048709869
0.21194353699684143
-0.013455688953399658
0.04369384050369263
-0.6265432238578796
0.033013105392456055
0.13920772075653076
0.4327884912490845
0.49538537859916687
0.48446938395500183
0.40644365549087524
0.30151480436325073
0.18259507417678833
0.37253594398498535
-0.08095136284828186
0.4890170395374298
0.2950934171676636
0.510448157787323
0.3085275888442993
-0.2039068639278412
0.257739782333374
0.4570542573928833
0.050461530685424805
0.4892025291919708
0.4962252974510193
0.34121760725975037
0.288116991519928
-0.06205672025680542
-0.35647255182266235
0.3207557499408722
0.21428608894348145
0.25013214349746704
-0.001940011978149414
-0.485291063785553
-0.37756070494651794
-0.09077069163322449
0.16239327192306519
0.4857931137084961
0.3512323796749115
-0.23895776271820068
0.12796857953071594
0.24149081110954285
0.03727245330810547
0.5459412932395935
0.07878786325454712
-0.11047878861427307
0.2951928973197937
-0.1194184422492981
-0.16487497091293335
0.36848193407058716
0.03927046060562134
0.9630342423915863
0.8542104661464691
0.05310070514678955
-0.3296704590320587
0.08750700950622559
0.27620697021484375
0.06390899419784546
0.668630063533783
0.26805436611175537
0.23405224084854126
0.10246700048446655
-0.09336674213409424
0.2154325246810913
-0.051407456398010254
0.09685081243515015
0.4317183494567871
0.22846242785453796
0.08487778902053833
-0.15305781364440918
-0.04459679126739502
-0.08333376049995422
-0.1275295913219452
0.14869564771652222
0.33728960156440735
0.230791836977005
0.09326067566871643
-0.5736628621816635
0.6104383766651154
0.2308531403541565
0.10821574926376343
0.22587135434150696
0.20856216549873352
0.23849213123321533
0.5538486838340759
0.19403290748596191
0.024163007736206055
0.11325711011886597
-0.364095002412796
0.5872825980186462
0.3108469843864441
0.30870649218559265
0.20415374636650085
0.050184786319732666
0.1722704917192459
-0.18325775861740112
0.30023419857025146
-0.03719627857208252
0.42096465826034546
0.07160598039627075
0.19758161902427673
0.29389894008636475
0.43678778409957886
0.3615387976169586
0.24858319759368896
0.27673882246017456
0.6403500437736511
0.2567242383956909
0.4647181034088135
0.7032021284103394
0.6426114737987518
0.3980060815811157
0.1381143033504486
0.00973808765411377
0.5545114576816559
0.2962680757045746
0.2674199342727661
0.5461268424987793
0.577108770608902
0.2682349681854248
0.14015531539916992
0.23354029655456543
0.14658495783805847
0.6176018714904785
1.2036303728818893
0.2666909098625183
0.08413392305374146
0.23018383979797363
0.21331852674484253
0.4026945233345032
0.3790782690048218
0.25736865401268005
-0.2808440923690796
0.22489234805107117
0.18201857805252075
0.20423001050949097
-0.030324280261993408
-0.5220333635807037
0.16784048080444336
0.3495425581932068
0.3721417188644409
-0.10211080312728882
0.18215098977088928
0.12392795085906982
0.0010454058647155762
0.00941506028175354
0.13141125440597534
0.6129416823387146
0.7944465279579163
-0.09034660458564758
0.27065718173980713
0.5972643494606018
-0.09123295545578003
0.32006484270095825
0.06631281971931458
-0.3441947102546692
0.2652893662452698
0.2577514052391052
0.3436613082885742
-0.7434433698654175
0.774680495262146
0.020834624767303467
0.24822703003883362
0.09371140599250793
-0.0823976993560791
0.606798529624939
0.572821319103241
-0.13209381699562073
0.3740220367908478
0.21454623341560364
0.17761003971099854
0.348066508769989
0.4295281171798706
-0.7920907139778137
0.4053138196468353
0.4904881715774536
-0.16564536094665527
0.42465585470199585
0.4261932075023651
0.3036336898803711
0.12065762281417847
0.10283482074737549
0.6188031136989594
0.4145548641681671
0.34491369128227234
0.20886042714118958
0.2118838131427765
0.0579182505607605
0.189314603805542
0.011837124824523926
-0.10427114367485046
0.3534557819366455
-0.04223927855491638
-0.00882023572921753
0.18546944856643677
0.5979568362236023
0.5803592205047607
0.02777460217475891
0.18601113557815552
0.5502570271492004
-0.052451133728027344
0.2637172043323517
0.3441367745399475
-0.6119061708450317
0.14393091201782227
0.679751455783844
0.5889906734228134
-0.12026992440223694
-0.48615923523902893
0.39093026518821716
-0.014676690101623535
0.13028472661972046
0.3848519027233124
0.2897290289402008
0.17794805765151978
-0.44893643260002136
0.5830249190330505
0.14022818207740784
-0.2675805687904358
-0.2110290229320526
0.4754950702190399
-0.323003888130188
0.10242724418640137
-0.015491783618927002
0.551421582698822
1.0319745242595673
1.0514722764492035
-0.12883007526397705
0.28380298614501953
0.32873931527137756
0.0474662184715271
0.16155493259429932
0.1188700795173645
0.4761461019515991
0.20444202423095703
-0.27381476759910583
0.3756057918071747
-0.011984586715698242
-0.37525129318237305
-0.6115134656429291
0.33488571643829346
0.28913095593452454
0.4252886474132538
0.19396662712097168
-0.22575047612190247
-0.08713096380233765
0.21805351972579956
-0.05417916178703308
0.18242943286895752
-0.32098934054374695
0.3053997755050659
-0.15828293561935425
0.349479615688324
-0.2750290334224701
0.07238125801086426
0.038403987884521484
0.25795841217041016
-0.22800534963607788
0.4124706983566284
0.08522242307662964
-0.03354823589324951
-0.0738060474395752
-0.5681179463863373
0.6993171274662018
0.4311385154724121
0.20353907346725464
0.021555304527282715
0.009446561336517334
0.6362961828708649
0.08083045482635498
0.29944056272506714
-0.7826889455318451
0.3555961847305298
0.665145993232727
0.17055580019950867
-0.9101970791816711
0.427091121673584
0.1424117088317871
0.4528445899486542
0.2406260371208191
0.637638121843338
0.14980894327163696
0.3240823745727539
-0.04976069927215576
0.03694942593574524
0.5121644735336304
0.188501238822937
-0.1262456476688385
0.2443884313106537
0.5792525410652161
0.4591715335845947
0.11481106281280518
0.3087214529514313
-0.2371634840965271
0.034606873989105225
0.2658277153968811
-0.154494047164917
-0.11082339286804199
0.9788127243518829
0.51857590675354
0.2454436719417572
-0.5851868689060211
0.10242724418640137
0.5514000803232193
-0.2796214520931244
0.4434660077095032
0.1976676881313324
0.09376275539398193
0.2209593653678894
0.5180623233318329
-0.039673030376434326