-0.43027210235595703
-0.26706039905548096
-0.6840919256210327
-0.2257786989212036
-0.40573954582214355
-0.8166977763175964
-0.40766143798828125
-0.5334779024124146
-0.43729305267333984
-0.6127411723136902
-0.5501277446746826
-0.2172696590423584
-0.23569536209106445
-0.4007430076599121
0.10822224617004395
-0.678545355796814
-0.6873457431793213
-0.7640577554702759
-0.40920543670654297
-0.4374125003814697
-0.6594966053962708
-0.8089179992675781
-0.4521270990371704
-0.37686657905578613
-0.5924631357192993
-0.5017619132995605
-0.18131613731384277
-0.09638690948486328
-0.6450269222259521
-0.5187002420425415
-0.334239661693573
-0.06802761554718018
-0.3550875186920166
-0.3934437036514282
-0.7185348868370056
-0.6397587060928345
-0.20736956596374512
-0.4072537422180176
-0.20925474166870117
-0.5111621618270874
0.10123109817504883
-0.4670906066894531
-0.4836376905441284
-0.28793811798095703
-0.6019693613052368
-0.6019660234451294
-0.385991632938385
-0.16244304180145264
-0.16365563869476318
-0.39581263065338135
-0.3076362609863281
-0.47908830642700195
0.5777285099029541
-0.5417548418045044
0.19003033638000488
-0.7578914165496826
-0.09533333778381348
-0.42944371700286865
0.012780070304870605
-0.3852827548980713
-0.37112104892730713
0.14145910739898682
-0.06284868717193604
-0.5166027545928955
-0.19417214393615723
-0.26801466941833496
-0.29620182514190674
0.17846989631652832
-0.3944673538208008
-0.4889158010482788
-0.13691973686218262
-0.4100634455680847
-0.5279479026794434
-0.39034879207611084
-0.6031157374382019
-0.30545270442962646
-0.22538113594055176
-0.049455881118774414
-0.26638782024383545
0.6462429761886597
-0.30652308464050293
-0.2689688205718994
-0.7501348257064819
-0.1479036808013916
-0.31902456283569336
-0.960807740688324
0.11483585834503174
-0.21548736095428467
-0.16669416427612305
-0.9784085154533386
-0.9698201417922974
-0.22534793615341187
-0.29121172428131104
-0.39148199558258057
-0.31228506565093994
-0.5471227169036865
-0.6869282722473145
-0.17290997505187988
-0.5359033346176147
-0.5032961368560791
-0.49614250659942627
-0.30039989948272705
-0.7227927446365356
-0.5560222864151001
-0.5465658903121948
-0.30780863761901855
-0.11424267292022705
-0.6429957747459412
-0.7275241613388062
-0.24776971340179443
-0.6186290979385376
0.5665456056594849
-0.10607194900512695
-0.2646085023880005
-0.7033030986785889
-0.35146594047546387
-0.6459017992019653
-0.43022215366363525
-0.6915867328643799
-0.04969429969787598
-0.4127507209777832
-0.3078848719596863
-0.5683547854423523
-0.40110743045806885
-0.36003774404525757
-0.11760258674621582
-0.3504023551940918
-0.918621301651001
-0.4383401870727539
-0.4107527732849121
-0.38960325717926025
-0.8370950222015381
-0.122536301612854
-0.3005257844924927
-0.37320858240127563
-0.9049966931343079
-0.938286542892456
-0.058521389961242676
-0.19240283966064453
-0.8191894888877869
-1.0559420585632324
-0.37557101249694824
-0.5737590789794922
0.8876146078109741
-0.5458767414093018
-0.13287413120269775
-0.5283884406089783
-0.3481558561325073
-0.2858971357345581
-0.7018783092498779
-0.45219337940216064
-0.5997526049613953
-0.42310190200805664
-0.5405189990997314
-0.5567511320114136
-0.9288266897201538
-0.44888341426849365
-0.45926427841186523
0.07154631614685059
-0.47726261615753174
-0.5547399520874023
-0.2992037534713745
-0.4110807180404663
-0.6086755990982056
-0.1625058650970459
0.8946455717086792
-0.578815221786499
-0.204079270362854
-0.27043670415878296
-0.35838449001312256
-0.8846458196640015
-0.43190884590148926
-0.1217576265335083
-0.3949478268623352
-0.603440523147583
0.031126022338867188
-0.6173932552337646
-0.4848206043243408
-0.6252458691596985
-0.6034072637557983
-0.5363904237747192
-0.3269999027252197
-0.49268341064453125
-0.31191718578338623
-0.471510648727417
0.3024011254310608
-0.6652253866195679
-0.2959864139556885
-0.40292322635650635
-0.5217020511627197
-0.6907719373703003
0.09658241271972656
-0.5256284475326538
-0.5235907435417175
-0.49602317810058594
-0.3393455743789673
-0.1423637866973877
-0.603496789932251
-0.42426156997680664
-0.23129546642303467
-0.3277221918106079
-0.14069712162017822
-0.5855845212936401
-0.5138129591941833
-0.5647597908973694
-0.0180281400680542
0.023796916007995605
-0.4016508460044861
0.29434311389923096
-0.3682517409324646
-0.1438382863998413
-0.5666650533676147
-0.8048754930496216
-0.3382256031036377
-0.6290364265441895
-0.1608823537826538
-0.1481025218963623
-0.38476574420928955
-0.6958215236663818
0.013922929763793945
-0.23448973894119263
-0.07012498378753662
-0.7907239198684692
-0.687319278717041
-0.3157308101654053
-0.7266360521316528
0.13836443424224854
-0.48236870765686035
0.60615074634552
-0.22393643856048584
-0.49973762035369873
-1.02584969997406
-0.6192685961723328
-0.01137840747833252
-0.28905797004699707
-0.4144272804260254
-0.5368773937225342
-0.6560771465301514
-0.5345945954322815
-0.23881351947784424
-0.16342365741729736
-0.08968055248260498
-0.7914332151412964
-0.499783992767334
-0.31598275899887085
-0.4705696105957031
-0.569759726524353
-0.056566476821899414
-0.6985551118850708
-0.3281528353691101
-0.449542760848999
0.3767174482345581
-0.5985431671142578
-0.6235394477844238
-0.32490575313568115
-0.5107179880142212
-0.4975837469100952
-0.45631539821624756
-0.5061722993850708
-0.38329458236694336
-0.6074032783508301
-0.1096869707107544
-0.03772318363189697
-0.3896232843399048
-0.4995685815811157
0.08648979663848877
-0.15873193740844727
-0.5948421359062195
-0.536138653755188
-0.47187507152557373
-0.6895061135292053
-0.19946032762527466
-0.5783381462097168
-0.36451423168182373
-0.7416624426841736
-0.3426293134689331
-0.16119384765625
-0.47322362661361694
-0.5421127080917358
-0.3510618209838867
-0.7153339385986328
-0.7266626358032227
-0.39476215839385986
-0.43008315563201904
-0.7891567349433899
-0.30219244956970215
-0.41429150104522705
-0.7512613534927368
-0.23374414443969727
-0.4840320348739624
-0.17381131649017334
0.09910058975219727
-0.2524580955505371
-0.6111640334129333
-0.07308697700500488
-0.29222238063812256
-0.300323486328125
-0.5675926208496094
-0.25421762466430664
-0.1614588499069214
-0.734770655632019
-0.2663381099700928
-0.6180723905563354
0.04398202896118164
-0.5887985825538635
-0.7951240539550781
0.3706737756729126
-0.05943584442138672
-0.580322802066803
-0.3815120458602905
-0.28375327587127686
-0.1415751576423645
-0.22153091430664062
-0.44010281562805176
-0.20476508140563965
-0.6181817054748535
-1.024173080921173
-0.5960483551025391
-0.5514663457870483
-0.04565536975860596
-0.2551189661026001
-0.30691397190093994
0.1455446481704712
-0.6457891464233398
-0.7286407947540283
-0.45997005701065063
-0.284160852432251
-0.537073016166687
0.01899266242980957
-0.20198512077331543
-0.28132784366607666
-0.2434026002883911
-0.22979450225830078
0.31892848014831543
-0.1424269676208496
-0.5106419324874878
-0.15294671058654785
0.010099291801452637
-0.6477572917938232
-0.7006257772445679
-0.6068068742752075
0.19424831867218018
-0.30472052097320557
0.4374523162841797
-0.5240844488143921
-0.557036280632019
0.13678395748138428
0.19013643264770508
-0.4968615770339966
0.5313639640808105
-1.021154671907425
-0.5664695501327515
-0.674615740776062
-0.32705938816070557
-0.1460416316986084
-0.20162391662597656
-0.20144832134246826
-0.6564350128173828
-0.4967852830886841
-0.5281035900115967
-0.32858705520629883
-0.6406798362731934
-0.4551789164543152
-0.4055805206298828
-0.1187061071395874
-0.3857663869857788
-0.914340615272522
-0.39251255989074707
-0.30564820766448975
-0.5616981983184814
-0.6298714876174927
-0.3133220672607422
-0.48316383361816406
-0.4137248992919922
-0.514048159122467
-0.6194707155227661
-0.32733118534088135
0.31647980213165283
-0.5290180444717407
-0.5416256189346313
-0.6725746393203735
-0.19138562679290771
-0.5796003341674805
-0.5313904285430908
-0.8653253316879272
-0.5249526500701904
-0.48026466369628906
0.18355262279510498
-0.8521214723587036
-0.15378832817077637
-0.8953347206115723
-0.8515316247940063
-0.306238055229187
-0.1036531925201416
-0.16167426109313965
-0.32978975772857666
-0.7054834365844727
0.1744440793991089
-0.3700608015060425
-0.664791464805603
-0.5410722494125366
-0.42920851707458496
-0.3269999027252197
-0.26847195625305176
-0.631074070930481
-0.32330870628356934
-0.6310840845108032
-0.49826979637145996
-0.3724266290664673
0.36046528816223145
-0.560386061668396
-0.4372732639312744
-0.6341588497161865
0.10718202590942383
0.33832848072052
-0.6554874777793884
-0.4207228422164917
-0.3601968288421631
-0.47424423694610596
-0.8617733716964722
-0.5307410955429077
-0.3021228313446045
-0.8514221906661987
-0.7132235765457153
-0.260135293006897
-0.9481040835380554
-0.3873037099838257
-0.6339106559753418
-0.4017404317855835
-0.39891064167022705
-0.6273599863052368
-0.26971113681793213
-0.42408931255340576
-0.31111204624176025
-0.7088631391525269
0.28354787826538086
-0.4872128963470459
-0.6956226825714111
-1.050952136516571
-0.45297229290008545
-0.7233361005783081
-0.27577781677246094
-0.245278000831604
-0.28751087188720703
-0.4016042947769165
-0.384934663772583
-0.10302698612213135
0.15716135501861572
-0.7970359921455383
-0.5507408380508423
-0.42876124382019043
1.2769562005996704
-0.6642382144927979
-0.2542308568954468
-0.24027478694915771
-0.2144169807434082
-0.375524640083313
-0.376797080039978
-0.4885913133621216
-0.5674402117729187
-0.03536725044250488
-0.7551016211509705
-0.0794752836227417
0.5667711496353149
-0.46510255336761475
-0.5698193311691284
-0.08336520195007324
-0.5344055891036987
0.05157315731048584
-0.2726069688796997
-0.2975471019744873
-0.1484205722808838
-0.5732388496398926
-0.360518217086792
-0.2716064453125
-0.3761575222015381
-0.2752113342285156
-0.23395276069641113
-0.1568434238433838
0.13630008697509766
0.16580605506896973
-0.22083842754364014
0.0692899227142334
-0.47451913356781006
-0.2631107568740845
-0.4019557237625122
-0.1655973196029663
-0.4518754482269287
-0.32160234451293945
-0.6689664125442505
-0.35208237171173096
-0.8618893623352051
-0.43776702880859375
-0.5731593370437622
-0.2814670205116272
-0.48910486698150635
-0.29806721210479736
-0.10967695713043213
-0.6149114370346069
-0.24528467655181885
-0.661461353302002
-0.04499948024749756
-0.5200419425964355
-0.34917640686035156
-0.30276548862457275
-0.2221207618713379
-0.6622003316879272
-0.7666984796524048
-0.7365732192993164
-0.17253553867340088
-0.268949031829834
-0.3660913109779358
-0.13941800594329834
0.47582483291625977
-0.1395338773727417
-0.4206498861312866
-0.13419616222381592
-0.4733395576477051
-0.1629863977432251
-0.2890380620956421
-0.0869901180267334
-0.3548985719680786
-0.5596504211425781
-0.6107200384140015
-0.4973618984222412
-0.4192018508911133
0.43565964698791504
-0.3510087728500366
-0.538146436214447
-0.38970947265625
-0.41869497299194336
0.5472352504730225
-0.7813073396682739
-0.4190990924835205
-0.1382550597190857
-0.37059760093688965
-0.02863764762878418
-0.6696621179580688
-0.46734559535980225
0.26266682147979736
-0.5696271657943726
-0.6038611531257629
-0.8303322792053223
-0.2951911687850952
-0.5347634553909302
-0.4594498872756958
-0.5191472768783569
-0.17710137367248535
-0.7516391277313232
-0.3817870020866394
-0.1567835807800293
-0.08901798725128174
-0.44712400436401367
0.20351600646972656
-0.1786653995513916
-0.7314504384994507
-0.8426615595817566
-0.4075751304626465
-0.025844454765319824
-0.38928520679473877
-0.5152145624160767
0.4330552816390991
0.6314982175827026
-0.09164214134216309
-0.17174696922302246
-0.3766345977783203
-0.4362858533859253
-0.35445141792297363
-0.15462994575500488
-0.3302931785583496
-0.4824315309524536
-0.2088106870651245
-0.34927237033843994
-0.47193145751953125
-0.6285394430160522
-0.7127993106842041
-0.6642913818359375
-0.09852743148803711
-0.3032526969909668
-0.3446403741836548
-0.9864932298660278
-0.2760462760925293
-0.34488558769226074
-0.417081356048584
-0.29913413524627686
0.12951433658599854
-0.19758164882659912
-0.2980473041534424
-0.2558544874191284
-0.7581136226654053
-0.2848832607269287
-0.817628800868988
-0.6453914046287537
-0.694466233253479
-0.1200246810913086
-0.14594876766204834
0.1366281509399414
-0.5630765557289124
-0.48859459161758423
-0.2935410737991333
-0.471530556678772
-0.7553964853286743
-0.5817144513130188
-0.61268150806427
-0.5339052677154541
-0.38676702976226807
-0.6413590908050537
-0.1888442039489746
-0.3744543790817261
-0.7998492121696472
0.24939990043640137
-0.48224616050720215
-0.35538578033447266
-0.3708329200744629
-0.3504289388656616
-0.8902057409286499
-0.5456678867340088
-0.3218507766723633
-0.35310614109039307
-0.38311564922332764
-0.2086848020553589
-0.9113650321960449
-0.5208803415298462
-0.6149576902389526
-0.6651392579078674
0.13660168647766113
-0.5998023748397827
-0.041785240173339844
0.01354515552520752
-0.61026930809021
-0.7782887816429138
-0.2854001522064209
-0.027975082397460938
-0.14965319633483887
-0.2920401096343994
-0.22401928901672363
-0.6124660968780518
-0.8331786394119263
-0.1534438133239746
-0.7246878147125244
-0.4401923418045044
-0.6153256893157959
-0.27790188789367676
-0.3837352991104126
-0.16963303089141846
-0.25101685523986816
-0.1298457384109497
-0.4590654969215393
-0.5244323015213013
-0.6215218305587769
-0.43627917766571045
-0.011553764343261719
-0.7825002670288086
-0.20692867040634155
-0.18373167514801025
-0.35417962074279785
-0.3200085163116455
-0.41469240188598633
-0.024860382080078125
-0.08324587345123291
-0.37372541427612305
-0.6325156092643738
-0.18071305751800537
-0.7361919283866882
0.06678164005279541
-0.7562215328216553
0.044280290603637695
-0.21139514446258545
-0.3447563648223877
-0.6070687174797058
-0.4255934953689575
-0.22608017921447754
-0.1689603328704834
-0.6530917882919312
-0.31623780727386475
-0.42486459016799927
-0.20127606391906738
-0.43642497062683105
-0.24999308586120605
0.033786773681640625
-0.6093880534172058
0.16542482376098633
-0.3629734516143799
-0.4404740333557129
-0.35577690601348877
-0.4733395576477051
-0.2477167844772339
-0.4783097505569458
-0.5725992918014526
-0.12679064273834229
-0.40761494636535645
0.062096476554870605
-0.3359626531600952
-0.5988976955413818
-0.6444305181503296
-0.2137742042541504
0.004085421562194824
-0.17668402194976807
-0.256656289100647
0.11070084571838379
-0.4787471890449524
-0.34281468391418457
-0.4299008846282959
-0.3188818693161011
-0.17366540431976318
0.01076197624206543
-0.5262877941131592
-0.5699519515037537
-0.6624554395675659
-0.578049898147583
0.2271106243133545
-0.5609162449836731
-0.5463140606880188
-0.40656793117523193
-0.20440399646759033
-0.1887911558151245
-0.6687277555465698
-0.7009174823760986
0.9680473804473877
-0.166412353515625
-0.28372347354888916
-0.32255983352661133
-0.597658634185791
-0.25678884983062744
-0.6952913999557495
-0.8597356677055359
-0.517053484916687
-0.421461820602417
-0.2363649606704712
-0.4919939637184143
-0.45989716053009033
-0.5929967164993286
-0.6576411724090576
-0.6357494592666626
0.5232926607131958
-0.18340349197387695
-0.7757241725921631
-0.274280309677124
-0.7726195454597473
-0.3725193738937378
-0.37313902378082275
-0.7329977750778198
-0.22667670249938965
-0.32119470834732056
0.4007992744445801
-0.6589962840080261
0.36766183376312256
-0.3602829575538635
-0.3464163541793823
-0.8676049709320068
-0.23755121231079102
-0.039313435554504395
-0.8189177513122559
-0.08730149269104004
-0.28660285472869873
-0.48777276277542114
-0.14645254611968994
-0.2915332317352295
-0.8602988123893738
-0.5294190645217896
-0.3150583505630493
-0.033571481704711914
-0.68597412109375
-0.5338919162750244
-0.49536383152008057
-0.5829934477806091
-0.7170472145080566
-0.3268606662750244
-0.6518526077270508
-0.7276566028594971
-0.3905973434448242
-0.25548994541168213
-0.3904547691345215
-0.40567004680633545
-0.17604446411132812
-0.2096092700958252
-0.7035980224609375
-0.6365646123886108
-0.9473750591278076
-0.64451003074646
-0.7073058485984802
-0.1370755434036255
-0.04469788074493408
-0.7751410007476807
-1.0864717960357666
0.5777285099029541
-0.6578730344772339
-0.27256059646606445
-0.4688500165939331
-0.23315763473510742
-0.08599615097045898
-0.7509764432907104
-0.00782632827758789
-0.5119738578796387
-0.40051424503326416
-0.09635376930236816
-0.3424602150917053
-0.05638742446899414
-0.486228883266449
-0.7543429136276245
-0.5730599164962769
-0.38798654079437256
-0.7255228161811829
-0.6369589567184448
-0.25466156005859375
-0.39179348945617676
-0.36347711086273193
-0.09172821044921875
-0.31930291652679443
0.6788203716278076
-0.3692655563354492
-0.3804980516433716
-0.22635185718536377
-0.3409160375595093
-0.37950074672698975
-0.5044260025024414
-0.06259679794311523
-0.7940439581871033
-0.5084220170974731
-0.024532437324523926
-0.6112634539604187
-0.001199483871459961
-0.08421659469604492
-0.6843935251235962
-0.43265771865844727
-0.32128405570983887
0.3044024705886841
0.11761605739593506
-0.1397991180419922
-0.2567657232284546
-0.2263650894165039
-0.13328826427459717
-0.5407805442810059
-0.5265727043151855
-0.411113977432251
0.02134835720062256
-0.6737077832221985
-0.511493444442749
-0.6200639009475708
0.1441594958305359
-0.48365747928619385
0.1109459400177002
-0.3571981191635132
0.10637688636779785
-0.30377936363220215
-0.7508140802383423
-0.5477854013442993
-0.22847914695739746
-0.6858316659927368
-0.2838791608810425
-0.159470796585083
-0.6387746334075928
-0.4623126983642578
-0.25630176067352295
-0.005125880241394043
-0.7625302076339722
-0.4092087745666504
0.01852858066558838
-0.8537349700927734
-0.3303828835487366
-0.40024614334106445
-0.4759174585342407
-0.6441322565078735
-0.4725576639175415
-0.3595539331436157
-0.7370069026947021
-0.907770037651062
-0.14076000452041626
-0.6983166337013245
-0.8291362524032593
0.6893205642700195
-0.636557936668396
0.05268979072570801
-0.19315803050994873
-0.6777237057685852
-0.5964988470077515
-0.2983287572860718
-0.4278898239135742
-0.8870943784713745
-0.23401248455047607
-0.3936755061149597
0.23453938961029053
-0.12235403060913086
-0.04770970344543457
-0.4987105131149292
-0.8291593790054321
-0.6136059761047363
-0.5731792449951172
-0.5465128421783447
-0.23600053787231445
-0.39267146587371826
-0.23777997493743896
0.17686283588409424
0.31553876399993896
-0.24195802211761475
-0.5409066081047058
-1.0174503326416016
-0.1542356014251709
-0.6986080408096313
-0.5256086587905884
-0.5479806661605835
-0.04192459583282471
-0.3902393579483032
-0.585110604763031
-0.3694743514060974
-0.7798129320144653
-0.48435986042022705
-1.0073807835578918
-0.5923041105270386
-0.4762687683105469
-0.6533966064453125
-0.24347877502441406
-0.19280052185058594
-0.5345250368118286
-0.05984342098236084
-0.3132028579711914
-0.22137510776519775
-0.21543419361114502
-0.2555762529373169
-0.3956172466278076
0.5368179082870483
-0.2432999610900879
-0.7724770903587341
-1.0165225267410278
-0.3319765329360962
-0.5597599744796753
-0.1981050968170166
-0.7327327728271484
-0.5493922829627991
-0.33797383308410645
-0.5721982717514038
-0.06982660293579102
-0.2374584674835205
-0.39115726947784424
-0.6373332738876343
-1.0165225267410278
-0.42877423763275146
-0.5035712718963623
-0.26775622367858887
-0.13804960250854492
0.5539281368255615
-0.016745924949645996
-0.602542519569397
-0.7399991750717163
0.1349550485610962
0.07056879997253418
-0.47864770889282227
-0.646978497505188
-0.5056420564651489
-0.5270366668701172
-0.4561164379119873
-0.46981412172317505
-0.828258216381073
-0.47401881217956543
0.1434704065322876
-0.537632942199707
-1.0561275482177734
0.08826911449432373
0.030582785606384277
-0.34516727924346924
-0.13133680820465088
-0.43869805335998535
-0.5569534301757812
-0.6643573641777039
-0.5124643445014954
0.030778169631958008
-0.1352100372314453
0.07052254676818848
-0.5227324962615967
-0.6633963584899902
-0.3803722858428955
-0.13728106021881104
-0.7218548655509949
-0.42351269721984863
-0.37585604190826416
1.4698922634124756
-0.35457074642181396
-0.4434693455696106
0.7384582757949829
-1.0651533603668213
-0.8809347748756409
0.16067707538604736
-0.3679767847061157
-0.2533297538757324
-0.5003007650375366
-0.6534066200256348
-0.6200239658355713
-0.39014339447021484
-0.2692108154296875
0.2542905807495117
-0.2745817303657532
-0.34763574600219727
-0.20511960983276367
-0.47923743724823
-0.23749136924743652
-0.3399718999862671
-0.5401643514633179
-0.5473576784133911
-0.430908203125
-0.49348849058151245
-0.17740964889526367
0.19661736488342285
-0.3665386438369751
0.24939990043640137
-0.4571833610534668
-0.2586177587509155
-0.01681220531463623
-0.5557340383529663
-0.29443907737731934
-0.41240620613098145
-0.5175734758377075
-0.9584089517593384
-0.9254372119903564
-0.20831704139709473
-0.9361028671264648
-0.09794437885284424
-0.5175403952598572
-0.4912452697753906
0.08336210250854492
-0.7292304635047913
-0.4933691620826721
-0.48424065113067627
-0.43643152713775635
-0.2382138967514038
-0.44309163093566895
-0.20586180686950684
-0.5625366568565369
-0.5153369903564453
-0.5197803974151611
0.41062355041503906
-0.5020005702972412
0.37509727478027344
-0.10503816604614258
-0.4717392921447754
-0.7518446445465088
-0.5523312091827393
-0.39151835441589355
0.009612202644348145
-0.35891783237457275
-0.23419463634490967
-0.9998958706855774
-0.6534563302993774
-0.41160428524017334
-0.42436742782592773
-0.20914214849472046
-0.7838852405548096
-0.44352900981903076
-0.30555546283721924
0.44830989837646484
-0.11326205730438232
-0.3290708065032959
-0.5743586421012878
-0.5547997355461121
-0.29612553119659424
-0.329160213470459
-0.42728662490844727
-0.2958904504776001
-0.44045746326446533
-0.285244345664978
-0.3630661964416504
-0.60619056224823
0.13046526908874512
-1.1100035905838013
-0.3212709426879883
-0.08474361896514893
-0.11095929145812988
-0.6150439977645874
-0.815594494342804
-0.28614556789398193
-0.20938396453857422
-0.45873403549194336
-0.3587387800216675
-0.8122943639755249
-0.1514822244644165
-0.4010113477706909
-0.2611757516860962
-0.6083278059959412
-0.17907297611236572
-0.4043347239494324
-0.08901798725128174
-0.4738997220993042
0.4897111654281616
-0.20129919052124023
-0.6866632699966431
-0.7364305853843689
-0.5433884263038635
-0.008647918701171875
-0.7429115176200867
-0.42364537715911865
-0.5789609551429749
-0.5330471992492676
-0.5081204175949097
-0.22652745246887207
-0.23122239112854004
-0.30147331953048706
-0.12119436264038086
-0.5903294086456299
-0.23516547679901123
-0.36937808990478516
-0.28757691383361816
-0.790190577507019
-0.07106924057006836
-0.31006836891174316
-0.3072420358657837
-0.16773772239685059
-0.21169674396514893
0.3147766590118408
-0.21797573566436768
-0.6490428447723389
-0.32493895292282104
-0.657243549823761
-0.5523875951766968
-0.5427123308181763
0.2559638023376465
-0.615620493888855
-0.44220030307769775
-0.43108701705932617
-0.3834306001663208
0.003668069839477539
-0.008936285972595215
-0.32399797439575195
-0.6581745147705078
-0.41958630084991455
0.24419808387756348
-0.5642958879470825
0.2115873098373413
0.10739076137542725
-0.7609960436820984
-0.7394192218780518
-0.45778989791870117
-0.6413392424583435
-0.6097524166107178
0.03008568286895752
-0.8121815919876099
-0.6691219806671143
-0.4921962022781372
-0.6330256462097168
-0.22271382808685303
0.09423327445983887
0.06843841075897217
-0.8411839008331299
-0.6442715525627136
-0.4152987003326416
-0.009880542755126953
-0.16698551177978516
-0.4554438591003418
-0.26709020137786865
-0.4908409118652344
-0.2356095314025879
-0.8192224502563477
-0.6355506181716919
-0.5358237624168396
-0.42957282066345215
-0.6369919776916504
-0.21850579977035522
-0.5360591411590576
-0.44878727197647095
-0.3271986246109009
-0.46649420261383057
-0.720585823059082
-0.3497529625892639
-0.8590397834777832
-0.5495678186416626
-0.533106803894043
0.05446910858154297
-0.1139976978302002
-0.19775390625
0.23219013214111328
-0.27641069889068604
-0.6111573576927185
-0.505433201789856
-0.18750548362731934
0.2848864793777466
0.011749267578125
-0.32842135429382324
-0.5117286443710327
-0.5530833005905151
-0.26974427700042725
-0.596058189868927
-0.7199664115905762
-0.5668802261352539
-0.02055644989013672
-0.06754696369171143
0.03804457187652588
-0.17573630809783936
-0.1609783172607422
-0.23566579818725586
-0.6732470989227295
-0.5322055816650391
-0.6436982750892639
-0.16962969303131104
-0.5994908809661865
-0.5219341516494751
-0.44016575813293457
-0.4227539300918579
-0.6168166399002075
-0.2659667730331421
-0.5840107202529907
-0.838559627532959
-0.20666027069091797
-0.7806578278541565
-0.24118924140930176
-0.09493565559387207
-0.3095613718032837
-0.13775479793548584
-0.19985127449035645
-0.33519065380096436
-0.3333980441093445
-0.7952567934989929
-0.4592444896697998
-0.37936151027679443
-0.8752322793006897
0.31917035579681396
-0.16667747497558594
-0.3613731861114502
-0.3477848768234253
-0.5000687837600708
-0.07749378681182861
-0.18833708763122559
-0.557072639465332
-0.15535902976989746
-0.28757357597351074
-0.32049572467803955
-0.47992998361587524
-0.6465544700622559
-0.6894067525863647
-0.6538141369819641
-0.8061843514442444
-0.3136998414993286
-0.09535980224609375
-0.5514763593673706
-0.33646297454833984
-0.5379676222801208
-0.7514668107032776
-0.6831015348434448
-0.15047162771224976
-0.5887753367424011
-0.40456318855285645
-0.7908467054367065
-0.7500883936882019
-0.6875413656234741
-0.2787930965423584
-0.5735999345779419
-0.46430718898773193
-0.4073268175125122
-0.0025148391723632812
0.07243430614471436
-0.6000971794128418
-0.7313213348388672
-0.2092580795288086
0.014592409133911133
-0.10042273998260498
-0.5107015371322632
-0.3725557327270508
-0.5384711027145386
0.4362626075744629
-0.42428791522979736
-0.5477190017700195
-0.2488929033279419
-0.49052298069000244
-0.4564809799194336
-0.13497817516326904
-0.4343940019607544
-0.02423095703125
-0.24241197109222412
-0.7383456826210022
-0.6214917898178101
-0.544594407081604
-0.4405965805053711
-0.4505002498626709
-0.6846320629119873
0.10780489444732666
-0.353222131729126
-0.13862955570220947
-0.6245004534721375
-0.9391711950302124
-0.3378446102142334
-0.5164569616317749
-0.0043735504150390625
0.8755635023117065
0.3161119222640991
-0.3895270824432373
0.11899757385253906
-0.08558535575866699
-0.4315476417541504
-0.23562943935394287
-0.33977627754211426
-0.029164552688598633
-0.2006763219833374
-0.12449121475219727
-0.6549010276794434
-0.4796384572982788
-0.6433933973312378
-0.2599034309387207
-0.01503288745880127
-0.013174057006835938
-0.20570600032806396
-0.07089686393737793
-0.39331769943237305
-0.3412606716156006
-0.5349987149238586
-0.0477825403213501
-0.4169487953186035
-0.4757317900657654
-0.5902266502380371
-0.15237009525299072
-0.31715238094329834
0.13565075397491455
-0.13266539573669434
-0.409934401512146
-0.4945453405380249
-0.653980016708374
-0.3882712125778198
-0.4808145761489868
0.3511214256286621
-0.042732954025268555
-0.5774136781692505
-0.4938662052154541
-0.14312255382537842
-0.10419332981109619
0.08534002304077148
-0.3500148057937622
0.46823692321777344
-0.456729531288147
-0.3465157747268677
-0.2631704807281494
-0.20856225490570068
-0.5770226716995239
-0.4664875268936157
-0.27021467685699463
-0.3130537271499634
-0.4508647918701172
-0.5582821369171143
-0.22942662239074707
-0.4569317102432251
-0.7688024044036865
-0.7231172323226929
-0.6213592886924744
-0.24581146240234375
-0.08634066581726074
-0.7358607053756714
-0.607575535774231
-0.09838831424713135
-0.7666124105453491
0.11001825332641602
-0.22904908657073975
-0.9794819355010986
-0.6221213340759277
-0.34880542755126953
-0.28402507305145264
-0.5766252279281616
-0.3769195079803467
-0.30691397190093994
0.1720120906829834
-0.2977656126022339
-0.16485178470611572
-0.8635989427566528
-0.17691922187805176
-0.41808533668518066
-0.3921546936035156
-0.5936691761016846
-0.0012890100479125977
-0.41309213638305664
-0.6262101531028748
-0.040065765380859375
-0.31672489643096924
-0.371856689453125
-0.6882402896881104
-0.2190093994140625
-0.2933191657066345
-0.2993527054786682
-0.21653413772583008
-0.31933581829071045
-0.6311404705047607
-0.7379016876220703
-0.5737556219100952
-0.9046221971511841
-0.5715688467025757
-0.6074629426002502
-0.0742567777633667
-0.2130749225616455
-0.11259615421295166
-0.6125887632369995
-0.32223188877105713
-0.41735637187957764
-0.6341689825057983
-0.5556345582008362
-0.37431538105010986
0.12120413780212402
-0.13935530185699463
-1.0399317145347595
-0.34854352474212646
-0.5500450134277344
-0.6274725794792175
-0.8868921995162964
-0.44587135314941406
-0.22625577449798584
-0.5140712261199951
0.04645061492919922
-0.4848768711090088
-0.5259067416191101
-0.7725367546081543
-0.3447761535644531
-0.8213099241256714
-0.3316882848739624
-0.11010122299194336
-0.17187285423278809
-1.0035738348960876
-0.3849513530731201
-0.03663957118988037
-0.43285977840423584
-0.5078322291374207
-0.3207772970199585
-0.3554486036300659
-0.07188427448272705
-0.6010681390762329
-0.14429879188537598
-0.659214973449707
-0.23841917514801025
-0.38233375549316406
-0.36156201362609863
-0.49524110555648804
-0.3085441589355469
-0.26742470264434814
0.34440183639526367
0.0749061107635498
-0.35026001930236816
-0.477441668510437
-0.44481128454208374
-0.4030390977859497
-0.6463192701339722
-0.25793206691741943
-0.27559566497802734
-0.6573660969734192
-0.6439832448959351
-0.5688020586967468
-0.35668468475341797
-0.2030552625656128
-0.9609535932540894
-0.3474236726760864
-0.4762919545173645
-0.3378744125366211
0.013624727725982666
-0.47053003311157227
-0.3422149419784546
0.22484087944030762
-0.47442978620529175
-0.17192256450653076
-0.0709301233291626
-0.2053614854812622
-0.4869908094406128
-0.37303292751312256
-0.11482274532318115
-0.6200141310691833
-0.16590547561645508
-0.5479342937469482
-0.46222984790802
-0.7188229560852051
-0.40319812297821045
-0.7768474817276001
-0.3244318962097168
-0.6813485622406006
0.0721592903137207
-0.28684139251708984
-0.3424071669578552
-0.07879936695098877
-0.8871971368789673
-0.3422579765319824
-0.01024174690246582
-0.22536122798919678
-0.5844679474830627
-1.0234441757202148
-0.05814695358276367
-0.6570680141448975
-0.25026464462280273
-0.07353782653808594
-0.4487309455871582
-0.5688185691833496
-0.47642433643341064
-0.4851619005203247
-0.6588736772537231
-0.5521887540817261
-0.3586595058441162
-0.5278781652450562
-0.4718519449234009
-1.008083164691925
-0.5129347443580627
-0.5871981382369995
-0.6695427894592285
-0.49701374769210815
-0.35336780548095703
-0.37776124477386475
-0.6233042478561401
-0.8660541772842407
-0.2743101119995117
-0.4384263753890991
-0.4755861759185791
-0.8697951436042786
-0.5288853645324707
-0.7080380916595459
-0.53127121925354
-0.08319294452667236
-0.6706528663635254
-0.6001569032669067
-0.2179126739501953
-0.44566941261291504
-0.4778723120689392
-0.2840315103530884
-0.5783413648605347
-0.7912143468856812
-0.027703404426574707
-0.6455736756324768
0.8279201984405518
-0.1871776580810547
-0.6542185544967651
-0.771254301071167
-0.3552631139755249
-0.6216573715209961
-0.2878553867340088
-0.4763813018798828
-0.344269335269928
-0.14502441883087158
-0.6377209424972534
0.11870932579040527
-0.34360992908477783
-0.3565453290939331
-0.23631513118743896
-0.29877960681915283
-0.20140862464904785
-0.5116126537322998
-0.2723585367202759
-0.557990312576294
-0.2578160762786865
-0.3772972822189331
-0.2526271343231201
-0.3037794828414917
-0.934048593044281
-0.2761622667312622
-0.22866129875183105
-0.7109503746032715
-0.6967724561691284
-0.530896782875061
-0.6527936458587646
-0.5570065975189209
-0.13403046131134033
-0.5565359592437744
-0.8269162178039551
-0.6339734792709351
-0.6630253791809082
-0.5568837523460388
-0.33863651752471924
-0.4637671709060669
-0.8035999536514282
-0.36690986156463623
-0.5444021821022034
-0.341863751411438
-0.6434100270271301
-0.6731313467025757
-0.2802874445915222
-0.686037003993988
0.06380605697631836
-0.3371785879135132
-0.7154104709625244
-0.6564712524414062
-0.42124974727630615
-0.4574352502822876
-0.34628379344940186
-0.7540545463562012
-0.30167222023010254
-0.4935150146484375
-0.680781900882721
-0.3375098705291748
-0.45737218856811523
-0.553520679473877
-0.37510716915130615
-0.6228337287902832
-0.5787522196769714
-0.33758294582366943
-0.35965675115585327
-0.4362426996231079
-0.8635259866714478
-0.22533798217773438
-0.44281649589538574
-0.25131845474243164
0.04744446277618408
-0.33939194679260254
-0.5317914485931396
-0.1528308391571045
-0.3937450647354126
-0.2659635543823242
0.0064743757247924805
-0.44126248359680176
0.44902586936950684
-0.28981685638427734
-0.5805215835571289
0.056566476821899414
-0.2422926425933838
-0.0926661491394043
-0.6453715562820435
-0.3225167989730835
-0.11473000049591064
-0.5303899049758911
-0.6201134920120239
-0.317391037940979
0.29961133003234863
-0.29118192195892334
-0.0980832576751709
-0.2588232755661011
-0.5767377614974976
-0.763557493686676
-0.3024343252182007
-0.06943237781524658
-0.28479039669036865
-0.7949388027191162
-0.09378588199615479
-0.340329647064209
-0.33937859535217285
-0.7688919901847839
-0.7280310988426208
-0.4407985210418701
-0.28253400325775146
-0.6039870977401733
-0.3656407594680786
-0.6759707927703857
-0.43051719665527344
0.05109608173370361
-0.4379822611808777
0.045264363288879395
-0.15906989574432373
-0.4851950407028198
-0.5340245962142944
-0.7259071469306946
-0.013276815414428711
-0.4014420509338379
-0.29091358184814453
-0.13268840312957764
-0.007647037506103516
-0.3679535388946533
-0.3457372188568115
-0.32655584812164307
-0.5253667831420898
-0.4542710781097412
-0.22626566886901855
-0.2921825647354126
-0.3212842345237732
0.009840965270996094
-0.6566669344902039
-0.7635010480880737
-0.4246026277542114
-0.475924015045166
-0.6390959024429321
-0.5398298501968384
-0.4646717309951782
-0.3226792812347412
-0.7106025218963623
-0.4177042245864868
-0.19093167781829834
-0.39168083667755127
-0.6112667322158813
-0.6214521527290344
-0.5166622400283813
-0.5734209418296814
-0.6350536346435547
-0.12852692604064941
-0.2730708122253418
-0.02701425552368164
-0.33175456523895264
0.22056996822357178
-0.18158113956451416
-0.42640191316604614
-0.5512045621871948
-0.01586127281188965
-0.6611202955245972
-0.36148905754089355
-0.42172670364379883
-0.5025440454483032
-0.632737398147583
0.30620503425598145
-0.47722291946411133
-0.6414252519607544
-0.9229486584663391
-0.494823694229126
-0.39639902114868164
-0.3587554693222046
-0.43009305000305176
0.08404779434204102
-0.6417102813720703
-0.4168294668197632
-0.6943899393081665
-0.722458004951477
-0.20145165920257568
-0.5038957595825195
-0.2934814691543579
-0.1411510705947876
-0.30237793922424316
-0.6605834364891052
-0.04552948474884033
-0.3838247060775757
0.3259694576263428
-0.7307116985321045
-0.2521601915359497
-0.21834003925323486
-0.266593337059021
0.35619091987609863
0.015175461769104004
-0.03495299816131592
-0.6537313461303711
-0.34885501861572266
-0.41937750577926636
-0.723750114440918
-0.5439615249633789
-0.3032428026199341
-0.4988992214202881
-0.6893205642700195
-0.6341821551322937
-0.5809391736984253
-0.3721715211868286
-0.33205944299697876
-0.11987555027008057
-0.3192927837371826
-0.2788032293319702
-0.2973647117614746
0.04185152053833008
-0.2770735025405884
-0.17695903778076172
-0.27466142177581787
-0.4858543872833252
-0.39820826053619385
-0.11678099632263184
-0.5767046809196472
-0.2919207811355591
-0.5478646755218506
-0.47371411323547363
0.0682295560836792
0.4382340908050537
-0.32083678245544434
0.2315075397491455
-0.13277149200439453
0.22679603099822998
-0.5959323644638062
-0.21958589553833008
-0.23917138576507568
-0.4768320322036743
0.03928029537200928
0.05334913730621338
-0.3345179557800293
-0.17042160034179688
0.11275184154510498
0.0406951904296875
-0.40585213899612427
-0.20770418643951416
-0.11878883838653564
-0.35390138626098633
-0.22604036331176758
-0.5590208768844604
-0.2721065282821655
0.08503854274749756
-0.30677151679992676
-0.6916731595993042
-0.8856894969940186
-0.19119668006896973
-0.2947736978530884
-0.4976069927215576
-0.3371323347091675
-0.7950149774551392
-0.3178051710128784
-0.6755102872848511
0.06286513805389404
-0.694675087928772
-0.6049082279205322
-0.36122727394104004
-0.2990446090698242
-0.4317995309829712
-0.300287127494812
-0.4863150119781494
0.2773318290710449
-0.6966729164123535
-0.8080363273620605
-0.3927907943725586
-0.34201622009277344
0.26140105724334717
-0.10806334018707275
-0.9953432679176331
-0.5557106733322144
-0.4537011384963989
-0.0962146520614624
-0.09053552150726318
-0.5506876707077026
-0.5387959480285645
-0.4322103261947632
-0.9219878911972046
-0.39504051208496094
-0.6221346855163574
-0.8720548748970032
0.18669366836547852
-0.3019239902496338
-0.22328031063079834
-0.1277449131011963
-0.6610639095306396
-0.31302714347839355
-0.6258953809738159
-0.4777863025665283
-0.35730409622192383
-0.3218076229095459
-0.6944761872291565
-0.37121713161468506
-0.6313990354537964
-0.26140451431274414
-0.36790716648101807
-0.12424600124359131
-0.24806809425354004
-0.6534463167190552
-0.6734925508499146
-0.3567310571670532
-0.25850510597229004
-0.4737340211868286
-0.8505374193191528
-0.6275720596313477
-0.4769313335418701
-0.6614549160003662
-0.6671373844146729
-0.7028094530105591
-0.2028498649597168
-0.6820178627967834
-0.6095337867736816
-0.32472681999206543
-0.09865343570709229
-0.6660870313644409
-0.04101991653442383
-0.2609173059463501
-0.3417445421218872
-0.7898757457733154
-0.14030277729034424
-0.8904408812522888
-0.3121459484100342
-0.316847562789917
-0.6598610877990723
-0.05235183238983154
0.04039037227630615
-0.5005393028259277
-0.07882583141326904
-0.18942391872406006
-0.7216790914535522
-0.15035903453826904
0.36721789836883545
-0.2506788969039917
-0.8044679164886475
0.4425780773162842
-0.27827298641204834
-0.32648634910583496
-0.7068750858306885
-0.34557151794433594
-0.11736738681793213
-0.6512528657913208
-0.43073272705078125
-0.24344241619110107
-0.4021345376968384
-0.4226280450820923
-0.13622057437896729
0.32197999954223633
-0.3975621461868286
-0.6484133005142212
-0.42255187034606934
-0.012150168418884277
-0.5081104040145874
-0.3691960573196411
-0.32186734676361084
-0.44526517391204834
-0.44012606143951416
-0.42936086654663086
-0.32839131355285645
-0.6108789443969727
-0.33980607986450195
-0.3894011974334717
-0.5479973554611206
-0.012842774391174316
-0.1697854995727539
-0.3241536617279053
-0.5971516370773315
-0.6301863193511963
-0.27255070209503174
0.011179447174072266
-0.38624680042266846
0.03775632381439209
-0.12795710563659668
-0.4306265115737915
-0.550919771194458
-0.23942315578460693
-0.6475120782852173
0.06307387351989746
-0.3490804433822632
-0.45340967178344727
-0.775402843952179
-0.6075425148010254
0.09357380867004395
-0.3043261766433716
-0.30670857429504395
-0.15179693698883057
-0.49699079990386963
0.32205963134765625
-0.6389005184173584
-0.48968470096588135
-0.3904051184654236
0.09994220733642578
-0.36924242973327637
-0.6497088074684143
-0.3631093502044678
-0.17349648475646973
0.07691729068756104
0.15098512172698975
-0.3815649747848511
0.10192036628723145
-0.4286617040634155
-0.08531689643859863
-0.029207706451416016
-0.4292481541633606
-1.0479236841201782
-0.44607365131378174
-0.31949830055236816
-0.612608790397644
-0.5248366594314575
0.0027004480361938477
-0.33832502365112305
-0.32524704933166504
-0.4372103214263916
-0.3270496129989624
-0.18892371654510498
0.09015762805938721
-0.3715054988861084
-0.3046807050704956
-0.2169351577758789
-0.072540283203125
-0.23901903629302979
-0.3294914960861206
-0.2667621374130249
-0.3386266231536865
-0.1881319284439087
-0.5003106594085693
-0.6038944721221924
-0.5204859972000122
0.18208813667297363
-0.2022104263305664
-0.42774057388305664
-0.051543354988098145
-0.24589765071868896
-0.29877960681915283
-0.2160935401916504
-0.28066182136535645
-0.5263606309890747
-0.08037984371185303
-0.31668853759765625
-0.13753604888916016
-0.46614956855773926
0.07977354526519775
-0.5114008188247681
0.11735415458679199
-0.4129561185836792
-0.3432753086090088
-0.31017112731933594
-0.1837846040725708
-0.34994184970855713
-0.14594876766204834
-0.5534776449203491
-0.23523831367492676
-0.6550003290176392
0.19985783100128174
0.17834389209747314
-0.3145284652709961
-0.44754481315612793
-0.43146812915802
0.016961216926574707
-0.3244584798812866
-0.36295032501220703
-0.5750113725662231
0.22787606716156006
-0.441272497177124
-0.04142415523529053
-0.4430882930755615
-0.6157695651054382
0.21774697303771973
-0.3033256530761719
-0.03149056434631348
-0.18398666381835938
-0.23928415775299072
-0.6327707171440125
-0.4009251594543457
-0.17677998542785645
-0.7638589143753052
-0.22671294212341309
0.5274044275283813
0.09209930896759033
-0.21751177310943604
-0.5685933828353882
-0.2980140447616577
-0.8198323249816895
-0.2441248893737793
-0.6524423360824585
-0.5840802192687988
-0.30892205238342285
-0.5525432825088501
-0.8106706142425537
-0.21862506866455078
-0.13382184505462646
-0.07951188087463379
-0.887319803237915
-0.4912288188934326
-0.38869214057922363
-0.32511448860168457
-0.5976650714874268
0.09940540790557861
-0.3928239345550537
-0.6865372657775879
-0.4989854097366333
-0.10976302623748779
-0.4606260061264038
-0.24996984004974365
-0.5667245984077454
-0.5267152786254883
-0.34894120693206787
-0.38598835468292236
-0.5439449548721313
-0.22717368602752686
-0.35698938369750977
-0.3957330584526062
0.13864600658416748
-0.4982564449310303
-0.42704808712005615
-0.09944868087768555
-0.44776999950408936
-0.005129218101501465
-0.5341606140136719
-0.15212500095367432
-0.470516562461853
-0.29508519172668457
-0.4576740264892578
-0.6414815187454224
-0.5954551696777344
0.08530354499816895
0.0065937042236328125
-0.22365474700927734
-0.19221723079681396
-1.004915714263916
-0.4212132692337036
-0.2665170431137085
-0.17280733585357666
-0.4376741647720337
-0.42348945140838623
-0.10124099254608154
-0.2107391357421875
-0.40009021759033203
-0.4698439836502075
-0.3246142864227295
-0.7352941036224365
-0.14602506160736084
-0.2995713949203491
-0.45033133029937744
-0.3873833417892456
-0.4964141845703125
-0.34481942653656006
-0.3513798713684082
-0.6248880624771118
-0.2598503828048706
-0.22514915466308594
-0.8602426052093506
-0.7383323907852173
-0.6257694959640503
-0.15127015113830566
-0.4694695472717285
-0.17747247219085693
-0.05924355983734131
-0.5739279389381409
-0.7842362523078918
0.0886070728302002
-0.18907618522644043
-0.43760132789611816
-0.39606773853302
-0.08612215518951416
-0.32198333740234375
-0.06820976734161377
-0.357973575592041
-0.35944485664367676
-0.339862585067749
-0.7447869777679443
-0.3227519989013672
-0.4280686378479004
-0.7045126557350159
-0.530976414680481
-0.5575069189071655
-0.3392195701599121
-0.09007155895233154
-0.11207914352416992
-0.6904107332229614
-0.3752032518386841
-0.4007827043533325
0.5975327491760254
-0.5534013509750366
-0.6731810569763184
0.29448533058166504
-0.3300647735595703
-0.02883315086364746
-0.17142879962921143
-0.7453535199165344
-0.5082132816314697
0.0791008472442627
-0.21195518970489502
-0.5029283761978149
-0.4672330617904663
-0.5263408422470093
-0.8000445365905762
0.22285616397857666
-0.4576871991157532
-0.726274847984314
-0.32804036140441895
-0.3402963876724243
0.028362751007080078
-0.5601773262023926
-0.3149224519729614
-0.44225990772247314
-0.6471673846244812
-0.36208879947662354
-0.4224390983581543
-0.3548126220703125
-0.9401055574417114
-0.3738347887992859
-0.4940219521522522
-0.4964638948440552
0.2494661808013916
-0.7847830653190613
-0.21455955505371094
-0.16104447841644287
-0.9022464752197266
-0.15100514888763428
-0.2728356122970581
-0.6489168405532837
-0.27305102348327637
-0.14809250831604004
0.1386725902557373
-0.27735841274261475
-0.32934582233428955
-0.414013147354126
-0.20186245441436768
-0.14203572273254395
-0.33409392833709717
-0.28355443477630615
-0.5116162300109863
-0.4880180358886719
-0.62286376953125
-0.3917933702468872
-0.5287296772003174
-0.6417732238769531
-0.7230874300003052
-0.2426670789718628
-0.40011006593704224
-0.5525466203689575
-0.6511967182159424
-0.4746980667114258
-0.9976793527603149
0.06577765941619873
-0.2718846797943115
-0.6655699014663696
-0.8496097922325134
-0.6273003816604614
-0.10125100612640381
-0.6007731556892395
-0.6962521076202393
-0.3494216203689575
-0.2700624465942383
0.020970582962036133
-0.4762886166572571
-0.5486600399017334
-0.3381693363189697
-0.38782382011413574
0.2766857147216797
-0.13629353046417236
-0.5834671854972839
-0.6575848460197449
-0.6039506793022156
-0.26188480854034424
0.7567715644836426
-0.35261571407318115
-0.0456387996673584
0.11439192295074463
-0.17255878448486328
-0.46543383598327637
-0.4136321544647217
-0.6394670605659485
0.7319273948669434
-0.7754260301589966
-0.40160107612609863
-0.3426920175552368
-0.2233864665031433
-0.3642956018447876
-0.13454413414001465
-0.3139979839324951
-0.8618295192718506
-0.6843140125274658
-0.4351459741592407
-0.7400621175765991
-0.5048633813858032
-0.5476425886154175
-0.4947807192802429
-0.002100706100463867
-0.5710187554359436
-0.24196135997772217
-0.5685503482818604
-0.5817045569419861
-0.8500802516937256
-0.23015892505645752
-0.5625563859939575
-0.10937535762786865
0.09051549434661865
-0.16837716102600098
-0.3481525182723999
-0.49614906311035156
-0.45214712619781494
-0.457919180393219
-0.10401439666748047
-0.54128098487854
-0.315498948097229
-0.5210525989532471
-0.32318294048309326
-0.5150156617164612
-0.4650493860244751
-0.6511369943618774
-0.5581197738647461
-0.5708068609237671
0.44661378860473633
-0.2690683603286743
-0.6992541551589966
-0.3669395446777344
-0.3851269483566284
-0.3152637481689453
-0.5061755180358887
-0.342987060546875
-0.4512193202972412
-0.5636730194091797
0.40353286266326904
-0.1356043815612793
-0.03372049331665039
-0.6245666742324829
-0.31845128536224365
-0.5005658864974976
-0.4053916931152344
-0.33669161796569824
-0.04852485656738281
-0.14971941709518433
-0.5874532461166382
-0.13022005558013916
-0.17498749494552612
-0.8289573788642883
-0.5172455310821533
-0.5122755169868469
-0.38198578357696533
-0.6855829954147339
-0.5581427812576294
-0.32498204708099365
-0.15534555912017822
-0.6404709815979004
-0.6962423920631409
0.08986282348632812
0.0099334716796875
-0.19397318363189697
0.0838620662689209
-0.09635055065155029
-0.4740421175956726
-0.708332896232605
0.04285883903503418
-0.15458691120147705
-0.19274067878723145
-0.47821044921875
-0.3803621530532837
0.07722866535186768
-0.04004251956939697
-0.34841102361679077
-0.4294370412826538
-0.08613526821136475
0.10036611557006836
-0.6637443900108337
-0.6427572965621948
-0.3628309965133667
-0.7241442203521729
-0.22816765308380127
-0.5326232314109802
-0.672766923904419
-0.5739511251449585
-0.9019185900688171
-0.7824902534484863
-0.27573156356811523
-0.6860867738723755
-0.9828450679779053
0.39040517807006836
-0.43245887756347656
-0.6291690468788147
0.18906283378601074
-0.4786907434463501
-0.006540775299072266
-0.39067018032073975
-0.6595993041992188
-0.54549241065979
-0.7729378938674927
-0.7252875566482544
-0.7517351508140564
-0.5072624087333679
-0.47102344036102295
-0.8533905148506165
-0.0630110502243042
-0.42200183868408203
-0.24440991878509521
-0.26946592330932617
-0.42477500438690186
-0.13379192352294922
0.3577747344970703
-0.32251012325286865
-0.7390415072441101
-0.5228287577629089
-0.16323482990264893
-0.5112583637237549
-0.798891544342041
-0.24469494819641113
-0.7402874231338501
-0.5426428318023682
-0.443386435508728
-0.2894059419631958
0.18013978004455566
-0.2792537212371826
-0.34164512157440186
-0.5118314027786255
0.2796480655670166
-0.3235805034637451
-0.5152477025985718
-0.8610278964042664
0.2984582185745239
-0.40626978874206543
-0.9774045348167419
-0.508445143699646
0.13383841514587402
-0.8231423497200012
-0.6453450918197632
-0.4820408225059509
-0.7020673751831055
-0.825312614440918
-0.49619555473327637
0.08676815032958984
0.05984997749328613
-0.5073782205581665
-0.2966291904449463
-0.41715097427368164
-0.5642560720443726
-0.4390326738357544
0.1566249132156372
-0.2261829376220703
-0.48910486698150635
-0.5713832378387451
-0.5477984547615051
-0.5364932417869568
0.018674254417419434
-0.21150457859039307
-0.28704023361206055
-0.5800079703330994
-0.7372657060623169
-0.287603497505188
-0.2729912996292114
-0.8567070960998535
-0.6477539539337158
0.023511886596679688
-0.6153687238693237
-0.6058989763259888
-0.6255276203155518
-0.1592024564743042
-0.5180838108062744
-0.5011259317398071
-0.5502537488937378
-0.4540754556655884
-0.5278087258338928
-0.5547863245010376
-0.23027479648590088
-0.3898352384567261
0.11789429187774658
-0.3668864965438843
-0.8522241115570068
-0.564255952835083
-0.24868416786193848
-0.38764840364456177
-0.26888275146484375
-0.4429755210876465
-0.2824411988258362
-0.793149471282959
-0.0885242223739624
0.18918871879577637
-0.47742176055908203
-0.22030818462371826
-0.9761056900024414
0.3094785213470459
-0.3973633050918579
-1.0030834078788757
-0.08404457569122314
-0.2212657928466797
-0.19926810264587402
-0.20522570610046387
-0.1738278865814209
-0.0013189315795898438
-0.722404956817627
-0.38310563564300537
-0.8254386186599731
-0.7529081106185913
-0.2834285497665405
-0.6773425340652466
-0.3287923336029053
-0.11606848239898682
-0.4636279344558716
-0.48823678493499756
-0.2692338228225708
-0.1113966703414917
0.0009343624114990234
-0.051410794258117676
-0.27802109718322754
-0.6600995659828186
0.20071947574615479
-0.42523229122161865
-0.9994418621063232
-0.16991150379180908
-0.14760220050811768
-0.3243457078933716
-0.1783771514892578
-0.3967602252960205
-0.4950556755065918
-0.2789355516433716
0.06863713264465332
-0.15751922130584717
-0.5328947305679321
-0.4635552167892456
-0.01962864398956299
-0.35365939140319824
-0.592595636844635
-0.26534390449523926
-0.23995018005371094
0.4038078784942627
-0.7044894099235535
-0.2621035575866699
-0.8011943697929382
0.34252309799194336
-0.6598412394523621
-0.15619385242462158
0.2088172435760498
-0.7412747144699097
-0.7552108764648438
-0.20088183879852295
0.07188773155212402
-0.23215031623840332
-0.7275805473327637
-0.15001118183135986
-0.44564294815063477
-0.545780599117279
-0.8060749769210815
-0.19268763065338135
-0.5110494494438171
-0.28887248039245605
-0.5051814317703247
-0.3697859048843384
-0.7062619924545288
-0.5764991641044617
-0.4512127637863159
-0.21871769428253174
-0.07222890853881836
0.7725268006324768
-0.1213369369506836
-0.32746052742004395
-0.1809781789779663
-0.2124950885772705
-0.3691331148147583
-0.3903290033340454
-0.1218339204788208
-0.5294320583343506
-0.3427550792694092
-0.4580780863761902
-0.7441408634185791
-0.32732462882995605
0.0058481693267822266
-0.6443842053413391
-0.33536291122436523
-0.5663403868675232
0.30528712272644043
0.32843804359436035
-0.5710651874542236
-0.43579554557800293
-0.5520362854003906
-1.0175927877426147
-0.5192136764526367
-0.6055742502212524
-0.5968104600906372
-0.33116817474365234
0.04578447341918945
-0.4375615119934082
-0.4821467399597168
-0.43027210235595703
-0.6949201822280884
-0.4383898973464966
0.17955005168914795
-0.765707790851593
-0.31310009956359863
-0.08340489864349365
-0.5449256896972656
-0.32829880714416504
-0.08313989639282227
-0.3211284875869751
-0.4560105800628662
-0.220056414604187
-0.4569018483161926
-0.7767977714538574
-0.19283020496368408
-0.4813879728317261
-0.9046421051025391
-0.20310497283935547
-0.47812420129776
-0.29353439807891846
-0.5950376391410828
-0.1837846040725708
-0.4270514249801636
-0.4429922103881836
-0.09014463424682617
0.21066617965698242
-0.512298583984375
0.1381855607032776
-0.49690449237823486
-0.23213040828704834
-0.5710419416427612
-0.23151755332946777
-0.4522068500518799
-0.6514217853546143
-0.4335920810699463
-0.2140723466873169
-0.5229545831680298
-0.02927720546722412
-0.37861931324005127
-0.4871896505355835
-0.3395874500274658
-0.7284353375434875
-0.42586517333984375
-0.510482907295227
-0.6788336634635925
-0.4665340185165405
-0.2699000835418701
-0.657253623008728
-0.6471011638641357
-0.7187039852142334
-0.35210883617401123
-0.35202276706695557
-0.055777907371520996
-0.48677873611450195
-0.32497870922088623
-0.4625841975212097
-0.3043891191482544
-0.19942045211791992
0.011179447174072266
-0.000125885009765625
-0.5092933773994446
-0.2155468463897705
-0.8029570579528809
-0.3085871934890747
-0.3329010009765625
-0.3672577142715454
-0.5587227940559387
-0.3006848096847534
-0.40877461433410645
-0.1299450397491455
-0.3062911033630371
-0.7686536312103271
-0.1186065673828125
-0.34577691555023193
-0.3501870036125183
-0.33790093660354614
-0.36798012256622314
-0.6618059873580933
-0.10099923610687256
-0.23598408699035645
-0.24457228183746338
-0.4714542627334595
-0.34323549270629883
-0.10398125648498535
-0.8161741495132446
-0.07286489009857178
-0.08046603202819824
-0.45203447341918945
-0.5187432765960693
-0.479366660118103
-0.49659299850463867
-0.23565912246704102
1.0029209852218628
-0.3179941177368164
-0.8580821752548218
-0.2703540325164795
0.536625862121582
-0.1255117654800415
-0.4210507869720459
-0.6855630874633789
-0.28072822093963623
-0.4820970296859741
-0.18954670429229736
0.04142749309539795
-0.5930628776550293
-0.2769308090209961
-0.13402390480041504
-0.5353466868400574
-0.5830961465835571
-0.5889675617218018
-0.4979848861694336
-0.5035046935081482
-0.3192133903503418
-0.5977811813354492
-0.9740413427352905
-0.5882948637008667
-0.63871169090271
-0.271642804145813
-0.5361417531967163
-0.5660983324050903
-0.03306758403778076
-0.4063624143600464
-0.48520493507385254
-0.3372083902359009
-0.440692663192749
-0.04363417625427246
0.558232307434082
-0.39850640296936035
-0.6104680299758911
0.6716798543930054
-0.36014044284820557
0.01371753215789795
-0.5037534236907959
-0.6501659750938416
0.02699434757232666
-0.7467784881591797
-0.7969432473182678
-0.5856640338897705
-0.28277575969696045
-0.1992945671081543
-0.315104603767395
-0.334733247756958
-0.5600216388702393
-0.5856871604919434
-0.36601853370666504
-0.4657188653945923
-0.19899976253509521
0.6909871101379395
-0.3138324022293091
-0.3092002868652344
-0.3262178897857666
-0.6310409903526306
-0.05396866798400879
-0.1665184497833252
-0.39547133445739746
-0.4287508726119995
-0.5726091861724854
-0.5553098917007446
-0.0371929407119751
-0.259350061416626
-0.4575313329696655
-0.0821923017501831
-0.3788248300552368
-0.20759129524230957
0.20258796215057373
-0.4076613783836365
0.02817714214324951
0.011384844779968262
0.5067189931869507
-0.5215232372283936
-0.4197121858596802
0.28357768058776855
0.18030214309692383
-0.4594365358352661
-0.5976685285568237
0.07646012306213379
-0.0759894847869873
0.17061376571655273
-0.5341571569442749
0.16211163997650146
-0.46031123399734497
-0.02461850643157959
-0.5605548620223999
-0.29137086868286133
-0.5958693027496338
0.10505473613739014
-0.28088390827178955
-0.17092525959014893
-0.6245236396789551
-0.29201698303222656
-0.2722889184951782
-0.28563201427459717
-0.7483786344528198
-0.43858206272125244
-0.5887488126754761
-0.3702561855316162
-0.17233335971832275
0.11187374591827393
-0.5395581722259521
-0.5567082166671753
-0.6684328317642212
-0.5544783473014832
0.42029881477355957
-0.15928196907043457
-0.23184895515441895
-0.7993289828300476
-0.3205188512802124
-0.5718371868133545
-0.6730219125747681
-0.4793403744697571
-0.613036036491394
-0.21995365619659424
-0.2711789608001709
-0.5270366668701172
-0.48134469985961914
-0.25023484230041504
-0.5536301136016846
-0.4838663339614868
-0.26196765899658203
-0.22358858585357666
-0.4855661392211914
-0.58016037940979
-0.20951306819915771
-0.9987758994102478
0.46302831172943115
-0.18379449844360352
-0.1848083734512329
-0.6574587821960449
-0.6498745083808899
-0.2152949571609497
-0.3865615129470825
-0.1596165895462036
-0.07013809680938721
-0.06469762325286865
-0.35906708240509033
-0.4488999843597412
-0.4413454532623291
-0.3532586097717285
-0.3539942502975464
-0.6478533744812012
-0.5297999382019043
0.06286513805389404
-0.8583904504776001
-0.4690786600112915
-0.6074662208557129
-0.311214804649353
-0.6982700228691101
-0.6379660367965698
0.23582494258880615
-0.3644082546234131
-0.530900239944458
-0.2731635570526123
-0.8307135105133057
0.36972296237945557
-0.49568188190460205
-0.3688117265701294
-0.46200454235076904
0.5026103258132935
-0.01620924472808838
-0.5091906785964966
-0.8471014499664307
-0.6771173477172852
-0.3609689474105835
-1.0252700448036194
-0.6224030256271362
-0.5803127288818359
-0.6368496417999268
-0.8128575086593628
-0.337261438369751
-0.020702123641967773
-0.2829582095146179
-0.09783482551574707
-1.1458877325057983
0.06491947174072266
-0.692352294921875
-0.19387400150299072
-0.5654622316360474
-0.35755598545074463
-0.32612842321395874
-0.27467119693756104
-0.17454349994659424
-0.5833115577697754
-0.7237733006477356
0.0032836198806762695
-0.6656761169433594
-0.42168372869491577
-0.3441433906555176
-0.6675448417663574
0.19563329219818115
-0.5766881704330444
-0.4401392936706543
0.13634657859802246
0.6791682243347168
-0.7755320072174072
-0.6461701393127441
-0.4694497585296631
-0.15349018573760986
-0.635875403881073
-0.5577684640884399
-0.5847560167312622
-0.7273650169372559
-0.44744873046875
-0.4887669086456299
-0.05402827262878418
-0.47194135189056396
-0.6215614080429077
-0.045340538024902344
-0.32764267921447754
-0.6744399070739746
-0.9413515329360962
-0.5566419363021851
-0.735595703125
-0.2030353546142578
-0.48833614587783813
-0.27330946922302246
0.7486436367034912
-0.20496714115142822
-0.4974346160888672
0.01528167724609375
0.1424466371536255
-0.5559792518615723
-0.6828726530075073
-0.6612493991851807
-0.7333226203918457
0.04623854160308838
0.24710702896118164
-0.016759276390075684
-0.20319795608520508
-0.06043648719787598
0.2449798583984375
-0.6141262054443359
-0.1391463279724121
-0.2878420352935791
-0.25046682357788086
-0.2368255853652954
-0.4203152656555176
-0.3586362600326538
-0.22880053520202637
-0.7257084250450134
-0.4801454544067383
-0.5420099496841431
-0.1130533218383789
-0.19017934799194336
-0.9183067679405212
-0.29802751541137695
-0.7647634744644165
-0.4173697233200073
-0.08115530014038086
-0.6819052696228027
-0.7769269943237305
-0.5914326310157776
-0.053402066230773926
-0.5508302450180054
-0.603112518787384
-0.29045963287353516
0.33656907081604004
-0.2658013105392456
-0.27267324924468994
-0.28681492805480957
-0.0447077751159668
-0.24548351764678955
-0.6379860639572144
-0.40167731046676636
-0.681428074836731
-0.6915605068206787
-0.4861624240875244
-0.3490868806838989
0.4127143621444702
-0.2042083740234375
0.23039746284484863
0.43633556365966797
-0.5669863820075989
-0.7003774642944336
-0.29933297634124756
-0.5097672939300537
-0.462060809135437
-0.574772834777832
-0.15855300426483154
-0.5882418155670166
-0.4362528324127197
-0.5038495063781738
-0.32863330841064453
-0.4123399257659912
-0.6777201890945435
-0.3918365240097046
0.18757176399230957
-0.6617298126220703
-0.3038426637649536
-0.285115122795105
-0.4956256151199341
-1.1770337224006653
-0.3130471706390381
-0.03745138645172119
-0.33837807178497314
-0.4920107126235962
0.0456089973449707
-0.7725069522857666
-0.5098565816879272
-0.3118342161178589
0.40545129776000977
-0.037401676177978516
-0.16179025173187256
-0.7847565412521362
-0.021556854248046875
-0.5502835512161255
-0.7544952630996704
-0.5190910696983337
-0.2596548795700073
-0.5870623588562012
0.08865344524383545
-0.22758448123931885
-0.8014494180679321
-0.42378103733062744
-0.11412036418914795
-0.33563458919525146
-0.8556534647941589
-0.04285562038421631
-1.003053605556488
-0.6085894703865051
-0.6965073943138123
-0.2465304136276245
-0.29737818241119385
-0.6525285243988037
-0.36831796169281006
-0.09617829322814941
-0.6643176078796387
-0.9888920187950134
-0.6491091251373291
-0.35850369930267334
-0.44459259510040283
-0.0487898588180542
0.14229750633239746
-0.3546401262283325
-0.4013395309448242
-0.6734427213668823
-0.46974122524261475
-0.08859705924987793
-0.2921959161758423
-0.5673642158508301
-0.1409454345703125
0.21514594554901123
-0.9102087020874023
-0.3085905909538269
-0.08006513118743896
0.23186540603637695
-0.431093692779541
-0.6625615358352661
-0.13139629364013672
-0.5190712809562683
-0.32636380195617676
-0.19357573986053467
-0.43415188789367676
0.5610289573669434
-0.513160228729248
-0.3373509645462036
0.31849098205566406
-0.7489286661148071
0.49169921875
-0.3961373567581177
-0.903045117855072
-0.4575941562652588
0.10253000259399414
-0.22535789012908936
-0.526953935623169
-0.08236145973205566
-0.4613684415817261
-0.16596508026123047
-0.4206962585449219
-0.3982049226760864
-0.24742519855499268
-0.8074302077293396
-0.3440936803817749
-0.6650631427764893
0.0729379653930664
-0.21203136444091797
-0.44898927211761475
-0.6437678337097168
-0.8387815952301025
-0.05423712730407715
-0.651617169380188
-0.35058140754699707
0.03969120979309082
-0.5124776363372803
0.24046719074249268
-0.5959619879722595
-0.33178436756134033
-0.6893106698989868
-0.6141824722290039
-0.5527653694152832
0.4957911968231201
-0.5939210653305054
-0.26915431022644043
-0.2929215431213379
-0.15756237506866455
-0.24469828605651855
-0.06326949596405029
-0.7597801089286804
-0.3153897523880005
-0.3612438440322876
-0.32446515560150146
-0.2644527554512024
-0.6450172662734985
-0.24636495113372803
-0.14877521991729736
-0.3828936815261841
-0.7283557653427124
-0.6363525390625
-0.5119738578796387
-0.40046465396881104
-0.3273676633834839
-0.4749234914779663
-0.44377410411834717
-0.6493344306945801
-0.09592640399932861
-0.21572577953338623
-0.8954905271530151
-0.23742198944091797
-0.7249628901481628
-0.3418339490890503
-0.2098710536956787
-0.39069664478302
-0.21226656436920166
-0.5180208683013916
-0.37158823013305664
0.16744637489318848
-0.8328837752342224
-0.45125913619995117
-0.07631433010101318
0.034250497817993164
-0.21943676471710205
-0.5662409067153931
0.2071077823638916
-0.8198025226593018
-0.5147141218185425
-0.4507124423980713
-0.5243329405784607
-0.08770251274108887
-0.33798372745513916
-0.49215978384017944
-0.6242552995681763
-0.7161923050880432
-0.5707603693008423
-0.30041635036468506
-0.42209458351135254
-0.6231915950775146
-0.48250114917755127
-0.4859703779220581
0.24191153049468994
-0.8752953410148621
-0.5475665330886841
0.14617079496383667
-0.32570743560791016
-0.12048530578613281
-0.5792096853256226
-0.1988903284072876
-0.8151371479034424
-0.6032813787460327
-0.5439417362213135
-0.3389214873313904
-0.5059568285942078
-0.6709376573562622
1.333717942237854
-0.31148648262023926
-0.8417139053344727
-0.39796292781829834
0.6441656351089478
-0.3274306058883667
-0.3019406795501709
-0.14759230613708496
0.02608633041381836
-0.5716615915298462
0.22887670993804932
-0.26200759410858154
-0.35322868824005127
-0.46052002906799316
-0.23229289054870605
0.19250214099884033
-0.32051217555999756
-0.3556939363479614
-0.5627418756484985
-0.14205896854400635
-0.5372186899185181
-0.5878375768661499
-0.287265419960022
-0.440255343914032
-0.3501605987548828
-0.12199962139129639
-0.37639594078063965
-0.30543291568756104
-0.4894063472747803
-0.3039286136627197
-0.2926994562149048
-0.285131573677063
-0.652498722076416
-0.26884961128234863
-0.3799612522125244
-0.5755714178085327
-0.6448016166687012
-0.5624139308929443
-0.5362577438354492
-0.9009376764297485
-0.4056335687637329
-0.44259774684906006
-0.1724100112915039
-0.685781717300415
-0.3419797420501709
-0.6213293075561523
-0.14464664459228516
0.37517666816711426
-0.3740767240524292
-0.009592294692993164
-0.2005934715270996
-0.36353015899658203
-0.7210828065872192
-0.5068647265434265
-0.8300474882125854
-0.6667332649230957
-0.45729613304138184
-0.5136836767196655
-0.21438050270080566
-0.25100696086883545
-0.08427977561950684
0.22078204154968262
-0.34573376178741455
-0.3702263832092285
-0.7902336120605469
0.00767064094543457
-0.3429969549179077
-0.6741418838500977
-0.3743218183517456
-0.2753206491470337
0.5791960954666138
-0.08514118194580078
-0.4496256113052368
-0.6801093816757202
-0.7189987897872925
-0.40675342082977295
-0.5330106616020203
0.40374815464019775
0.021288633346557617
-0.7605289220809937
-0.4624418020248413
0.19179314374923706
-0.6109552383422852
0.3517575263977051
-0.550028383731842
-0.3406113386154175
-0.16064047813415527
-0.7238396406173706
-0.4442545771598816
-0.4646453261375427
-0.7829805016517639
-0.14482223987579346
-0.5239353179931641
-0.37932515144348145
-0.11110496520996094
-0.5546936988830566
-0.7269708514213562
-0.30372321605682373
-0.32406747341156006
-0.10208594799041748
0.017802953720092773
-0.534024715423584
-0.6565510034561157
0.17046475410461426
-0.51639723777771
-0.8147063851356506
-0.1660778522491455
-0.3101543188095093
0.7139855027198792
-0.0628354549407959
-0.6303485631942749
-0.4544631242752075
-0.5507275462150574
-0.6532708406448364
0.019022226333618164
-0.882183849811554
-0.6465743780136108
-0.5746899843215942
-0.04387938976287842
-0.7262750864028931
-0.21331357955932617
-0.20289957523345947
-0.3794410228729248
0.42412233352661133
-0.5762209892272949
-0.44211089611053467
-0.8049253225326538
-0.30361056327819824
-0.9424480199813843
-0.28425025939941406
0.22203457355499268
-1.0106346011161804
-0.3826584815979004
-0.8869386911392212
-0.4123002290725708
-0.3141437768936157
-0.6390297412872314
-0.018869876861572266
-0.1057671308517456
-0.569159984588623
-0.3241899609565735
-0.39345014095306396
0.1881018877029419
-0.23152732849121094
0.030923962593078613
-0.7085747122764587
-0.3431030511856079
0.016242265701293945
-0.15305602550506592
-0.04195094108581543
-0.3796498775482178
-0.24895918369293213
-0.19412899017333984
-0.8515415191650391
-0.35388481616973877
-0.35430896282196045
-0.3776419162750244
-0.26619887351989746
-0.4589296579360962
-0.43225347995758057
-0.647932767868042
-0.6015817523002625
-0.6073171496391296
-0.766990065574646
-0.7278023958206177
-0.3241039514541626
-0.2721198797225952
0.37698912620544434
-0.9733920097351074
-0.07712280750274658
-0.5074710845947266
-0.24195146560668945
-0.36213529109954834
0.009827613830566406
0.12725472450256348
-0.3398559093475342
-1.0441330671310425
-0.528053879737854
-0.47401559352874756
-0.5093495845794678
-0.6900429725646973
-0.112510085105896
-0.5186105966567993
-0.3049192428588867
-0.10473668575286865
-0.18359577655792236
-0.8323701620101929
-0.3814159035682678
-0.5980263948440552
-0.18414580821990967
-0.31018102169036865
-0.47075533866882324
-0.35950422286987305
0.44522881507873535
-0.1788707971572876
-0.6213592886924744
-0.5208207368850708
0.11728131771087646
-0.6941050887107849
-0.2581671476364136
-0.5601706504821777
-0.6523695588111877
-1.011264145374298
-0.5081039667129517
-0.7920626401901245
-0.11266565322875977
0.2172764539718628
-0.630590558052063
-0.08942878246307373
-0.19828736782073975
-0.019436359405517578
-0.055429935455322266
-0.3279839754104614
-0.20069289207458496
-0.3715684413909912
0.14547502994537354
-0.3494912385940552
-0.5143498182296753
-0.22269058227539062
-0.6878626346588135
-0.3990398645401001
-0.5657836198806763
-0.25029778480529785
-0.3991292715072632
-0.3434410095214844
-0.6789828538894653
-0.9060238003730774
-0.4182310104370117
-0.5094690322875977
-0.03623545169830322
-0.1873563528060913
-0.7449163198471069
-0.6466107368469238
-0.5405189990997314
-0.7024319171905518
0.2925834655761719
0.09396815299987793
-0.4781407117843628
-0.3040909767150879
-0.4338471293449402
-0.7571028470993042
0.06300437450408936
-0.963266134262085
-0.7322391271591187
-0.485933780670166
-0.5008076429367065
-0.6602320671081543
-0.47405529022216797
-0.4103982448577881
0.14186346530914307
-0.3545178174972534
-0.39572644233703613
-0.5164105892181396
-0.5817475318908691
-0.31492912769317627
-0.5800212621688843
-0.1517505645751953
-0.3887385129928589
-0.3964555263519287
-0.6958612203598022
-0.4366205334663391
-0.5230108499526978
-0.8583172559738159
-0.6916499137878418
-0.30385899543762207
-0.22429096698760986
-0.5123416781425476
-0.49654674530029297
-0.4568719267845154
-0.37415289878845215
-0.40675997734069824
-0.3927973508834839
-0.3331794738769531
-0.10191357135772705
-0.9530246257781982
-0.9113351702690125
0.02763044834136963
-0.7821356654167175
-0.5364932417869568
-0.09623122215270996
-0.12518709897994995
-0.35593903064727783
0.5209665298461914
-0.822880744934082
0.16900336742401123
-0.31440556049346924
-0.39745283126831055
-0.214516282081604
-0.25648069381713867
-0.06844162940979004
0.01091766357421875
-0.770638108253479
-0.5062319040298462
-0.3292198181152344
-0.6062501668930054
-0.47227931022644043
-0.21956276893615723
-0.6673893332481384
-0.6534463167190552
-0.3977543115615845
-0.5141972303390503
-0.5155657529830933
-0.6813617944717407
-0.7627357244491577
0.20239269733428955
-0.8182648420333862
-0.10153591632843018
0.12432897090911865
-0.18477857112884521
0.04227900505065918
-0.47871410846710205
-0.6737543344497681
0.1525259017944336
-0.30963099002838135
-0.14222466945648193
-0.2799263000488281
-0.27877330780029297
-0.45848894119262695
-0.4416104555130005
-0.49824321269989014
-0.34205925464630127
-0.11923623085021973
0.38059425354003906
-0.4303019046783447
-0.24557971954345703
-0.4419286251068115
-0.3906635046005249
-0.2426074743270874
-0.7689051628112793
-0.30049920082092285
-0.983106791973114
-0.2377070188522339
-0.7738420963287354
-0.2343670129776001
-0.15034568309783936
-0.8223339319229126
-0.29943907260894775
-0.1679067611694336
-0.41631269454956055
-0.40778064727783203
-0.5415859222412109
-0.4470842480659485
0.41543126106262207
-0.48998939990997314
-0.5138990879058838
0.08034336566925049
-0.039545536041259766
-0.5640937089920044
-0.4240691661834717
0.3028782606124878
-0.7050725221633911
-0.5063412189483643
-0.806575357913971
-0.8078145384788513
-0.09619140625
-0.504906415939331
-0.46473467350006104
-0.877906322479248
-0.22918152809143066
-0.03982043266296387
-0.45800191164016724
-0.4445462226867676
-0.505771279335022
-0.04782235622406006
0.06744766235351562
-0.5522218942642212
-0.49654340744018555
-0.2502779960632324
-0.43037790060043335
-0.3378281593322754
-0.4859570264816284
-0.7106289267539978
-0.37596869468688965
-0.29348480701446533
-0.8734563589096069
-0.2715301513671875
-0.33608198165893555
-0.12185370922088623
0.002730250358581543
-0.34401416778564453
-0.5451905727386475
-0.14915621280670166
-0.2822688817977905
-0.2262723445892334
-0.5867341756820679
-0.6795493364334106
-0.3917703628540039
-0.5317416191101074
-0.26879656314849854
-0.4677467346191406
-0.735439658164978
-0.8201503157615662
-0.2340688705444336
-0.16217446327209473
-0.08824265003204346
-0.5496671199798584
-0.25861120223999023
-0.33201634883880615
-0.6410608291625977
-0.12608492374420166
0.29061198234558105
-0.3447033762931824
-0.11105859279632568
0.40573954582214355
0.054754018783569336
-0.6538208723068237
-0.8093485832214355
-0.281636118888855
-0.8036296963691711
-0.29737818241119385
-0.5505982637405396
-0.15220129489898682
-0.7348302006721497
-0.9368351101875305
-0.4600793123245239
-0.5794249773025513
-0.5651540756225586
-0.5158605575561523
-0.3996163606643677
-0.4690089225769043
-0.8039974570274353
-0.35535264015197754
-0.22253823280334473
0.028216958045959473
-0.34304332733154297
-0.38414621353149414
-0.5430105924606323
-0.33182740211486816
-0.08825922012329102
-0.5607836246490479
-0.552135705947876
0.44360166788101196
-0.2385087013244629
-0.7182698249816895
-0.1554948091506958
-0.6693474054336548
-0.9962676763534546
-0.9588362574577332
-0.3050187826156616
-0.146803617477417
-0.39420223236083984
-0.1590632200241089
-0.6945590972900391
-0.7165566682815552
-0.600803017616272
-0.6590825319290161
-0.12334465980529785
-0.5128155946731567
-0.09561491012573242
-0.48302149772644043
-0.46843576431274414
-0.5743123292922974
-0.6692479848861694
-0.8196070194244385
-0.4458615183830261
-0.5100951790809631
-0.18902647495269775
-0.39956343173980713
-0.7086677551269531
-0.6792147159576416
-1.0973331928253174
-0.13791048526763916
0.024893522262573242
-0.28906476497650146
-0.32866644859313965
-0.3306446671485901
0.03302812576293945
-0.8121484518051147
-0.21731626987457275
-0.7556583285331726
-0.2543833255767822
0.028650999069213867
-0.5719465017318726
-0.7272790670394897
-0.3880791664123535
-0.14397740364074707
-0.05681157112121582
-0.3307175040245056
0.04154348373413086
0.07422685623168945
-0.12246334552764893
-0.9732692241668701
-0.32954442501068115
0.055890560150146484
-0.9799325466156006
-0.7699985504150391
-0.2159179449081421
-0.12682723999023438
-0.121376633644104
-0.6656495332717896
-0.23985397815704346
-0.41192901134490967
-0.3944805860519409
-0.4429292678833008
-0.4030691385269165
-0.3640238046646118
0.468929648399353
-0.39145541191101074
-0.4998934268951416
-0.9082537889480591
-0.8039974570274353
-0.3498326539993286
-0.2981135845184326
-0.012511610984802246
-0.6531481742858887
-0.33266574144363403
-0.1121288537979126
-0.26388609409332275
-0.3693251609802246