0.02013552188873291
0.1499597132205963
-0.2093292474746704
0.08625125885009766
0.11100232601165771
-0.08581221103668213
0.12048041820526123
-0.35237225890159607
-0.06575456261634827
-0.1346617341041565
0.004448235034942627
-0.3539312183856964
0.3153548836708069
-0.22076043486595154
0.4923138916492462
0.02912476658821106
-0.059001803398132324
-0.12545865774154663
-0.09974506497383118
0.04911625385284424
-0.19940397143363953
0.3371056914329529
-0.16611090302467346
0.20712417364120483
-0.2034645676612854
-0.1319149136543274
0.029580414295196533
-0.1623651385307312
-0.07578417658805847
-0.1324300467967987
0.06965276598930359
0.13932529091835022
0.25297507643699646
-0.1255597472190857
-0.2703091502189636
-0.48028460144996643
0.1227102279663086
-0.0878714919090271
-0.004802823066711426
-0.2570953369140625
0.49617233872413635
-0.07457149028778076
-0.12684708833694458
-0.12604519724845886
-0.3513351082801819
-0.4694463610649109
0.002450227737426758
-0.17936784029006958
0.05274611711502075
0.11766564846038818
-0.2243654727935791
-0.17580920457839966
0.43907567858695984
0.07073122262954712
-0.1254372000694275
-0.45400261878967285
0.06946557760238647
-0.10042431950569153
0.17795127630233765
-0.2555363178253174
-0.2869739830493927
0.1407434344291687
-0.0640961229801178
-0.058064162731170654
-0.2088305950164795
0.0776413083076477
0.30309197306632996
0.18735814094543457
0.09923642873764038
-0.040393710136413574
0.2984465956687927
-0.09063646197319031
0.143912672996521
-0.3151378333568573
-0.4221409261226654
0.051076143980026245
-0.07804885506629944
0.5306615829467773
-0.09624779224395752
-0.08721208572387695
0.11833822727203369
0.32935237884521484
-0.3534308671951294
0.18784022331237793
0.026179254055023193
-0.23332995176315308
0.13944131135940552
-0.06914913654327393
-0.42966070771217346
-0.05845502018928528
-0.19614025950431824
-0.16263017058372498
-0.010253340005874634
-0.29393041133880615
-0.05343359708786011
0.3290922939777374
-0.352062463760376
0.4407622218132019
-0.042257487773895264
0.0059243738651275635
-0.1451038122177124
-0.23762410879135132
0.09409233927726746
-0.3644826412200928
-0.1745319664478302
-0.09865665435791016
0.6455985605716705
-0.21884042024612427
-0.1489490270614624
-0.30844148993492126
-0.1743844747543335
0.027332186698913574
0.35886821150779724
0.276276558637619
0.08504346013069153
-0.09988924860954285
-0.4963347017765045
0.1467987298965454
-0.455175518989563
-0.1789453625679016
0.08561339974403381
-0.09848430752754211
0.05314368009567261
-0.05181500315666199
-0.2622774839401245
0.1165158748626709
-0.0321582555770874
0.1281706690788269
0.13723787665367126
-0.06791651248931885
0.16633456945419312
-0.23420628905296326
-0.09578549861907959
0.05104133486747742
-0.3416599631309509
-0.06065183877944946
-0.8205379843711853
0.31553545594215393
0.19556376338005066
-0.21473348140716553
0.19317477941513062
0.24087947607040405
-0.0962560772895813
0.38116899132728577
0.3051992654800415
0.21440207958221436
-0.359721302986145
0.08448189496994019
-0.0019350051879882812
0.2602032721042633
-0.05953362584114075
-0.08175817131996155
-0.31795257329940796
-0.18321794271469116
-0.1601153016090393
-0.21904751658439636
0.07601282000541687
0.15638601779937744
0.28030067682266235
0.2462952435016632
-0.03785562515258789
0.037910252809524536
-0.15411466360092163
-0.2060854434967041
0.07811018824577332
0.28220921754837036
-0.21066126227378845
0.013401031494140625
-0.12930235266685486
-0.2939121723175049
-0.07747238874435425
-0.028076171875
0.09964725375175476
-0.09254997968673706
-0.1555991768836975
0.0053892433643341064
-0.11463707685470581
0.10247361660003662
-0.21382391452789307
-0.1998065710067749
-0.10138517618179321
0.3505697548389435
-0.13223135471343994
0.22657716274261475
-0.08888041973114014
0.16556081175804138
-0.5007249116897583
-0.3128565847873688
-0.005924344062805176
-0.16784709692001343
-0.680528461933136
0.19187092781066895
-0.16221261024475098
-0.26358628273010254
-0.21434080600738525
-0.5296426713466644
0.30563169717788696
-0.1707032322883606
0.05373847484588623
-0.10243719816207886
0.05257055163383484
0.06506037712097168
-0.17490962147712708
-0.10980117321014404
-0.36426568031311035
0.09187233448028564
-0.22728627920150757
-0.37139445543289185
0.1934233009815216
-0.39592528343200684
0.2666378915309906
-0.5215794444084167
-0.14013710618019104
0.008381247520446777
-0.009164869785308838
-0.23078185319900513
0.07598793506622314
0.2061387300491333
0.052192747592926025
-0.07220900058746338
-0.1846824586391449
0.035852670669555664
-0.051496922969818115
-0.34945476055145264
-0.13003617525100708
0.1932658553123474
-0.22195664048194885
0.038788437843322754
0.33551859855651855
0.21837985515594482
-0.15088415145874023
-0.3522910475730896
-0.28445568680763245
-0.0010072588920593262
-0.2870252728462219
-0.06437614560127258
-0.29653310775756836
-0.09437409043312073
-0.12261411547660828
-0.00944817066192627
-0.17867031693458557
0.3481178879737854
-0.6168911755084991
-0.25169938802719116
-0.2683790624141693
0.1127551794052124
0.08414718508720398
0.4281066954135895
0.09366005659103394
0.0783902108669281
-0.17315179109573364
0.054871559143066406
-0.23375734686851501
-0.126878559589386
0.1024107038974762
0.18866190314292908
-0.39088889956474304
0.18092507123947144
-0.05028581619262695
-0.14067715406417847
-0.3509324789047241
-0.18717581033706665
-0.05837717652320862
-0.26896554231643677
0.13330650329589844
-0.05963468551635742
0.2000037431716919
-0.3866957724094391
-0.12746331095695496
0.21377414464950562
-0.29629451036453247
-0.21774032711982727
0.4122968018054962
-0.045880645513534546
-0.2004593014717102
-0.2808738946914673
-0.13696616888046265
-0.13269686698913574
-0.00042241811752319336
0.13539230823516846
-0.30139219760894775
-0.12222647666931152
0.05256882309913635
-0.18569475412368774
0.02785244584083557
0.09430775046348572
0.12169304490089417
-0.2623337507247925
-0.06822961568832397
-0.11571729183197021
0.039335012435913086
0.351419597864151
-0.13224124908447266
-0.332122266292572
0.045415133237838745
-0.11678922176361084
-0.23389318585395813
-0.15932834148406982
0.2911388576030731
0.3301128149032593
-0.12257936596870422
-0.00718352198600769
-0.08806860446929932
-0.12376222014427185
-0.022912204265594482
0.022395193576812744
0.13517361879348755
0.38756054639816284
-0.024348527193069458
-0.23416489362716675
-0.10151603817939758
0.0419195294380188
-0.24993827939033508
-0.40837371349334717
0.03268343210220337
0.09833189845085144
0.08780190348625183
0.20675313472747803
-0.060993194580078125
0.0954459011554718
0.18486303091049194
0.07867175340652466
0.05151182413101196
-0.024542391300201416
-0.053882598876953125
-0.16385281085968018
-0.09961584210395813
-0.06095165014266968
0.21522876620292664
-0.24691486358642578
-0.08534997701644897
0.009516119956970215
0.05185645818710327
-0.1771593689918518
-0.24020850658416748
0.1217079758644104
0.2391432821750641
0.04250597953796387
-0.3222583830356598
-0.21209266781806946
-0.2809401750564575
0.011242330074310303
0.3152306079864502
0.6646854281425476
-0.19538313150405884
-0.021815389394760132
0.18306726217269897
-0.059306561946868896
-0.291231632232666
-0.08754676580429077
-0.14078646898269653
-0.5069276094436646
-0.17843180894851685
-0.3886473774909973
0.02504098415374756
0.07905614376068115
-0.012002795934677124
-0.11535614728927612
-0.21756809949874878
-0.271394282579422
0.14582955837249756
-0.15674719214439392
-0.05612903833389282
0.11505293846130371
0.18996074795722961
0.12008434534072876
-0.21630901098251343
-0.1631387174129486
0.025983691215515137
0.40483832359313965
-0.045380353927612305
-0.14984539151191711
-0.1361975371837616
-0.20921659469604492
-0.12467175722122192
-0.18227362632751465
-0.10568767786026001
0.8329499810934067
0.08041960000991821
-0.03345221281051636
-0.33940190076828003
-0.07560360431671143
0.10549712181091309
-0.03342556953430176
-0.09709936380386353
-0.18220409750938416
-0.34691664576530457
0.10918989777565002
-0.24074521660804749
0.06549111008644104
0.028882980346679688
-0.1174883246421814
-0.10415524244308472
0.034058451652526855
0.370402067899704
0.030700325965881348
-0.16949716210365295
0.04493632912635803
-0.09690704941749573
0.0033879876136779785
-0.15835419297218323
0.20549067854881287
0.10994043946266174
-0.05614230036735535
-0.02797180414199829
0.025599360466003418
0.18382427096366882
-0.2504536211490631
-0.11447808146476746
0.06224560737609863
-0.06491613388061523
-0.3867720067501068
0.3662802577018738
0.008106231689453125
0.24465510249137878
-0.33723166584968567
0.09528517723083496
-0.04208686947822571
-0.14874368906021118
-0.4981786012649536
-0.2635746896266937
0.2360982894897461
-0.10380563139915466
-0.3974245488643646
0.18622320890426636
-0.3174141049385071
-0.11095762252807617
-0.22076714038848877
-0.09021574258804321
0.19880589842796326
-0.12497496604919434
0.1887878179550171
-0.04216963052749634
-0.3142896294593811
-0.14202409982681274
0.34461718797683716
-0.06296789646148682
-0.1047598123550415
-0.30849117040634155
0.18253874778747559
-0.34756937623023987
0.2447214126586914
-0.4665769934654236
0.11945319175720215
-0.17318326234817505
0.14293360710144043
0.18397670984268188
0.27947741746902466
-0.0036762356758117676
0.1034494936466217
0.010095953941345215
0.2587122619152069
-0.12426924705505371
-0.18575438857078552
-0.22621765732765198
0.14625370502471924
-0.21203801035881042
-0.12783771753311157
-0.016490787267684937
-0.36395251750946045
0.11926761269569397
-0.23779308795928955
0.5071082711219788
0.1528092324733734
-0.1319015622138977
-0.0510694682598114
0.49924880266189575
-0.11722823977470398
0.2051030397415161
0.008656322956085205
0.295593798160553
-0.2924145460128784
-0.065847247838974
0.07943719625473022
0.09057849645614624
0.04117727279663086
-0.024671554565429688
0.22381216287612915
-0.08476346731185913
0.4508383274078369
0.27838391065597534
-0.3164334297180176
-0.27030742168426514
0.07224875688552856
0.09929439425468445
-0.3490588366985321
-0.08554542064666748
0.5832750499248505
-0.17558223009109497
0.25220805406570435
0.01828169822692871
-0.16200053691864014
-0.024113357067108154
-0.17754703760147095
-0.3284974694252014
-0.24776315689086914
0.11914995312690735
-0.07247239351272583
-0.2306394875049591
-0.28688448667526245
0.18405303359031677
-0.13175585865974426
-0.35151407122612
-0.20584693551063538
0.17574292421340942
0.1644541323184967
-0.12722653150558472
-0.34854856133461
0.2388516664505005
0.11802181601524353
0.15655502676963806
0.01084640622138977
-0.204572856426239
0.6075192093849182
0.29197391867637634
-0.035115450620651245
-0.11847075819969177
-0.16769137978553772
0.24630025029182434
0.347751647233963
-0.3023928105831146
-0.26466813683509827
-0.2786887586116791
-0.13049674034118652
-0.24366435408592224
-0.19501861929893494
-0.07030054926872253
0.08192062377929688
-0.06583395600318909
-0.31983786821365356
0.05749747157096863
0.5295780599117279
-0.2677893340587616
-0.057951420545578
0.07048273086547852
0.03455883264541626
-0.00035452842712402344
0.131326824426651
0.2967004179954529
0.4085444211959839
-0.15971267223358154
-0.0991966724395752
0.10273200273513794
0.2802444100379944
0.007602602243423462
0.3310752809047699
-0.3232126832008362
-0.09052717685699463
0.1942831575870514
-0.23169144988059998
-0.010087639093399048
-0.009489595890045166
-0.41995909810066223
0.43768900632858276
-0.278173565864563
-0.00039756298065185547
-0.039151161909103394
-0.17180490493774414
-0.15940117835998535
-0.17152166366577148
-0.0279998779296875
0.2934151887893677
0.4507223963737488
-0.21178284287452698
-0.03242170810699463
-0.03807768225669861
-0.08929294347763062
-0.28318002820014954
-0.0923280119895935
-0.10268235206604004
-0.1249915063381195
0.37188321352005005
-0.15655511617660522
-0.21097272634506226
-0.046271681785583496
0.49597683548927307
0.08611208200454712
0.5778874456882477
-0.10484933853149414
0.03277122974395752
-0.0776430070400238
-0.08695864677429199
0.020599424839019775
-0.25592395663261414
0.12708234786987305
0.27592700719833374
0.01579505205154419
-0.12639635801315308
-0.3494233191013336
-0.1377679705619812
-0.11720171570777893
-0.12188029289245605
-0.10768234729766846
-0.10555347800254822
-0.3792820870876312
0.07235807180404663
0.042620301246643066
-0.18285679817199707
-0.13520342111587524
-0.11626395583152771
-0.1445256769657135
0.03532746434211731
-0.30329567193984985
0.07213613390922546
-0.31060507893562317
-0.32848265767097473
0.2614077031612396
-0.054329901933670044
0.02767348289489746
-0.25698596239089966
0.28893548250198364
0.12855184078216553
0.4022372364997864
-0.01160857081413269
0.20772722363471985
-0.14200586080551147
0.59648397564888
0.15571510791778564
-0.36123061180114746
-0.39975887537002563
-0.12621411681175232
-0.13344734907150269
0.04494467377662659
-0.3177719712257385
-0.06896525621414185
-0.071652352809906
-0.24328669905662537
-0.14018842577934265
0.3267812132835388
-0.5743785500526428
-0.13812416791915894
0.26733696460723877
0.23215201497077942
-0.007745087146759033
0.05821645259857178
0.030148684978485107
-0.24599042534828186
-0.03545510768890381
-0.2742902636528015
0.1847406029701233
-0.14654192328453064
-0.34987884759902954
-0.06099313497543335
0.07974699139595032
-0.01772010326385498
-0.1126142144203186
0.5787241458892822
0.03640279173851013
0.038876116275787354
0.12015891075134277
-0.06425851583480835
-0.0961732268333435
0.023780256509780884
-0.19812828302383423
0.2476637065410614
0.02452746033668518
0.10041099786758423
-0.2549498379230499
0.08568131923675537
0.20697835087776184
0.033362627029418945
0.09166699647903442
-0.2697276473045349
-0.22778990864753723
0.05142396688461304
0.056028008460998535
-0.023240208625793457
0.13382172584533691
-0.2964419722557068
0.05232858657836914
-0.09030354022979736
-0.2556324005126953
0.188683420419693
-0.22195494174957275
0.05231034755706787
-0.1334572732448578
-0.0015141963958740234
0.0319196879863739
-0.022667020559310913
-0.13340431451797485
-0.22862151265144348
-0.06069326400756836
-0.11016231775283813
0.1291714310646057
-0.03994801640510559
-0.2707929015159607
-0.0064048171043396
-0.09254336357116699
-0.19860705733299255
0.04809737205505371
0.13192665576934814
0.18745750188827515
-0.0511954128742218
-0.3372647762298584
-0.35677409172058105
0.1310136318206787
0.7775648236274719
0.0013054609298706055
-0.021245568990707397
0.5517960488796234
0.1531272828578949
0.0638493001461029
0.1473056972026825
0.12405049800872803
0.20381402969360352
-0.1774691939353943
-0.06312865018844604
-0.36412814259529114
-0.05002248287200928
0.45666828751564026
0.44979462027549744
0.20108389854431152
0.052648305892944336
-0.2702362537384033
-0.13239705562591553
-0.2597046196460724
-0.516499936580658
-0.14386463165283203
0.30235475301742554
-0.11194008588790894
0.1967068314552307
0.2163487672805786
0.04989659786224365
-0.1706138253211975
-0.00880199670791626
-0.3467046618461609
-0.24853846430778503
-0.007824599742889404
-0.17711472511291504
-0.16671878099441528
0.013240426778793335
0.4480484426021576
-0.23425105214118958
-0.027271002531051636
0.6524258255958557
0.22467032074928284
-0.04409313201904297
0.05226895213127136
-0.24945291876792908
-0.15870711207389832
-0.22708913683891296
-0.05342867970466614
-0.0163765549659729
0.009744703769683838
0.884604424238205
-0.46514061093330383
0.4759257733821869
-0.10624426603317261
-0.06112724542617798
-0.15296664834022522
0.24996483325958252
0.16043496131896973
-0.012948781251907349
-0.030337512493133545
0.3140096664428711
-0.28916072845458984
0.13990846276283264
-0.08356234431266785
0.14145588874816895
-0.07616686820983887
0.13124728202819824
0.10479468107223511
-0.0833718478679657
0.05561220645904541
0.028200387954711914
-0.25872382521629333
-0.25864261388778687
-0.03331795334815979
-0.04688635468482971
0.17709481716156006
-0.1579483449459076
0.07167884707450867
-0.01670953631401062
0.20532673597335815
0.2254854142665863
0.18158119916915894
-0.21818602085113525
0.0040423572063446045
-0.3976631462574005
0.0808303952217102
-0.04046991467475891
-0.2680875360965729
-0.014835655689239502
-0.2943926453590393
-0.14130672812461853
0.43907567858695984
-0.0006046891212463379
-0.13171273469924927
-0.07710957527160645
0.053069114685058594
0.24380025267601013
-0.06515806913375854
-0.034608542919158936
-0.13584953546524048
0.11530476808547974
0.10073572397232056
-0.3441334068775177
-0.101996511220932
0.0668213963508606
-0.5445530712604523
-0.12025335431098938
0.015170454978942871
-0.3685101568698883
-0.07632589340209961
0.1510050892829895
-0.14203238487243652
0.06320154666900635
0.13518360257148743
-0.1579367220401764
0.1623038351535797
-0.20806851983070374
0.31285661458969116
-0.3584771454334259
0.11855018138885498
-0.3445194959640503
0.042007267475128174
-0.05089384317398071
-0.08102259039878845
-0.09910893440246582
-0.19800728559494019
-0.520681619644165
0.4261716604232788
0.22144141793251038
-0.021363139152526855
-0.1931515634059906
-0.19907265901565552
-0.046639442443847656
0.447022944688797
-0.19267109036445618
0.13435524702072144
0.10354390740394592
0.5664843171834946
-0.1834317147731781
-0.13399571180343628
-0.13512223958969116
-0.08857059478759766
-0.2679268717765808
0.008674532175064087
-0.14916124939918518
0.03152203559875488
0.13647741079330444
-0.0231705904006958
-0.11104542016983032
-0.248337984085083
0.2716759443283081
-0.12019705772399902
-0.3723934292793274
0.2238585352897644
-0.16492962837219238
0.09850743412971497
0.06156468391418457
-0.2494761347770691
-0.2668863534927368
0.18129119277000427
0.18745088577270508
-0.476561963558197
-0.2715003192424774
-0.07265961170196533
-0.6061193645000458
-0.230117529630661
-0.2057756781578064
-0.020751863718032837
-0.30554887652397156
-0.16349831223487854
0.14773648977279663
-0.1099022626876831
-0.17200875282287598
-0.30785658955574036
-0.1270972490310669
-0.07000893354415894
0.5228468626737595
0.1637715995311737
0.37119728326797485
-0.36852341890335083
-0.07978349924087524
0.04495131969451904
-0.29200369119644165
-0.0125693678855896
-0.3785530924797058
-0.09056851267814636
0.1665184497833252
0.2906501889228821
-0.27157318592071533
0.2379239797592163
0.09906908869743347
0.1476237177848816
-0.03671085834503174
-0.1543533205986023
0.008990943431854248
0.09310996532440186
0.057061731815338135
-0.11679908633232117
0.09153437614440918
-0.048933982849121094
0.15519151091575623
-0.21421155333518982
-0.11079028248786926
0.09357225894927979
-0.5615457892417908
0.31891512870788574
-0.003977745771408081
0.023218631744384766
-0.10943511128425598
-0.08893170952796936
-0.16893881559371948
-0.5571406185626984
0.09567460417747498
-0.5190894901752472
-0.0632328987121582
0.25096219778060913
0.0445006787776947
-0.007349163293838501
-0.10187888145446777
-0.16816359758377075
0.22900593280792236
-0.11383199691772461
0.08963257074356079
-0.15064391493797302
-0.12772178649902344
-0.04672560095787048
0.33321085572242737
-0.14260557293891907
-0.3352999687194824
-0.27231714129447937
-0.10459426045417786
0.15549468994140625
0.4640074074268341
-0.1113121509552002
0.14983049035072327
-0.09045752882957458
0.03227752447128296
0.3278546929359436
-0.3044719994068146
-0.05201214551925659
0.08458459377288818
0.1233978271484375
-0.09808829426765442
0.022257864475250244
0.014671742916107178
0.34781962633132935
0.2307836413383484
0.0075678229331970215
-0.1997949481010437
0.08565643429756165
0.37396398186683655
-0.04615408182144165
-0.1374814212322235
-0.434264600276947
-0.1461939811706543
0.09401780366897583
0.024227559566497803
-0.1198740005493164
-0.09676632285118103
-0.22531810402870178
0.4176926612854004
-0.0022250115871429443
-0.18922844529151917
0.14991825819015503
-0.08456635475158691
-0.18940579891204834
0.4093213677406311
-0.13067728281021118
-0.15440461039543152
-0.4273446500301361
-0.25291213393211365
0.03807273507118225
0.010163873434066772
0.05330270528793335
-0.10040110349655151
0.14698925614356995
-0.17486488819122314
-0.21169006824493408
-0.31656089425086975
-0.2239496409893036
-0.18635410070419312
0.3854334354400635
0.052148014307022095
-0.15952220559120178
0.010132402181625366
-0.4086819291114807
-0.0013701319694519043
0.1245674192905426
-0.12187859416007996
-0.09637859463691711
-0.08812659978866577
-0.15454542636871338
0.14529773592948914
0.20491579174995422
0.31586018204689026
0.5693306177854538
-0.02297183871269226
-0.06976696848869324
-0.07735961675643921
-0.30354589223861694
-0.0011945366859436035
0.12811613082885742
-0.06275755167007446
0.027096986770629883
-0.04959169030189514
0.08662235736846924
-0.023081183433532715
0.21488916873931885
0.13448771834373474
0.28893548250198364
0.06162109971046448
-0.04094040393829346
0.058682024478912354
-0.02776467800140381
-0.03623208403587341
-0.07457149028778076
-0.4235673248767853
-0.07490450143814087
-0.6189007759094238
-0.07631099224090576
-0.18060865998268127
0.2788478136062622
-0.4462973177433014
-0.1588594913482666
0.004744768142700195
-0.15682178735733032
0.14396074414253235
-0.07382762432098389
-0.1316448450088501
0.120371013879776
-0.22262266278266907
-0.0610329806804657
-0.05068844556808472
0.3197997808456421
-0.37180861830711365
0.11535948514938354
-0.04849827289581299
0.047550737857818604
0.08776378631591797
-0.11646610498428345
-0.20072269439697266
0.2285785675048828
0.2405928671360016
-0.19563335180282593
-0.09797900915145874
-0.060713112354278564
-0.11597242951393127
-0.31096959114074707
-0.03493818640708923
-0.48468804359436035
-0.028346151113510132
-0.508819580078125
0.018845021724700928
-0.1738460659980774
0.7728481888771057
-0.2124670147895813
0.18198204040527344
0.007914066314697266
-0.8620533347129822
0.0920148491859436
0.009724795818328857
-0.09621620178222656
-0.011861979961395264
0.09595286846160889
-0.14519673585891724
-0.0674542486667633
0.1370638608932495
-0.059621334075927734
-0.2904231548309326
-0.37545835971832275
-0.01602691411972046
0.19758325815200806
0.24652394652366638
-0.11051690578460693
-0.2351953685283661
0.11030322313308716
-0.3394351303577423
0.03305619955062866
0.012216508388519287
0.33956095576286316
0.08188578486442566
-0.16465294361114502
-0.1873084008693695
-0.16374018788337708
-0.15449407696723938
-0.06150174140930176
-0.05123850703239441
0.12846562266349792
-0.08313655853271484
0.2583494186401367
-0.10780489444732666
-0.10969525575637817
0.325674444437027
-0.04784888029098511
0.22251826524734497
-0.05565524101257324
-0.046619564294815063
0.016691267490386963
0.034820556640625
-0.15821176767349243
-0.11961883306503296
-0.12813758850097656
-0.23594748973846436
-0.12539902329444885
-0.17620518803596497
-0.45526501536369324
-0.5222984850406647
0.21427947282791138
-0.05084913969039917
0.3731604814529419
0.14405512809753418
-0.17765143513679504
0.16587227582931519
0.11243373155593872
-0.011891812086105347
-0.07275736331939697
-0.30598291754722595
-0.29834219813346863
0.04642742872238159
0.18800583481788635
-0.3678954839706421
-0.2652114927768707
-0.1326422095298767
-0.42063501477241516
-0.15305104851722717
0.39189618825912476
0.37514859437942505
-0.2513730227947235
-0.2086036503314972
0.21102404594421387
-0.3037480413913727
0.05301773548126221
-0.002438664436340332
-0.25587430596351624
-0.15034574270248413
-0.167863667011261
-0.4072704017162323
-0.2811688482761383
0.2641396224498749
-0.2042813003063202
0.0229337215423584
-0.09161558747291565
-0.14351347088813782
-0.08379930257797241
0.24155378341674805
0.37542033195495605
-0.28205516934394836
-0.22368627786636353
0.2258482575416565
0.31891515851020813
-0.028337836265563965
-0.23850542306900024
-0.1558244824409485
0.06313857436180115
-0.08921831846237183
-0.3879416882991791
0.011480957269668579
-0.035476624965667725
-0.1944471001625061
-0.2137974500656128
-0.15192949771881104
0.4284214973449707
-0.155368834733963
0.02716001868247986
-0.09831196069717407
-0.023463845252990723
-0.21886524558067322
-0.5304428935050964
-0.13237547874450684
-0.21826553344726562
0.13889622688293457
0.003147721290588379
-0.10194185376167297
0.34347406029701233
-0.1626797914505005
-0.1774212121963501
-0.29444074630737305
-0.29904136061668396
-0.18694394826889038
0.2822672426700592
-0.19335037469863892
-0.6296229362487793
-0.23596906661987305
0.08105242252349854
-0.3754551112651825
-0.09758630394935608
-0.026939570903778076
-0.06213957071304321
-0.11532297730445862
0.19277381896972656
0.3298990726470947
0.2592605948448181
0.03119570016860962
-0.3207938075065613
0.08317968249320984
-0.06338045001029968
0.003810405731201172
-0.17318329215049744
-0.44056180119514465
-0.10765910148620605
-0.1621779203414917
0.06216111779212952
-0.15769153833389282
0.03706866502761841
-0.3453809320926666
0.08192718029022217
-0.4601821303367615
-0.1883934736251831
-0.060988157987594604
-0.007441878318786621
0.1775454878807068
0.036576688289642334
0.06896021962165833
-0.24464023113250732
-0.33095109462738037
0.22917160391807556
-0.04900848865509033
-0.27350491285324097
0.029073476791381836
-0.04832261800765991
-0.19445043802261353
-0.17665913701057434
-0.26130491495132446
0.09714570641517639
0.031439244747161865
-0.19484639167785645
-0.24211210012435913
0.0005781352519989014
0.12689507007598877
-0.4823090136051178
-0.10792914032936096
-0.1289709508419037
-0.14925888180732727
-0.1361941695213318
-0.037174731492996216
0.0637664794921875
-0.12104034423828125
-0.052398234605789185
-0.15419918298721313
0.055486321449279785
0.01693481206893921
-0.1529632806777954
-0.4048333168029785
0.21353229880332947
-0.1828402280807495
-0.2703074514865875
0.07444554567337036
-0.07047775387763977
-0.2707647681236267
-0.05951535701751709
-0.2018856406211853
0.0712381899356842
0.4150618016719818
-0.09717050194740295
-0.3144536316394806
0.4155488610267639
-0.01255112886428833
0.4021875858306885
-0.2985376715660095
-0.3179641664028168
-0.2261364459991455
0.13950923085212708
-0.04635125398635864
0.04661959409713745
-0.09004837274551392
-0.09704965353012085
-0.1952008605003357
0.11305004358291626
-0.4572630226612091
0.33768725395202637
-0.12673604488372803
-0.1353757381439209
-0.14608800411224365
0.039005398750305176
-0.026928097009658813
-0.1926114559173584
-0.0627393126487732
0.026104599237442017
0.11294066905975342
0.14792856574058533
-0.3570159673690796
0.23252972960472107
-0.19589504599571228
-0.13264214992523193
0.017879128456115723
0.30924496054649353
-0.10035967826843262
-0.20947012305259705
-0.10048067569732666
-0.05182501673698425
0.2184908092021942
0.26173242926597595
0.25028958916664124
0.007531404495239258
0.12914824485778809
-0.023707449436187744
-0.1852954924106598
0.022027552127838135
0.021116316318511963
0.06708979606628418
-0.07276064157485962
0.48554958403110504
-0.21516913175582886
0.15343543887138367
0.10917338728904724
0.18418052792549133
-0.06984826922416687
0.27608445286750793
-0.2216203510761261
-0.294548362493515
0.08704972267150879
-0.13846051692962646
-0.21580693125724792
-0.01751309633255005
0.08090335130691528
-0.1974639892578125
-0.16606447100639343
-0.14078158140182495
-0.21371787786483765
-0.12861144542694092
-0.08682441711425781
0.12208238244056702
-0.1887463927268982
-0.157151460647583
0.6899732798337936
0.02556118369102478
-0.2697243392467499
-0.18242931365966797
0.19116520881652832
0.10874596238136292
-0.11308479309082031
0.46551835536956787
0.1354270875453949
-0.20781338214874268
-0.06812357902526855
0.2855226695537567
0.006326884031295776
-0.07814332842826843
-0.4055789113044739
0.1737581491470337
-0.08407926559448242
0.11287608742713928
-0.24776312708854675
-0.1672109067440033
-0.2726616859436035
0.13007918000221252
-0.0325922966003418
-0.47111961245536804
-0.18434453010559082
-0.2848467230796814
0.07335710525512695
-0.3209727704524994
-0.03938478231430054
-0.1435697376728058
-0.16218948364257812
0.1349615752696991
0.04659971594810486
-0.1898745894432068
-0.11240389943122864
0.00862973928451538
0.17902487516403198
0.3162676990032196
-0.04267162084579468
0.3797939419746399
-0.4398229420185089
-0.21228152513504028
0.15296664834022522
0.10962727665901184
-0.17710644006729126
-0.05991128087043762
0.11737072467803955
-0.13200929760932922
-0.2713826894760132
-0.2467409372329712
0.07977184653282166
-0.15670743584632874
-0.1316978931427002
-0.09416031837463379
0.2650441527366638
-0.38410139083862305
-0.07127290964126587
-0.025705397129058838
0.05360090732574463
0.10507136583328247
-0.2724016308784485
0.06435626745223999
0.12062942981719971
0.20473188161849976
-0.042126595973968506
0.00852540135383606
-0.10538941621780396
-0.09963905811309814
-0.3660218119621277
0.161024808883667
0.48928701877593994
0.19995403289794922
-0.24452921748161316
-0.0958186686038971
0.039918214082717896
0.01636326313018799
-0.20885711908340454
-0.15165120363235474
0.08856722712516785
-0.18465271592140198
0.2277054488658905
-0.03543519973754883
-0.12003803253173828
-0.08121150732040405
0.08037489652633667
-0.1527148187160492
-0.22481948137283325
-0.23367121815681458
-0.009436547756195068
-0.10964217782020569
0.012569427490234375
0.18470069766044617
-0.33945655822753906
-0.03377684950828552
0.06497088074684143
0.037862300872802734
0.013409405946731567
-0.275633841753006
0.26412633061408997
-0.08914381265640259
-0.1527014970779419
0.11643794178962708
0.01393619179725647
0.03641104698181152
0.3661361038684845
0.16218119859695435
0.3576538562774658
-0.2716776430606842
0.21257972717285156
-0.275262713432312
0.033185362815856934
0.2640916109085083
-0.21262606978416443
-0.15791353583335876
0.20044440031051636
-0.04382967948913574
-0.008480608463287354
-0.045705050230026245
-0.4320446848869324
0.404203861951828
-0.3014634847640991
0.17943239212036133
-0.24195462465286255
0.043634235858917236
0.1967383623123169
-0.12810111045837402
0.10694673657417297
-0.09417861700057983
-0.18432804942131042
0.11128395795822144
0.14077162742614746
0.02823019027709961
-0.056983888149261475
-0.1343088150024414
0.024515867233276367
-0.2110704481601715
0.24181720614433289
-0.3977559506893158
-0.057653218507766724
-0.18528059124946594
-0.2077835202217102
0.03439974784851074
0.039615094661712646
0.3322499096393585
0.44527843594551086
0.22885847091674805
-0.0661073625087738
0.08382418751716614
-0.14014536142349243
-0.2220344841480255
-0.2741709351539612
-0.012418568134307861
0.02725762128829956
-0.16456851363182068
0.26488834619522095
-0.05082094669342041
0.229140043258667
-0.08091163635253906
0.1824459433555603
-0.0904393196105957
0.22435227036476135
-0.42729824781417847
-0.2786887288093567
-0.2562984526157379
-0.1403905749320984
-0.14920589327812195
-0.2539392411708832
-0.24244681000709534
0.45007455348968506
-0.16288858652114868
-0.2969737946987152
-0.2831718325614929
0.03885132074356079
-0.24832141399383545
-0.19778868556022644
-0.03700748085975647
-0.2947985529899597
0.12626224756240845
0.13857820630073547
-0.09243401885032654
0.44134706258773804
-0.21534642577171326
-0.15675389766693115
0.1341332197189331
-0.006353467702865601
0.08720049262046814
0.027751415967941284
-0.11813107132911682
-0.0959230363368988
-0.11022037267684937
-0.1436161994934082
-0.1262141466140747
0.3450148403644562
-0.08091992139816284
0.06765145063400269
0.011600255966186523
-0.14771485328674316
-0.3627382218837738
-0.013203918933868408
-0.35465845465660095
0.028967440128326416
0.26338911056518555
0.34894615411758423
-0.07453665137290955
-0.0584699809551239
0.0184059739112854
-0.26412302255630493
-0.009570777416229248
-0.09209275245666504
0.056498557329177856
-0.0361095666885376
-0.33896785974502563
-0.3246506154537201
-0.0693926215171814
-0.11415338516235352
-0.10014095902442932
0.0009492337703704834
-0.07950180768966675
-0.015281438827514648
0.12936848402023315
-0.183575838804245
-0.16233694553375244
0.02846217155456543
0.06629133224487305
-0.1552743911743164
-0.34848058223724365
0.5555717349052429
-0.024380028247833252
-0.10625588893890381
0.12328511476516724
-0.030499935150146484
-0.0984346866607666
-0.02224951982498169
-0.12938007712364197
-0.123013436794281
-0.164995938539505
0.17883771657943726
0.13970133662223816
-0.07644525170326233
-0.1442456841468811
0.10335832834243774
-0.1992780566215515
0.10466709733009338
0.01217508316040039
0.17257195711135864
-0.3383847177028656
0.017980217933654785
0.042047083377838135
-0.050184816122055054
0.12183386087417603
-0.0886717140674591
-0.09474843740463257
-0.21656575798988342
-0.15095210075378418
-0.24506601691246033
-0.2287723422050476
-0.05349993705749512
0.15202397108078003
0.1485266387462616
0.40385758876800537
-0.1256243884563446
-0.15824317932128906
-0.10553199052810669
0.16890740394592285
-0.11657220125198364
-0.12942653894424438
0.4967886209487915
-0.02332139015197754
0.2947770357131958
-0.14216327667236328
0.045922040939331055
-0.03356969356536865
0.2788361608982086
-0.07789814472198486
-0.019245892763137817
0.0034393370151519775
-0.17796620726585388
0.26457858085632324
0.11542573571205139
0.20791107416152954
-0.32317447662353516
-0.0534137487411499
0.49908968806266785
0.24565577507019043
0.045910537242889404
-0.0753815770149231
0.1785825490951538
0.028974056243896484
-0.14443951845169067
0.08563995361328125
-0.10330033302307129
-0.4878308176994324
-0.008979350328445435
0.07163912057876587
-0.1073245108127594
-0.05185309052467346
0.08059686422348022
-0.11623427271842957
-0.16975557804107666
-0.24348220229148865
-0.2136814296245575
0.04299306869506836
0.3442908525466919
-0.34114474058151245
-0.07573449611663818
0.1545785665512085
-0.4457324147224426
0.6094592362642288
-0.1683606207370758
-0.15604811906814575
0.282578706741333
-0.13686013221740723
0.0006377696990966797
0.16553771495819092
-0.1833306849002838
0.07129114866256714
0.015649259090423584
-0.0016649961471557617
0.14784079790115356
-0.06076782941818237
-0.0963173508644104
0.038008034229278564
-0.2645835876464844
-0.1728304624557495
0.1364525854587555
0.3011802136898041
0.2633625864982605
0.18481993675231934
0.024066925048828125
-0.39289674162864685
-0.14950740337371826
-0.20990747213363647
-0.062119752168655396
-0.23839950561523438
0.05767643451690674
0.07363536953926086
-0.16262352466583252
-0.032335519790649414
0.14833271503448486
-0.09112691879272461
-0.2860014736652374
0.08724355697631836
-0.02791541814804077
0.0340418815612793
0.08801054954528809
0.15266501903533936
0.34138330817222595
0.12008768320083618
-0.18118193745613098
0.4195829927921295
0.13712194561958313
0.016518980264663696
-0.17874827980995178
0.02395915985107422
-0.2122797966003418
0.012362301349639893
-0.012024343013763428
-0.03001946210861206
-0.5636747479438782
0.19206470251083374
-0.2803538143634796
-0.13780444860458374
-0.09779015183448792
0.05363410711288452
-0.14754587411880493
-0.02632167935371399
-0.10193690657615662
0.13948097825050354
-0.0894966721534729
0.13910001516342163
-0.27234530448913574
-0.20242413878440857
0.24021020531654358
0.05032724142074585
0.17099815607070923
0.08227351307868958
0.05784696340560913
-0.11251658201217651
0.1586756408214569
-0.17862069606781006
0.29960140585899353
0.46886658668518066
-0.3200615346431732
-0.09502506256103516
0.13012397289276123
0.41794946789741516
0.41617342829704285
0.5127111673355103
-0.25792694091796875
-0.05237334966659546
0.1548072099685669
-0.26109617948532104
-0.21154257655143738
-0.23952430486679077
-0.17779392004013062
0.05643719434738159
-0.11609837412834167
-0.4589942395687103
0.029232501983642578
0.10828036069869995
-0.008604943752288818
0.10545900464057922
0.0542619526386261
-0.23122426867485046
-0.01177746057510376
-0.12643122673034668
0.09605395793914795
0.10989069938659668
-0.2111864686012268
-0.3335537016391754
0.13493835926055908
0.07285511493682861
0.27391573786735535
0.024452924728393555
-0.28336063027381897
0.01515054702758789
0.009019136428833008
-0.01524496078491211
0.33711400628089905
0.16814860701560974
0.16572651267051697
0.0012805461883544922
0.16864731907844543
0.31235960125923157
0.470271497964859
0.7785207629203796
0.06073790788650513
-0.24643278121948242
-0.1618233025074005
0.005491971969604492
-0.010321259498596191
-0.18261829018592834
-0.04337245225906372
-0.23932552337646484
0.09281173348426819
-0.059311628341674805
0.2270195484161377
-0.2834997773170471
-0.19127291440963745
0.15738838911056519
-0.41428977251052856
0.03907656669616699
0.37634310126304626
-0.13306963443756104
-0.17930155992507935
0.08783996105194092
-0.24619752168655396
0.28957831859588623
-0.05352973937988281
0.04370224475860596
-0.3325994908809662
-0.3761657774448395
-0.24517199397087097
-0.17939600348472595
-0.11829841136932373
-0.1146603524684906
-0.41701504588127136
0.2043045461177826
-0.28786519169807434
0.16678351163864136
-0.032332271337509155
-0.1288549304008484
-0.16013023257255554
-0.04128175973892212
-0.11147114634513855
-0.1904129981994629
-0.00011265277862548828
-0.025125563144683838
0.026124536991119385
0.12096577882766724
-0.10329365730285645
-0.006487607955932617
-0.10501834750175476
-0.5627766251564026
-0.04980868101119995
-0.26008567214012146
0.007552981376647949
-0.17319327592849731
-0.06129133701324463
0.13419285416603088
-0.08084547519683838
-0.1473851501941681
0.15027618408203125
-0.13962849974632263
-0.2016819417476654
-0.11141318082809448
0.05516153573989868
0.16171234846115112
-0.07030218839645386
-0.03017514944076538
0.08841317892074585
-0.17409121990203857
0.33566272258758545
0.15635615587234497
0.00690847635269165
-0.14076662063598633
-0.2740699052810669
0.11448800563812256
0.07295790314674377
-0.22416841983795166
-0.4319551885128021
-0.39563697576522827
-0.1728387475013733
0.01614457368850708
0.09152942895889282
-0.3501970171928406
0.20541614294052124
0.19294452667236328
0.002957165241241455
-0.4052608609199524
-0.021749138832092285
0.13840582966804504
-0.01126563549041748
-0.1564142405986786
0.07702842354774475
-0.49971264600753784
-0.2718002200126648
-0.31250372529029846
-0.2077007293701172
0.23565754294395447
0.03542691469192505
0.07241776585578918
-0.1190042495727539
0.04708677530288696
0.27952536940574646
-0.0019086003303527832
0.4867589473724365
-0.2507186532020569
-0.1269398331642151
0.6041628122329712
0.044094741344451904
-0.006681501865386963
-0.6371510624885559
0.05945241451263428
0.013956129550933838
-0.2153894305229187
-0.03171747922897339
0.14638781547546387
0.32181602716445923
0.10058167576789856
-0.14924722909927368
-0.04455369710922241
-0.05725899338722229
-0.12887150049209595
-0.03877344727516174
-0.05265665054321289
-0.12952759861946106
0.20056694746017456
0.08343476057052612
0.3615453839302063
-0.30927643179893494
-0.1624147891998291
-0.06850463151931763
-0.2645670175552368
-0.13000962138175964
-0.0947120189666748
-0.12635666131973267
-0.07999220490455627
0.2829994261264801
0.006404846906661987
-0.1647341251373291
-0.29414084553718567
-0.117625892162323
0.13914310932159424
-0.06632104516029358
0.34904393553733826
0.3236367106437683
0.23278817534446716
0.1269017457962036
-0.0375557541847229
-0.0633903443813324
0.20115181803703308
-0.15156835317611694
-0.26526281237602234
-0.22175118327140808
-0.15947741270065308
-0.08378934860229492
-0.04151201248168945
-0.3578360080718994
0.06962788105010986
-0.687090590596199
0.06073969602584839
-0.19981476664543152
-0.3675973117351532
-0.2816642224788666
0.28622016310691833
-0.05225735902786255
-0.12098067998886108
0.2867453098297119
0.08658918738365173
0.07130610942840576
0.13005608320236206
-0.06996423006057739
0.2326357364654541
0.17574626207351685
-0.07837185263633728
-0.08993905782699585
0.07815656065940857
-0.04658311605453491
-0.061470210552215576
-0.13521996140480042
-0.08161741495132446
0.09322762489318848
0.1941024661064148
-0.16817176342010498
0.15492987632751465
-0.13009753823280334
-0.03201743960380554
0.15272465348243713
0.6048966944217682
-0.08558017015457153
-0.04807412624359131
-0.14642098546028137
-0.03484705090522766
-0.005869686603546143
-0.015465348958969116
-0.09681269526481628
-0.6226913332939148
0.07623150944709778
0.21681249141693115
-0.05951535701751709
-0.20420509576797485
-0.03157013654708862
0.03609788417816162
-0.06864717602729797
0.06283208727836609
-0.19904279708862305
0.19227513670921326
0.012630701065063477
0.05849313735961914
-0.0964018702507019
0.18292972445487976
-0.12272024154663086
-0.022375404834747314
-0.09225672483444214
0.09594294428825378
-0.01199120283126831
-0.07037505507469177
0.016393005847930908
-0.1735246479511261
-0.09274876117706299
-0.21201807260513306
0.10572749376296997
0.07235807180404663
-0.19045114517211914
0.054336488246917725
-0.08292791247367859
0.24516543745994568
0.10940524935722351
0.05704689025878906
-0.03939300775527954
0.25792527198791504
-0.06880784034729004
0.31722527742385864
0.13019686937332153
0.022070586681365967
0.22925108671188354
0.06724047660827637
0.12554818391799927
-0.006388247013092041
-0.2347579300403595
0.0700453519821167
0.059175729751586914
-0.1304454207420349
0.05485504865646362
-0.19438588619232178
-0.38249602913856506
0.033997148275375366
0.03148731589317322
-0.15808922052383423
0.05140247941017151
0.41941067576408386
-0.058185040950775146
0.12815916538238525
-0.23743852972984314
0.015606164932250977
0.05522119998931885
0.2586095333099365
-0.11996674537658691
0.31900453567504883
0.08599281311035156
-0.2997520864009857
-0.10869452357292175
0.06928658485412598
0.01122090220451355
-0.28752055764198303
-0.17596158385276794
-0.3287046253681183
0.036367952823638916
0.13190659880638123
0.03720620274543762
0.3833690881729126
-0.09345284104347229
-0.059614747762680054
0.05849316716194153
0.4019324481487274
-0.14738845825195312
0.1593184471130371
-0.1783655285835266
0.17226222157478333
-0.3223080337047577
-0.17146366834640503
-0.18658936023712158
0.1521432101726532
-0.05013012886047363
-0.10136532783508301
0.14311087131500244
-0.030745089054107666
0.06725051999092102
0.06646186113357544
-0.48957034945487976
-0.04263192415237427
-0.3216454088687897
-0.1421566605567932
0.18536508083343506
0.11219027638435364
-0.1524330973625183
-0.38695257902145386
-0.006434649229049683
0.007455170154571533
0.18176844716072083
0.04088902473449707
0.21607032418251038
-0.23626059293746948
-0.0607164204120636
0.20928287506103516
0.33024030923843384
0.08379101753234863
-0.21087828278541565
0.15706366300582886
-0.06500238180160522
0.2018558382987976
-0.12534117698669434
-0.1518218219280243
-0.21637514233589172
0.006444573402404785
-0.2622873783111572
0.42173829674720764
0.029104948043823242
0.189712256193161
0.1788608729839325
-0.007213294506072998
0.21538621187210083
0.3127521872520447
0.12130865454673767
-0.39717936515808105
0.028713971376419067
-0.12942159175872803
-0.11004477739334106
-0.10451143980026245
0.20794594287872314
0.26992636919021606
0.03909313678741455
0.2165011167526245
0.056478649377822876
-0.13148576021194458
-0.037424951791763306
-0.15315714478492737
0.04877990484237671
0.07308706641197205
0.26487353444099426
0.09643501043319702
-0.048488348722457886
-0.0637764036655426
0.20005175471305847
0.1256641447544098
0.32708925008773804
-0.12970319390296936
-0.11582502722740173
-0.13679230213165283
-0.11206099390983582
0.33128073811531067
0.021103084087371826
0.3758261501789093
0.08951157331466675
0.09820261597633362
0.017115354537963867
-0.009519398212432861
-0.1470852792263031
0.1395622193813324
-0.126270592212677
-0.22390657663345337
-0.029264092445373535
-0.16551604866981506
-0.0894155502319336
0.08879584074020386
0.15514346957206726
0.24328002333641052
-0.19190731644630432
0.054154276847839355
-0.24635162949562073
0.4227919578552246
0.04582101106643677
-0.3736823499202728
0.20873117446899414
-0.0791124701499939
0.04090398550033569
-0.18501055240631104
0.03689306974411011
-0.008033335208892822
0.035503119230270386
0.010901093482971191
-0.047374993562698364
0.018482178449630737
-0.29851779341697693
-0.49793508648872375
-0.03825816512107849
0.1218305230140686
-0.08673995733261108
-0.12061455845832825
0.15565550327301025
0.19744905829429626
-0.08900636434555054
0.12818732857704163
0.24004289507865906
-0.08965408802032471
0.14566385746002197
-0.15745466947555542
0.39822810888290405
-0.319584459066391
-0.08531850576400757
-0.1897304654121399
-0.21517902612686157
-0.1600688397884369
-0.045575857162475586
-0.010205298662185669
-0.033982276916503906
0.05925363302230835
-0.24616941809654236
-0.15596023201942444
-0.02619078755378723
-0.17879623174667358
0.009264320135116577
0.48913463950157166
-0.134600430727005
-0.04765668511390686
0.32175806164741516
0.13220974802970886
0.3123297393321991
-0.03470790386199951
-0.18875470757484436
-0.22754469513893127
0.1289709210395813
0.01851692795753479
-0.045256078243255615
-0.2939768433570862
0.02437007427215576
0.036243736743927
0.15339571237564087
-0.05076134204864502
-0.3423888683319092
-0.15453225374221802
0.20285651087760925
-0.06410437822341919
0.11557981371879578
-0.03423738479614258
-0.19214925169944763
-0.6234086751937866
-0.03499120473861694
-0.09784474968910217
0.012590885162353516
-0.08808687329292297
0.34681397676467896
-0.0035602450370788574
0.6903692483901978
-0.2421700656414032
-0.22926771640777588
0.011250674724578857
0.07089680433273315
-0.0855703055858612
-0.1091485321521759
-0.18437433242797852
-0.17365550994873047
-0.10069435834884644
0.015470266342163086
0.15928363800048828
0.01982736587524414
0.07339689135551453
-0.22525018453598022
-0.35413825511932373
0.13656195998191833
-0.16869857907295227
-0.35582637786865234
-0.05437791347503662
-0.0252266526222229
0.03745803236961365
-0.3521783947944641
-0.14320695400238037
-0.30125463008880615
-0.12251976132392883
-0.2316334843635559
0.023892968893051147
-0.06519949436187744
-0.02943629026412964
-0.15554112195968628
-0.20350760221481323
-0.38048145174980164
-0.19745737314224243
0.46523672342300415
-0.13856655359268188
-0.13741019368171692
-0.013553470373153687
-0.10700476169586182
0.07097640633583069
-0.33492711186408997
-0.5653181076049805
-0.02961522340774536
0.32759296894073486
0.1345158815383911
0.3707500696182251
-0.3161533772945404
0.052265673875808716
-0.24436521530151367
0.05487993359565735
-0.018786907196044922
-0.010703980922698975
-0.06663411855697632
-0.07065832614898682
0.2927391827106476
0.15410467982292175
0.23377728462219238
0.005188792943954468
-0.13029298186302185
0.14119741320610046
-0.05150356888771057
-0.10610842704772949
0.06815183162689209
0.011505722999572754
-0.035012781620025635
0.20301222801208496
-0.10148623585700989
-0.044522225856781006
-0.19334876537322998
-0.29206332564353943
-0.18247246742248535
0.03548985719680786
-0.02827829122543335
0.32849419116973877
-0.016629934310913086
-0.24560612440109253
-0.018893033266067505
0.33536282181739807
-0.18632104992866516
0.013356328010559082
0.3163538873195648
0.04120391607284546
-0.19066482782363892
-0.12002962827682495
-0.05562543869018555
-0.08816304802894592
0.34386175870895386
0.11135691404342651
0.01502963900566101
-0.1957012414932251
0.21240243315696716
0.1054375171661377
-0.0978614091873169
0.0014462769031524658
0.28800275921821594
-0.0893608033657074
-0.08653780817985535
-0.059225380420684814
-0.19583049416542053
0.12329503893852234
0.009413361549377441
-0.08653950691223145
0.20331376791000366
-1.1104558408260345
0.15480557084083557
-0.11905884742736816
0.01196470856666565
-0.22216710448265076
-0.05249258875846863
-0.04473268985748291
0.04049643874168396
-0.08673834800720215
0.09512782096862793
-0.002223283052444458
0.11236581206321716
0.08266282081604004
-0.07678478956222534
-0.1494312286376953
-0.27735671401023865
-0.10008138418197632
-0.017807841300964355
-0.3609755039215088
-0.1338515281677246
0.1141732931137085
0.16200894117355347
0.1256972849369049
0.26867568492889404
-0.047083497047424316
-0.032222896814346313
-0.03607141971588135
-0.1837613582611084
-0.21453630924224854
0.1901148557662964
0.15376514196395874
-0.12852033972740173
0.2443370223045349
-0.1015906035900116
-0.12497168779373169
-0.4413089454174042
0.0445006787776947
-0.3086436092853546
0.14571857452392578
0.09552210569381714
0.057189345359802246
0.01645761728286743
0.22529321908950806
-0.1905919909477234
-0.44137686491012573
-0.30529043078422546
0.45142313838005066
-0.14259564876556396
-0.35767698287963867
0.0836949348449707
0.532439187169075
-0.46291399002075195
-0.11055499315261841
-0.06541657447814941
-0.2181711196899414
-0.22899267077445984
-0.23133030533790588
0.08088025450706482
0.028591394424438477
-0.09906080365180969
-0.03020995855331421
0.01672273874282837
-0.11377406120300293
-0.16747602820396423
0.1633591651916504
0.06440263986587524
-0.1401471197605133
-0.06735321879386902
-0.02253115177154541
-0.24966168403625488
-0.060636937618255615
0.19727838039398193
-0.09936076402664185
-0.29950854182243347
0.0461159348487854
0.2138271927833557
-0.0167691707611084
-0.07307547330856323
-0.05091702938079834
0.029641777276992798
-0.1678156554698944
0.002233266830444336
-0.5706857740879059
0.049084752798080444
-0.023202061653137207
-0.08572441339492798
-0.12858334183692932
-0.20717883110046387
-0.043061017990112305
-0.15089240670204163
0.05221593379974365
0.24396103620529175
0.28629136085510254
0.022005915641784668
-0.15754571557044983
-0.12033122777938843
0.1843080222606659
-0.23682719469070435
-0.10110524296760559
0.006365060806274414
-0.31530526280403137
0.05697563290596008
0.30318310856819153
0.3198660910129547
-0.6607474684715271
-0.04806426167488098
-0.5533169806003571
0.15853312611579895
0.16895872354507446
-0.139408141374588
0.05270296335220337
-0.1492323875427246
0.12428578734397888
0.2022799849510193
0.33390167355537415
0.22764411568641663
-0.21780335903167725
0.13803312182426453
-0.09838491678237915
-0.250649094581604
-0.04128667712211609
0.004847466945648193
0.12567907571792603
-0.18254703283309937
-0.1243090033531189
-0.1269480288028717
-0.04390755295753479
0.05791991949081421
0.0098341703414917
0.1304139494895935
-0.09600257873535156
-0.10919323563575745
0.23774665594100952
0.10352733731269836
0.23463869094848633
0.07855916023254395
0.24307465553283691
0.22831672430038452
0.4612424075603485
-0.09376108646392822
-0.30553561449050903
-0.10622280836105347
0.17081093788146973
-0.03146246075630188
-0.08469399809837341
-0.05277925729751587
-0.16794973611831665
-0.1328641176223755
-0.4303680658340454
-0.09274217486381531
0.2299535572528839
0.06616035103797913
-0.2307736575603485
-0.04841044545173645
-0.28863725066185
0.49897876381874084
0.06674855947494507
-0.030632495880126953
0.18570798635482788
0.09605228900909424
-0.2964171767234802
0.03936159610748291
0.041884779930114746
-0.3587472438812256
0.18864202499389648
-0.08858716487884521
0.43732789158821106
-0.003760725259780884
-0.1610148847103119
-0.02860790491104126
0.03847527503967285
0.09320774674415588
-0.10469365119934082
0.06984660029411316
0.20382899045944214
-0.3525560796260834
-0.11137673258781433
0.3214101791381836
0.007824569940567017
0.16481533646583557
-0.09928449988365173
0.17666077613830566
0.3059513568878174
0.34562286734580994
-0.14060431718826294
-0.08301401138305664
0.42251041531562805
0.004599034786224365
0.21214893460273743
-0.01834467053413391
-0.24408021569252014
-0.5649453103542328
-0.0769505500793457
0.06397023797035217
0.19802719354629517
-0.17370182275772095
0.2674795091152191
0.1942581832408905
-0.09380078315734863
0.3233203589916229
-0.09924307465553284
-0.21228644251823425
0.2752295434474945
-0.17331093549728394
-0.13024497032165527
-0.11175113916397095
0.2576999366283417
0.0014843940734863281
-0.15225258469581604
0.02013552188873291
0.2469911277294159
0.2623255252838135
0.1709931492805481
-0.18617361783981323
-0.11893129348754883
0.22797542810440063
0.016550391912460327
0.09392005205154419
-0.022892355918884277
0.011300325393676758
-0.19765454530715942
0.15055614709854126
-0.4799996614456177
-0.28982678055763245
0.25630834698677063
0.06580251455307007
0.06603950262069702
-0.026212334632873535
-0.18519443273544312
0.04131811857223511
-0.38855794072151184
0.15869715809822083
-0.17177674174308777
-0.1459139585494995
0.11771529912948608
0.11683222651481628
-0.31236788630485535
0.2475377321243286
-0.07473212480545044
-0.10794904828071594
0.04409974813461304
0.09459927678108215
0.2894124984741211
-0.14391273260116577
0.03890600800514221
0.21401935815811157
-0.06950193643569946
0.1317691206932068
0.029578685760498047
-0.21720364689826965
-0.12123912572860718
-0.009814321994781494
-0.24378702044487
-0.29952502250671387
-0.26848676800727844
-0.021361470222473145
0.03366255760192871
0.21232956647872925
-0.010258316993713379
-0.059073030948638916
-0.10166683793067932
-0.22940519452095032
-0.03735199570655823
0.06374657154083252
-0.3974643349647522
0.12792226672172546
-0.08694702386856079
-0.02643275260925293
-0.19639545679092407
0.7713007926940918
-0.059570103883743286
-0.30594316124916077
-0.1379999816417694
-0.07357412576675415
0.2825537919998169
-0.22450298070907593
0.04275122284889221
0.3863263428211212
0.15994131565093994
-0.27756381034851074
0.009438276290893555
-0.27483856678009033
0.04374188184738159
-0.017347335815429688
0.027370363473892212
-0.27497443556785583
-0.04089730978012085
-0.3145696520805359
0.22398778796195984
-0.10026359558105469
0.1265687346458435
-0.08507329225540161
0.16097337007522583
-0.05220261216163635
0.07100784778594971
-0.08412736654281616
0.06461635231971741
0.22152423858642578
0.14679372310638428
-0.39415258169174194
0.15057438611984253
0.35943806171417236
0.3208915591239929
-0.2954263985157013
-0.16159141063690186
0.34353703260421753
0.3969474732875824
0.06104615330696106
-0.22234424948692322
0.03612604737281799
0.2575194239616394
-0.009212911128997803
0.1630989909172058
0.1496880054473877
0.2810330092906952
-0.056801676750183105
0.2870931923389435
-0.3500959277153015
0.09286808967590332
0.13115277886390686
0.27324315905570984
0.02645742893218994
-0.030922353267669678
0.21985432505607605
0.14409160614013672
-0.25327491760253906
0.19460615515708923
0.22175121307373047
0.2206975519657135
-0.033939242362976074
-0.0562797486782074
-0.09189391136169434
-0.066844642162323
-0.4186668395996094
-0.016699552536010742
0.1120792031288147
-0.08430123329162598
-0.27114251255989075
-0.1868925392627716
0.3660697937011719
0.1365172266960144
-0.24785256385803223
0.11459237337112427
-0.373813271522522
0.06879949569702148
0.006905078887939453
-0.20990586280822754
-0.043766796588897705
-0.2548753321170807
0.19850599765777588
0.4706011712551117
0.20285490155220032
0.04412132501602173
0.12887483835220337
-0.23693150281906128
-0.06967592239379883
-0.13266539573669434
0.013038277626037598
0.08882904052734375
-0.017748266458511353
-0.07775896787643433
-0.14598360657691956
0.11255297064781189
0.10824725031852722
-0.1422262191772461
0.6230474710464478
-0.28291502594947815
0.23727616667747498
0.20479321479797363
-0.24773162603378296
-0.024232566356658936
0.14129343628883362
-0.4247104525566101
0.2688380181789398
0.12380200624465942
-0.3043278753757477
0.09126940369606018
-0.10653921961784363
0.2897820472717285
-0.5571439266204834
0.31328901648521423
0.04651188850402832
0.4177473783493042
-0.2754564583301544
0.024101704359054565
0.5157876014709473
0.22168657183647156
0.15533575415611267
-0.27835243940353394
0.04819682240486145
0.013962745666503906
0.19911566376686096
-0.050188153982162476
0.2554650902748108
-0.3727380335330963
0.05373677611351013
-0.027396857738494873
0.043001383543014526
-0.2657051980495453
-0.15850341320037842
-0.1023675799369812
0.030282795429229736
-0.3004395663738251
0.09376928210258484
-0.08747720718383789
0.22643136978149414
0.1912231147289276
0.016071617603302002
0.02747476100921631
-0.26721441745758057
-0.051450490951538086
0.13626202940940857
0.25261399149894714
0.13918617367744446
-0.12056156992912292
-0.21027690172195435
0.18030878901481628
-0.05701535940170288
-0.12125393748283386
0.06700363755226135
-0.33526015281677246
-0.0983782410621643
-0.32760944962501526
0.09401780366897583
0.08780026435852051
-0.200924813747406
0.10763269662857056
-0.07001394033432007
0.19629764556884766
0.1854296624660492
-0.19395673274993896
-0.003036797046661377
-0.17345333099365234
-0.11556822061538696
0.18897002935409546
-0.0871657133102417
0.16269972920417786
0.11854863166809082
-0.06946390867233276
0.5200254619121552
0.07196879386901855
-0.08944535255432129
0.07842162251472473
-0.035572707653045654
-0.14003443717956543
0.07562685012817383
-0.00775831937789917
-0.31521904468536377
-0.15561401844024658
-0.38589397072792053
-0.09963572025299072
0.04370224475860596
-0.660603255033493
0.18174690008163452
-0.18300756812095642
0.07012152671813965
-0.3302271068096161
-0.23303675651550293
0.4419765770435333
-0.007044315338134766
-0.04360431432723999
-0.0467984676361084
0.12678739428520203
0.19302400946617126
-0.12517553567886353
0.051036298274993896
0.07054239511489868
0.2505844235420227
-0.10420989990234375
0.009850770235061646
-0.16462647914886475
-0.05668407678604126
-0.22265908122062683
-0.38355302810668945
-0.25404030084609985
-0.024560630321502686
-0.45659372210502625
-0.21783310174942017
-0.2785545587539673
0.22558486461639404
0.03086438775062561
0.25251123309135437
0.17524755001068115
0.014226138591766357
-0.08062845468521118
-0.1790761947631836
-0.2487289309501648
0.08988931775093079
-0.15898540616035461
0.13087615370750427
0.013074696063995361
0.03351014852523804
-0.1289825141429901
-0.07054898142814636
0.05898845195770264
-0.14390110969543457
-0.012132048606872559
0.20063981413841248
0.1816176474094391
-0.31407099962234497
0.021295249462127686
0.32682254910469055
0.5439515709877014
-0.05972576141357422
-0.26693111658096313
-0.08853748440742493
0.14165964722633362
-0.22758609056472778
0.005357831716537476
-0.3794625997543335
-0.5278202295303345
0.03538551926612854
-0.3213670551776886
0.21115821599960327
0.03346532583236694
-0.032678455114364624
-0.2117314636707306
0.30870485305786133
-0.28214794397354126
-0.06525251269340515
-0.18407118320465088
-0.08296099305152893
0.003331691026687622
0.10096108913421631
0.5897793471813202
-0.011280477046966553
0.06560707092285156
0.07927155494689941
0.17474234104156494
-0.042267441749572754
-0.16069012880325317
-0.4224093556404114
-0.6252409815788269
-0.3951566517353058
0.25531601905822754
-0.17599144577980042
-0.04510533809661865
-0.08526384830474854
0.29812178015708923
0.09972187876701355
0.09042438864707947
0.15570023655891418
-0.055782824754714966
0.04326146841049194
-0.07082730531692505
0.08185425400733948
-0.1798035204410553
-0.12629371881484985
-0.11460235714912415
-0.15874850749969482
-0.38507065176963806
0.6700928807258606
0.1483825147151947
0.05326959490776062
-0.09234622120857239
-0.11560460925102234
-0.4191637933254242
-0.2846677899360657
0.07731175422668457
-0.12993350625038147
-0.0848066508769989
-0.14841070771217346
0.07651650905609131
-0.21652597188949585
-0.04244637489318848
0.33324065804481506
-0.02608966827392578
0.19932278990745544
-0.03126034140586853
0.1021307110786438
0.09497210383415222
-0.14650708436965942
0.010274887084960938
-0.11304667592048645
-0.344951868057251
0.022136926651000977
-0.006040334701538086
0.08747053146362305
0.21080702543258667
0.03473109006881714
0.38931503891944885
-0.1297396421432495
-0.14809590578079224
0.010351061820983887
0.08135724067687988
-0.0969054102897644
0.03683343529701233
0.3348592519760132
-0.2808125913143158
-0.43015098571777344
0.18198543787002563
0.0764005184173584
0.5437164008617401
-0.0042626261711120605
0.03512042760848999
0.25354498624801636
-0.03949415683746338
-0.31507325172424316
0.00010436773300170898
0.10146301984786987
-0.22400933504104614
-0.090334951877594
-0.001116633415222168
-0.18311196565628052
-0.2298905849456787
0.13548505306243896
0.1108681857585907
-0.10284972190856934
0.03183019161224365
0.6128554344177246
0.583043098449707
-0.13545197248458862
-0.05767145752906799
0.2673105001449585
-0.26081955432891846
-0.09448498487472534
-0.15123701095581055
0.0585213303565979
-0.09037142992019653
0.025849521160125732
0.2524068355560303
-0.09809830784797668
-0.21910542249679565
-0.011050164699554443
-0.06836378574371338
-0.010248363018035889
0.272245854139328
-0.03513365983963013
0.02075183391571045
-0.04938793182373047
0.4357755780220032
-0.17801925539970398
-0.23628875613212585
0.02418285608291626
0.5544998645782471
-0.2369365394115448
-0.11843594908714294
0.04565867781639099
-0.041705816984176636
-0.05558237433433533
0.17560213804244995
0.07284677028656006
-0.05010855197906494
0.0622173547744751
0.06888565421104431
-0.22098085284233093
-0.13166466355323792
0.21363171935081482
-0.03384310007095337
-0.10185572504997253
-0.014123350381851196
0.04908144474029541
-0.04842543601989746
0.1703619360923767
0.20895981788635254
0.17176681756973267
-0.25448593497276306
0.13654375076293945
-0.26521146297454834
0.23023855686187744
0.19419032335281372
-0.07322785258293152
0.03592059016227722
0.4075205326080322
0.06922027468681335
0.020574569702148438
0.03915119171142578
0.0008680820465087891
-0.23405060172080994
-0.3235422968864441
0.004236161708831787
0.20887374877929688
-0.10770553350448608
0.0068819522857666016
0.2340870201587677
-0.018412649631500244
0.11353543400764465
-0.1716575026512146
-0.3264729976654053
0.1465187668800354
-0.24988862872123718
-0.06581079959869385
-0.17023444175720215
-0.18274089694023132
-0.06095999479293823
0.01013404130935669
0.033394068479537964
-0.5710188299417496
0.3593403100967407
-0.4314797818660736
-0.017474889755249023
0.18737134337425232
-0.0867200493812561
0.04564216732978821
-0.4002757668495178
-0.044250547885894775
-0.30050423741340637
0.1769043505191803
-0.2747954726219177
0.36390453577041626
0.05961143970489502
-0.2342708706855774
0.18274909257888794
0.19880756735801697
-0.1825304627418518
0.040965259075164795
-0.43191543221473694
-0.1484968066215515
0.021919846534729004
-0.07041484117507935
0.10397297143936157
0.14989176392555237
-0.16570332646369934
-0.07875624299049377
-0.25600188970565796
-0.05406820774078369
-0.164724200963974
-0.30417054891586304
-0.2319929301738739
0.09235125780105591
-0.10661375522613525
-0.08238774538040161
-0.1322147250175476
-0.018972545862197876
0.11136022210121155
0.006873667240142822
0.0011281967163085938
-0.06853440403938293
0.5086489617824554
0.2550724744796753
-0.2656421661376953
-0.051629453897476196
0.08673495054244995
0.23784935474395752
0.41670525074005127
-0.3767903745174408
0.075123131275177
-0.005924344062805176
0.42159584164619446
-0.16276264190673828
-0.17358088493347168
0.2348639965057373
-0.14016857743263245
-0.10226324200630188
-0.0023757219314575195
0.18232333660125732
-0.09781163930892944
-0.18727192282676697
0.0861004889011383
-0.054286807775497437
-0.3654916286468506
-0.42429137229919434
-0.16145390272140503
-0.09456455707550049
-0.1264013946056366
0.2643367350101471
0.29065844416618347
0.47690656781196594
-0.175877183675766
-0.07892197370529175
0.062184303998947144
-0.034888505935668945
-0.1862695813179016
0.07554894685745239
0.07829898595809937
-0.4710633158683777
-0.06524091958999634
-0.5699237287044525
0.15172907710075378
-0.137140154838562
0.2286779284477234
0.2742024064064026
-0.055534303188323975
-0.013869941234588623
-0.0748862624168396
0.49168771505355835
-0.14999613165855408
0.19956961274147034
0.11643636226654053
0.2044784128665924
0.057507455348968506
0.08162403106689453
0.09131908416748047
-0.023279964923858643
0.00890648365020752
0.17966106534004211
-0.12111321091651917
0.092669278383255
-0.01658684015274048
-0.15334099531173706
-0.03133314847946167
-0.02473127841949463
0.05013015866279602
0.14883646368980408
0.05733516812324524
-0.03342562913894653
0.05743786692619324
0.06580093502998352
-0.20366662740707397
-0.19238457083702087
-0.08442053198814392
-0.31293779611587524
0.2634984850883484
0.17362400889396667
0.03558593988418579
-0.14309266209602356
0.06066182255744934
0.3910793662071228
-0.3107011914253235
-0.14124539494514465
-0.14689645171165466
0.071329265832901
-0.2085290551185608
0.2662833631038666
-0.36212021112442017
-0.349665105342865
-0.045024216175079346
0.5273696482181549
0.47280287742614746
0.1905422806739807
0.31453806161880493
0.08985283970832825
-0.27509862184524536
-0.09390351176261902
-0.42658257484436035
-0.31587672233581543
-0.21850740909576416
-0.21747860312461853
-0.05165928602218628
0.3302137851715088
-0.1351785957813263
0.17508023977279663
0.2803918123245239
-0.23354533314704895
0.19497227668762207
-0.12099725008010864
-0.04690283536911011
0.1507135033607483
0.034628450870513916
-0.057643234729766846
0.28536030650138855
0.3511495590209961
0.1865479052066803
-0.23002982139587402
0.19381919503211975
-0.15275943279266357
0.2286679446697235
-0.20600920915603638
0.12828999757766724
0.0689089298248291
0.1667768657207489
-0.04921063780784607
0.12104195356369019
-0.07988286018371582
0.3215442895889282
0.027169883251190186
-0.26884961128234863
-0.03586757183074951
-0.012239664793014526
-0.24039897322654724
-0.15505903959274292
-0.26727405190467834
0.08617013692855835
-0.1336643397808075
-0.04737669229507446
-0.12599879503250122
0.24878698587417603
-0.15327304601669312
-0.08729493618011475
-0.008959472179412842
0.1224219799041748
0.15814882516860962
0.16261357069015503
-0.0545617938041687
0.08901786804199219
-0.19053226709365845
-0.1889352798461914
-0.020105749368667603
0.16348838806152344
0.5319173336029053
0.1620635986328125
-0.11620104312896729
0.19363367557525635
0.04100337624549866
-0.19712933897972107
0.10679930448532104
-0.6806046515703201
0.21068447828292847
-0.1956167221069336
0.2600939869880676
0.14144262671470642
-0.06374657154083252
-0.118888258934021
-0.07257682085037231
0.30378448963165283
0.28742286562919617
0.024222642183303833
-0.17448878288269043
0.2256394624710083
-0.09913700819015503
-0.013455748558044434
0.2921278476715088
-0.09979143738746643
0.10035631060600281
-0.2291964590549469
0.17971405386924744
0.1509189009666443
-0.2023942470550537
0.0907822847366333
-0.13906359672546387
0.08272576332092285
0.02928057312965393
0.13875874876976013
-0.09771889448165894
0.0663989782333374
0.04293835163116455
-0.5563569664955139
-0.18835043907165527
0.16350823640823364
-0.011923253536224365
-0.21333512663841248
-0.08231160044670105
-0.14104494452476501
-0.04972591996192932
-0.36456552147865295
-0.19858884811401367
-0.18797767162322998
-0.20086517930030823
0.15156835317611694
-0.6301099956035614
0.28601300716400146
0.1853683590888977
-0.05021458864212036
0.0650586485862732
-0.18799597024917603
0.060953378677368164
-0.09029358625411987
-0.24348554015159607
-0.036927878856658936
-0.15556266903877258
-0.03310590982437134
-0.040112078189849854
-0.11586478352546692
-0.2502846121788025
-0.1520703136920929
0.17398688197135925
0.23871415853500366
-0.09753498435020447
-0.49114087224006653
0.13187843561172485
-0.07423350214958191
-0.012146949768066406
0.13820862770080566
0.021598458290100098
0.025311022996902466
-0.056319594383239746
0.19603580236434937
-0.06024429202079773
-0.049967795610427856
-0.26986515522003174
0.025928974151611328
-0.03950566053390503
0.015816479921340942
0.25772976875305176
0.09303706884384155
-0.16941767930984497
-0.010993778705596924
0.03147238492965698
0.2282223105430603
-0.43252840638160706
1.1424136459827423
-0.12526339292526245
-0.04519650340080261
-0.3091406226158142
-0.2904380261898041
-0.22035792469978333
-0.17690271139144897
-0.021596759557724
-0.18235650658607483
-0.08147495985031128
0.2438168227672577
-0.14722949266433716
0.1660131812095642
-0.0649757981300354
-0.02510896325111389
0.14160656929016113
0.4739956259727478
0.7485708892345428
-0.3789689242839813
-0.05982351303100586
-0.07662743330001831
-0.07052582502365112
0.17551764845848083
0.12214535474777222
0.18283697962760925
0.01779305934906006
-0.22169485688209534
-0.058769792318344116
0.047769367694854736
0.09756648540496826
0.18858569860458374
-0.2732282876968384
-0.17916232347488403
-0.7249727845191956
-0.18321794271469116
0.0355047881603241
0.29770275950431824
0.31290629506111145
-0.4319966435432434
-0.12750640511512756
-0.19602105021476746
0.03263372182846069
0.16448068618774414
0.014532625675201416
-0.4074907600879669
0.19470718502998352
-0.21833676099777222
-0.2316632866859436
-0.09186246991157532
-0.13535261154174805
0.16544821858406067
0.03154194355010986
-0.13989847898483276
-0.46912670135498047
-0.19759809970855713
-0.09995877742767334
-0.19499871134757996
0.43384718894958496
-0.04519808292388916
-0.06563350558280945
-0.18070310354232788
-0.43209436535835266
0.014357000589370728
-0.06810703873634338
-0.002569526433944702
0.03417119383811951
0.14293023943901062
-0.19702497124671936
-0.12124407291412354
0.023455560207366943
-0.32783979177474976
-0.09041619300842285
-0.07040983438491821
-0.3720090985298157
0.29664573073387146
0.12943479418754578
-0.09431272745132446
0.19056379795074463
0.09776198863983154
0.020566314458847046
-0.13553473353385925
-0.16713640093803406
0.02902376651763916
0.261482298374176
0.0011497735977172852
-0.11916324496269226
-0.0064048171043396
-0.3311863839626312
0.5405189096927643
0.0517536997795105
0.1716161072254181
0.30488288402557373
-0.18622326850891113
0.1872355043888092
0.11352047324180603
0.01863953471183777
-0.22486579418182373
-0.017352253198623657
0.1039762794971466
0.15635615587234497
0.016141176223754883
0.11272525787353516
0.04213821887969971
-0.43286311626434326
0.4375814199447632
0.006466090679168701
-0.027005821466445923
0.023147493600845337
0.2915629744529724
0.5701323747634888
0.2690368592739105
-0.18346643447875977
-0.2864304780960083
0.354582279920578
0.1494825780391693
0.024699747562408447
-0.07262486219406128
-0.05682322382926941
-0.10036468505859375
-0.04626673460006714
-0.09054213762283325
0.1203809380531311
-0.06585055589675903
0.46327683329582214
0.09697669744491577
-0.15381646156311035
-0.2468155026435852
-0.11653399467468262
0.1336544156074524
-0.12557634711265564
0.18667057156562805
-0.22653242945671082
0.050433337688446045
-0.1851314902305603
0.06443583965301514
-0.1088370680809021
-0.5885582864284515
0.13713517785072327
0.04962816834449768
-0.1537817120552063
-0.2660580575466156
0.02090919017791748
-0.24204415082931519
-0.2283051609992981
0.004015833139419556
-0.03757229447364807
0.18691566586494446
0.3877047002315521
-0.276296466588974
-0.2589358687400818
0.11249330639839172
-0.23388990759849548
-0.04533398151397705
-0.07694059610366821
-0.3087364137172699
0.20949992537498474
0.08886879682540894
0.42942872643470764
-0.3137495219707489
0.29911425709724426
-0.2643582820892334
-0.2939055562019348
0.07830074429512024
-0.20204970240592957
0.2286761999130249
0.1147531270980835
-0.31153953075408936
-0.04199740290641785
-0.10810476541519165
-0.24195468425750732
0.17617207765579224
0.39598986506462097
-0.37472113966941833
-0.05822312831878662
-0.05622518062591553
-0.03146737813949585
0.09294754266738892
0.04776597023010254
0.37317538261413574
0.022280991077423096
0.15965133905410767
-0.02255094051361084
-0.06764480471611023
-0.16102313995361328
0.01578006148338318
-0.17292988300323486
-0.025552958250045776
-0.02922755479812622
0.07072454690933228
-0.318507581949234
-0.13462024927139282
-0.010944187641143799
-0.21097102761268616
-0.033751994371414185
0.09482130408287048
0.18451684713363647
-0.033485233783721924
-0.1340404748916626
0.19670024514198303
-0.19745567440986633
-0.07461124658584595
0.3357704281806946
-0.23174941539764404
0.02254265546798706
0.26756396889686584
0.27573153376579285
0.05874985456466675
-0.2742885649204254
0.06531214714050293
0.05227062106132507
-0.17801925539970398
-0.17838209867477417
0.04155665636062622
0.07868331670761108
-0.3165692090988159
0.36519181728363037
-0.06487476825714111
0.06985321640968323
-0.5409793853759766
-0.11301687359809875
-0.07088363170623779
-0.3347034752368927
-0.34735238552093506
0.11913669109344482
0.6479246020317078
0.0510479211807251
0.003144502639770508
-0.11106202006340027
0.34267061948776245
0.0505293607711792
0.14044848084449768
-0.0941222608089447
0.05656641721725464
-0.03291037678718567
-0.2534754276275635
-0.18398675322532654
-0.33444178104400635
-0.15131652355194092
-0.27403172850608826
0.05536538362503052
0.0849042534828186
0.29051753878593445
0.05527758598327637
-0.29704996943473816
-0.44733765721321106
-0.0026639997959136963
-0.22717195749282837
0.21048560738563538
-0.24915632605552673
0.23666971921920776
-0.13519680500030518
-0.05521124601364136
-0.48234543204307556
-0.1781947910785675
-0.268140584230423
0.013666152954101562
-0.27113255858421326
0.17315179109573364
-0.0378456711769104
-0.21013599634170532
-0.08730489015579224
-0.2423439919948578
0.5186272263526917
0.3921148478984833
0.06743940711021423
0.09912386536598206
-0.29756689071655273
0.32210925221443176
-0.12312939763069153
0.04369556903839111
-0.33163365721702576
-0.09817451238632202
0.2969539165496826
0.09438231587409973
-0.6163196861743927
-0.1783539354801178
-0.3244667649269104
0.15578803420066833
-0.07170534133911133
-0.0012077093124389648
-0.008305072784423828
-0.06658616662025452
0.1961485743522644
-0.19231992959976196
-0.03301811218261719
0.11093440651893616
0.046332985162734985
-0.24542713165283203
0.18110567331314087
0.26193785667419434
-0.10634037852287292
0.18189263343811035
-0.3041124641895294
-0.2255052626132965
0.1955488920211792
0.11457246541976929
0.3670291006565094
0.16056418418884277
0.05672213435173035
0.10689875483512878
-0.19438904523849487
-0.3347034752368927
0.23600709438323975
-0.13977590203285217
0.24208062887191772
0.05238661170005798
-0.2725589871406555
-0.10986247658729553
0.16711318492889404
-0.21685737371444702