0.6259949207305908
1.219756841659546
0.2816128730773926
0.1900038719177246
0.12214529514312744
-0.33844447135925293
0.3325066566467285
-0.5259034633636475
-0.24938011169433594
0.17643213272094727
0.32911384105682373
0.10009133815765381
0.2850058078765869
-0.07634091377258301
1.1137279272079468
0.24768352508544922
0.27821993827819824
0.09160900115966797
-0.23920154571533203
0.3019704818725586
0.0
0.2358083724975586
-0.010178804397583008
1.0399316549301147
0.12214541435241699
0.3749183416366577
0.7057285308837891
0.37491822242736816
-0.48349177837371826
-0.08821606636047363
0.037322282791137695
0.5903693437576294
0.46313440799713135
0.3443819284439087
0.619208812713623
-0.32911384105682373
0.5598328113555908
-0.4478660821914673
0.17812871932983398
-0.045804500579833984
0.6650134325027466
0.005089521408081055
0.33081018924713135
-0.5666185617446899
-0.19509315490722656
-0.5021530389785767
0.19848620891571045
0.11535942554473877
1.0399317741394043
0.34607839584350586
0.3206315040588379
-0.06276917457580566
0.9937031269073486
0.41563332080841064
0.8066680431365967
-0.06955492496490479
0.6819782257080078
0.46483075618743896
0.7235414981842041
0.08651959896087646
-0.5411715507507324
0.21884393692016602
0.7583189010620117
0.18661093711853027
0.46652722358703613
-0.3511679172515869
0.17643213272094727
0.7549260854721069
0.0848231315612793
-0.07634091377258301
0.13317227363586426
0.8702855110168457
0.15437793731689453
0.26464831829071045
-0.731175422668457
0.5242067575454712
-0.32572078704833984
0.6259949207305908
0.67519211769104
0.6734956502914429
-0.015268206596374512
0.18661093711853027
-0.3036668300628662
0.26804113388061523
-0.1272348165512085
-0.43938398361206055
1.3317233324050903
0.5174212455749512
0.13741350173950195
0.2663447856903076
0.2663447856903076
0.2171473503112793
0.6565310955047607
0.46652746200561523
0.7583189010620117
0.1323239803314209
-0.3121492862701416
-0.07803726196289062
0.6209051609039307
-0.18321800231933594
-0.2171473503112793
0.4665273427963257
-0.07973372936248779
-0.13910996913909912
0.7455954551696777
-0.15777099132537842
0.9211792945861816
-0.08991241455078125
-0.35116779804229736
-0.4088475704193115
0.5920653343200684
0.6768887042999268
0.40375816822052
0.2578624486923218
-0.2358083724975586
-0.13232409954071045
-0.16455698013305664
0.29857730865478516
-0.5242069959640503
0.28330934047698975
0.8159986734390259
-0.2833092212677002
-0.07973384857177734
0.7523813247680664
-0.06446564197540283
0.8974287509918213
-0.3579537868499756
0.19848620891571045
0.2697376012802124
-0.3409888744354248
0.19848620891571045
-0.6565312147140503
0.25955891609191895
0.15946733951568604
-0.2171473503112793
0.1832178831100464
-0.5801903009414673
0.4071512222290039
1.0076990127563477
0.2035754919052124
0.5216622352600098
0.2833092212677002
0.04919743537902832
1.2197566032409668
-0.10518062114715576
0.5954585075378418
-0.26125526428222656
-0.2867022752761841
0.5886725187301636
0.2307189702987671
-0.05937623977661133
0.1747356653213501
0.5343856811523438
0.21036148071289062
-0.7532294988632202
-0.15777111053466797
0.32741737365722656
0.01696467399597168
0.6667098999023438
0.23241543769836426
1.1586838960647583
0.02375054359436035
0.8889464139938354
-0.32572078704833984
0.3240243196487427
0.9296615123748779
-0.21884369850158691
0.18152141571044922
0.7006391286849976
0.520814061164856
0.21884369850158691
0.22223663330078125
0.34607839584350586
0.3952758312225342
0.20018255710601807
0.11281466484069824
-0.0805819034576416
0.33420324325561523
-0.22054004669189453
0.2527729272842407
0.3138456344604492
0.13910984992980957
-0.5072423219680786
0.06955504417419434
0.7328718900680542
0.8550174236297607
0.12214517593383789
-0.3002738952636719
0.07464432716369629
-0.7956410646438599
1.068771481513977
0.9313582181930542
0.2222365140914917
0.24768376350402832
0.11027002334594727
0.044108033180236816
0.9076075553894043
0.21884369850158691
-0.619208812713623
0.0
0.49367058277130127
0.7481400966644287
-0.18236994743347168
0.006785869598388672
-0.5835834741592407
-0.2833092212677002
-0.006785869598388672
0.09160900115966797
0.5725562572479248
-0.505545973777771
0.4215710163116455
0.05767989158630371
0.02375054359436035
0.04919743537902832
0.11535930633544922
-0.0517420768737793
0.4156334400177002
-0.2629518508911133
0.33759641647338867
-0.2968810796737671
0.18152153491973877
0.47670602798461914
0.3511679172515869
-0.5598325729370117
-0.054286956787109375
0.5157246589660645
0.3121492862701416
0.5276000499725342
1.3274822235107422
0.4563484191894531
-0.6480486392974854
-0.3901865482330322
0.3240242004394531
0.16116392612457275
0.06616199016571045
-0.24768352508544922
-0.26125526428222656
0.08482301235198975
-0.4529554843902588
0.12384176254272461
-0.03392922878265381
-0.11705601215362549
-1.282525897026062
0.3698289394378662
0.05598330497741699
-0.23411178588867188
0.3206315040588379
0.519965648651123
0.11027002334594727
-0.08991289138793945
0.29263997077941895
0.07973361015319824
-0.5937619209289551
-0.010178685188293457
0.22902250289916992
-0.29688096046447754
0.2375049591064453
1.0399315357208252
0.38594532012939453
0.26464807987213135
-0.34607863426208496
-0.13402044773101807
1.0399317741394043
-0.561529278755188
0.47670626640319824
0.4088475704193115
0.5649222135543823
0.03223288059234619
0.18661093711853027
0.46822381019592285
-0.4817953109741211
0.9618944525718689
-0.6565312147140503
-0.06785833835601807
0.2069683074951172
0.49536728858947754
1.2825260162353516
0.3850971460342407
0.6785850524902344
0.2917916774749756
-0.74135422706604
-0.08312630653381348
0.03562569618225098
0.037322282791137695
0.14928865432739258
-0.1458958387374878
0.32572078704833984
1.0518070459365845
0.17982518672943115
0.6768887042999268
-0.3291137218475342
0.6870675086975098
0.8919153213500977
1.0382351875305176
0.28839874267578125
0.4733130931854248
0.44786614179611206
-0.4563485383987427
0.766801118850708
0.6633172035217285
0.2951846122741699
0.45804500579833984
-0.18661093711853027
0.40715110301971436
0.19339680671691895
0.07294797897338867
0.6853711605072021
0.3121492862701416
0.43938398361206055
-0.8329632878303528
-0.1289311647415161
0.3664358854293823
-0.35795366764068604
0.12893104553222656
-0.09330546855926514
-0.02544713020324707
0.7014875411987305
0.3867936134338379
-0.5700116157531738
1.0891293287277222
0.3494713306427002
0.46822381019592285
0.4444732666015625
0.3783111572265625
-0.020357489585876465
-0.22054004669189453
-0.695549726486206
0.13910996913909912
0.8193917274475098
-0.24089765548706055
0.8295702934265137
0.4987601041793823
0.13741350173950195
0.5649222135543823
0.18661093711853027
0.22393321990966797
0.48518824577331543
0.5191175937652588
-0.2375047206878662
0.08143031597137451
-1.231631875038147
1.219756841659546
0.8439900875091553
1.0806469917297363
0.7226929664611816
0.7820693254470825
1.2265427112579346
0.2171473503112793
-0.5462610721588135
0.3392925262451172
-0.6039407253265381
-0.27228212356567383
0.5581363439559937
-0.3426855802536011
0.26125526428222656
0.7294789552688599
1.158684253692627
0.04071474075317383
-0.19678974151611328
-0.45974135398864746
0.4851886034011841
-0.41054391860961914
-0.13571703433990479
0.46483075618743896
0.45974135398864746
0.3223278522491455
-0.4207228422164917
-0.09330534934997559
0.7990337610244751
0.11960029602050781
0.10772538185119629
0.2646481990814209
0.9364473819732666
-0.03562569618225098
0.8533209562301636
-0.10857343673706055
-0.29857754707336426
1.219756841659546
0.8499279022216797
0.2086648941040039
-0.6158161163330078
1.3028836250305176
1.2893117666244507
0.0
-0.12384176254272461
-0.3477749824523926
0.19000375270843506
0.21799540519714355
0.08482325077056885
0.7328720092773438
-0.24429070949554443
0.044108033180236816
0.1713426113128662
1.1756486892700195
-0.07888555526733398
0.20018255710601807
0.3409891128540039
0.5055458545684814
-0.2358081340789795
0.2137542963027954
0.7549259662628174
0.33759593963623047
0.832963228225708
0.2816128730773926
0.11196660995483398
0.7829176187515259
0.644655704498291
0.1136631965637207
-0.20018243789672852
1.089129090309143
0.5835833549499512
0.2400493621826172
0.6395664215087891
0.4750094413757324
1.0246634483337402
0.12893104553222656
-0.3647392988204956
0.2595587968826294
-0.12893128395080566
0.4936707019805908
0.2917916774749756
0.7447471618652344
-0.4716167449951172
-0.1136631965637207
-0.1187523603439331
0.597154974937439
0.0848231315612793
-0.3240243196487427
0.7142107486724854
0.4122403860092163
-0.15607476234436035
0.04071509838104248
0.25786256790161133
-0.04071509838104248
0.061072707176208496
0.5309927463531494
0.16625332832336426
0.13910984992980957
0.08143019676208496
-0.23920130729675293
-0.40375828742980957
0.42750847339630127
0.05598330497741699
0.1179041862487793
0.459741473197937
0.6429593563079834
0.5903689861297607
0.6497453451156616
0.12214529514312744
0.19678950309753418
0.10602903366088867
0.7871586084365845
-0.1408064365386963
-0.23920142650604248
-0.020357489585876465
0.7905517816543579
-0.11196649074554443
-0.4461696147918701
0.3969721794128418
-0.34438180923461914
0.4750092029571533
0.13232421875
0.5191177129745483
0.944929838180542
-0.0475010871887207
0.06955492496490479
0.878767728805542
0.3155421018600464
0.015268325805664062
0.4588932991027832
0.756622314453125
0.15777087211608887
-0.3325066566467285
0.46991991996765137
0.792248010635376
0.10009133815765381
0.42411577701568604
-0.1713426113128662
-0.028839945793151855
0.6565308570861816
0.7718906402587891
0.19000375270843506
0.14928865432739258
0.07973372936248779
1.0178778171539307
-0.1883072853088379
0.4546520709991455
0.030536413192749023
-0.022053956985473633
-0.459741473197937
-0.07634079456329346
0.12214541435241699
-0.23920130729675293
0.3223280906677246
0.3291139602661133
-0.5106353759765625
0.43768739700317383
0.24683547019958496
0.2358083724975586
0.02375054359436035
-0.15437805652618408
1.4759225845336914
0.08651947975158691
0.44362497329711914
-0.188307523727417
0.3783111572265625
0.5734045505523682
-0.563225507736206
-0.39357948303222656
0.6446558237075806
0.1713428497314453
0.2375047206878662
0.4665273427963257
0.3766148090362549
0.4232673645019531
0.21375417709350586
0.06276893615722656
0.2697376012802124
0.24429059028625488
0.6310842037200928
0.6955499649047852
0.5046980381011963
-0.15268158912658691
1.0043059587478638
0.10178780555725098
-0.2222365140914917
-0.03223276138305664
0.7600153684616089
0.054286956787109375
-1.046717643737793
0.6446559429168701
0.9975202083587646
-0.4529554843902588
-0.21545100212097168
0.8991250991821289
0.4919743537902832
0.6836743354797363
0.2680414915084839
0.8601067066192627
0.731175422668457
-0.1509852409362793
-0.19170022010803223
-0.13571691513061523
0.7040321826934814
-0.10178780555725098
0.4546518325805664
0.006785750389099121
0.6650135517120361
0.0763406753540039
0.4342944622039795
0.3884902000427246
0.9500192403793335
-0.7549259662628174
1.4386005401611328
-0.3901865482330322
-0.19678974151611328
-0.07634091377258301
0.495367169380188
0.1798250675201416
-0.7854622602462769
0.010178804397583008
0.7489883899688721
0.6667098999023438
0.5089390277862549
1.194309949874878
0.7464437484741211
0.21884369850158691
0.29009509086608887
0.7362648248672485
0.4877328872680664
0.13571691513061523
0.37152528762817383
-0.7905517816543579
-0.31045281887054443
0.15946757793426514
-0.9669837951660156
0.03562569618225098
0.30536317825317383
-0.3392925262451172
0.2358083724975586
-0.5225105285644531
0.34438204765319824
0.045804500579833984
0.1984860897064209
-0.11027014255523682
0.8847053050994873
0.11535942554473877
-0.09160900115966797
0.5284483432769775
-0.16286039352416992
0.11535954475402832
-0.5191175937652588
0.13062763214111328
0.7277828454971313
-0.2985774278640747
0.5157244205474854
-0.12214529514312744
0.17473578453063965
-0.0237504243850708
-0.066162109375
0.8295702934265137
0.3969724178314209
-0.05767965316772461
-0.13402056694030762
-0.2782198190689087
0.33929264545440674
0.028839826583862305
0.4750096797943115
-0.010178804397583008
-0.06955504417419434
0.5666184425354004
-0.3562570810317993
0.5089387893676758
-0.5954585075378418
1.026360034942627
-0.0950019359588623
-0.06955492496490479
0.4919741153717041
0.3367478847503662
0.25616586208343506
-0.09160900115966797
-0.32572078704833984
0.14759230613708496
-0.33589982986450195
0.23411202430725098
0.5954585075378418
-0.003392934799194336
0.36304306983947754
0.6751923561096191
1.1705595254898071
-0.5479574203491211
-0.13910984992980957
1.0840396881103516
0.015268325805664062
0.9686803817749023
0.12384176254272461
-0.36304306983947754
-0.393579363822937
-0.5123317241668701
0.005089402198791504
0.5089387893676758
-0.22902250289916992
-0.08651947975158691
0.6989426612854004
0.6972461938858032
0.5411715507507324
0.6717993021011353
0.40206170082092285
0.8143022060394287
-0.11027002334594727
0.7837657928466797
0.15777111053466797
0.14928889274597168
0.5615291595458984
-0.0475008487701416
0.6879158020019531
0.373221755027771
-1.0093955993652344
0.34098899364471436
0.18661093711853027
0.4758579730987549
0.2459871768951416
0.20527195930480957
-0.33759605884552
1.0857365131378174
0.09330546855926514
0.36134660243988037
0.7634083032608032
-0.6582277417182922
-0.061072587966918945
0.5030012130737305
-0.10687732696533203
0.5055458545684814
-0.2782198190689087
0.5394752025604248
-0.37491822242736816
-0.02375054359436035
0.6616203784942627
0.16794991493225098
1.056896448135376
0.11535954475402832
1.2112743854522705
0.22054016590118408
-0.12553834915161133
0.5886725187301636
0.07973384857177734
-0.25616586208343506
-0.12723469734191895
-0.07294797897338867
0.6734956502914429
0.3884902000427246
0.6242983341217041
0.8109091520309448
-0.1933966875076294
-0.6259948015213013
0.4275089502334595
1.5090038776397705
-0.013571500778198242
-0.10178780555725098
0.8618032932281494
0.3240244388580322
0.8719818592071533
0.015268087387084961
-0.3426854610443115
0.5496538877487183
-0.19678950309753418
0.015268206596374512
-0.3036668300628662
0.4054546356201172
-0.9534122347831726
0.5309927463531494
0.2917914390563965
0.9483227729797363
-0.05598330497741699
0.07973372936248779
-0.45295560359954834
-0.5801903009414673
-0.49706363677978516
1.2299354076385498
0.01696455478668213
0.2867022752761841
0.40036511421203613
0.5072423219680786
-0.4979121685028076
0.67519211769104
-1.3486878871917725
0.0
-0.013571500778198242
-0.08143019676208496
0.5479574203491211
0.20357561111450195
0.03392910957336426
-0.48858141899108887
0.5106351375579834
0.845686674118042
0.5242069959640503
-0.8193916082382202
0.21375441551208496
-0.1560746431350708
0.4309014081954956
0.33081042766571045
0.5123318433761597
-0.19170045852661133
0.4351426362991333
1.1264512538909912
-0.2680410146713257
-0.13911008834838867
0.1085737943649292
0.10518074035644531
0.35625720024108887
0.4817955493927002
0.13571715354919434
0.29857730865478516
1.016181230545044
-0.11535954475402832
-0.2069685459136963
0.5242071151733398
0.13910984992980957
-1.022966980934143
-0.07634103298187256
0.8363561630249023
0.4173295497894287
-0.05598330497741699
0.8847053050994873
0.7532294988632202
0.05937623977661133
-0.04919743537902832
0.9160900115966797
0.48688483238220215
-0.0237504243850708
-0.1645568609237671
0.5649220943450928
-0.1034843921661377
0.31893491744995117
0.17643213272094727
0.6650135517120361
0.0712512731552124
0.3392925262451172
0.44786620140075684
0.4962155818939209
0.4427769184112549
-0.1085735559463501
0.8702855110168457
-0.3036668300628662
0.2086648941040039
0.9937031269073486
-0.15946745872497559
0.4020615816116333
0.46992015838623047
0.7260861396789551
0.6955499649047852
-0.1832178831100464
0.6463524103164673
0.4444732666015625
0.42072296142578125
0.018661141395568848
-0.4784027338027954
0.8159987926483154
0.8550171852111816
-0.3223278522491455
0.5326894521713257
0.6641652584075928
-0.0950019359588623
-0.19509315490722656
0.5903689861297607
-0.07803738117218018
0.02544689178466797
0.3325066566467285
-0.061072587966918945
0.4105440378189087
-0.26804113388061523
0.4834921360015869
0.1458958387374878
0.352864146232605
-0.01696467399597168
0.5937620401382446
0.695549726486206
-0.22054028511047363
-0.5140281915664673
0.17812836170196533
-0.2748270034790039
0.588672399520874
0.14504742622375488
0.07973372936248779
0.20187926292419434
0.05598342418670654
0.48688483238220215
0.42750871181488037
-0.26973748207092285
0.44108033180236816
-0.2951846122741699
0.822784423828125
0.5920655727386475
0.11196660995483398
0.17303919792175293
0.7006392478942871
0.06955504417419434
0.07973384857177734
0.9924309253692627
0.39357948303222656
0.43090152740478516
0.3053632974624634
0.5428681373596191
1.0518066883087158
0.5055458545684814
0.42241930961608887
0.15268170833587646
0.8159986734390259
-0.6124231815338135
-0.1374133825302124
0.03901863098144531
0.1136629581451416
1.1518982648849487
0.11027002334594727
0.751533031463623
-0.3969724178314209
-0.04241156578063965
0.5072424411773682
-0.22902250289916992
-0.39697229862213135
0.48688483238220215
-0.02544689178466797
-0.5021529197692871
0.6785852909088135
0.5089387893676758
-0.001696467399597168
-0.843142032623291
-0.17303919792175293
-0.07294774055480957
0.08651971817016602
1.1849794387817383
0.05767965316772461
0.9508674144744873
0.06870675086975098
0.1696462631225586
-0.09669852256774902
0.7074251174926758
0.3121490478515625
-0.25955891609191895
0.09669840335845947
-0.0848231315612793
0.30197036266326904
-0.19000399112701416
0.40036511421203613
0.43090152740478516
0.48688483238220215
0.6819779872894287
0.685370922088623
-0.05937623977661133
0.20018255710601807
-0.5801899433135986
-0.2544693946838379
0.6378698348999023
0.950019121170044
0.06785845756530762
0.3002737760543823
-0.04750096797943115
0.09330546855926514
-0.10687708854675293
-0.3613467216491699
0.16286051273345947
0.8448386192321777
0.27567505836486816
-0.817695140838623
0.4919743537902832
-0.4241156578063965
-0.1187523603439331
0.347774863243103
0.13402056694030762
-0.2273259162902832
-0.02714359760284424
0.5335373878479004
-0.005089282989501953
-0.13571691513061523
-0.044108033180236816
0.10009121894836426
-0.3325066566467285
0.5055458545684814
-0.7786766290664673
-0.3477747440338135
0.9398403167724609
0.06446552276611328
-0.3596498966217041
-0.4156334400177002
1.0551999807357788
-0.020357847213745117
0.31893491744995117
-0.17473554611206055
-0.05767977237701416
0.30705976486206055
0.10942196846008301
0.9873412847518921
-0.8651959896087646
0.11027002334594727
-0.29688119888305664
0.26804113388061523
-0.0475010871887207
0.19678974151611328
-0.3901865482330322
0.26125526428222656
0.6361737251281738
0.5326893329620361
-0.3783111572265625
-0.044107675552368164
0.4317500591278076
0.9364473819732666
0.39866840839385986
-0.6005480289459229
-0.48858118057250977
0.45465195178985596
0.5428681373596191
0.41902637481689453
0.495367169380188
0.5954586267471313
1.0009130239486694
0.1611640453338623
-0.12553834915161133
0.40036511421203613
0.46143782138824463
-0.2222367525100708
0.8227845430374146
-0.4342944622039795
-0.15437793731689453
-0.14928877353668213
0.5021530389785767
-0.4122406244277954
0.22054016590118408
1.0140604972839355
-0.5971550941467285
-0.06785857677459717
0.11027002334594727
0.20018255710601807
-0.20696842670440674
-0.23241543769836426
0.033928871154785156
0.5271759033203125
0.06785845756530762
-0.3087562322616577
-0.022053956985473633
-0.5852799415588379
-0.16031575202941895
0.44956278800964355
0.8261774778366089
0.09330534934997559
0.3986687660217285
-0.2629516124725342
0.12893128395080566
0.8193914890289307
0.24768364429473877
0.2850058078765869
0.8126057386398315
-0.027143359184265137
0.013571739196777344
0.2358081340789795
0.47670602798461914
0.475009560585022
0.018661022186279297
0.3800077438354492
0.40715110301971436
0.5394752025604248
0.1374133825302124
0.710817813873291
0.9873414039611816
0.5666184425354004
0.6378700733184814
0.07464432716369629
0.8923394680023193
0.29688096046447754
0.9618943929672241
0.19678974151611328
-0.30875611305236816
-0.15777111053466797
-0.24429059028625488
0.9279651045799255
0.12044882774353027
-0.13741350173950195
-0.1289311647415161
-0.0016965866088867188
0.10687732696533203
-0.827873945236206
-0.15268158912658691
-0.1849144697189331
0.35625720024108887
0.20018267631530762
0.24429082870483398
0.038170576095581055
0.5937620401382446
0.4088475704193115
-0.25616586208343506
0.6158159971237183
0.6209053993225098
-0.006785869598388672
0.2934880256652832
-0.42750871181488037
-0.08821606636047363
0.4461696147918701
0.4817953109741211
1.4029747247695923
0.41224050521850586
0.860954999923706
0.0950019359588623
0.020357489585876465
0.5089387893676758
-0.13062763214111328
0.8880982398986816
-1.224846363067627
0.5471091270446777
0.18915557861328125
0.8991250991821289
0.944929838180542
0.24598705768585205
0.47500932216644287
0.28500568866729736
0.17812860012054443
0.449562668800354
0.13910996913909912
-0.5004564523696899
-0.053438425064086914
-0.20527195930480957
0.49536705017089844
-0.4224194288253784
0.48518848419189453
-0.7040320634841919
-0.9313580989837646
0.13911008834838867
0.7634084224700928
-0.1136629581451416
-0.2934880256652832
0.037322163581848145
-0.4258122444152832
0.013571739196777344
0.5369300842285156
0.2714341878890991
0.934751033782959
0.7651046514511108
0.39527571201324463
-0.5581364631652832
0.6590757369995117
0.4444732666015625
0.14928865432739258
0.3613467216491699
1.2638649940490723
0.5581362247467041
-0.07803726196289062
-0.4750096797943115
-0.18152141571044922
0.22393310070037842
0.2833094596862793
0.36898064613342285
-0.43090152740478516
-0.05937623977661133
-0.09669828414916992
0.2765234708786011
-0.4122403860092163
-0.2985774874687195
0.17303919792175293
0.061072468757629395
-0.24938011169433594
-0.066162109375
-0.505545973777771
0.022053956985473633
0.5717082023620605
0.03392922878265381
0.3367478847503662
0.20357537269592285
-0.2985774278640747
1.231631875038147
0.685370922088623
0.22902262210845947
-0.17643225193023682
-0.6938531398773193
-0.22393310070037842
-0.11196649074554443
0.5920655727386475
-0.5072422027587891
-0.09160900115966797
0.2663445472717285
-0.7193001508712769
0.20357561111450195
0.13402080535888672
0.5411717891693115
0.14250290393829346
-0.46992015838623047
0.15777111053466797
0.31214916706085205
0.45974111557006836
0.6633172035217285
-0.5852798223495483
-0.4275086522102356
0.751533031463623
-0.6768888235092163
-0.8176950216293335
1.1111831665039062
0.6005477905273438
0.7218449115753174
-0.052590250968933105
-0.4546520709991455
0.29518449306488037
0.32741737365722656
0.7786762714385986
-0.6141195297241211
0.17473578453063965
0.3121490478515625
0.5615293979644775
0.5462610721588135
0.6446559429168701
0.5988513231277466
0.20187902450561523
-0.1900038719177246
-0.6904604434967041
0.31723856925964355
-0.3087562322616577
-0.45465195178985596
-0.19848620891571045
0.11196660995483398
0.20357561111450195
-0.39188289642333984
0.6327806711196899
0.25107645988464355
-0.2951846122741699
-0.2324153184890747
0.13910984992980957
-0.10518062114715576
-0.09330534934997559
-0.31214916706085205
0.33759617805480957
0.5980031490325928
1.097611665725708
0.7803729772567749
0.07718920707702637
-0.3104526996612549
-0.09160900115966797
0.47840261459350586
0.3168144226074219
0.6327805519104004
-0.21036136150360107
0.1696462631225586
-0.14759230613708496
-0.37152528762817383
0.10518074035644531
0.45125913619995117
0.4987601041793823
0.4546520709991455
0.36134660243988037
0.35456085205078125
0.8049716949462891
0.3223278522491455
0.7837659120559692
0.2527730464935303
0.393579363822937
-0.022054076194763184
0.510635256767273
0.19678974151611328
0.198486328125
-0.142503023147583
0.08821606636047363
0.32572078704833984
0.2578622102737427
0.1136629581451416
0.030536174774169922
-0.5225104093551636
-0.49536728858947754
0.29688096046447754
1.3503844738006592
0.35965001583099365
0.018661141395568848
0.4571969509124756
0.4631342887878418
0.393579363822937
0.1798250675201416
0.6158159971237183
0.11705601215362549
0.6480487585067749
-0.06870698928833008
0.43768739700317383
0.8261773586273193
0.08821606636047363
0.4241158962249756
0.006785869598388672
-0.22562956809997559
-0.003392815589904785
0.5072424411773682
0.11960053443908691
-0.35965025424957275
0.3104526996612549
0.2765234708786011
0.26125526428222656
0.08143019676208496
-0.25446951389312744
0.08651971817016602
0.3952758312225342
0.5920655727386475
-0.31723856925964355
0.6734957695007324
0.2850055694580078
-0.044108033180236816
-0.1611640453338623
-0.07125139236450195
0.015268325805664062
-0.16455674171447754
-0.6107265949249268
0.5182693004608154
0.13911008834838867
0.41563332080841064
0.1289311647415161
0.05767953395843506
0.04241156578063965
0.28670215606689453
0.1136627197265625
0.25701403617858887
1.0178778171539307
0.36304306983947754
-0.46992027759552
-0.7532296180725098
0.0
1.050958514213562
-0.29179155826568604
0.12723469734191895
0.045804500579833984
-0.2917916774749756
-0.018661022186279297
1.3003389835357666
-0.6175123453140259
0.9517154693603516
-0.12553822994232178
0.1408064365386963
-0.15437805652618408
-0.31723856925964355
-0.2799164056777954
0.11875224113464355
0.3223278522491455
0.2765234708786011
1.4029746055603027
-0.11535954475402832
1.5098518133163452
0.054286956787109375
-0.257862389087677
-0.3121490478515625
0.6972463130950928
1.2740437984466553
0.7023355960845947
-0.6582276821136475
0.13402056694030762
0.2273259162902832
0.26125526428222656
0.49282264709472656
0.26804113388061523
0.30493927001953125
-0.36134660243988037
0.6734957695007324
-0.02544689178466797
-0.2790684700012207
0.021205663681030273
0.38509702682495117
0.03901863098144531
1.5174858570098877
-0.2137542963027954
0.6684064865112305
0.5038495063781738
0.32572078704833984
0.037322044372558594
0.8058199882507324
0.4402322769165039
-0.027143359184265137
0.39357924461364746
0.9160898923873901
0.0848231315612793
0.6531381607055664
0.2086648941040039
-0.3070598840713501
-0.2273259162902832
0.3766148090362549
1.0229671001434326
0.13402056694030762
0.00848233699798584
0.1713428497314453
0.5394752025604248
0.20527195930480957
-0.011875271797180176
1.569228172302246
0.2782198190689087
0.5038496255874634
1.0908255577087402
0.5394753217697144
0.22732603549957275
-0.06785821914672852
-0.24259424209594727
0.4987599849700928
-0.49706363677978516
0.0950019359588623
-0.25531768798828125
-1.3232409954071045
-0.2765234708786011
0.654834508895874
-0.01696467399597168
-0.07803726196289062
0.6209055185317993
0.16625332832336426
0.37491822242736816
0.3358994722366333
-0.2917916774749756
-0.858410120010376
0.9635908603668213
-0.41054391860961914
0.3723733425140381
-0.12723469734191895
0.6548347473144531
0.005089402198791504
-0.3494713306427002
0.6887640953063965
0.1798250675201416
-0.030536293983459473
0.6412630081176758
-0.11535954475402832
0.4359908103942871
0.6259949207305908
-0.15607452392578125
0.33759617805480957
-0.2748270034790039
0.4139368534088135
0.5835833549499512
-0.044107913970947266
0.30875635147094727
-0.6667098999023438
0.4003652334213257
0.23750483989715576
0.20781660079956055
-0.26125526428222656
0.6726474761962891
0.1085737943649292
0.37152552604675293
0.0016965866088867188
0.1747356653213501
0.07634091377258301
0.5343858003616333
0.32147979736328125
-0.23920130729675293
-0.003392934799194336
0.11875224113464355
0.49282240867614746
0.38509702682495117
0.5309929847717285
0.36473941802978516
0.22054016590118408
0.13911008834838867
-0.2934880256652832
-0.02375054359436035
0.33420300483703613
1.007698655128479
0.3969721794128418
-0.5021530389785767
0.21545076370239258
-0.1458958387374878
-0.4003652334213257
-0.15946757793426514
0.7532296180725098
1.900038242340088
0.08821606636047363
0.43938398361206055
-0.16031575202941895
-0.0475008487701416
-0.1509852409362793
0.05937623977661133
-0.30705976486206055
0.21205759048461914
0.14928877353668213
0.909304141998291
0.22054016590118408
0.4325978755950928
0.347774863243103
-0.9771624803543091
0.16455698013305664
0.32572078704833984
0.46652698516845703
0.393579363822937
0.44786620140075684
0.14419937133789062
0.23920130729675293
-0.5046975612640381
0.7651047706604004
0.48858118057250977
-0.31723856925964355
0.2086648941040039
0.5581363439559937
0.8516244888305664
-0.24768352508544922
-0.12214529514312744
0.2833092212677002
0.1883072853088379
0.19339704513549805
-1.1502019166946411
-0.792248010635376
0.3019704818725586
0.20357561111450195
0.7464437484741211
0.28839874267578125
1.000913143157959
0.9593498706817627
-0.24259424209594727
0.24259424209594727
0.044108033180236816
0.07803726196289062
0.6446558237075806
0.3240242004394531
0.812605619430542
0.7718908786773682
-0.4198744297027588
-0.05089378356933594
1.4699852466583252
0.3291139602661133
-0.17643213272094727
0.10009121894836426
0.8999736309051514
-0.7328721284866333
0.2527732849121094
-0.27397871017456055
-0.2782198190689087
0.015268325805664062
0.1645568609237671
0.02459883689880371
-0.08906435966491699
-0.2375049591064453
0.7006392478942871
1.1315407752990723
-0.2807645797729492
0.26464807987213135
0.0899125337600708
-0.3121495246887207
1.3317234516143799
0.24259424209594727
0.3342031240463257
0.11196660995483398
1.1518983840942383
-0.44532179832458496
0.4325981140136719
0.22393310070037842
0.022053956985473633
-0.04241156578063965
0.792248010635376
-0.4817953109741211
0.45974135398864746
-0.2544693946838379
0.020357608795166016
0.12384176254272461
0.028840065002441406
-0.7235414981842041
0.19678974151611328
-0.10687708854675293
0.22054028511047363
0.38679349422454834
0.5683150291442871
0.011875152587890625
0.01696467399597168
-0.21884369850158691
0.23580825328826904
0.0475010871887207
0.044108033180236816
-0.8550173044204712
1.046717643737793
-0.34607839584350586
0.28670215606689453
0.4325981140136719
0.3494713306427002
0.22223687171936035
0.5174212455749512
0.006785869598388672
0.4385356903076172
0.03223276138305664
0.3223280906677246
-0.11366307735443115
0.21375417709350586
0.16286039352416992
0.64211106300354
0.4512592554092407
-0.066162109375
-0.38509702682495117
0.28330934047698975
0.32232797145843506
-0.044107913970947266
0.18321800231933594
-0.2137542963027954
0.22054028511047363
0.33589982986450195
0.5513505935668945
0.0
0.45125913619995117
-0.16116392612457275
0.08143019676208496
0.1849144697189331
-0.24768364429473877
0.19509339332580566
-0.02375054359436035
-0.10687732696533203
0.4987601041793823
0.5394752025604248
-0.037322163581848145
-0.909304141998291
0.3002738952636719
0.3104526996612549
0.6582276821136475
1.4793155193328857
0.41902637481689453
-0.12977933883666992
-0.08651947975158691
0.6701028347015381
0.05767965316772461
-0.17643213272094727
0.2459869384765625
-0.4342947006225586
0.1713426113128662
0.07464432716369629
-0.24429070949554443
-0.19085216522216797
0.7345683574676514
-0.6616203784942627
0.33759593963623047
-0.0899125337600708
-0.08143019676208496
0.685370922088623
-0.6938532590866089
0.5564396381378174
0.19000399112701416
-0.7786763906478882
-0.28839874267578125
0.08312678337097168
0.22902250289916992
0.37322163581848145
0.12044882774353027
0.05767941474914551
0.37152552604675293
0.588672399520874
0.33081018924713135
0.2375049591064453
-0.35286426544189453
-0.8634997606277466
0.3053632974624634
-0.3545607328414917
0.6259946823120117
-0.04071509838104248
-0.3189350366592407
-0.6361737251281738
0.3901863098144531
-0.09669852256774902
0.45295560359954834
0.5259034633636475
0.13571715354919434
0.3240242004394531
-0.1034841537475586
0.3698289394378662
1.0857360363006592
0.4512590169906616
0.627691388130188
0.6514418125152588
0.797337532043457
-0.15098512172698975
0.3986687660217285
0.1798250675201416
0.11705589294433594
-0.2137542963027954
0.5038495063781738
0.607333779335022
0.44956254959106445
0.4020618200302124
0.6938532590866089
1.1569876670837402
0.5394753217697144
0.5581362247467041
0.505545973777771
-0.5700114965438843
0.47161662578582764
-0.5225107669830322
0.6395665407180786
-0.11196649074554443
0.11027002334594727
0.23071885108947754
0.37322187423706055
0.776979923248291
-0.30875635147094727
0.7583189010620117
-0.2171473503112793
0.9771627187728882
0.25446951389312744
0.15777111053466797
0.31893491744995117
-0.08651971817016602
0.11027002334594727
0.6480488777160645
0.5191177129745483
-0.34947121143341064
-0.31214916706085205
0.8923394680023193
0.11875224113464355
-1.338509202003479
-0.23071885108947754
0.0
0.4682236909866333
0.16710162162780762
1.175648808479309
-0.03901863098144531
0.14589595794677734
-1.0246636867523193
-0.40545451641082764
0.47076845169067383
0.6039407253265381
-1.1790417432785034
0.3766145706176758
0.6514416933059692
-0.1034841537475586
0.18321800231933594
-0.2358083724975586
-0.30536341667175293
0.028839826583862305
-0.07294797897338867
0.3325064182281494
0.2561659812927246
0.6497453451156616
0.6514418125152588
0.002544879913330078
0.3426854610443115
1.2248460054397583
-0.003392934799194336
0.11705589294433594
0.561529278755188
0.6395664215087891
0.8431421518325806
0.37067699432373047
0.20527207851409912
0.45974135398864746
0.7294789552688599
0.33759605884552
-0.037322282791137695
0.41563332080841064
-0.021205902099609375
0.7693459987640381
0.2459869384765625
-0.04919755458831787
-0.31045281887054443
0.501305103302002
0.7430506944656372
-0.30705976486206055
0.07803750038146973
0.10009133815765381
0.16116392612457275
0.26804113388061523
0.27143406867980957
0.4020618200302124
0.34947144985198975
0.27313053607940674
0.171766996383667
0.24768364429473877
0.5666184425354004
0.2765233516693115
-0.03392934799194336
0.29009509086608887
0.858410120010376
-0.12044894695281982
0.31045258045196533
0.12044882774353027
0.18491435050964355
0.8448385000228882
-0.797337532043457
0.5971550941467285
0.09839487075805664
0.26804113388061523
1.0535032749176025
0.6276910305023193
-0.09245729446411133
0.6412630081176758
-0.013571739196777344
-0.12214529514312744
0.28500568866729736
0.27482712268829346
-0.1034843921661377
0.5326893329620361
0.42072272300720215
0.4817955493927002
0.2883986234664917
0.2850058078765869
0.5445646047592163
0.5157248973846436
0.28415751457214355
0.18661093711853027
0.6047887802124023
0.4444732666015625
0.6548347473144531
0.500456690788269
-0.10518074035644531
0.5242069959640503
0.20018267631530762
-0.15607476234436035
0.19085216522216797
0.7583190202713013
0.710817813873291
0.18491435050964355
0.6107265949249268
0.3002738952636719
0.1560746431350708
0.32232797145843506
0.8261775970458984
0.35625720024108887
-0.1560746431350708
0.42241907119750977
0.8159984350204468
0.7583190202713013
0.061072587966918945
0.21884381771087646
-0.0848231315612793
0.6904604434967041
-0.03392934799194336
0.04241156578063965
0.5046977996826172
-0.07634091377258301
0.3494713306427002
0.3002738952636719
0.023750662803649902
0.17473578453063965
0.6717991828918457
0.2977290153503418
-0.776979923248291
-0.33589982986450195
0.9059110879898071
-0.413936972618103
-0.11196672916412354
0.5004565715789795
-0.5030014514923096
0.5513505935668945
-0.23241543769836426
0.45125913619995117
0.0475008487701416
-0.44956254959106445
0.24259412288665771
-0.3511676788330078
-0.022054195404052734
0.12044882774353027
-0.5275999307632446
0.43895983695983887
-0.7057287693023682
-0.4987599849700928
0.3104526996612549
-0.06276917457580566
0.3783111572265625
0.188307523727417
-0.3664360046386719
0.4359910488128662
0.6802815198898315
0.26295173168182373
0.23920106887817383
0.33589959144592285
0.9966719150543213
0.5717079639434814
-0.05089402198791504
0.5886726379394531
0.05767977237701416
-0.24089765548706055
0.32572078704833984
0.2765234708786011
0.5606808662414551
0.061072587966918945
-0.04071497917175293
0.1984860897064209
0.1475921869277954
0.1085735559463501
0.12214541435241699
-0.06107282638549805
0.5428681373596191
0.6734957695007324
-0.2171473503112793
0.23920130729675293
-0.5734044313430786
0.2951846122741699
-0.4512590169906616
0.1408064365386963
0.03901863098144531
0.5734044313430786
0.5717078447341919
0.48858118057250977
-0.4071509838104248
0.1696462631225586
-0.2171471118927002
-0.5751008987426758
0.013571739196777344
0.5343859195709229
1.430118203163147
0.6209052801132202
-0.2069685459136963
0.26125526428222656
0.020357608795166016
0.05767965316772461
-0.2714341878890991
-0.029688119888305664
0.066162109375
0.15777099132537842
0.2375047206878662
-0.18661093711853027
-0.07973384857177734
-0.5920658111572266
-0.21714723110198975
0.4173297882080078
0.3104526996612549
-0.22054016590118408
0.3426854610443115
0.20357561111450195
-0.37322187423706055
-0.11196660995483398
0.9618945121765137
-0.2086648941040039
-0.1950932741165161
0.2375047206878662
-0.030536413192749023
-0.3257209062576294
0.32572078704833984
-0.17303919792175293
0.5140283107757568
-0.2850058078765869
0.8651957511901855
1.1366300582885742
0.6819781064987183
1.2977941036224365
0.5784938335418701
1.0619856119155884
0.7837659120559692
-0.3291137218475342
0.08143019676208496
0.5700116157531738
-0.1085735559463501
-0.4987601041793823
0.4173297882080078
0.37152528762817383
-0.006785869598388672
0.3070598840713501
-0.11027002334594727
0.15437805652618408
0.08312666416168213
-0.010178804397583008
-0.2086648941040039
-0.10857343673706055
-0.7837659120559692
-0.14928889274597168
0.2951843738555908
-0.09839487075805664
-0.40206170082092285
0.21375417709350586
0.2934880256652832
0.09160900115966797
0.1832181215286255
0.33420324325561523
-0.1509852409362793
-0.12553834915161133
0.9635908603668213
0.08143019676208496
-0.2527730464935303
-0.16794967651367188
-0.13232421875
0.008482217788696289
0.34438180923461914
-0.45295560359954834
0.2900952100753784
0.8024269342422485
-0.015268087387084961
0.9398403167724609
0.14928877353668213
-0.28839874267578125
0.97037672996521
0.49706363677978516
0.08991241455078125
-0.5276000499725342
0.5021529197692871
0.34862303733825684
0.8465349674224854
0.12384176254272461
-0.23411190509796143
0.43344593048095703
-0.39527571201324463
0.6684063673019409
-0.054286837577819824
-0.21884369850158691
-0.24089789390563965
0.25446951389312744
-0.22393310070037842
0.02375054359436035
0.061072587966918945
0.9364473819732666
-0.18152165412902832
0.09669828414916992
0.08821606636047363
0.1408064365386963
0.13402056694030762
-0.12723445892333984
-0.44447314739227295
-0.3138456344604492
-0.04071521759033203
0.7328717708587646
0.21545076370239258
0.061072707176208496
0.37322187423706055
0.3867936134338379
-0.008482217788696289
0.4800989627838135
-0.41478514671325684
0.06955504417419434
0.037322282791137695
-0.09839487075805664
0.3664360046386719
0.38170409202575684
0.3969721794128418
0.2358083724975586
0.8448382616043091
1.0653787851333618
-0.17643213272094727
-0.2561659812927246
0.38000762462615967
0.6777369976043701
0.16286039352416992
0.5581362247467041
0.00848233699798584
1.0993080139160156
-0.31723856925964355
-0.10857367515563965
-0.08651959896087646
0.07464444637298584
-0.14419937133789062
0.5157244205474854
-0.9839485883712769
1.0568963289260864
-0.05598330497741699
0.5954585075378418
1.000913143157959
0.44108033180236816
0.2917916774749756
0.48518848419189453
-0.29518449306488037
0.5055458545684814
-0.12893128395080566
-0.3800077438354492
0.6989426612854004
0.14589571952819824
0.11875247955322266
0.15607452392578125
0.02544701099395752
0.013571739196777344
0.013571739196777344
-0.010178804397583008
0.022054195404052734
0.045804500579833984
-0.13741374015808105
0.1475921869277954
-0.23411178588867188
0.006785869598388672
0.009330511093139648
0.8295702934265137
0.41902631521224976
-0.20018267631530762
0.5021530389785767
-0.09839487075805664
0.48349201679229736
0.1569228172302246
0.6141195297241211
0.9466263055801392
-0.07888531684875488
-0.3613467216491699
-0.4173297882080078
0.24089765548706055
0.27143406867980957
-0.030536174774169922
0.3825523853302002
-0.7464436292648315
0.4733130931854248
0.5394752025604248
-0.09160900115966797
0.8244808912277222
-0.35116779804229736
0.29009509086608887
0.33844423294067383
0.6913087368011475
-0.09330558776855469
0.7735873460769653
0.09669852256774902
0.30197036266326904
-0.006785988807678223
0.812605619430542
-0.26125526428222656
0.1289311647415161
0.1034843921661377
0.8550173044204712
0.33589982986450195
0.5411717891693115
0.6107265949249268
0.7913997173309326
-0.02375054359436035
0.21884369850158691
-0.27991628646850586
0.045804500579833984
0.27143383026123047
-0.20187914371490479
-0.06276917457580566
-0.2663447856903076
0.4750096797943115
0.751533031463623
0.30875635147094727
0.6226019859313965
0.4003654718399048
-0.9975201487541199
0.8745266199111938
0.8821604251861572
-0.3138456344604492
0.12893128395080566
-1.033145785331726
1.0908256769180298
0.14250290393829346
0.05089390277862549
0.044108033180236816
1.0704679489135742
-0.11027014255523682
0.3223278522491455
0.0237504243850708
0.87367844581604
0.4241156578063965
0.3155421018600464
0.7243897914886475
0.15777111053466797
0.22902250289916992
0.8685890436172485
0.629387617111206
-0.1187523603439331
0.5852795839309692
1.0925220251083374
0.6802816390991211
0.6276912689208984
0.7752835750579834
0.9466265439987183
0.5038495063781738
-0.34607839584350586
1.4691369533538818
0.24089771509170532
-0.23411190509796143
0.19339680671691895
0.30536317825317383
0.19678962230682373
-0.23750483989715576
-0.015268087387084961
-0.30705976486206055
0.04241156578063965
0.027143239974975586
0.34862327575683594
0.30112218856811523
-0.030536413192749023
0.044108033180236816
0.05937623977661133
0.35286426544189453
0.9059112071990967
-0.10518074035644531
0.5106353759765625
0.03223276138305664
-0.19000399112701416
1.4267252683639526
0.2782198190689087
-0.006785869598388672
0.6980946063995361
0.5343858003616333
1.0076985359191895
-0.0016963481903076172
-0.04071521759033203
-0.14759230613708496
-0.2663445472717285
0.2646481990814209
-0.15777111053466797
-0.03562569618225098
0.3884899616241455
-0.4071512222290039
0.9008218050003052
0.6785852909088135
-0.8041232824325562
0.03562593460083008
0.7973374128341675
0.18152153491973877
0.5937621593475342
0.6259948015213013
-0.11196660995483398
-0.5055458545684814
0.6955499649047852
0.47840261459350586
-0.037322163581848145
-0.3138456344604492
0.505545973777771
0.12553822994232178
0.1408064365386963
0.22393321990966797
0.08991265296936035
0.04241156578063965
1.2112743854522705
-0.6361737251281738
0.7939444780349731
0.49706363677978516
0.36473941802978516
-0.04919743537902832
0.0016963481903076172
0.8193914890289307
-0.023750483989715576
0.5462609529495239
0.6938531398773193
0.14419937133789062
-0.1900038719177246
-0.0763406753540039
0.4156334400177002
-0.1458958387374878
0.40206170082092285
-0.5021530389785767
0.2765233516693115
0.4325979948043823
0.13402056694030762
0.2833094596862793
0.17303919792175293
-0.1034841537475586
-0.10518074035644531
0.28330934047698975
0.31554198265075684
0.4750094413757324
-0.05767965316772461
0.7684977054595947
-0.1323239803314209
-1.1705595254898071
-0.1611638069152832
0.26804113388061523
-0.4885812997817993
-0.22393298149108887
0.36473941802978516
0.24683523178100586
0.792248010635376
-0.7040319442749023
0.008482217788696289
0.155226469039917
-0.17643213272094727
-0.15946745872497559
0.4902775287628174
-0.15607476234436035
0.8109092712402344
0.17643213272094727
0.495367169380188
0.8728301525115967
-0.5191177129745483
0.5644981861114502
1.0789504051208496
-0.8550172448158264
-0.11705613136291504
0.9771625995635986
1.1739522218704224
1.1892204284667969
0.13910996913909912
-0.4631342887878418
0.005089282989501953
-0.3104526996612549
0.15946745872497559
0.22223663330078125
0.4631345272064209
-0.10178780555725098
0.1883072853088379
0.3206315040588379
-0.06276917457580566
0.8702852725982666
-0.5309927463531494
-0.16286039352416992
0.3664360046386719
0.06446552276611328
0.9720733165740967
-0.8143020868301392
0.3223278522491455
-0.32572054862976074
0.5335376262664795
-0.24768364429473877
0.3850972652435303
0.8176950216293335
0.11366307735443115
-0.822784423828125
0.0
-0.44108033180236816
-0.7159073352813721
0.7294790744781494
0.726085901260376
0.4020618200302124
0.16286039352416992
0.05767965316772461
1.2485965490341187
-0.33929264545440674
-0.12044882774353027
-0.06276917457580566
0.5479574203491211
0.8346598148345947
0.6166644096374512
0.42241930961608887
0.9992167949676514
0.11875247955322266
0.6276912689208984
0.84059739112854
0.3189351558685303
0.2765234708786011
0.18321800231933594
0.4885812997817993
-0.25616586208343506
0.3291137218475342
0.16625332832336426
0.6701028347015381
1.0857362747192383
-0.07125139236450195
-0.09839487075805664
0.5666184425354004
1.1425676345825195
0.614119291305542
0.0950019359588623
0.5700114965438843
-0.15268170833587646
0.15607452392578125
0.04071509838104248
-0.04071509838104248
0.3223278522491455
-0.13062763214111328
-0.09160900115966797
0.7947927713394165
0.1509852409362793
-0.2765234708786011
0.9618943929672241
0.7142109870910645
-0.17473578453063965
0.5852797031402588
1.0178775787353516
0.7803729772567749
0.06446552276611328
0.4309016466140747
0.02375054359436035
0.843142032623291
0.18830740451812744
0.26804113388061523
1.129844307899475
0.3019700050354004
0.5700116157531738
0.13147568702697754
0.47840261459350586
0.46652746200561523
-0.18661081790924072
0.13232409954071045
0.8109092712402344
-0.8143022060394287
0.31723833084106445
0.5157246589660645
0.39866888523101807
0.20357561111450195
-0.34098899364471436
0.47670602798461914
-0.28330934047698975
0.4936707019805908
-0.2731304168701172
0.5496540069580078
0.07464456558227539
-0.10178756713867188
0.41224050521850586
0.5225105285644531
1.0246636867523193
0.6599240303039551
0.3053632974624634
0.32063138484954834
-0.1984860897064209
-0.11366307735443115
-0.13232409954071045
-0.13402044773101807
0.2765235900878906
0.5046977996826172
-0.10857343673706055
0.39357924461364746
0.6293878555297852
-0.27482688426971436
0.13147568702697754
-0.20357561111450195
0.9568052291870117
-0.47840237617492676
0.49706363677978516
0.10178780555725098
0.10687685012817383
-0.10348427295684814
0.27567505836486816
0.8143021464347839
0.21036100387573242
-0.0186612606048584
0.429205060005188
0.37831127643585205
1.0280563831329346
0.586976170539856
0.20527195930480957
0.198486328125
0.5411715507507324
0.3918827772140503
-0.5038495063781738
-0.43768739700317383
0.6717994213104248
-0.42920517921447754
-0.1849147081375122
0.4215710163116455
0.5615291595458984
-1.1264511346817017
0.26973772048950195
0.6819778680801392
0.46992015838623047
-0.888946533203125
-0.12384176254272461
0.29221558570861816
0.32232797145843506
0.09160900115966797
0.0237504243850708
-0.1475921869277954
0.3969721794128418
-0.052590370178222656
0.20018267631530762
0.4054546356201172
-0.21036136150360107
0.5343856811523438
0.3952758312225342
0.29348814487457275
0.16625332832336426
0.4656789302825928
0.13910984992980957
0.010178804397583008
-0.38679349422454834
0.21545076370239258
0.9381439685821533
0.10009121894836426
-0.05089390277862549
0.4767061471939087
-0.35795366764068604
0.5462610721588135
-0.006785869598388672
0.6395665407180786
0.20527195930480957
0.7091214656829834
-0.05767965316772461
0.7939445972442627
0.37152528762817383
0.04241156578063965
0.37152528762817383
0.27143406867980957
1.061985731124878
0.576797366142273
-0.08651971817016602
0.7209967374801636
0.03223288059234619
0.27143394947052
0.8787678480148315
0.3206315040588379
-0.5903691053390503
0.08143019676208496
0.4470179080963135
0.33759617805480957
-0.4648308753967285
-0.06955480575561523
0.6785850524902344
0.5021531581878662
0.4919741153717041
0.17473578453063965
0.5462610721588135
0.2544693946838379
0.15946745872497559
0.41224050521850586
0.9517157077789307
0.9924309253692627
0.07634091377258301
0.2850058078765869
0.020357370376586914
0.7108179330825806
0.028839707374572754
0.08143019676208496
0.45974159240722656
0.13571703433990479
-0.2035754919052124
0.4834918975830078
0.3800075054168701
-0.08821606636047363
0.6497453451156616
0.7668013572692871
-0.07803726196289062
-0.21714723110198975
0.6175127029418945
0.2833092212677002
-0.2994253635406494
0.8159987926483154
0.3104526996612549
0.15607476234436035
0.9949755668640137
-0.028839826583862305
0.22054016590118408
-0.7651048898696899
0.878767728805542
0.4122406244277954
-0.1323239803314209
1.0568962097167969
0.5292963981628418
0.12044894695281982
0.8889464139938354
-0.7617119550704956
0.09669828414916992
0.860954761505127
-0.05767977237701416
-0.13062775135040283
-0.08821606636047363
1.2316319942474365
-0.22732603549957275
0.09669840335845947
-0.005089521408081055
0.08651947975158691
-0.42241930961608887
-0.22732603549957275
0.4096958637237549
0.6684064865112305
-0.2816128730773926
-0.030536293983459473
0.6701028347015381
-0.037322282791137695
0.04241156578063965
0.21460247039794922
-0.09160900115966797
-0.09160888195037842
0.7209967374801636
-0.14250314235687256
0.13911020755767822
-0.553046703338623
-0.383400559425354
0.13911020755767822
-0.18491458892822266
0.7981858253479004
-0.5208141207695007
0.38509702682495117
0.027143239974975586
0.01696467399597168
0.13062763214111328
-0.40715110301971436
0.13910996913909912
0.09415364265441895
0.6760404109954834
0.2680410146713257
-0.003392934799194336
-0.5937619209289551
0.8719819784164429
-0.6056371927261353
0.29009509086608887
1.1417193412780762
0.8634994029998779
0.3325066566467285
-0.3817042112350464
-0.347774863243103
0.09160900115966797
-0.45974135398864746
0.4317500591278076
0.8346596956253052
0.28670239448547363
0.26804113388061523
0.6056375503540039
0.24259424209594727
0.31554222106933594
0.6259949207305908
0.2917916774749756
0.32741737365722656
-0.09500205516815186
-0.16116392612457275
0.09669828414916992
0.5292965173721313
0.5700113773345947
0.0
0.24089765548706055
0.41054391860961914
0.6276912689208984
0.2273261547088623
0.10518074035644531
0.9211793541908264
0.26125502586364746
0.19085192680358887
0.4173297882080078
0.14589571952819824
0.09839475154876709
0.5479575395584106
0.7260861396789551
0.02544689178466797
-0.5759491920471191
0.8210880756378174
0.4275088310241699
0.8753749132156372
0.35116779804229736
0.2883986234664917
-0.011875152587890625
0.28839874267578125
0.1382617950439453
0.6192089319229126
0.505545973777771
-0.35116779804229736
-1.3130621910095215
-0.28670215606689453
0.07125139236450195
0.20187902450561523
1.1162724494934082
-0.6327805519104004
0.21036136150360107
-0.07464432716369629
0.3426854610443115
0.2578623294830322
0.07294785976409912
-0.07803726196289062
-0.307059645652771
0.4504108428955078
-0.14250290393829346
0.6734957695007324
-0.37491822242736816
-0.20357561111450195
-0.1900038719177246
0.35286426544189453
-0.2307189702987671
0.14250290393829346
0.855865478515625
-0.13571703433990479
-0.5428681373596191
0.6005477905273438
0.4054546356201172
-0.29009509086608887
-0.28415751457214355
1.4267252683639526
-0.008482694625854492
-0.18321800231933594
-0.09839498996734619
-0.41902637481689453
-0.005089282989501953
-0.20696842670440674
0.6870675086975098
0.5683151483535767
0.04071509838104248
0.11578369140625
1.1010044813156128
-0.05767965316772461
-0.066162109375
-0.5191177129745483
0.8991250991821289
0.1425027847290039
0.4716165065765381
0.24429059028625488
-0.21545076370239258
0.5216624736785889
-1.0043060779571533
-0.0899125337600708
0.812605619430542
0.6887640953063965
0.27355480194091797
-0.43429434299468994
-0.22902226448059082
0.6531380414962769
0.5700116157531738
-0.5326893329620361
-0.013571858406066895
0.4461698532104492
0.5572881698608398
0.3477749824523926
0.6242983341217041
0.28670215606689453
0.6785851716995239
0.09245729446411133
0.8465349674224854
0.27143406867980957
-0.2273261547088623
0.05767989158630371
-0.23750483989715576
-0.18152153491973877
0.10009145736694336
0.3477747440338135
0.3664360046386719
1.1383264064788818
0.35456061363220215
0.6378700733184814
-0.5089387893676758
0.641262948513031
0.6395668983459473
0.34947144985198975
-0.21884393692016602
0.4071512222290039
0.37491822242736816
0.27313053607940674
-0.3155421018600464
-0.7888553142547607
0.027143359184265137
0.5072424411773682
0.5360822677612305
-0.061072707176208496
0.1747356653213501
0.6480486392974854
-0.24768364429473877
-0.3477749824523926
0.37322187423706055
0.045804500579833984
0.6336288452148438
0.17303943634033203
0.3749183416366577
0.10857343673706055
-0.7074248790740967
0.4275085926055908
0.6819782257080078
0.5343858003616333
-0.0475008487701416
0.12723469734191895
-0.1849144697189331
-0.05937600135803223
0.281612753868103
1.106942057609558
0.8159985542297363
0.7498364448547363
0.022054195404052734
-0.29433631896972656
0.6158159971237183
0.7294790744781494
0.16286039352416992
0.7701940536499023
0.11196649074554443
-0.4156334400177002
0.2934880256652832
-0.28670215606689453
0.7065768241882324
0.31723856925964355
-0.7973376512527466
0.5479576587677002
0.827873945236206
-0.17812848091125488
0.6921568512916565
0.5021530389785767
0.7481400966644287
-0.5801903009414673
0.10348427295684814
1.0993077754974365
0.1611638069152832
-0.5513503551483154
0.09160900115966797
0.5818867683410645
0.30705976486206055
0.9568049907684326
-0.036473989486694336
0.3545607328414917
0.3867936134338379
0.2748270034790039
0.1289311647415161
1.3164551258087158
0.11196637153625488
0.30536317825317383
0.1933969259262085
0.061072587966918945
0.18830740451812744
-0.016964435577392578
-0.05767965316772461
-0.6175123453140259
0.11196660995483398
-0.01696467399597168
0.13571715354919434
0.13571691513061523
0.010178804397583008
0.9313580989837646
0.5801903009414673
0.3053632974624634
0.04071509838104248
0.33759617805480957
0.7752834558486938
0.7243896722793579
0.0950016975402832
0.30536341667175293
0.7600152492523193
0.2765233516693115
0.2358083724975586
0.006785869598388672
0.06446552276611328
-0.3545607328414917
0.13995814323425293
0.45465195178985596
-0.027143239974975586
-0.054286837577819824
0.5157246589660645
0.24089789390563965
0.6887638568878174
0.6582275629043579
0.5581362247467041
-0.1984860897064209
-0.13232409954071045
-0.24259400367736816
1.0560481548309326
1.3809205293655396
0.3443819284439087
0.5140284299850464
0.7939447164535522
0.6378700733184814
0.34607839584350586
0.2799164056777954
0.6005480289459229
0.4817955493927002
0.317238450050354
0.3240242004394531
0.31723833084106445
0.510635256767273
-0.005089402198791504
-0.26125526428222656
0.44108009338378906
0.45125913619995117
-0.4258120059967041
0.08143043518066406
0.20187914371490479
0.37152528762817383
1.1128795146942139
0.1408064365386963
0.7498364448547363
0.2578623294830322
0.31723856925964355
0.27482712268829346
0.035625457763671875
0.45125913619995117
0.710817813873291
-0.12723469734191895
0.4800989627838135
1.1824345588684082
0.18661117553710938
0.13571703433990479
-0.2027273178100586
0.006785869598388672
-0.01696467399597168
-0.48349201679229736
-0.17643213272094727
0.29857754707336426
-0.2069683074951172
-0.31723856925964355
0.06955492496490479
0.3596501350402832
-0.10518062114715576
0.7888550758361816
0.07634115219116211
0.2086648941040039
0.1900038719177246
0.17303931713104248
-0.24089765548706055
0.43514251708984375
0.19170033931732178
0.2646481990814209
0.525903582572937
-0.12044894695281982
-0.37322187423706055
-0.04241156578063965
-0.4207228422164917
0.1900038719177246
0.7226930856704712
0.30112242698669434
-0.49536728858947754
0.5445644855499268
0.20527207851409912
0.32741737365722656
0.9644391536712646
-0.8575618267059326
-0.11535954475402832
0.022053956985473633
1.2613202333450317
-0.47161662578582764
0.9160898923873901
0.5242068767547607
-0.20187902450561523
0.15098512172698975
-0.6633169651031494
0.19678997993469238
0.31893491744995117
0.24429082870483398
-0.2086648941040039
0.37491822242736816
-0.19339680671691895
0.08821606636047363
-0.3494713306427002
0.42241930961608887
0.5581362247467041
0.14165472984313965
1.0297529697418213
0.993278980255127
0.7532293796539307
0.4936707019805908
1.051806926727295
0.030536293983459473
-0.6412628889083862
-0.12553834915161133
-0.15013694763183594
-0.5920655727386475
-0.7668011784553528
0.8770710229873657
0.5734043717384338
0.2646484375
-0.7362648248672485
0.6684064269065857
0.15946745872497559
0.41732990741729736
-0.1798250675201416
0.37746310234069824
0.3901865482330322
0.18152153491973877
0.030536174774169922
0.21205782890319824
0.03223299980163574
-0.24768352508544922
-0.09669852256774902
0.975466251373291
0.40375781059265137
-0.14928913116455078
0.2527729272842407
-0.31214916706085205
0.42241907119750977
0.23920130729675293
0.1662532091140747
-0.17303931713104248
0.3223278522491455
0.5530471801757812
0.24937963485717773
0.01696467399597168
0.30875635147094727
0.46992015838623047
0.5751008987426758
0.8295700550079346
0.10687720775604248
0.3342031240463257
-0.037322282791137695
0.07294774055480957
-0.0424114465713501
-0.10009145736694336
-0.21884381771087646
0.4241156578063965
0.4563485383987427
0.24259424209594727
0.4232673645019531
-0.12723469734191895
0.1798250675201416
0.8041234016418457
-0.23411202430725098
0.827873945236206
0.47670602798461914
0.2765235900878906
0.578493595123291
1.095066785812378
0.13232409954071045
0.6395664215087891
0.642959475517273
0.4546520709991455
0.2646481990814209
0.036473751068115234
-0.06276917457580566
0.45125913619995117
0.663317084312439
0.06955504417419434
-0.20018267631530762
0.03392922878265381
0.6853710412979126
0.4784024953842163
0.429205060005188
-0.7888553142547607
-0.20527207851409912
0.33589959144592285
0.15861940383911133
0.15268182754516602
0.1696460247039795
0.97037672996521
1.2418107986450195
-0.5818867683410645
0.2748270034790039
0.16794967651367188
0.15946745872497559
0.24768376350402832
0.3308103084564209
0.11366331577301025
-0.0033926963806152344
0.11027002334594727
0.6701028347015381
-0.6650131940841675
0.5530469417572021
0.6684062480926514
0.4563485383987427
-0.47670602798461914
0.6141195297241211
-0.12553822994232178
0.13741350173950195
0.49706363677978516
0.581886887550354
-0.013571739196777344
0.4173297882080078
0.008482217788696289
-0.5835832357406616
0.1136629581451416
-0.10857367515563965
0.42411577701568604
-0.5496538877487183
-0.576797366142273
0.6514416933059692
0.7226933240890503
0.05598330497741699
0.7125144004821777
0.3409888744354248
-0.1136629581451416
0.22732603549957275
0.413936972618103
0.19509315490722656
0.4529554843902588
0.9635909795761108
0.07973384857177734
-0.44108057022094727
0.3206315040588379
0.9559566974639893
0.09330546855926514
0.20781683921813965
0.3138453960418701
0.1696462631225586
0.3698289394378662
0.5920653343200684
0.3715254068374634
0.46992015838623047
-0.48518848419189453
0.8287222385406494
0.7260861396789551
0.10009133815765381
0.5089387893676758
0.06616199016571045
-0.8295702934265137
0.2502284049987793
0.3138456344604492
0.6734958291053772
0.5276002883911133
0.3948516845703125
-0.061072707176208496
0.33929264545440674
0.10857367515563965
0.0475010871887207
0.5055458545684814
0.3884899616241455
0.3248727321624756
-0.06785845756530762
0.12893104553222656
0.3918829560279846
0.13741350173950195
0.16625332832336426
-0.5496540069580078
0.508514404296875
-0.6514418125152588
0.05428671836853027
0.5004568099975586
-0.20357561111450195
0.7803729772567749
0.2833092212677002
0.2307189702987671
-0.7074248790740967
0.06276917457580566
-0.6717994213104248
1.4072158336639404
0.36304306983947754
-0.35456061363220215
0.9720730781555176
1.1264513731002808
0.4919741153717041
0.6717991828918457
-0.21545076370239258
0.46652722358703613
1.1518983840942383
-0.8719818592071533
0.6616204977035522
-0.1034843921661377
0.05089390277862549
0.29348814487457275
-0.6565310955047607
0.11366283893585205
-0.07294797897338867
1.0297529697418213
0.10857367515563965
-0.044108033180236816
0.22054028511047363
0.0848233699798584
0.12893104553222656
0.5326892137527466
0.02714359760284424
1.0009130239486694
0.1798250675201416
0.281612753868103
0.3613464832305908
0.7226932048797607
0.027143478393554688
0.018661022186279297
0.25955867767333984
0.1984860897064209
0.6293878555297852
-0.05767965316772461
-0.11535942554473877
0.77189040184021
0.08143019676208496
-0.3477747440338135
-0.525903582572937
-0.15946751832962036
0.24937987327575684
1.1043974161148071
-0.5038493871688843
0.12553822994232178
0.480099081993103
-0.0237504243850708
0.8346596956253052
0.1933966875076294
-0.6650135517120361
0.11196660995483398
0.5140284299850464
0.6005479097366333
0.030536413192749023
0.48518848419189453
0.1654052734375
0.8889464139938354
0.10857367515563965
0.4885812997817993
0.551350474357605
-1.0433248281478882
0.3494713306427002
0.6972463130950928
0.919482946395874
0.02544713020324707
-0.12553822994232178
-0.09839487075805664
-0.07294785976409912
-0.5479574203491211
-0.05598330497741699
1.163773536682129
-0.2629518508911133
-0.13232409954071045
-0.03901863098144531
1.5683799982070923
-0.10518074035644531
0.3664358854293823
0.6073336601257324
1.2180603742599487
-0.25955867767333984
0.48858141899108887
0.010178685188293457
0.21587491035461426
0.022053956985473633
0.3664360046386719
1.099307894706726
0.6819781064987183
0.24089765548706055
-0.08651947975158691
0.044108033180236816
0.027143359184265137
-0.005089402198791504
-0.08143031597137451
-0.827873945236206
-0.013571739196777344
1.2112746238708496
0.2544691562652588
0.23241543769836426
0.22393310070037842
-0.32572078704833984
-0.15777099132537842
0.26973748207092285
0.45804476737976074
0.29688096046447754
0.2578623294830322
-0.13911008834838867
-0.5038496255874634
0.09839487075805664
0.07634091377258301
0.07464432716369629
0.3664360046386719
-0.006785869598388672
0.4427766799926758
1.0840399265289307
-0.24853181838989258
0.08227849006652832
0.5394752025604248
0.6209056377410889
0.7600152492523193
-0.05089390277862549
0.40036535263061523
-0.36982882022857666
0.13402068614959717
0.0899125337600708
0.17982518672943115
0.2527730464935303
0.1272345781326294
-0.23241543769836426
0.6955498456954956
0.10178792476654053
0.888946533203125
0.8397490978240967
0.5055458545684814
0.5021530389785767
0.2544693946838379
-0.7651048898696899
1.2350252866744995
-0.2816128730773926
0.001696467399597168
1.0585930347442627
0.7871588468551636
0.20187926292419434
0.09839475154876709
0.15437805652618408
-0.45465195178985596
0.7803728580474854
-0.06955504417419434
0.8431422710418701
0.41902637481689453
-0.02544713020324707
0.1798250675201416
1.0399316549301147
0.5886727571487427
0.7523813247680664
0.6514416933059692
-0.16455674171447754
0.06276917457580566
-0.07803738117218018
0.7752835750579834
0.5055458545684814
-0.45125913619995117
0.2086648941040039
0.13062763214111328
0.2934880256652832
-0.1289311647415161
0.3655877113342285
0.0848231315612793
-0.15437793731689453
-0.11027026176452637
0.0016963481903076172
0.393579363822937
0.022054076194763184
0.6870675086975098
0.06955492496490479
-0.07464432716369629
0.08736801147460938
0.22223663330078125
0.26973772048950195
0.8312668800354004
0.12214529514312744
0.8668925762176514
0.34947144985198975
0.35795390605926514
0.38509702682495117
-0.10518074035644531
0.08143019676208496
0.14759230613708496
0.12553811073303223
1.2248461246490479
1.0636823177337646
-0.31214916706085205
0.812605619430542
0.5632256269454956
1.3868582248687744
0.5844316482543945
0.1798250675201416
-0.22562956809997559
0.858410120010376
-0.15946745872497559
0.10687732696533203
0.822784423828125
0.04919743537902832
0.1798250675201416
0.023750782012939453
0.05089378356933594
0.3206312656402588
-0.1560746431350708
0.8058198690414429
1.0789504051208496
-0.22393310070037842
0.2934877872467041
-0.17643213272094727
2.524336814880371
0.09160900115966797
0.3664360046386719
0.9839484691619873
-0.44447314739227295
0.08312678337097168
0.07803726196289062
0.08143043518066406
0.12044882774353027
0.3392925262451172
0.018661141395568848
0.2375049591064453
-0.7871588468551636
0.08651959896087646
-0.2578624486923218
0.2934880256652832
-0.39527571201324463
0.5996994972229004
0.29857754707336426
-0.13062775135040283
-1.1196653842926025
-0.037322044372558594
0.5377786159515381
-0.09160900115966797
-0.0237504243850708
0.45295584201812744
-0.559832751750946
0.7235413789749146
-0.5835832357406616
0.42411577701568604
0.1085735559463501
0.6005477905273438
0.22647786140441895
0.4461698532104492
0.17473578453063965
-0.2951846122741699
0.5326893329620361
-0.20527195930480957
-0.1798248291015625
0.8550171852111816
0.10009133815765381
-0.3800075054168701
0.2527729272842407
0.37491846084594727
0.2273259162902832
-0.10178780555725098
0.6327806711196899
0.34947121143341064
-0.05767965316772461
0.4860367774963379
0.6128473281860352
0.3804318904876709
-0.21036148071289062
0.1611638069152832
0.3019702434539795
0.4529557228088379
-0.2663445472717285
0.3477749824523926
-0.044108033180236816
0.863499641418457
-0.06446564197540283
-0.06955504417419434
0.59248948097229
0.97037672996521
0.5835832357406616
-0.10009133815765381
0.5861279964447021
0.5530469417572021
0.4546520709991455
0.2273259162902832
-0.10687756538391113
1.6421761512756348
0.29688096046447754
1.5403882265090942
1.1451125144958496
-0.35456061363220215
-0.22902238368988037
0.1034841537475586
-0.31214916706085205
0.1408064365386963
1.173952341079712
0.10518074035644531
0.8143022060394287
-1.2282390594482422
-0.47670602798461914
0.3104526996612549
0.4283568859100342
0.3206315040588379
-0.3867936134338379
-0.38340067863464355
0.12723469734191895
0.21036148071289062
0.3494713306427002
0.8244808912277222
0.18152165412902832
-0.449562668800354
0.7269344329833984
0.07803738117218018
0.5259034633636475
1.0331459045410156
0.35795342922210693
-0.4275085926055908
0.6412630081176758
0.29518449306488037
-0.39527595043182373
0.13910961151123047
0.5225105285644531
1.0026096105575562
-0.1900041103363037
0.030536174774169922
-0.03901863098144531
-0.2646481990814209
-0.09160900115966797
0.2816128730773926
0.6276912689208984
-0.21036148071289062
0.5479576587677002
-0.08736777305603027
-0.9686803817749023
0.44108033180236816
-0.03562569618225098
0.28585386276245117
0.7854621410369873
-0.03138470649719238
-0.0848231315612793
0.1696465015411377
-0.2799164056777954
-0.22902262210845947
-0.003392934799194336
-0.16286039352416992
1.1111832857131958
0.6819779872894287
-0.15268158912658691
0.15777111053466797
0.6938533782958984
0.30705976486206055
0.3528643846511841
0.3867936134338379
1.2333283424377441
0.10518050193786621
1.3300268650054932
0.5615293979644775
0.045804500579833984
0.4105440378189087
-0.5632256269454956
0.3901865482330322
0.665013313293457
0.38679349422454834
0.7048807144165039
-0.6209053993225098
0.10093951225280762
0.08143019676208496
0.13571691513061523
-0.23241543769836426
0.35286426544189453
0.327417254447937
0.1408064365386963
0.5191175937652588
0.35286426544189453
0.6667098999023438
0.30366694927215576
-0.34607839584350586
0.43090152740478516
0.6098785400390625
0.4817953109741211
0.8210880756378174
0.6819779872894287
0.4478663206100464
-0.27821993827819824
0.07464432716369629
1.063682198524475
0.19170045852661133
0.6209052801132202
0.4275085926055908
0.1136629581451416
-0.08482319116592407
0.19678962230682373
-0.20527195930480957
0.4529554843902588
0.4936707019805908
0.9296615123748779
-0.23071908950805664
0.16794979572296143
-0.013571739196777344
0.40545475482940674
0.07125139236450195
-0.04750096797943115
0.3749183416366577
-0.39357924461364746
0.317238450050354
0.1713428497314453
-0.016964435577392578
0.0
-0.48518848419189453
0.34607839584350586
0.6361737251281738
0.35286426544189453
-0.7074249982833862
-0.0848231315612793
0.5276000499725342
0.9559569358825684
0.3358994722366333
-0.3460785150527954
0.5394754409790039
0.49367058277130127
-0.08143019676208496
0.26804113388061523
0.24259424209594727
-0.23750483989715576
0.35456061363220215
-0.30536341667175293
0.08143007755279541
-0.013571739196777344
0.8592586517333984
-0.33759605884552
-0.40036511421203613
0.4648306369781494
0.3452301025390625
0.25277280807495117
-0.15946757793426514
-0.22817420959472656
0.1662534475326538
0.2807648181915283
0.027143478393554688
0.02375054359436035
0.044108033180236816
0.21375441551208496
0.449562668800354
0.5021529197692871
-0.09500181674957275
-0.2985774278640747
0.03223276138305664
-0.030536413192749023
0.05089390277862549
0.22393310070037842
0.07506847381591797
0.22562956809997559
-0.044107913970947266
0.929661750793457
0.13741350173950195
0.10178768634796143
0.3189350366592407
0.1900038719177246
0.20357561111450195
-0.3189350366592407
0.20866501331329346
0.3545607328414917
0.003392934799194336
-0.015268087387084961
0.052590370178222656
0.037322163581848145
0.5530469417572021
1.000913143157959
0.5479573011398315
-0.24429082870483398
0.6242983341217041
-0.23071908950805664
0.3494715690612793
0.6921567916870117
-0.7583187818527222
0.26125526428222656
1.5217273235321045
0.5225105285644531
1.0908255577087402
-0.8567138910293579
0.09330534934997559
0.04241156578063965
-0.013571739196777344
0.3579535484313965
0.2833094596862793
-0.03223276138305664
-0.22054016590118408
0.5191178321838379
0.3901865482330322
0.11875247955322266
-0.5954585075378418
0.12553811073303223
-0.3477749824523926
0.12384200096130371
0.14589595794677734
0.7074249982833862
1.6014609336853027
0.3850972652435303
0.08991265296936035
-0.25107645988464355
0.8872500658035278
1.37413489818573
0.3884899616241455
-0.12893128395080566
0.9873415231704712
1.1264513731002808
0.1323239803314209
0.10009121894836426
0.28670215606689453
-0.003392934799194336
-0.296880841255188
0.1933964490890503
0.5420200824737549
0.3867933750152588
-0.14419937133789062
-0.15946745872497559
0.19678962230682373
-0.2680410146713257
0.10009145736694336
-0.15013694763183594
-0.18321800231933594
0.46822381019592285
0.020357608795166016
0.352864146232605
-0.5530468225479126
-0.06616199016571045
-0.2883986234664917
0.7464437484741211
-0.19678974151611328
0.5360822677612305
0.044108033180236816
0.11705589294433594
-0.3223280906677246
-0.6310840845108032
0.48858141899108887
0.2858543395996094
0.2934880256652832
0.6989426612854004
0.34438204765319824
0.8261773586273193
-0.037322044372558594
0.23411178588867188
-0.48179543018341064
0.5632257461547852
0.3884899616241455
0.3969724178314209
-0.2646481990814209
0.3579535484313965
0.9296616315841675
-0.09160912036895752
-0.04919743537902832
0.2459874153137207
-0.037322163581848145
0.2934880256652832
0.018661022186279297
-0.6616203784942627
0.7752835750579834
-0.03223288059234619
-0.6497453451156616
0.8109095096588135
0.7209968566894531
0.6056373119354248
-0.0475008487701416
0.1900038719177246
-0.20187890529632568
-0.47161662578582764
0.5004565715789795
-0.6667098999023438
-0.3579537868499756
2.028120994567871
0.6633172035217285
-0.31893491744995117
-0.695549726486206
0.12384200096130371
0.598851203918457
-0.6022442579269409
0.6412630081176758
0.36473965644836426
0.6276912689208984
0.07464432716369629
0.909304141998291
0.011875152587890625