0.45125913619995117
1.425028920173645
-0.08143019676208496
0.037322163581848145
-0.30536341667175293
-0.4071512222290039
-0.0712515115737915
-0.7430508136749268
-0.4241156578063965
0.06446564197540283
0.15607452392578125
-0.13571703433990479
0.7125144004821777
-0.5089387893676758
1.4165464639663696
0.35625720024108887
0.41054391860961914
0.45804500579833984
0.17643213272094727
0.5394752025604248
-0.15946745872497559
0.3613464832305908
0.06785845756530762
0.9500190019607544
0.24429070949554443
-0.0237501859664917
0.6785850524902344
0.4173297882080078
-0.546261191368103
-0.3664360046386719
-0.30536317825317383
-0.2833094596862793
0.6548346281051636
0.02375030517578125
0.2917916774749756
-1.0874327421188354
0.8889466524124146
0.0950019359588623
-0.14589571952819824
-0.23411178588867188
0.1900038719177246
-0.29179155826568604
-0.7057285308837891
-0.5632257461547852
-0.28500568866729736
-0.8618030548095703
0.10518062114715576
-0.525903582572937
0.7176038026809692
0.15946745872497559
-0.09160900115966797
0.8346598148345947
0.5411715507507324
0.1696462631225586
0.6921569108963013
-0.4750096797943115
0.549653947353363
0.749836802482605
1.1705591678619385
0.2985774278640747
-1.0484139919281006
0.3087562322616577
0.47840261459350586
-0.3969724178314209
0.45465195178985596
0.29688096046447754
0.6158161163330078
0.6616207361221313
0.20696866512298584
-0.07803726196289062
-0.2273256778717041
0.8210880756378174
0.607333779335022
-0.037322163581848145
-1.5997645854949951
0.7193000316619873
-0.29179155826568604
0.4682236909866333
0.21375441551208496
0.7498365640640259
-0.3460785150527954
0.5208139419555664
-0.3596501350402832
0.05428671836853027
-0.027143359184265137
-0.5734043121337891
1.696462869644165
0.965287446975708
0.23071885108947754
0.5377786159515381
-0.19678950309753418
0.37661468982696533
0.515724778175354
0.2510765790939331
0.4614379405975342
0.04750096797943115
-0.7956411838531494
0.05089378356933594
0.7023354768753052
0.16286039352416992
-0.5225105285644531
0.46483099460601807
-0.48688483238220215
-1.046717643737793
0.5513505935668945
0.6141196489334106
0.3189351558685303
-0.2375049591064453
-0.2748270034790039
-0.5666185617446899
0.6616203784942627
0.7193001508712769
-0.47161662578582764
0.3766148090362549
0.013571739196777344
-0.6310840845108032
0.19678962230682373
0.4258122444152832
-0.42750847339630127
-0.32572078704833984
0.5903689861297607
-0.5801903009414673
-0.5394752025604248
-0.25107669830322266
0.04750096797943115
0.5140280723571777
-0.3596501350402832
0.13571691513061523
0.0848231315612793
-0.17643213272094727
0.10518074035644531
-0.10178768634796143
0.13910996913909912
-0.14589571952819824
0.09839487075805664
0.037322163581848145
-0.8516244888305664
0.8007304668426514
1.0331460237503052
-0.03392922878265381
0.8991255760192871
0.08312678337097168
0.32572078704833984
0.8957322835922241
-0.10518074035644531
0.16455698013305664
-0.4173297882080078
-0.5530468225479126
0.38340067863464355
0.03392934799194336
-0.39697229862213135
-0.003392934799194336
0.617512583732605
0.016964435577392578
-0.8889466524124146
-0.3325066566467285
0.5191175937652588
-0.13232409954071045
1.117969036102295
-0.04410815238952637
1.041628122329712
0.23750483989715576
0.934751033782959
-0.6344772577285767
0.6650135517120361
1.2893116474151611
-0.24089765548706055
0.3783111572265625
1.3385093212127686
0.2951843738555908
-0.11196637153625488
0.4919743537902832
0.30197012424468994
0.7226930856704712
0.04750096797943115
-0.09330511093139648
-0.10687732696533203
0.49536705017089844
-0.10857367515563965
0.281612753868103
-0.23411178588867188
-0.010178804397583008
-0.5564397573471069
-0.24259424209594727
0.4376875162124634
0.1832178831100464
-0.363042950630188
-0.5089387893676758
0.42072296142578125
-0.46143782138824463
-0.4444732666015625
0.853320837020874
0.4817955493927002
-0.1832181215286255
0.3257209062576294
0.393579363822937
0.6344770193099976
-0.006785869598388672
-0.710817813873291
-0.5462610721588135
0.766801118850708
0.27821993827819824
-0.6599240303039551
-0.9228757619857788
-0.30875635147094727
-0.08482325077056885
-0.26125526428222656
-0.3426854610443115
0.6209053993225098
-0.5394750833511353
0.5276000499725342
-0.46483099460601807
0.5123319625854492
0.30197036266326904
-0.24768352508544922
-0.09839487075805664
1.0653787851333618
-0.5242071151733398
-0.27821993827819824
-0.3901866674423218
0.04071521759033203
-0.5089387893676758
0.0848233699798584
-0.7260860204696655
-0.45804500579833984
0.46822357177734375
0.8041235208511353
0.17982494831085205
1.3351161479949951
0.5666185617446899
-0.42241907119750977
-0.24429059028625488
0.4784024953842163
-0.2951846122741699
-0.41054391860961914
-0.6582274436950684
-0.4461698532104492
0.0950019359588623
-0.2748270034790039
-0.4207226037979126
0.26464807987213135
-0.29857754707336426
-1.0280565023422241
0.1933966875076294
-0.13911008834838867
-0.01696491241455078
-0.013571739196777344
0.8397490978240967
-0.2748270034790039
-0.3291139602661133
-0.6242983341217041
0.02375054359436035
-1.1603806018829346
-0.06446564197540283
0.03392922878265381
-0.6751922369003296
0.3426854610443115
1.006002426147461
-0.2612553834915161
-0.20357537269592285
-0.5225104093551636
-0.14928877353668213
1.011091947555542
-0.617512583732605
0.5886726379394531
0.13232421875
0.7871586084365845
-0.23750483989715576
-0.4614379405975342
0.6209053993225098
-1.143415927886963
0.06785845756530762
-0.6921570301055908
-0.16286039352416992
0.03392910957336426
-0.5394752025604248
1.2333285808563232
-0.03392922878265381
0.6616202592849731
-0.08143019676208496
-1.3164552450180054
-0.21036148071289062
-0.06446552276611328
0.30875635147094727
-0.14589571952819824
0.03392922878265381
0.1798250675201416
0.5021529197692871
0.07125139236450195
0.5428680181503296
0.14250290393829346
0.5089390277862549
0.29179155826568604
0.2544693946838379
0.5021530389785767
0.4987601041793823
0.030536293983459473
-1.2214531898498535
0.3528643846511841
0.5326893329620361
-0.22393274307250977
0.5666184425354004
-0.7735871076583862
0.43768739700317383
0.08821582794189453
0.30197036266326904
0.7125144004821777
0.2883988618850708
0.30536341667175293
-1.0891292095184326
0.09160900115966797
0.4682236909866333
-1.3402056694030762
-0.7600153684616089
0.24429070949554443
-0.5547432899475098
0.3291139602661133
0.6446559429168701
-0.6616206169128418
0.9093042612075806
0.25107645988464355
0.6819781064987183
-0.10178780555725098
0.7871586084365845
-0.10857343673706055
-0.3121490478515625
-0.5123317241668701
-0.25107645988464355
0.7752835750579834
-0.14250290393829346
0.9381439685821533
-0.14928865432739258
0.26973748207092285
0.2273259162902832
0.24768364429473877
0.21714723110198975
0.4631342887878418
0.7074251174926758
-0.6921567916870117
-0.18661105632781982
-1.1128795146942139
0.950019121170044
-0.2816128730773926
1.3792240619659424
0.2544693946838379
0.4309016466140747
1.061985731124878
0.18661081790924072
-0.5496538877487183
0.030536293983459473
-0.5292963981628418
-0.2883986234664917
0.4987601041793823
-0.02375054359436035
0.5700114965438843
0.546261191368103
1.0076987743377686
-0.20357537269592285
-0.5225105285644531
-0.4750096797943115
0.3460782766342163
-0.4173300266265869
-0.023750662803649902
0.06446552276611328
0.5496540069580078
0.14928889274597168
-0.8448386192321777
-0.4071509838104248
0.6616204977035522
-0.0475010871887207
0.1696465015411377
-0.05767977237701416
0.18321800231933594
-0.0950019359588623
0.5191177129745483
0.010178804397583008
-0.3664360046386719
0.4105440378189087
0.5801901817321777
0.44786620140075684
-0.7600153684616089
1.046717643737793
1.0959148406982422
-0.28500592708587646
-0.45804500579833984
-0.6802818775177002
0.27143394947052
0.4987601041793823
0.19339680671691895
0.9364476203918457
-0.9839484691619873
-0.12893128395080566
0.3223280906677246
0.41224050521850586
0.30451488494873047
0.3867936134338379
-0.49197423458099365
0.24768352508544922
-0.33589959144592285
0.3053632974624634
0.0
-0.020357608795166016
0.731175422668457
0.38340067863464355
-0.1798250675201416
0.6039407253265381
0.3240244388580322
-0.1696462631225586
-0.2171468734741211
0.8244810104370117
1.1909170150756836
-0.07294774055480957
0.4800989627838135
0.5530469417572021
1.4487792253494263
0.06785833835601807
-0.25446951389312744
-0.07803738117218018
-0.4139368534088135
-0.5937620401382446
0.037322282791137695
0.5666186809539795
-0.6090302467346191
-0.5666185617446899
-0.20696842670440674
-0.17643213272094727
-0.6548347473144531
-0.7260860204696655
0.044108033180236816
0.3596501350402832
-0.06785845756530762
0.505545973777771
0.08821606636047363
-0.32232797145843506
0.2069685459136963
0.546261191368103
-0.6989426612854004
0.4580448865890503
-0.20357561111450195
0.13571691513061523
-0.8957324028015137
0.46483075618743896
-0.6717991828918457
-0.0475010871887207
0.7803730964660645
0.8821607828140259
1.0687716007232666
0.40715110301971436
-0.09160900115966797
0.9466261863708496
-0.19509315490722656
0.44108033180236816
-0.3766148090362549
-0.3766148090362549
-0.16625332832336426
1.394492506980896
-0.0950019359588623
-0.719300389289856
0.07973361015319824
-0.14928865432739258
0.0950019359588623
0.40375804901123047
0.7057287693023682
1.0195742845535278
0.32232797145843506
0.020357608795166016
0.3358994722366333
-0.37152552604675293
-0.14250290393829346
0.63956618309021
0.5649220943450928
-0.13910996913909912
0.13910996913909912
0.4376875162124634
0.4003652334213257
0.2748270034790039
0.6921567916870117
-0.31554222106933594
-0.044108033180236816
0.3325066566467285
0.919482946395874
-0.4784024953842163
0.09160900115966797
-0.1289311647415161
0.8991252183914185
-0.6412628889083862
0.36643552780151367
0.40375804901123047
-0.45804500579833984
-0.6887639760971069
0.24429047107696533
0.061072349548339844
-0.20696842670440674
0.2307189702987671
0.9432333707809448
-1.5522634983062744
-0.14250266551971436
0.6327807903289795
0.22393310070037842
-0.19000375270843506
0.07464432716369629
1.2723469734191895
-0.11535942554473877
-0.15607452392578125
0.09839463233947754
0.46143782138824463
0.4546520709991455
-0.7803729772567749
-0.5666186809539795
0.5751008987426758
-0.22562932968139648
0.8855537176132202
0.37322187423706055
0.26125502586364746
0.9008216857910156
0.3291139602661133
-0.6242983341217041
0.41732990741729736
0.17812871932983398
0.45125889778137207
0.5835831165313721
-0.037322282791137695
-0.12214529514312744
0.5632257461547852
0.14589571952819824
-0.3901864290237427
0.1832178831100464
0.6209053993225098
-0.7125144004821777
-1.1841310262680054
-0.38340067863464355
0.8109092712402344
-0.7243897914886475
-0.5937619209289551
0.32572102546691895
0.2646481990814209
0.49197423458099365
0.003392934799194336
0.5700114965438843
1.4063677787780762
-0.5191174745559692
-0.6344770193099976
0.16286039352416992
1.058592677116394
0.3087562322616577
0.7057285308837891
-0.7260861396789551
0.8923394680023193
0.27143406867980957
-0.33589959144592285
0.5903691053390503
0.960198163986206
-1.5268166065216064
1.3232412338256836
-0.28839874267578125
-0.6276912689208984
-0.09160900115966797
0.4580448865890503
0.393579363822937
-1.3334200382232666
-0.16625332832336426
0.5259032249450684
0.6819781064987183
0.38679349422454834
0.8923395872116089
0.29857754707336426
-0.4071507453918457
0.31554222106933594
0.3019702434539795
-0.013571500778198242
0.6310842037200928
0.5208139419555664
-0.6446559429168701
-0.4512590169906616
-0.2833094596862793
-1.1841310262680054
0.6056370735168457
0.42750871181488037
0.04410815238952637
0.09330558776855469
-0.15607452392578125
0.23071885108947754
0.14589595794677734
-0.15607452392578125
-0.26464807987213135
0.46143805980682373
-0.16625332832336426
-0.16964638233184814
0.2680410146713257
0.35286426544189453
0.0
-0.3053630590438843
-0.0848231315612793
0.37322187423706055
-0.6446559429168701
0.363042950630188
-0.9771625995635986
-0.013571739196777344
-0.12214529514312744
-0.12893128395080566
0.6344771385192871
-0.2375049591064453
-0.7362649440765381
-0.1798250675201416
-1.3639559745788574
-0.2307189702987671
-0.15946745872497559
0.607333779335022
-0.3392925262451172
-0.1900038719177246
0.6514416933059692
-0.15946745872497559
0.74135422706604
-0.6989427804946899
0.4478663206100464
-0.07464432716369629
-0.6209053993225098
1.068771481513977
0.013571739196777344
0.27991652488708496
-0.3426854610443115
-0.40206170082092285
-0.6378699541091919
-0.3528643846511841
-0.027143359184265137
0.373221755027771
-0.07803726196289062
-0.2171473503112793
0.5734045505523682
1.0043059587478638
-0.7566225528717041
0.020357370376586914
0.7566225528717041
0.20187902450561523
0.6548346281051636
0.006785869598388672
-0.10178780555725098
-1.3571702241897583
-0.7464438676834106
-0.23750483989715576
0.2816128730773926
-0.597154974937439
-0.1187523603439331
0.5462610721588135
0.1696462631225586
0.13741350173950195
0.4478663206100464
-0.030536413192749023
0.4139370918273926
0.45125913619995117
0.7837656736373901
0.751533031463623
0.20696842670440674
0.7701941728591919
0.2646481990814209
0.7260860204696655
0.39357948303222656
-1.1264512538909912
0.5259034633636475
0.3800077438354492
0.20018267631530762
0.22054028511047363
0.5360821485519409
-0.2985774278640747
0.6378699541091919
-0.3291139602661133
-0.037322163581848145
0.6650134325027466
-0.5428680181503296
-0.09839487075805664
0.5801901817321777
-0.4546520709991455
0.4309016466140747
-0.34947121143341064
-0.10518050193786621
-0.06446552276611328
-0.21375441551208496
1.1400232315063477
-0.04410815238952637
0.5462610721588135
-0.24429070949554443
0.8380526304244995
0.4139368534088135
-0.037322163581848145
0.665013313293457
-0.05767977237701416
0.1662534475326538
-0.21036148071289062
-0.17303919792175293
0.32572078704833984
0.16964638233184814
0.3562570810317993
0.8618031740188599
-0.5496540069580078
-1.0857362747192383
0.5259034633636475
1.3741350173950195
0.26973772048950195
-0.13232409954071045
0.8906428813934326
0.17303931713104248
0.8244808912277222
0.1696462631225586
-0.27482688426971436
0.24768340587615967
0.6209055185317993
0.42411553859710693
-0.29857730865478516
0.07464432716369629
-0.5801903009414673
0.6480487585067749
-0.2578623294830322
1.323241114616394
0.29518449306488037
0.2408977746963501
-0.5225105285644531
-0.6242982745170593
-0.8821607232093811
0.8448385000228882
0.1798250675201416
-0.05089378356933594
0.2833092212677002
0.3969721794128418
-0.14589595794677734
1.0840394496917725
-1.6252113580703735
-0.8991254568099976
0.12553834915161133
0.11196637153625488
0.3189350366592407
0.18661093711853027
-0.2273259162902832
-1.4250288009643555
0.05768001079559326
0.4156334400177002
0.8753746747970581
-0.9873414039611816
-0.11196660995483398
-0.2273261547088623
-0.46143782138824463
-0.22054004669189453
-0.24768376350402832
-0.4003652334213257
0.5394752025604248
0.8923394680023193
-0.6514416933059692
0.10857367515563965
0.013571739196777344
-0.01696467399597168
-0.27143394947052
0.7634084224700928
0.44786620140075684
0.29857754707336426
1.0959149599075317
0.09839475154876709
-0.6344770193099976
-0.061072587966918945
0.43938374519348145
-0.3766148090362549
0.08821606636047363
0.35286426544189453
0.6582274436950684
-0.2544693946838379
1.1858277320861816
0.9975204467773438
0.3528643846511841
-0.21036148071289062
0.5937619209289551
0.2646481990814209
-0.5292963981628418
-0.1560746431350708
0.4885812997817993
0.08821606636047363
1.051806926727295
-0.17303919792175293
0.6327807903289795
-0.06446552276611328
-0.12893140316009521
0.19000399112701416
0.8923394680023193
0.3121492862701416
-0.8109090328216553
0.9279652833938599
-0.8143020868301392
-0.06446552276611328
0.5411715507507324
-0.3121490478515625
0.5259034633636475
0.5971552133560181
0.9110004901885986
0.9517157077789307
-0.5225105881690979
0.41054415702819824
0.05089390277862549
0.7430508136749268
0.0848231315612793
-1.604853868484497
1.0772539377212524
0.4716167449951172
-0.6344771385192871
0.11875247955322266
0.6107265949249268
0.24768352508544922
-0.44786620140075684
1.0789504051208496
-0.17643225193023682
0.03392910957336426
-0.3969724178314209
0.15607476234436035
0.05767965316772461
-0.7430506944656372
0.8567137718200684
0.3460782766342163
0.4478660821914673
0.3358997106552124
0.4003652334213257
0.45465219020843506
0.010178804397583008
-0.1662534475326538
0.9975200891494751
-0.20357561111450195
0.5598326921463013
1.0908255577087402
0.01696467399597168
-0.33589959144592285
-0.15946745872497559
0.40375804901123047
0.7074251174926758
0.3087562322616577
0.07803726196289062
0.03392934799194336
1.041628122329712
1.153594732284546
0.11535942554473877
0.7803729772567749
1.1128795146942139
0.15268170833587646
-0.16286039352416992
0.40375816822052
0.9432334899902344
0.35286426544189453
0.006785869598388672
0.04410815238952637
0.7328720092773438
0.36982905864715576
0.5089390277862549
-0.5259034633636475
0.40375816822052
-0.5801901817321777
-0.0848231315612793
0.0950019359588623
0.2273259162902832
0.8244808912277222
0.21375441551208496
0.5479574203491211
-0.6853710412979126
0.010178685188293457
0.30536341667175293
-0.7634083032608032
-0.4580448865890503
0.5428681373596191
-0.19339680671691895
-0.8923394680023193
0.6039410829544067
0.5208139419555664
-0.006785869598388672
-0.5343856811523438
-0.08482325077056885
-0.15268158912658691
0.3596501350402832
1.209578037261963
0.13910984992980957
0.8516242504119873
0.22393298149108887
0.07464420795440674
0.3257211446762085
0.5208141803741455
0.5445647239685059
-0.12214517593383789
0.0848231315612793
1.2553825378417969
0.627691388130188
-0.5428680181503296
0.6514416933059692
0.29518449306488037
-0.05089390277862549
0.3291137218475342
0.4733130931854248
-0.21036148071289062
-0.1289311647415161
-0.08143019676208496
-0.7939445972442627
0.607333779335022
0.47670602798461914
-0.1425027847290039
0.15268170833587646
-0.20018267631530762
0.6259949207305908
0.25277280807495117
0.17643213272094727
0.10518050193786621
1.251989483833313
-0.21714723110198975
-1.0484139919281006
0.22393310070037842
0.006785750389099121
0.044108033180236816
0.06107282638549805
-0.0712515115737915
-0.4275085926055908
-0.18321800231933594
0.7260863780975342
0.31214916706085205
-0.7735869884490967
0.05089378356933594
-0.12553811073303223
-0.20018255710601807
-0.030536293983459473
-0.8957322835922241
0.07464432716369629
1.0602892637252808
0.0
-0.21036148071289062
-0.20357561111450195
0.6395666599273682
-0.08821606636047363
0.12214529514312744
-0.3901864290237427
0.044108033180236816
-0.25107645988464355
-0.2816131114959717
0.11535930633544922
-1.391099452972412
0.1900036334991455
-0.47161638736724854
-0.05428671836853027
0.1323239803314209
-0.6107267141342163
0.10518062114715576
0.07464432716369629
0.3596501350402832
1.7965542078018188
-0.5666186809539795
-0.7701941728591919
0.3291137218475342
0.7125142812728882
1.0246635675430298
-1.4284217357635498
-0.9025182723999023
0.1662534475326538
0.12214529514312744
0.4512590169906616
0.19000375270843506
1.0755574703216553
0.5394750833511353
-0.19339680671691895
-0.11196660995483398
0.9126970767974854
0.5632257461547852
0.21375441551208496
0.4105440378189087
-0.8821606636047363
-0.17643237113952637
-0.16625332832336426
0.576797366142273
-1.6998558044433594
-0.020357489585876465
0.9635908603668213
-0.7125145196914673
-0.8346596956253052
-0.2035754919052124
0.027143478393554688
-0.42920517921447754
-1.0382351875305176
-0.1798250675201416
0.787158727645874
-0.06785857677459717
-0.33250677585601807
0.0950019359588623
-1.1569875478744507
0.07125139236450195
0.5547432899475098
1.0246636867523193
-0.28839874267578125
-0.010178804397583008
-0.36473941802978516
-0.10178756713867188
0.4342944622039795
0.037322163581848145
-0.37322187423706055
0.7328718900680542
-0.20018261671066284
-0.3630431890487671
0.14250290393829346
0.4376871585845947
0.5598328113555908
0.1458958387374878
0.22732603549957275
0.9703769683837891
0.6785851716995239
-0.17643213272094727
1.1875239610671997
0.7091214656829834
0.6514416933059692
0.40036535263061523
0.4648306369781494
0.6175124645233154
0.2680412530899048
1.1366301774978638
0.22732603549957275
-0.7362649440765381
-0.45125913619995117
-0.06785845756530762
0.8821607232093811
-0.07803726196289062
0.07125139236450195
-0.495367169380188
0.13232409954071045
-0.037322163581848145
-0.8109091520309448
-0.3901865482330322
-0.1662534475326538
-0.23411178588867188
-0.08143007755279541
0.01696455478668213
-0.3308103084564209
0.776979923248291
0.4478660821914673
-0.9296616315841675
0.5089390277862549
0.2171473503112793
0.8109092712402344
-0.06446576118469238
-0.2375047206878662
-0.7566224336624146
0.4139368534088135
0.3189351558685303
1.336812973022461
0.3732219934463501
0.4902777671813965
0.11535954475402832
-0.30536341667175293
0.9025182723999023
-0.22732603549957275
0.5598326921463013
-0.9635909795761108
0.48858141899108887
0.05089390277862549
0.6548346281051636
0.9466261863708496
0.054286837577819824
0.5734044313430786
0.4580451250076294
0.13232409954071045
0.3223278522491455
0.7396578788757324
-1.3571703433990479
0.3019704818725586
0.34607839584350586
0.5734044313430786
-0.2951846122741699
0.11875247955322266
-0.6209053993225098
-1.2927048206329346
0.832963228225708
1.1332371234893799
-0.0950019359588623
-0.18661093711853027
0.09839487075805664
0.5530468225479126
-0.4784024953842163
0.2782200574874878
-0.020357608795166016
0.4173297882080078
0.7973376512527466
-0.27143394947052
-0.7905515432357788
0.9194828271865845
0.2273261547088623
0.6836745738983154
1.0891292095184326
1.0450210571289062
0.6378700733184814
-0.0763406753540039
-0.3019702434539795
0.0950019359588623
0.10518062114715576
-0.15268182754516602
0.3460785150527954
-0.3664358854293823
-0.11027002334594727
0.2375047206878662
0.19339680671691895
-1.3300269842147827
-0.8787677884101868
0.7634084224700928
0.19339680671691895
-0.505545973777771
-0.14928877353668213
-0.848231315612793
-0.3426854610443115
0.26125526428222656
0.06785839796066284
-0.10178780555725098
0.07464456558227539
-0.515724778175354
0.43090152740478516
0.9873414039611816
-0.23411202430725098
-0.30197036266326904
-0.3426855802536011
-0.6480488777160645
-0.15268158912658691
0.5360822677612305
-1.2180602550506592
-0.383400559425354
0.030536413192749023
-1.148505449295044
0.027143478393554688
0.1662532091140747
0.1458958387374878
-0.07464432716369629
-0.6480487585067749
0.17812848091125488
0.03392922878265381
0.07464432716369629
0.7464436292648315
-0.413936972618103
-1.9373605251312256
0.5598326921463013
-0.6650134325027466
-0.7956410646438599
0.7091213464736938
0.08143019676208496
0.8906431198120117
0.08143019676208496
-0.4376875162124634
0.29179155826568604
0.3138453960418701
1.3215446472167969
-0.7294790744781494
-0.6242983341217041
0.5292963981628418
0.33420300483703613
0.11535954475402832
0.06785857677459717
0.2748270034790039
-0.13232386112213135
-0.35286426544189453
-0.8312668800354004
0.5903689861297607
-0.4750096797943115
-0.5564397573471069
0.4512590169906616
0.07464432716369629
0.38509702682495117
-0.6310840845108032
1.1145761013031006
0.05767965316772461
-0.6751923561096191
-0.6582274436950684
0.24089765548706055
-0.5259033441543579
-0.31214916706085205
-0.5089389085769653
0.7701942920684814
-0.5292963981628418
1.0518070459365845
1.0653786659240723
-0.2680410146713257
-0.5869760513305664
-0.2612553834915161
0.5734046697616577
0.6192092895507812
0.20357561111450195
-0.4139368534088135
-0.36304306983947754
-0.37322187423706055
-0.5530469417572021
-0.3291139602661133
-0.06446552276611328
0.8007304668426514
-0.3291141986846924
0.5225105285644531
1.1620768308639526
0.6887639760971069
-0.26125526428222656
0.8550173044204712
0.42072272300720215
-0.15268158912658691
-0.2612553834915161
0.2307189702987671
-0.037322044372558594
0.3155421018600464
0.01696479320526123
-0.18321800231933594
-0.027143478393554688
0.5734043121337891
-0.8109091520309448
0.17643213272094727
-0.2714341878890991
-0.7600153684616089
0.1458958387374878
0.5971548557281494
1.3775278329849243
0.34947144985198975
0.23411190509796143
-0.3155421018600464
0.40036535263061523
0.32911384105682373
0.6582274436950684
-0.14589571952819824
0.8210880756378174
0.07464432716369629
0.4275085926055908
-0.01696467399597168
0.027143359184265137
0.22393298149108887
0.11535930633544922
-0.16286027431488037
-1.2587753534317017
0.23750483989715576
0.4919743537902832
-0.07125139236450195
0.2578623294830322
-0.020357251167297363
-0.1509852409362793
0.21714723110198975
-0.7193002700805664
0.5700114965438843
0.030536293983459473
0.44447338581085205
-0.7226932048797607
0.061072707176208496
0.3698289394378662
-0.04071521759033203
-1.0382354259490967
-0.1458958387374878
0.2307189702987671
-0.2646481990814209
-0.9398404359817505
0.12723469734191895
-0.32232797145843506
0.776979923248291
-0.5225104093551636
0.35625720024108887
-0.18152141571044922
0.22732603549957275
0.24938035011291504
0.8499279022216797
1.2859188318252563
-0.05089378356933594
-0.3189350366592407
0.11535954475402832
0.02375030517578125
0.8109093904495239
-0.2951846122741699
0.2375049591064453
0.3087562322616577
-0.546261191368103
0.0
1.3130624294281006
-1.1332372426986694
0.2663447856903076
-0.4784024953842163
-0.07125139236450195
-0.04071509838104248
-1.0433247089385986
0.1696462631225586
-0.05428671836853027
0.010178804397583008
0.41054391860961914
0.6650134325027466
-0.5971550941467285
1.2350249290466309
0.037322044372558594
-0.32232797145843506
-0.18491482734680176
0.21375417709350586
1.3486881256103516
0.35625720024108887
-0.6921567916870117
-0.43090176582336426
-0.10178768634796143
0.15268170833587646
-0.1034841537475586
-0.7023357152938843
0.5292963981628418
-0.7430506944656372
0.6480488777160645
-0.4716167449951172
-0.15607428550720215
-0.0848231315612793
0.2646481990814209
0.15268170833587646
0.751533031463623
-0.3189350366592407
0.5428681373596191
0.48518824577331543
0.34607839584350586
-0.054286837577819824
0.712514340877533
-0.2883988618850708
0.006785869598388672
-0.05428671836853027
0.8957322835922241
-0.08143019676208496
0.4309016466140747
-0.09160900115966797
-0.35286426544189453
-0.6548346281051636
0.30875635147094727
0.9059113264083862
-0.05428671836853027
0.38340044021606445
0.8550174236297607
0.33589959144592285
-0.01696455478668213
0.45125913619995117
0.8516241312026978
0.0950019359588623
0.41054391860961914
0.20018243789672852
0.8414456844329834
0.2171473503112793
0.3766148090362549
0.14928901195526123
-0.16286063194274902
-0.9160900115966797
-0.13571691513061523
-0.2714341878890991
-1.4284216165542603
-0.3460785150527954
0.7752835750579834
-0.06446564197540283
-0.09839487075805664
0.45125913619995117
-0.3766148090362549
0.44786620140075684
0.42072296142578125
-0.0848231315612793
-1.0399317741394043
0.31214916706085205
-0.5835833549499512
0.06107282638549805
-0.40715110301971436
0.3053635358810425
0.3104526996612549
-0.586976170539856
0.7159073352813721
-0.3596501350402832
-0.13232409954071045
0.38340067863464355
0.08143031597137451
0.38679349422454834
0.5496540069580078
-0.7023355960845947
0.5140283107757568
-0.247683584690094
0.14928877353668213
0.8380526304244995
0.10518074035644531
0.15777087211608887
-1.2859188318252563
1.4725298881530762
0.3189350366592407
-0.3036668300628662
-0.142503023147583
0.4275085926055908
0.7566224336624146
0.0
0.8143019676208496
-0.3325066566467285
-0.32232797145843506
0.7023354768753052
-0.5394752025604248
-0.05767965316772461
-0.09160900115966797
-0.3358997106552124
0.3766145706176758
0.19339680671691895
0.8855535984039307
0.027143478393554688
-0.6310842037200928
0.2578624486923218
-0.18321800231933594
0.0
0.4037584066390991
1.226542592048645
0.5021529197692871
-0.5428680181503296
0.5717079639434814
0.1696462631225586
-0.8312667608261108
-0.571708083152771
0.3867936134338379
1.5268166065216064
0.14928865432739258
0.0475008487701416
-0.08991241455078125
0.5801903009414673
-0.254469633102417
0.044107913970947266
-0.1832178831100464
-0.7634081840515137
-0.016964435577392578
1.1807379722595215
0.4105440378189087
0.2985774278640747
-0.061072707176208496
-0.5598325729370117
0.16286039352416992
0.39697206020355225
0.48688483238220215
0.9568051695823669
-0.11196660995483398
0.142503023147583
0.5055458545684814
-0.3138458728790283
0.24768364429473877
0.5666186809539795
-0.2137542963027954
0.5259034633636475
0.38679349422454834
0.6650134325027466
0.16455674171447754
0.09160900115966797
0.0712515115737915
0.3291137218475342
-0.2951846122741699
-1.3011869192123413
-1.2994905710220337
0.2171473503112793
0.09160900115966797
0.5309927463531494
0.18321800231933594
0.22054016590118408
0.6497452259063721
0.10518050193786621
0.48858141899108887
-0.04071509838104248
-0.14928877353668213
1.360563039779663
0.3325066566467285
0.11535930633544922
0.3698287010192871
-0.10178780555725098
0.0237504243850708
1.0653784275054932
0.49536728858947754
-0.013571739196777344
0.0
1.0450212955474854
-0.2646481990814209
0.28839874267578125
-0.719300389289856
-0.4648308753967285
-0.17643213272094727
0.24768352508544922
-0.5649220943450928
0.4648308753967285
-0.49536728858947754
0.5089387893676758
1.0093953609466553
-0.1900038719177246
0.46822381019592285
-0.37322187423706055
-0.003392934799194336
1.043324589729309
-0.10857367515563965
0.43090152740478516
0.21375441551208496
0.5869760513305664
-0.2544693946838379
-0.2782198190689087
0.515724778175354
0.36304306983947754
-0.27821993827819824
0.41054415702819824
-1.0551998615264893
0.6650136709213257
-0.42750871181488037
0.14928877353668213
0.16455674171447754
0.3969724178314209
-1.0263599157333374
-0.15268158912658691
0.3460785150527954
0.2137542963027954
0.11535954475402832
0.4546520709991455
0.07803738117218018
-0.5326893329620361
-0.3986687660217285
-0.4919743537902832
0.6497452259063721
-0.31214916706085205
-0.787158727645874
1.0942186117172241
-0.4241156578063965
-0.17303919792175293
0.43429434299468994
0.4241156578063965
-0.26125526428222656
0.4817955493927002
-0.44786620140075684
0.45465195178985596
-0.12893128395080566
0.04071497917175293
-0.22054016590118408
0.11705589294433594
-0.23411202430725098
0.7226932048797607
0.576797604560852
-0.10857367515563965
-0.5835832357406616
0.22393310070037842
-0.25107645988464355
0.7634083032608032
0.03392910957336426
-0.6514418125152588
0.06785857677459717
0.0
0.48518848419189453
-0.22393321990966797
1.1790413856506348
-0.3494713306427002
-0.22732603549957275
0.03392922878265381
-0.13232409954071045
0.17303919792175293
-0.06446564197540283
0.05767965316772461
0.36304306983947754
0.6785851716995239
-0.14250290393829346
-0.3325066566467285
-0.006785869598388672
-0.19339656829833984
0.9890378713607788
1.7405710220336914
-0.3494713306427002
-0.030536413192749023
-0.4817955493927002
1.067075252532959
-0.06446552276611328
0.10518074035644531
0.0950019359588623
-0.9025180339813232
0.0
-0.3189351558685303
-0.37322163581848145
-0.3392925262451172
0.950019121170044
-1.0178776979446411
0.003392815589904785
-0.04071497917175293
-0.027143359184265137
0.5767974853515625
-0.1458958387374878
0.5462610721588135
-0.0848228931427002
-0.5564397573471069
-0.44786620140075684
-0.21375441551208496
0.17643213272094727
0.20357561111450195
0.09669852256774902
-0.061072587966918945
0.5462610721588135
0.27821993827819824
0.8244810104370117
0.7837657928466797
-0.9126969575881958
-1.2689540386199951
0.4784024953842163
-0.42411553859710693
0.6599241495132446
-0.08821606636047363
-1.082343339920044
-0.4750094413757324
0.373221755027771
-0.19339680671691895
0.1933966875076294
0.5360822677612305
0.7498366832733154
0.2035754919052124
-0.38000762462615967
0.13571715354919434
1.313062310218811
0.24768364429473877
0.393579363822937
0.5937619209289551
0.19339680671691895
-0.2646481990814209
0.3409888744354248
0.10857391357421875
-0.19678986072540283
0.0
0.3596501350402832
0.909304141998291
-0.06785845756530762
0.5157245397567749
0.6616204977035522
1.0551996231079102
0.020357608795166016
0.030536532402038574
0.1696462631225586
-1.2384179830551147
0.20018267631530762
-1.0110918283462524
0.7532296180725098
0.20696842670440674
-0.08821582794189453
0.07464432716369629
0.38340067863464355
0.35965025424957275
-0.8957324624061584
0.7701942920684814
-0.7939445972442627
0.3698289394378662
-0.07464432716369629
0.21036136150360107
0.41054391860961914
-0.6039408445358276
0.5496540069580078
0.653138279914856
0.7294788360595703
0.08482325077056885
-0.19339680671691895
0.26125526428222656
-0.0950019359588623
-1.7609286308288574
-0.11535942554473877
-0.17982518672943115
0.563225507736206
0.26804113388061523
0.5835831165313721
-0.6039407253265381
0.26125526428222656
-0.5734043121337891
-0.6650134921073914
0.21714723110198975
0.5937620401382446
-1.492887020111084
0.15607452392578125
0.8007304668426514
-0.26125526428222656
0.12553822994232178
0.2137542963027954
-0.7600153684616089
0.054286956787109375
0.020357608795166016
0.5615290403366089
0.08821606636047363
0.6378700733184814
0.6870675086975098
-0.09839487075805664
-0.07803714275360107
0.7159074544906616
-0.27143394947052
0.20018267631530762
0.413936972618103
0.7735871076583862
1.496280312538147
-0.20187902450561523
0.42411577701568604
-0.20696818828582764
0.013571739196777344
-0.027143359184265137
0.08143019676208496
1.0348422527313232
-0.31893491744995117
1.0501105785369873
-0.09669852256774902
-0.2137542963027954
0.1425027847290039
0.7735872268676758
0.5360821485519409
-0.29518449306488037
0.26125526428222656
0.16625332832336426
-0.37322187423706055
0.24429082870483398
0.4817953109741211
0.23071885108947754
0.24429035186767578
0.6853710412979126
0.13062787055969238
-0.373221755027771
0.3019702434539795
-0.09669852256774902
0.8651959896087646
-0.003392934799194336
0.9211795330047607
-0.43429434299468994
0.19339680671691895
0.08821606636047363
-0.28500568866729736
0.9025183916091919
-0.43429458141326904
0.8109092712402344
0.37491822242736816
0.07464408874511719
0.7464436292648315
0.894035816192627
-0.01696455478668213
0.9839484691619873
-0.7634083032608032
-0.1323239803314209
-0.4648308753967285
0.037322163581848145
0.44108033180236816
0.05767965316772461
0.5394752025604248
-0.46822381019592285
0.3257209062576294
0.18661117553710938
0.475009560585022
0.12214517593383789
0.08991265296936035
0.08821606636047363
0.42750871181488037
0.21714723110198975
0.2985774278640747
0.3596501350402832
-0.29857754707336426
-0.11535954475402832
0.29857754707336426
-0.22054028511047363
0.48858141899108887
0.22054004669189453
0.04750096797943115
-0.1408064365386963
1.3266339302062988
0.34947121143341064
0.32232797145843506
0.7922482490539551
1.1094865798950195
0.38000762462615967
-0.6684063673019409
0.5225105285644531
0.6141195297241211
1.370741844177246
-0.33929240703582764
-0.5598326921463013
-0.35286426544189453
0.3630431890487671
-0.4716167449951172
-0.04750096797943115
0.6310842037200928
-0.6514416933059692
0.15607452392578125
0.4631345272064209
-0.851624608039856
0.2646481990814209
0.6022443771362305
0.31554222106933594
-1.1561393737792969
-0.5157246589660645
0.7260862588882446
-0.8516243696212769
0.09160876274108887
0.4241156578063965
-0.11535930633544922
0.6548347473144531
0.08821606636047363
0.39357948303222656
-0.4309014081954956
-0.10518074035644531
-0.14928877353668213
-0.5666186809539795
0.37661468982696533
0.3223280906677246
-0.9635908603668213
0.11196637153625488
-0.5496538877487183
-0.46822381019592285
-0.05089378356933594
0.07803726196289062
0.6667096614837646
0.09160900115966797
-0.12893104553222656
0.22054016590118408
0.35625720024108887
0.14928877353668213
0.32232797145843506
0.6242982149124146
0.5666184425354004
0.7057285308837891
-0.19339680671691895
0.33589959144592285
-0.26125526428222656
-0.1900038719177246
0.3901863098144531
-0.16964638233184814
0.3087562322616577
0.3223280906677246
-0.030536174774169922
-0.16286039352416992
-0.24429059028625488
0.05767965316772461
0.3664358854293823
-0.1832178831100464
1.097611427307129
1.011091709136963
-0.2544693946838379
-0.26804113388061523
-0.020357489585876465
0.3800077438354492
-0.4173297882080078
0.08143019676208496
0.41054415702819824
0.4241156578063965
0.5191175937652588
0.6548347473144531
-0.7532296180725098
0.14250290393829346
-0.7125146389007568
0.28839874267578125
-0.6039407253265381
0.2273259162902832
1.7134275436401367
-0.31893491744995117
-0.054286837577819824
0.5700116157531738
0.5021529197692871
0.37322187423706055
-0.5394753217697144
-0.08312678337097168
-0.2408977746963501
0.1458958387374878
0.24429070949554443
-0.9008216857910156
-0.07803726196289062
-0.7125145196914673
-0.29518449306488037
0.3257209062576294
0.24768352508544922
-0.9262686967849731
0.7379612922668457
0.3189350366592407
-0.5564398765563965
-0.4071509838104248
1.160380482673645
-0.4817953109741211
-0.14928865432739258
0.3223278522491455
-0.8482314348220825
0.29857730865478516
0.07125139236450195
-0.685370922088623
0.6412628889083862
-0.32572078704833984
0.7396578788757324
1.0348422527313232
0.2765233516693115
1.4114570617675781
0.13571703433990479
0.6005478501319885
1.3877067565917969
-0.3291137218475342
-0.7057286500930786
0.9534122347831726
-0.2578623294830322
-0.576797366142273
0.29857754707336426
0.5191175937652588
0.18321800231933594
0.6107264757156372
-0.14250290393829346
0.23071885108947754
-0.383400559425354
0.23750483989715576
-0.09160900115966797
-0.29857754707336426
-1.2452036142349243
-0.6819781064987183
0.24768364429473877
0.01696455478668213
-0.5903689861297607
0.40375816822052
0.43090176582336426
0.990734338760376
0.4105442762374878
0.4529557228088379
-0.06446552276611328
-0.5055458545684814
1.3317233324050903
0.08143019676208496
-0.5123317241668701
-0.1832181215286255
-0.29518449306488037
-0.03392922878265381
1.7049453258514404
-0.28839874267578125
0.11535954475402832
0.7532294988632202
-0.15946733951568604
1.8813772201538086
-0.2375047206878662
-1.1671664714813232
0.19678974151611328
0.4614379405975342
-0.4546520709991455
-0.2171471118927002
0.4173300266265869
0.3325066566467285
0.97037672996521
-0.01696491241455078
-0.16625332832336426
0.44108033180236816
-0.6701028347015381
1.1128795146942139
-0.1560746431350708
-0.027143359184265137
-0.16286051273345947
0.1696462631225586
-0.261255145072937
-0.8312668800354004
-0.3409888744354248
0.6565310955047607
-0.11535942554473877
0.1289311647415161
-0.04071497917175293
-0.07464456558227539
0.37661492824554443
0.06446576118469238
-0.48179543018341064
-0.576797366142273
-0.5598325729370117
0.1560746431350708
-0.0475008487701416
-0.3121491074562073
-0.5801901817321777
0.1900038719177246
0.3019704818725586
0.11535954475402832
0.14589571952819824
-0.3901865482330322
-0.04071509838104248
-0.22054028511047363
0.6141196489334106
0.3460785150527954
0.41054391860961914
0.352864146232605
0.3325066566467285
0.817695140838623
0.20018243789672852
-0.10178780555725098
0.2375047206878662
0.4376872777938843
0.7125144004821777
0.6785850524902344
-0.16964638233184814
0.49536728858947754
-0.34607839584350586
-0.6514418125152588
-0.027143359184265137
-0.7193003296852112
-0.11535954475402832
0.363042950630188
-1.072164535522461
0.6717991828918457
0.08482325077056885
0.6785852909088135
0.18661093711853027
-0.7803729772567749
-0.10518074035644531
0.31554222106933594
-0.08821606636047363
0.9262683391571045
-0.3426854610443115
-0.6717993021011353
0.4444732666015625
0.020357608795166016
-0.3477749824523926
-1.2791328430175781
-0.2850055694580078
0.8838571310043335
-0.18661093711853027
0.18661093711853027
0.16286039352416992
-0.42072272300720215
-0.28839850425720215
0.5751011371612549
0.597154974937439
0.20018267631530762
0.12723469734191895
0.8278740644454956
0.5089389085769653
0.03392934799194336
0.2171473503112793
-0.5242071151733398
0.26804113388061523
0.8651964664459229
0.5123317241668701
0.6175123453140259
0.01696467399597168
-0.31554198265075684
-0.027143478393554688
0.49536728858947754
0.24089789390563965
-0.38170409202575684
0.41054391860961914
-0.9737699031829834
0.05767989158630371
0.14589571952819824
-0.817695140838623
1.097611427307129
-0.24089765548706055
0.5411720275878906
0.4173300266265869
0.5632257461547852
-0.04071509838104248
0.6921568512916565
-0.07464432716369629
-0.05767965316772461
-0.3189350366592407
0.6616206169128418
-0.17303919792175293
0.4817955493927002
0.23071885108947754
0.9194828271865845
0.20357561111450195
-0.0848231315612793
0.22902274131774902
0.9313580989837646
0.03392922878265381
0.42072272300720215
-0.6548346281051636
-0.33929288387298584
0.0950019359588623
-0.16964614391326904
0.23411190509796143
-1.251989483833313
0.3257209062576294
0.3562570810317993
0.8923395872116089
0.5801903009414673
0.23071908950805664
-1.9373606443405151
0.1900041103363037
0.40036511421203613
-0.4207228422164917
0.12214517593383789
-1.4097603559494019
0.4885810613632202
-0.5937619209289551
-0.46822381019592285
-0.29857754707336426
0.5191178321838379
-0.49197423458099365
0.11196649074554443
-0.2408977746963501
1.3266338109970093
0.5394753217697144
-0.010178685188293457
0.7379615306854248
-0.8007305860519409
-0.4919743537902832
0.9381442070007324
0.4410802125930786
0.17643213272094727
-0.2544693946838379
1.219756841659546
0.9025181531906128
0.7600152492523193
0.7226930856704712
1.0382353067398071
0.6209053993225098
-0.48179543018341064
1.5980679988861084
0.3358996510505676
-0.13232409954071045
0.3223278522491455
0.3766145706176758
0.5767974853515625
-0.8176950216293335
-0.47840237617492676
-0.13571703433990479
0.2883986234664917
-0.35965001583099365
0.12893128395080566
0.5835831165313721
-0.38679349422454834
-0.576797366142273
-0.39697229862213135
0.37322187423706055
1.007698893547058
-0.20357561111450195
-0.5632256269454956
-0.03901863098144531
0.21375417709350586
1.5912821292877197
0.29009509086608887
0.3189351558685303
0.5140280723571777
0.7888551950454712
0.8516242504119873
-0.00678563117980957
-0.17643213272094727
0.607333779335022
-0.40375816822052
0.67519211769104
-0.35625720024108887
0.08143019676208496
-0.2375049591064453
-0.7159073352813721
0.1900038719177246
0.40036511421203613
-0.5123318433761597
-0.25955891609191895
0.40375828742980957
-0.3494713306427002
0.6887637376785278
0.2748270034790039
0.22054004669189453
-0.48858118057250977
0.5021530389785767
0.45804500579833984
-0.36982905864715576
0.06107282638549805
-0.12553822994232178
-0.04071509838104248
-0.26973772048950195
-0.208665132522583
-0.8007305860519409
0.11875247955322266
1.1620770692825317
-0.4614379405975342
0.7159074544906616
0.7226932048797607
0.3138456344604492
-0.2917916774749756
0.48518824577331543
0.6446558237075806
-0.010178804397583008
0.5767974853515625
0.33929264545440674
-0.4275085926055908
0.24429070949554443
0.47670602798461914
0.576797366142273
-0.3291139602661133
0.40375804901123047
-0.24768388271331787
0.33250677585601807
0.2985774278640747
0.33589959144592285
0.2307189702987671
-0.30197036266326904
-0.21714723110198975
-0.1458958387374878
0.44108033180236816
0.6989427804946899
-0.06276917457580566
-0.3291137218475342
0.5700116157531738
-0.4173297882080078
-1.3402056694030762
-0.30875635147094727
0.5903691053390503
-0.9330544471740723
-0.1425027847290039
-0.17982494831085205
0.5530471801757812
0.2917916774749756
-0.9160900115966797
0.3528643846511841
-0.5055460929870605
-0.12214541435241699
-0.31554198265075684
0.383400559425354
-0.6005479097366333
0.9873413443565369
-0.33250677585601807
0.1900038719177246
0.8414454460144043
-0.044107913970947266
1.1790416240692139
0.9143936634063721
-1.1502019166946411
-0.17643225193023682
0.5835833549499512
0.9635909795761108
1.5420849323272705
0.07803726196289062
-0.1458956003189087
0.29179179668426514
-0.8855534791946411
-0.12893128395080566
0.17303919792175293
0.38170409202575684
0.1798250675201416
-0.142503023147583
0.1458958387374878
-0.030536413192749023
0.817695140838623
0.10009121894836426
-0.07125139236450195
0.27143406867980957
0.04410815238952637
0.4207228422164917
-1.1162726879119873
0.19678962230682373
-0.413936972618103
0.43429434299468994
-1.3571704626083374
0.2544693946838379
0.7396577596664429
-0.19678962230682373
-0.15268146991729736
0.10178768634796143
-0.45125913619995117
-1.0450210571289062
0.32572102546691895
0.5700116157531738
0.04750096797943115
0.9160898923873901
0.3596501350402832
1.5030661821365356
-0.5564397573471069
-0.6565310955047607
0.46822381019592285
0.2646481990814209
0.7193000316619873
1.0322976112365723
0.44956254959106445
1.4012784957885742
-0.817695140838623
0.6616204977035522
0.6531383991241455
0.6633169651031494
0.3528643846511841
0.7430509328842163
0.5700116157531738
0.05428671836853027
0.5292963981628418
0.4512592554092407
0.5700116157531738
0.8855535984039307
0.1696462631225586
-0.39697229862213135
0.09160900115966797
1.8932524919509888
0.3596501350402832
0.1289311647415161
0.4444732666015625
-0.003392815589904785
0.37322187423706055
0.38000762462615967
-0.5462610721588135
0.0
-0.254469633102417
0.11196649074554443
0.40715110301971436
-0.4716167449951172
-0.6446558237075806
0.5971550941467285
0.8278738260269165
0.4682236909866333
1.3690454959869385
0.7973376512527466
0.5360822677612305
0.6005477905273438
-0.5292963981628418
-0.7396578788757324
0.09330534934997559
-0.35965001583099365
0.09839487075805664
0.6344771385192871
0.4750096797943115
0.4173297882080078
-0.31554222106933594
0.19678962230682373
0.8227846622467041
-0.6378699541091919
0.0
1.0585929155349731
-0.9194827079772949
0.4648306369781494
0.33929264545440674
0.6819782257080078
0.15268158912658691
0.36304306983947754
0.3291137218475342
-0.49197423458099365
-0.26125526428222656
0.13571691513061523
-0.36304306983947754
0.030536413192749023
0.5869762897491455
0.5157246589660645
0.5598326921463013
0.7939445972442627
0.10178768634796143
0.03392922878265381
0.33929264545440674
-1.594675064086914
0.35456085205078125
-0.25107645988464355
-0.07125139236450195
0.1798250675201416
0.4105440378189087
-0.363042950630188
0.26804113388061523
0.6717996597290039
-0.475009560585022
-0.11535954475402832
-0.19339680671691895
2.4004950523376465
-0.878767728805542
0.9160898923873901
-0.3426854610443115
-0.35625720024108887
-0.10857367515563965
0.8634998798370361
0.475009560585022
-0.685370683670044
-0.5666186809539795
0.09160900115966797
-0.12893104553222656
0.9703768491744995
0.495367169380188
0.24768352508544922
-0.2171473503112793
0.7023354768753052
0.4444732666015625
-0.11535954475402832
-0.67519211769104
0.6073335409164429
0.04071509838104248
-0.22732603549957275
0.2578623294830322
0.08312654495239258
-0.9873414039611816
-0.1187523603439331
0.7532297372817993
0.5225106477737427
-1.1739521026611328
-0.13910996913909912
-0.11196637153625488
0.3325067162513733
-0.2917916774749756
0.12214529514312744
-0.7600153684616089
0.17982518672943115
-0.04071509838104248
0.37491846084594727
0.5191175937652588
0.28839874267578125
-0.87367844581604
0.7328718900680542
-0.32232797145843506
0.2137542963027954
0.7922482490539551
0.027143478393554688
-0.681978166103363
0.19339680671691895
0.5021530389785767
0.4885812997817993
0.14928841590881348
-0.36304306983947754
0.20696842670440674
-1.0178775787353516
0.3511679172515869
-0.28500568866729736
0.39357948303222656
-0.43768739700317383
0.3257209062576294
0.2375044822692871
0.6887638568878174
0.06446564197540283
-0.3596501350402832
0.4512592554092407
0.15268170833587646
1.4844050407409668
1.2927045822143555
-0.254469633102417
-0.13232415914535522
-0.07125139236450195
-0.09160900115966797
0.6141195893287659
0.25107669830322266
-1.2316319942474365
0.006785869598388672
0.7091214656829834
0.5123319625854492
-0.53608238697052
-0.5089390277862549
0.9568049907684326
1.0280565023422241
0.3800077438354492
-0.12214541435241699
0.2850058078765869
0.027143478393554688
0.24089789390563965
0.25955867767333984
0.8719818592071533
1.3775279521942139
0.061072707176208496
-0.027143239974975586
-0.0475010871887207
0.933054506778717
0.5767974853515625
-0.3358997106552124
0.5700116157531738
0.0237504243850708
-0.10178768634796143
0.0661618709564209
0.18661093711853027
-0.22054016590118408
0.9432332515716553
0.48858118057250977
-0.22393298149108887
0.01696467399597168
0.9585013389587402
0.07464432716369629
-0.7074251174926758
0.6480488777160645
0.27482712268829346
-0.12384176254272461
1.0314494371414185
-0.14928877353668213
0.2883988618850708
-0.8550174236297607
0.37491822242736816
0.4682236909866333
-0.4325981140136719
0.6717993021011353
0.6209053993225098
0.36304306983947754
1.5098519325256348
-0.8041235208511353
0.11535954475402832
0.797337532043457
-0.7498366236686707
-0.13232415914535522
-0.26804113388061523
0.48858141899108887
-0.4682236909866333
-0.373221755027771
0.47840261459350586
0.5954582691192627
-0.7057286500930786
-0.695549726486206
0.12553834915161133
0.475009560585022
-0.03562569618225098
-0.7125144600868225
0.4716167449951172
-0.16286039352416992
-0.22562956809997559
-0.5649220943450928
-0.2375047206878662
-0.01696455478668213
0.5021529197692871
0.32232797145843506
0.30875611305236816
-0.4173297882080078
-1.6184258460998535
0.33589982986450195
-0.4987599849700928
0.4342947006225586
-0.909304141998291
0.41054391860961914
0.5835833549499512
-0.05089390277862549
0.0950019359588623
-1.732088565826416
0.06785857677459717
0.16625332832336426
0.3800077438354492
0.09839487075805664
-0.5530469417572021
-1.2367212772369385
0.7362648248672485
-0.7532294988632202
0.32572102546691895
1.9780755043029785
0.7820694446563721
-0.06446552276611328
-0.9975202083587646
-0.8702855110168457
0.2527730464935303
-0.413936972618103
0.3325066566467285
0.6887639760971069
0.35625720024108887
0.607333779335022
0.3291137218475342
-0.03223299980163574
-0.18152165412902832
0.45125913619995117
0.3766148090362549
-0.013571739196777344
0.11535942554473877
-0.01696479320526123
-0.16286039352416992
0.29179155826568604
0.8210879564285278
-0.0848231315612793
0.24768376350402832
0.6887639760971069
0.20018267631530762
0.12384176254272461
-0.4800989627838135
1.1094868183135986
-0.030536293983459473
0.3800077438354492
0.13232421875
0.08143019676208496
0.21714723110198975
0.22393310070037842
0.6276912689208984
-0.2883986234664917
-0.7905516624450684
0.6497454643249512
0.45974135398864746
0.586976170539856
0.4750096797943115
-0.027143359184265137
0.4173297882080078
0.09839487075805664
-0.12723469734191895
0.3850972652435303
0.5496538877487183
-0.5326893329620361
-0.9703768491744995
-0.8584102392196655
0.6276912689208984
0.4071512222290039
0.9093039035797119
-0.4716167449951172
-0.09839487075805664
-0.006785750389099121
0.054286837577819824
0.2748270034790039
0.27821993827819824
-0.07464432716369629
-0.5903692245483398
0.02375006675720215
-0.40375828742980957
0.6785850524902344
-0.5530469417572021
0.07464444637298584
0.11875247955322266
0.1900036334991455
-0.1187523603439331
0.3460782766342163
0.6684064865112305
0.43090152740478516
-0.7701941728591919
0.27821993827819824
0.09839498996734619
-0.20018255710601807
-0.26125550270080566
1.6269079446792603
-0.5411715507507324
-0.4173297882080078
-0.413936972618103
-0.6887639760971069
-0.25107645988464355
-0.17982518672943115
0.5055458545684814
0.09160900115966797
0.4478660821914673
0.13062810897827148
0.9466260671615601
-0.6141194105148315
-0.13911008834838867
-0.49197423458099365
0.629387617111206
0.03392922878265381
0.5835832357406616
0.16286039352416992
-0.5666184425354004
0.9941271543502808
-0.7464437484741211
-0.6887639164924622
-0.35286426544189453
0.37322187423706055
0.42072296142578125
-0.45804476737976074
-0.12893128395080566
0.41393691301345825
0.41732990741729736
-0.8278740644454956
-0.14928889274597168
0.3596501350402832
0.782069206237793
-0.1696462631225586
0.47161662578582764
0.6276910305023193
0.13571703433990479
-0.5208139419555664
0.21036124229431152
0.020357608795166016
-0.044107913970947266
-0.23411190509796143
-0.01696479320526123
-0.576797366142273
0.07125139236450195
0.3562573194503784
-0.31214916706085205
0.7939445972442627
0.2578623294830322
0.6209053993225098
0.27821993827819824
0.7193002700805664
0.1611640453338623
0.7532294988632202
0.38170433044433594
0.3969724178314209
0.4139368534088135
0.19678974151611328
-0.1696462631225586
-1.318151593208313
0.1933966875076294
0.5394749641418457
0.47840261459350586
-0.04071521759033203
0.0
0.695549726486206
-0.04410815238952637
-1.0144847631454468
0.09500181674957275
-0.32572078704833984
0.7057285308837891
-0.654834508895874
-0.8448383808135986
-0.04750096797943115
-0.6684062480926514
-0.26804113388061523
0.495367169380188
0.7701941728591919
0.13232409954071045
-0.1662534475326538
-0.40715110301971436
-0.22054052352905273
0.29518449306488037
1.0891293287277222
0.8092129230499268
0.8244808912277222
-0.7769801616668701
0.40715110301971436
0.19000375270843506
0.29857754707336426
-0.13232409954071045
0.33759593963623047
0.34947144985198975
-1.0043060779571533
-0.25446951389312744
-0.4478660821914673
0.5598325729370117
0.6310842037200928
-0.6853710412979126
0.5598328113555908
0.7549260854721069
-0.43768739700317383
0.30536341667175293
0.06446564197540283
0.8227841854095459
-0.80751633644104
-0.11196660995483398
1.5573527812957764
0.10178780555725098
-0.1900038719177246
0.5937621593475342
0.9076075553894043
0.15268170833587646
1.2044883966445923
-0.16964638233184814
0.06446552276611328
0.2883986234664917
0.08821606636047363
-0.6344770193099976
0.9126970767974854
0.05089390277862549
0.6785852909088135
0.34947144985198975
0.3596501350402832
-0.013571739196777344
-0.5055457353591919
-0.2510765790939331
-1.3571704626083374
1.0636820793151855
-0.12214529514312744
-0.1425027847290039
0.24768352508544922
-0.18661093711853027
0.4546520709991455
0.1560746431350708
0.363042950630188
0.006785869598388672
0.003392934799194336
0.4342944622039795
1.4521723985671997
-0.6446561813354492
-0.12214529514312744
0.5496538877487183
0.003392934799194336
-0.3019702434539795
-0.020357608795166016
0.03392922878265381
-0.3223278522491455
0.14928877353668213
0.1662534475326538
0.827873706817627
-0.7159073352813721
0.1832178831100464
0.5089387893676758
-0.011875391006469727
0.6616204977035522
0.6650134325027466
-0.25446951389312744
0.26804113388061523
-0.3257209062576294
1.8847702741622925
1.0959149599075317
0.10857367515563965
0.6785850524902344
0.7057285308837891
0.739657998085022
0.23071885108947754
-0.18321800231933594
0.3019702434539795
1.2655613422393799
-0.5191177129745483
0.23411178588867188
0.7956411838531494
0.3358994722366333
-0.30536317825317383
-0.006785869598388672
0.24768376350402832
0.39357948303222656
-0.7057285308837891
0.6259946823120117
-0.5191174745559692
0.6107267141342163
0.33250677585601807
-0.2171473503112793
0.17643213272094727
0.17643213272094727
0.24429059028625488
0.34947144985198975
-0.013571739196777344
0.23411190509796143
0.8075162172317505
-0.3664360046386719
0.39188289642333984
0.8651961088180542
0.28839874267578125
0.05089390277862549
-0.1136631965637207
0.1136629581451416
-0.9160900115966797
-0.36304306983947754
-0.3494713306427002
0.5208144187927246
-0.2307189702987671
0.5700114965438843
-0.2680412530899048
0.044108033180236816
-0.7328720092773438
0.6175125241279602
-0.16455698013305664
0.013571739196777344
0.3392925262451172
-0.4546520709991455
-0.14928877353668213
0.07125139236450195
-0.13232409954071045
0.41224050521850586
0.5700114965438843
-0.848231315612793
-0.6429595947265625
-0.31893491744995117
-0.32572078704833984
0.24768352508544922
0.6242983341217041
0.10518050193786621
-0.20018267631530762
0.3596501350402832
-0.5157248973846436
1.4301178455352783
0.8940359354019165
-0.37322187423706055
-0.2646482586860657
0.05089390277862549
0.8567140102386475
-0.2035754919052124
0.6717993021011353
-0.24768364429473877
-0.505545973777771
0.11196637153625488
-1.3605632781982422
-0.3969724178314209
0.6039409637451172
0.08651947975158691
0.1696462631225586
-0.25107645988464355
-0.8651962280273438
0.5649220943450928
-0.0475010871887207
-0.17303919792175293
0.9958237409591675
0.054286956787109375
0.9975202679634094
1.950932264328003
0.6446559429168701
0.35625720024108887
1.2689541578292847
-0.1458958387374878
-0.6395664215087891
-0.8210880756378174
-0.8821607828140259
-1.418243169784546
-0.7634083032608032
0.8007303476333618
1.10270094871521
0.6582274436950684
-0.8753747344017029
0.6616204977035522
-0.05089390277862549
0.26464807987213135
0.19678962230682373
0.27143406867980957
0.3121492862701416
0.04750096797943115
0.24089765548706055
-0.3392925262451172
0.16625356674194336
-1.1196653842926025
-0.7837657928466797
0.515724778175354
0.14589595794677734
-0.3426855802536011
0.6853710412979126
-0.43768739700317383
0.4614377021789551
0.061072587966918945
0.2850058078765869
-0.38340067863464355
0.08143019676208496
0.3121490478515625
0.003392934799194336
-0.35286426544189453
0.08821606636047363
0.6463522911071777
1.3452949523925781
0.7973377704620361
0.10178792476654053
0.41732990741729736
-0.19678962230682373
0.5191175937652588
-0.06446552276611328
-0.619208812713623
-0.7260861396789551
0.13232409954071045
0.627691388130188
0.3698289394378662
0.9059109687805176
0.05089390277862549
0.7651047706604004
0.7430509328842163
-0.515724778175354
0.6209052801132202
0.7023355960845947
0.12553834915161133
0.044108033180236816
0.5903689861297607
-0.07125139236450195
1.2553825378417969
0.5191174745559692
0.2273259162902832
-0.2833092212677002
-0.43938398361206055
-0.46143782138824463
1.3894031047821045
0.7176039218902588
0.003392815589904785
0.17643213272094727
-0.23411178588867188
-0.027143478393554688
0.46822381019592285
-0.03392934799194336
-0.40715110301971436
-0.12553834915161133
0.46822381019592285
-0.2561659812927246
0.09500205516815186
-0.13232409954071045
1.0348423719406128
0.7481400966644287
-0.7735872268676758
0.08821606636047363
0.24089765548706055
-0.0237504243850708
0.10518074035644531
-0.21036136150360107
-0.10518074035644531
-0.027143239974975586
-0.03732210397720337
0.787158727645874
-1.3198480606079102
0.7108180522918701
0.5123317241668701
0.5462610721588135
-0.23071885108947754
0.27143394947052
-0.11535942554473877
0.1696462631225586
-0.04071521759033203
0.7260862588882446
-0.1187523603439331
0.27821993827819824
0.15268170833587646
-1.1875241994857788
-0.24768352508544922
-0.32572102546691895
0.26125526428222656
0.05089402198791504
-0.9568051099777222
0.6684062480926514
0.5123318433761597
-0.43768739700317383
0.5309929847717285
-0.023750662803649902
0.02375054359436035
-0.3562570810317993
-0.1696462631225586
-0.6463524103164673
0.46483099460601807
1.051806926727295
0.2035754919052124
-0.515724778175354
0.32232797145843506
1.3198480606079102
0.2544693946838379
-0.3528643846511841
0.21375441551208496
0.006785869598388672
0.10178780555725098
0.46143782138824463
-0.27821993827819824
0.39357948303222656
-0.5377786159515381
0.2748270034790039
0.42750847339630127
-0.2307189702987671
1.0246635675430298
0.15607452392578125
-0.8855535984039307
-0.006785869598388672
0.5564398765563965
0.6209055185317993
-0.06446552276611328
0.8126053810119629
-0.39697229862213135
0.3155421018600464
0.054286837577819824
-0.19339680671691895
0.39357972145080566
-0.07125139236450195
0.3426854610443115
-0.06446552276611328
0.3121490478515625
0.42750847339630127
0.8312668800354004
0.00678563117980957
-0.5835831165313721
1.1824345588684082
-1.2604718208312988
0.142503023147583
0.2850058078765869
-0.2307189702987671
-0.0237504243850708
0.03392934799194336
-0.15946745872497559
-1.1128796339035034
-0.33759593963623047
-1.1807379722595215
1.2401142120361328
0.3104524612426758
-0.27991604804992676
0.6921569108963013
0.9975202083587646
0.3240242004394531
0.9126970767974854
0.09160912036895752
0.5632256269454956
0.32911384105682373
-0.6107265949249268
0.5700116157531738
-0.1696462631225586
0.22732603549957275
0.6853713989257812
-1.0246634483337402
0.22054028511047363
-0.4207228422164917
0.4512590169906616
-0.36304306983947754
-0.38000786304473877
0.2035754919052124
-0.15268170833587646
-0.7226930856704712
0.37661468982696533
0.5394752025604248
0.10518074035644531
0.39188265800476074
0.044108033180236816
0.044108033180236816
0.6429593563079834
0.08821606636047363
-0.12723469734191895
0.18661093711853027
-0.2646481990814209
0.4359910488128662
0.09160900115966797
-0.5903691053390503
0.45125913619995117
0.10857367515563965
-1.1603806018829346
-0.7091213464736938
-0.9296616911888123
0.2985774278640747
1.1875240802764893
-0.29179155826568604
-0.21036136150360107
0.1696460247039795
0.003392934799194336
0.26804113388061523
-0.30536341667175293
-1.3571702241897583
-0.5326894521713257
0.6582274436950684
0.3257209062576294
0.22732603549957275
0.4682239294052124
0.34438204765319824
0.9432332515716553
0.030536293983459473
0.2917916774749756
0.3426854610443115
-0.9669836759567261
-0.2408977746963501
0.782069206237793
0.7668012380599976
0.11196660995483398
-0.17643213272094727
-0.40715110301971436
-0.2985774874687195
-0.6242982149124146
-0.06446552276611328
1.011091947555542
-0.4173300266265869
-0.3969721794128418
-0.3019702434539795
0.9330544471740723
-0.6531381607055664
0.4275085926055908
0.3884899616241455
0.8651959896087646
-0.4427766799926758
0.7701941728591919
-0.19678962230682373
0.41054391860961914
0.25107645988464355
0.7803728580474854
1.0755573511123657
0.22732603549957275
0.6480488181114197
-0.6921569108963013
-0.33929264545440674
-0.24429059028625488
-0.06446564197540283
-0.6412631273269653
-1.0501102209091187
0.17303907871246338
1.2214531898498535
-0.16625308990478516
0.054286837577819824
0.26125526428222656
-0.5496540069580078
-0.413936972618103
0.9211792945861816
0.0950019359588623
0.607333779335022
0.29179155826568604
-0.2646481990814209
-0.3392925262451172
-0.5869760513305664
-0.14928853511810303
0.0016965866088867188
0.5191175937652588
-0.15946745872497559
0.7701940536499023
0.2985774278640747
-1.0093953609466553
-0.03223276138305664
0.4580448865890503
0.3698289394378662
0.827873945236206
0.027143359184265137
0.817695140838623
-0.5530468225479126
-0.3664360046386719
0.03392934799194336
0.006785869598388672
0.1289311647415161
-0.4444732666015625
-0.5869760513305664
0.8244810104370117
-0.38340067863464355
0.9907342195510864
0.6514416933059692
0.061072707176208496
-0.7464436888694763
-0.3206315040588379
-1.0551998615264893
0.894036054611206
-0.20527195930480957
-0.26804113388061523
1.6014608144760132
1.3215447664260864
0.14250290393829346
-0.4173297882080078
-0.1560746431350708
-0.34438204765319824
1.3113658428192139
-0.2985774278640747
1.8830739259719849
0.5598328113555908
-0.07125139236450195
-0.1798250675201416
0.817695140838623
0.013571739196777344
1.2655613422393799
0.4987599849700928
-0.6989426612854004
0.1187523603439331
-0.5123317241668701
0.6480488777160645
0.980555534362793
-0.22732603549957275
0.5767972469329834
0.18661081790924072
0.5360821485519409
0.21036136150360107
0.02375030517578125
-0.06785857677459717
0.3901864290237427
-0.21036148071289062
-0.07803726196289062
0.7871588468551636
-0.3698289394378662
0.7294790744781494
-0.2883986234664917
-0.27143406867980957
0.1425032615661621
-0.12214529514312744
0.6073336601257324
1.6676228046417236
-0.07125139236450195
0.4275088310241699
0.27143383026123047
0.586976170539856
-0.21375441551208496
0.3019702434539795
-0.2917916178703308
0.0950016975402832
0.28839898109436035
1.0823431015014648
-0.07464432716369629
-0.13232421875
0.8516243696212769
0.6209053993225098
1.2214531898498535
0.822784423828125
0.26804113388061523
-0.28839874267578125
0.6870675086975098
0.006785869598388672
-0.36982882022857666
0.45125913619995117
0.11535942554473877
0.4902777671813965
0.3884899616241455
-0.037322282791137695
-0.13911008834838867
-0.4478663206100464
0.9076076745986938
0.6412628889083862
-0.9126969575881958
0.40375816822052
-0.6717994213104248
2.7262158393859863
0.061072707176208496
0.47840261459350586
0.6548347473144531
-0.4614379405975342
0.40036511421203613
0.07803738117218018
-0.1933969259262085
0.14589595794677734
0.28839874267578125
0.17643213272094727
0.061072587966918945
-0.8651962280273438
0.22054004669189453
-1.0721644163131714
0.6310842037200928
-0.8821606636047363
0.5106353759765625
0.16625332832336426
0.04750096797943115
-0.9941272735595703
-0.5530469417572021
0.9160900115966797
-0.21375441551208496
0.2273261547088623
0.6650134325027466
-0.0848231315612793
0.8380527496337891
-0.45125913619995117
0.02375054359436035
-0.4817953109741211
0.061072349548339844
-0.3511679172515869
0.7600154876708984
0.21375441551208496
-0.5225105285644531
0.37322187423706055
-0.3562573194503784
-0.15946745872497559
0.27482712268829346
0.10518062114715576
-0.281612753868103
0.037322163581848145
0.8346595764160156
0.42072272300720215
0.05767965316772461
0.7532296180725098
0.6141195297241211
0.09160900115966797
0.03901863098144531
0.8261771202087402
0.2731304168701172
-0.02375054359436035
-0.27821993827819824
0.27143394947052
0.34607839584350586
-1.1468088626861572
-0.10009121894836426
-0.24768364429473877
0.4614379405975342
-0.2578623294830322
-0.4173300266265869
0.6650134325027466
1.194309949874878
0.29518449306488037
-0.11535954475402832
0.07125139236450195
0.07973384857177734
0.373221755027771
0.505545973777771
0.0475010871887207
1.4776191711425781
0.33759617805480957
0.42072272300720215
1.117969274520874
-0.3121490478515625
-0.18321800231933594
0.14419937133789062
-0.30536341667175293
-0.4105440378189087
1.1688628196716309
0.19678974151611328
0.6819781064987183
-1.051806926727295
-0.6395665407180786
0.16625332832336426
-0.09160900115966797
0.020357608795166016
-1.3503844738006592
-0.14928877353668213
-0.020357608795166016
0.016964435577392578
0.4614379405975342
0.5717079639434814
-0.28839874267578125
-0.6310840845108032
0.5530468225479126
-0.20018267631530762
-0.04750096797943115
0.9025182723999023
0.24768352508544922
-0.7549259662628174
0.6819780468940735
-0.07803738117218018
0.14589595794677734
-0.29857754707336426
0.5886725187301636
1.1739522218704224
-0.13910984992980957
0.16286027431488037
0.2985774278640747
-0.07803750038146973
-0.17643213272094727
0.003392815589904785
0.67519211769104
-0.40375816822052
0.7294788360595703
0.04071509838104248
-1.435207486152649
-0.13571715354919434
0.022054195404052734
0.22562956809997559
0.7159072160720825
0.1696462631225586
-0.2544693946838379
0.11875247955322266
-0.11875247955322266
-0.5801903009414673
-0.05089390277862549
0.09160888195037842
1.21127450466156
-0.04071521759033203
0.18491435050964355
-0.2629516124725342
1.1671667098999023
0.5123317241668701
0.05089366436004639
0.1425027847290039
0.6650134325027466
-0.06785869598388672
2.07307767868042
-0.08821582794189453
-0.48518848419189453
0.13571703433990479
-0.6242983341217041
0.15268158912658691
0.3698289394378662
0.19000375270843506
1.1960062980651855
-0.6717991828918457
-0.3426856994628906
0.22393310070037842
-0.05428671836853027
-0.8889464139938354
0.24429059028625488
0.9228757619857788
0.08143019676208496
0.13571703433990479
-0.15946745872497559
-0.10518074035644531
0.38679349422454834
-0.20018267631530762
0.4512592554092407
0.3664360046386719
1.0076987743377686
0.48179543018341064
0.9517154693603516
0.2408977746963501
0.09839487075805664
0.19339680671691895
0.8143020868301392
0.5394750833511353
0.05089390277862549
0.7430508136749268
-0.08821606636047363
-0.3426854610443115
0.5157251358032227
-0.13571703433990479
-0.07464432716369629
0.3766148090362549
0.8618030548095703
-0.030536413192749023
0.27482712268829346
-0.030536413192749023
0.7532297372817993
0.5089389085769653
-0.1900038719177246
0.43429458141326904
-0.6005480289459229
0.4207226037979126
-0.45465219020843506
0.14759230613708496
-0.373221755027771
-0.9093040227890015
0.13232409954071045
0.3867936134338379
0.2375049591064453
-0.9160898923873901
-0.14589571952819824
-0.15946757793426514
0.36304306983947754
0.003392934799194336
-0.5225106477737427
0.3121492862701416
0.34607839584350586
0.09839487075805664
-0.5564398765563965
0.7447472810745239
-0.6616206169128418
0.3257211446762085
0.13232409954071045
0.8516244292259216
-0.2629518508911133
0.5428681373596191
-0.7464437484741211
-0.2544693946838379
0.35286426544189453
-0.38170409202575684
0.030536293983459473
-0.5309929847717285
-0.5988514423370361
0.3426854610443115
0.5835831165313721
-0.6717993021011353
0.3766148090362549
-0.07125139236450195
0.044108033180236816
0.08143019676208496
1.2977938652038574
-1.0585929155349731
-0.7108182907104492
-0.5123317241668701
-0.12723469734191895
-0.15268170833587646
0.34607863426208496
0.5649220943450928
0.24768364429473877
-0.6717992424964905
0.7871589660644531
0.4054546356201172
-0.18321800231933594
0.9093042612075806
0.0950019359588623
-0.41902637481689453
-0.6582275032997131
0.26804113388061523
0.23071885108947754
-0.08821606636047363
0.18321776390075684
-0.07803750038146973
-0.3596501350402832
0.5004568099975586
1.4436898231506348
0.12214541435241699
-0.37491822242736816
0.6005479097366333
-0.43768739700317383
0.29857754707336426
-0.6344771385192871
-1.2418107986450195
1.2010955810546875
1.0857361555099487
1.0009129047393799
0.413936972618103
-0.6717991828918457
0.05767965316772461
-0.07125139236450195
-0.1187523603439331
0.5055457353591919
0.14928865432739258
0.1187523603439331
-0.17643213272094727
0.49197447299957275
0.5700116157531738
1.03653883934021
-0.4817955493927002
0.24768352508544922
0.05767977237701416
-0.30197036266326904
0.09500181674957275
0.5292963981628418
1.0857362747192383
0.695549726486206
0.13571715354919434
-0.6073335409164429
1.0043060779571533
0.9703768491744995
-0.1984860897064209
-0.22393321990966797
0.8719819784164429
0.7803730964660645
-0.04071509838104248
-0.2748270034790039
0.3155421018600464
-0.9958236217498779
-0.3358997106552124
-0.10178780555725098
0.2358083724975586
-0.03392934799194336
-0.40375816822052
-0.719300389289856
-0.26804113388061523
-0.980555534362793
-1.058592677116394
0.2069687843322754
-0.3766148090362549
0.2171473503112793
-0.02375030517578125
-0.12893128395080566
-0.9941272735595703
-0.10178768634796143
-0.46652722358703613
0.5903691053390503
-0.09500205516815186
0.6514415740966797
0.2680412530899048
0.0712515115737915
-0.4546518325805664
-0.23071885108947754
0.7159073352813721
0.5343859195709229
0.12384176254272461
0.142503023147583
0.26464807987213135
0.4902777671813965
-0.015268325805664062
0.32911384105682373
-0.15607452392578125
0.3019702434539795
-0.05428671836853027
0.3019702434539795
-0.5971548557281494
0.485188364982605
0.4546520709991455
-0.43090152740478516
0.003392934799194336
0.07803702354431152
-0.18661093711853027
-0.24768364429473877
-0.8143022060394287
-0.5700116157531738
0.35625720024108887
-0.4105440378189087
-1.099307894706726
1.0043058395385742
0.7600153684616089
0.4105440378189087
-0.12214529514312744
0.010178804397583008
-0.16286051273345947
-1.2893117666244507
0.061072587966918945
-1.0076991319656372
-0.5326894521713257
1.3113657236099243
0.8041234016418457
-0.27143406867980957
-1.0043060779571533
-0.30197036266326904
0.6022443771362305
-0.9160900115966797
0.8940361738204956
-0.03392934799194336
-0.10178756713867188
0.48179537057876587
0.7718906402587891
-0.5462609529495239