0.3511676788330078
0.6701028347015381
0.3528643846511841
-0.10009133815765381
-0.3121491074562073
0.04071509838104248
0.29348814487457275
-0.8499279022216797
-0.5513504147529602
-0.02544689178466797
0.1967896819114685
0.15946751832962036
0.09839487075805664
-0.47840261459350586
0.6242983341217041
0.46143782138824463
0.04071497917175293
0.7498365640640259
-0.4342944622039795
0.08143031597137451
-0.13741350173950195
-0.12214541435241699
-0.5309929847717285
0.24429047107696533
0.09669828414916992
0.1509852409362793
0.18661093711853027
-0.0950019359588623
-0.6650134921073914
-0.013571858406066895
0.21036136150360107
0.49367058277130127
0.14419931173324585
-0.12893128395080566
0.3715254068374634
-0.9669837951660156
0.42750871181488037
-0.23750483989715576
-0.3325066566467285
-0.4902777671813965
0.37661468982696533
-0.24768364429473877
-0.13910996913909912
-0.4936707019805908
-0.3630428910255432
-0.505545973777771
-0.1034841537475586
-0.30705976486206055
1.0178775787353516
0.2977292537689209
-0.3698289394378662
0.11535942554473877
1.077253818511963
0.1781286597251892
0.1187523603439331
-0.46992015838623047
0.7345683574676514
0.2307189702987671
0.8295705318450928
-0.3494713306427002
-0.5835831165313721
-0.04071521759033203
0.39697229862213135
0.22393304109573364
0.027143418788909912
-0.37831127643585205
0.12893128395080566
0.3443819284439087
0.4105440378189087
-0.13232421875
-0.5666185617446899
0.11196637153625488
0.2324153184890747
0.1458958387374878
-0.20018267631530762
0.5801903009414673
-0.6904603242874146
0.18661093711853027
0.47331321239471436
0.4614379405975342
0.04071497917175293
0.11196660995483398
-0.8448385000228882
-0.2035757303237915
-0.597154974937439
-0.14250290393829346
0.6412630081176758
0.24598705768585205
0.19509315490722656
0.4987599849700928
0.12214517593383789
-0.26295173168182373
0.006785869598388672
0.27313047647476196
0.2510765790939331
0.03901863098144531
-1.087432622909546
0.5632257461547852
0.15268170833587646
0.4529554843902588
-0.6175124645233154
0.018661141395568848
-0.21205782890319824
-0.8193916082382202
0.6684062480926514
-0.22054016590118408
0.06955480575561523
-0.10348427295684814
-0.23580825328826904
-1.1247549057006836
0.29009509086608887
0.6259946823120117
-0.12384176254272461
0.05598330497741699
-0.005089402198791504
-0.6344770789146423
0.020357608795166016
0.23580825328826904
-0.5818867683410645
-0.4105439782142639
-0.07125139236450195
0.061072587966918945
-0.2765234708786011
0.4631342887878418
-0.23580843210220337
0.4461696743965149
0.11535942554473877
-0.24938011169433594
0.11196660995483398
-1.01278817653656
-0.08482301235198975
-0.9856448173522949
0.14759224653244019
-0.20696836709976196
-0.31384557485580444
0.08143025636672974
-0.9924306869506836
0.4325981140136719
0.7023355960845947
0.03562569618225098
0.3096044063568115
0.001696467399597168
-0.36304306983947754
0.5784938335418701
-0.449562668800354
0.16794979572296143
-0.5564398169517517
-0.46992015838623047
0.4054546356201172
0.037322163581848145
-0.3545607328414917
0.13232409954071045
-0.045804500579833984
-0.5326893329620361
-0.6429594159126282
0.020357489585876465
0.4512592554092407
-0.10857373476028442
0.5937621593475342
-0.06276917457580566
0.586976170539856
-0.30705976486206055
0.5717080235481262
-1.0195741653442383
-0.13402056694030762
0.36813247203826904
-0.1408064365386963
-0.010178804397583008
0.2578624486923218
0.010178804397583008
0.13402056694030762
0.07125139236450195
0.02544689178466797
0.11196660995483398
-0.11366307735443115
0.25277280807495117
-0.003392934799194336
0.8244807720184326
-0.44786620140075684
-0.45465195178985596
-0.5547434091567993
-0.04919743537902832
-0.6090302467346191
-0.29518449306488037
0.27991628646850586
0.5445646047592163
-0.0950019359588623
0.4902777671813965
0.037322282791137695
-0.6463524103164673
0.6921569108963013
0.8948841094970703
-0.31723856925964355
0.10178780555725098
-0.1085737943649292
-0.010178804397583008
0.7897034883499146
-0.11875247955322266
-0.9059111475944519
-0.7260862588882446
0.5157247185707092
0.45125913619995117
0.09330534934997559
-0.28500568866729736
-0.6429595351219177
-0.07294785976409912
-0.6158159971237183
0.10178768634796143
-0.12553834915161133
-0.46992021799087524
0.48688483238220215
-0.09160900115966797
0.19848620891571045
-0.33081018924713135
0.04410827159881592
0.3053632974624634
0.4342944622039795
-0.1136629581451416
0.10348427295684814
-0.36304306983947754
-0.18152153491973877
0.008482217788696289
-0.26125532388687134
-1.1705594062805176
-0.7023356556892395
-0.020357608795166016
0.42411577701568604
0.12214529514312744
1.3045798540115356
0.13910996913909912
-0.87367844581604
-1.0450210571289062
0.24768364429473877
0.18491452932357788
-0.5089387893676758
-0.5530468225479126
-0.13062763214111328
-0.4376874566078186
0.28330928087234497
-0.3206315040588379
-0.4682237505912781
-0.37661468982696533
-1.465743899345398
-0.15437817573547363
-0.18321800231933594
0.061072587966918945
0.2137542963027954
0.5428682565689087
0.044108033180236816
0.6599239110946655
0.4885812997817993
-0.2459869384765625
-0.25446948409080505
-0.12214523553848267
0.3121490478515625
-0.4936707615852356
0.23580831289291382
0.23411190509796143
0.13232409954071045
-0.04919743537902832
-0.43938398361206055
0.07294785976409912
-0.08312666416168213
-0.8465349674224854
0.3494713306427002
0.3817042112350464
0.5309929251670837
-0.037322163581848145
0.19678974151611328
0.1747356653213501
-0.8210879564285278
0.5326893925666809
-0.5326892733573914
-0.15946757793426514
0.11196643114089966
-0.006785869598388672
0.49367058277130127
-0.028839945793151855
0.03901863098144531
-0.34438198804855347
-0.9754661917686462
-0.06955498456954956
-0.247683584690094
-0.1408064365386963
-0.27143394947052
-0.2867022752761841
0.20527207851409912
0.4529557228088379
0.027143478393554688
-0.044108033180236816
-0.4342944622039795
0.3596501350402832
0.3155421018600464
0.8024268746376038
0.36304306983947754
0.2307189702987671
0.08143019676208496
-0.8618030548095703
0.11535942554473877
0.17812860012054443
-0.4444732666015625
0.14928877353668213
-0.3138456344604492
0.2171473503112793
-0.045804500579833984
0.015268206596374512
0.045804500579833984
0.5225106477737427
0.6751922369003296
-0.5089388489723206
0.06446564197540283
0.2459871768951416
0.36304306983947754
-0.7074249982833862
-0.21036136150360107
-0.11535966396331787
0.7260861396789551
0.6327806115150452
-0.7498366236686707
0.2408977746963501
0.4648308753967285
-0.008482217788696289
0.006785869598388672
-0.3189350366592407
-0.5343858003616333
0.26973772048950195
-1.1162725687026978
0.07464432716369629
0.26295173168182373
-0.42411571741104126
0.45295560359954834
0.25107651948928833
-0.347774863243103
0.09160912036895752
0.10348421335220337
0.40715110301971436
0.24429070949554443
-0.54286789894104
-0.6327807307243347
-0.6226018667221069
-1.2944010496139526
0.9025181531906128
0.10518074035644531
0.9143933057785034
0.38000768423080444
0.25446951389312744
0.5343858003616333
-0.008482396602630615
-1.3860101699829102
0.34777480363845825
-0.9296616911888123
-0.38679349422454834
-0.010178804397583008
-0.373221755027771
-0.027143359184265137
0.054286837577819824
1.097611427307129
-0.11535954475402832
-0.5547432899475098
-0.49536722898483276
0.09500181674957275
-0.7193002700805664
-0.010178804397583008
0.4648308753967285
0.3240245580673218
0.09160900115966797
-0.08482307195663452
-0.5479575395584106
0.48688483238220215
-0.20866501331329346
-0.04410815238952637
0.47500932216644287
0.1900038719177246
-0.45125913619995117
0.528448224067688
-0.690460205078125
-0.3596501350402832
0.5886726379394531
0.4275085926055908
0.011875271797180176
-0.6480487585067749
0.38000786304473877
0.856713593006134
-0.3257208466529846
-0.7583189010620117
0.03392934799194336
0.23920130729675293
0.36813223361968994
-0.12893128395080566
0.40036535263061523
-0.8075164556503296
0.006785869598388672
0.19339680671691895
0.2544693946838379
-0.10178780555725098
0.27143406867980957
-0.3223278522491455
-0.29857736825942993
-0.5971549153327942
0.1408064365386963
0.7023355960845947
0.1696462631225586
0.6022442579269409
-0.2646481990814209
-0.15268170833587646
0.584431529045105
-0.12384176254272461
0.19509315490722656
-0.4376875162124634
0.3036668300628662
0.15607452392578125
-0.5886726379394531
0.028839826583862305
0.4580448865890503
0.7786765098571777
-0.04071509838104248
-0.26634466648101807
0.07464432716369629
-0.36134660243988037
0.4054546356201172
-0.4020617604255676
0.8499278426170349
-0.2035754919052124
0.45125913619995117
-0.4800989627838135
0.18661093711853027
0.11196660995483398
-0.8821607232093811
0.3596501350402832
-0.16625338792800903
0.30705976486206055
0.040715157985687256
-0.07634091377258301
-0.7973375916481018
0.08821606636047363
-0.04750096797943115
-0.22054016590118408
-0.12384188175201416
-0.04919743537902832
-0.6497452855110168
0.01696467399597168
0.1849144697189331
-0.15268158912658691
-0.00848233699798584
0.18661081790924072
0.4241156578063965
0.21205782890319824
0.05089390277862549
-0.12553822994232178
0.6073336601257324
0.1187523603439331
0.5496538877487183
-0.42411571741104126
-0.6259949207305908
-0.43090158700942993
0.13571715354919434
-0.36134660243988037
-0.5191177129745483
0.04919743537902832
-0.6599240303039551
-0.3715254068374634
-0.2883986830711365
0.40375804901123047
0.955108642578125
0.14250284433364868
0.3308102488517761
0.38509702682495117
-0.3002738952636719
-0.3562571406364441
0.439383864402771
0.48179543018341064
-0.05937623977661133
-0.16625332832336426
-0.08143019676208496
0.42241930961608887
0.3257209062576294
-0.030536293983459473
-0.6675580739974976
-0.1408064365386963
0.8024269342422485
0.8278738260269165
0.010178804397583008
-0.4885812997817993
-0.27821993827819824
0.1374136209487915
0.11705589294433594
0.4563485383987427
0.40375804901123047
-0.607333779335022
-0.41902637481689453
0.27143394947052
-0.003392934799194336
-0.4580448865890503
-0.21036148071289062
0.044108033180236816
-0.732871949672699
-0.13910996913909912
0.6480488777160645
0.307059645652771
-0.45125913619995117
0.066162109375
0.7583187818527222
-0.6836745142936707
0.020357608795166016
0.23750483989715576
0.6293876767158508
0.02544689178466797
-0.7447472810745239
0.06276905536651611
0.32232797145843506
0.2273261547088623
0.0950019359588623
0.5513502955436707
0.7769800424575806
0.6548346281051636
-0.1408064365386963
0.04919743537902832
0.0899125337600708
0.16964638233184814
0.29518449306488037
-0.045804500579833984
0.5564398169517517
-0.5004565119743347
-0.010178804397583008
-0.3817042112350464
-0.18661099672317505
-0.503849446773529
0.11196649074554443
-0.6819781064987183
-0.5089389085769653
-0.018661141395568848
0.592065691947937
-0.6327807903289795
-0.05428677797317505
0.7498364448547363
0.12893110513687134
0.061072587966918945
-0.027143478393554688
0.8261774182319641
0.2765234708786011
-0.4885812997817993
-0.6785852313041687
0.5428681373596191
0.33420324325561523
-0.08143019676208496
0.413936972618103
0.16625338792800903
0.17134273052215576
0.7396577596664429
0.1730392575263977
-0.1458958387374878
0.6514416337013245
-0.999216616153717
0.5072424411773682
-0.9534120559692383
-0.6785852909088135
-0.21036148071289062
-0.11196637153625488
0.1526816487312317
-1.0382351875305176
-0.22732603549957275
0.8482315540313721
0.2035757303237915
0.25955891609191895
0.5445647239685059
0.1136629581451416
0.7159073352813721
0.02544701099395752
0.052590370178222656
0.06955492496490479
-0.028839945793151855
-0.12553822994232178
-0.37322187423706055
-0.5106353759765625
-0.3884899616241455
-0.9143935441970825
0.2646481990814209
0.35116779804229736
-0.3325066566467285
-0.03392910957336426
0.03392922878265381
0.19000375270843506
-0.0950019359588623
-0.1849144697189331
-0.2799164056777954
0.44277679920196533
-0.39527595043182373
-0.373221755027771
-0.1611640453338623
0.40375804901123047
0.13910996913909912
-0.7345683574676514
0.1289311647415161
0.530992865562439
-1.0806467533111572
0.20696842670440674
-0.42072272300720215
0.1764320731163025
0.11196655035018921
0.06785857677459717
0.25955885648727417
0.40206170082092285
-0.525903582572937
0.27567529678344727
-0.9568052291870117
-0.21036142110824585
0.22393310070037842
0.19170033931732178
0.30875611305236816
-0.09839487075805664
0.04071509838104248
-0.7176038026809692
0.2850055694580078
-0.28330934047698975
0.3002738952636719
-0.15268170833587646
-0.5174211263656616
0.6175124049186707
-0.2544693946838379
-0.6463525295257568
-0.26634472608566284
-0.34098899364471436
-0.05767977237701416
-0.7379612922668457
-0.4784024953842163
-0.044108033180236816
-0.16625332832336426
0.011875271797180176
0.2850058078765869
0.9415369033813477
-0.22393310070037842
-0.6548347473144531
0.35625720024108887
0.25107645988464355
0.3206315040588379
0.06955504417419434
-0.47500962018966675
-0.5394752025604248
-0.9771627187728882
-0.510635256767273
-0.11705589294433594
0.22393304109573364
-0.2137542963027954
-0.10009133815765381
-0.0712515115737915
0.06616199016571045
0.13910996913909912
-0.39188289642333984
0.30705976486206055
-0.2358083724975586
0.34098899364471436
0.21205782890319824
0.2883988618850708
-0.030536293983459473
-0.23750483989715576
0.2900952100753784
0.12044882774353027
-1.2435072660446167
-0.16964638233184814
-0.09160888195037842
0.19509339332580566
0.008482217788696289
0.18661081790924072
-0.6412628293037415
0.6192090511322021
0.22562956809997559
-0.11875241994857788
0.0237504243850708
-0.9296616315841675
0.27821993827819824
0.4936707019805908
-0.8974287509918213
0.27313053607940674
-0.35286426544189453
0.3240245580673218
-0.5835832357406616
-0.27143394947052
0.1747356653213501
-0.061072587966918945
0.3901863098144531
-0.05089390277862549
0.3596501350402832
-0.09160900115966797
-0.08312678337097168
0.10178780555725098
-0.17303919792175293
-0.054286837577819824
0.3545607328414917
-0.1832178831100464
-0.04241156578063965
0.34098899364471436
0.3409891128540039
0.45125895738601685
-0.1187523603439331
-0.8685890436172485
-0.06446552276611328
1.119665503501892
-0.25107651948928833
-0.393579363822937
0.4614379405975342
-0.061072707176208496
0.8618030548095703
-0.14250290393829346
-1.0484142303466797
0.11705595254898071
-0.3766148090362549
-0.546261191368103
-0.6989427208900452
0.3596501350402832
-1.0959148406982422
0.18491441011428833
0.11027002334594727
0.07973372936248779
-0.2307189702987671
-0.13571697473526
-0.6514418125152588
-0.5683150887489319
-0.7193002700805664
0.9262686967849731
-0.33929258584976196
-0.06785845756530762
0.3325068950653076
0.7846140265464783
0.22393321990966797
0.7193001508712769
-1.8898597955703735
-0.43090152740478516
-0.10518062114715576
-0.7752835750579834
-0.02544689178466797
0.18236970901489258
0.32572078704833984
-0.5021530389785767
0.11027002334594727
0.6684064269065857
0.34098899364471436
-0.7260861396789551
-0.05598342418670654
-0.2561658024787903
-0.2816128730773926
-0.21714723110198975
0.1509852409362793
-0.16964632272720337
0.43429458141326904
1.5488706827163696
-0.5292964577674866
-0.5004565715789795
0.08991241455078125
-0.13062769174575806
-0.15268182754516602
-0.06955498456954956
-0.13910996913909912
0.11196660995483398
0.7074249982833862
0.11026990413665771
-0.36304306983947754
0.6684063673019409
0.6412631273269653
-0.4207227826118469
-0.46822381019592285
0.4767061471939087
0.015268325805664062
0.1900038719177246
0.7091214656829834
0.4546520709991455
-0.00848233699798584
0.14250290393829346
0.12214529514312744
0.5123318433761597
0.191700279712677
-0.17134273052215576
0.4885813593864441
0.5445646047592163
0.27313053607940674
-0.4919741153717041
-0.07125139236450195
-0.23750483989715576
0.26125526428222656
0.07803726196289062
0.4733130931854248
0.045804500579833984
-0.01696467399597168
0.1136629581451416
-0.20187914371490479
0.11535942554473877
1.077253818511963
-0.41224050521850586
-0.06107282638549805
-0.00848233699798584
0.16116392612457275
0.44956254959106445
-0.44956260919570923
0.037322163581848145
-0.36982887983322144
0.3562573194503784
-0.001696467399597168
-1.1468088626861572
0.22393310070037842
0.054286837577819824
-1.011091709136963
-0.17303919792175293
0.4122403860092163
-0.2510765790939331
0.23920130729675293
0.054286837577819824
-0.2137542963027954
-0.04071509838104248
-0.05598318576812744
-0.4563485383987427
0.22054016590118408
-0.5903691053390503
0.07464432716369629
-0.257862389087677
0.0186612606048584
-0.2697376012802124
0.5123317837715149
-0.06446564197540283
-0.293488085269928
-0.5920655727386475
-0.2137542963027954
-0.7023355960845947
0.6480488181114197
0.18661081790924072
-0.05598330497741699
0.5242071151733398
-0.09160900115966797
0.2527729272842407
-0.24259424209594727
-0.4750096797943115
0.005089282989501953
-0.2035754919052124
0.32741737365722656
0.8736783266067505
-0.5140281915664673
0.19339680671691895
0.4054546356201172
0.7684975862503052
-0.36304306983947754
0.22223663330078125
0.0
-0.09330534934997559
-0.010178804397583008
0.32572096586227417
0.23411190509796143
-0.24598705768585205
-0.028839945793151855
-0.3986687660217285
-0.052590370178222656
-0.8041235208511353
-0.14928889274597168
0.3664360046386719
-0.04071521759033203
0.36304306983947754
-0.13402056694030762
1.3257856369018555
-0.87367844581604
-0.564922034740448
0.30536341667175293
-0.1136631965637207
-0.13571703433990479
0.653138279914856
0.09669846296310425
-0.8804642558097839
0.32572078704833984
-0.15777099132537842
-0.3664360046386719
-0.42072272300720215
-0.36982887983322144
-0.03392922878265381
-0.3613464832305908
0.3664360046386719
-0.14589571952819824
0.10348427295684814
-0.06446552276611328
-0.12723469734191895
-0.11196649074554443
0.4902777075767517
-0.07464432716369629
-0.6056370735168457
-0.3749181628227234
-0.09839487075805664
0.08651959896087646
-0.3884899616241455
0.30027395486831665
0.459741473197937
0.3766148090362549
0.3596501350402832
0.3766148090362549
-0.641262948513031
-0.10178780555725098
-0.7006391882896423
-0.09330546855926514
0.3206314444541931
-0.19678974151611328
0.33081018924713135
0.22393310070037842
0.23580825328826904
-0.1628604531288147
-0.35286426544189453
-0.33759605884552
0.5717079639434814
0.6293877363204956
0.021205902099609375
-1.0331459045410156
0.12723469734191895
-0.1696462631225586
-0.23580831289291382
0.12723469734191895
-0.04919743537902832
-0.5157247185707092
-0.022053837776184082
0.6302359104156494
-0.12553822994232178
-0.6395664215087891
-0.5462609529495239
0.19678962230682373
-0.15607458353042603
0.4784024953842163
-0.8736782670021057
-0.600547730922699
0.5530469417572021
-0.044108033180236816
-0.16794979572296143
-0.5326893925666809
0.013571500778198242
-0.27313053607940674
-0.14419937133789062
-0.6785850524902344
0.31893497705459595
0.3358997106552124
-0.26464807987213135
0.6098785400390625
-1.0772539377212524
0.15607458353042603
-0.45804494619369507
-0.18321800231933594
-0.36134660243988037
-0.24259424209594727
0.02544701099395752
-0.13911008834838867
0.1034841537475586
0.303666889667511
-0.0848231315612793
0.10348427295684814
0.6463524103164673
1.0348422527313232
-0.06955492496490479
-0.685370922088623
-0.4716166853904724
0.17134273052215576
0.10518074035644531
-0.013571739196777344
0.15098536014556885
0.3223278522491455
0.25107645988464355
-0.20696842670440674
0.4054546356201172
0.48349201679229736
0.15268158912658691
-0.18661081790924072
0.2069685459136963
-0.38000768423080444
-0.20187902450561523
-0.6242982745170593
0.43938392400741577
-0.46483081579208374
-0.17812860012054443
1.0891292095184326
-0.5072423815727234
-0.3698289394378662
-0.39697229862213135
-0.529296338558197
-0.6124230623245239
-0.38000768423080444
-0.2883986234664917
0.3274173140525818
0.006785750389099121
-0.25107645988464355
0.12384176254272461
-1.9271817207336426
0.13910984992980957
0.914393424987793
0.6175124645233154
0.08143019676208496
0.07294785976409912
-1.184131145477295
-0.12553834915161133
0.21545076370239258
0.11705589294433594
-0.2883986234664917
0.19678974151611328
-0.06785845756530762
-0.43599092960357666
0.006785869598388672
0.449562668800354
0.3257208466529846
-0.3342031240463257
-0.010178804397583008
-0.4054545760154724
0.576797366142273
0.1509852409362793
0.2459871768951416
0.5717079639434814
0.04071509838104248
0.429205060005188
0.26804113388061523
0.44277679920196533
0.4461698532104492
0.27991652488708496
0.16116392612457275
-1.0874327421188354
-0.23920142650604248
-0.1034841537475586
0.4512590765953064
-0.17134273052215576
-0.13232409954071045
-0.505545973777771
-0.3528643250465393
-0.30705976486206055
-1.0806467533111572
-0.3596500754356384
-0.3138456344604492
0.19170033931732178
-0.2137542963027954
-0.04919743537902832
0.17812860012054443
-0.6378699541091919
-0.3053632974624634
-0.7447472214698792
0.4122406244277954
0.3647395372390747
-0.12214529514312744
0.17473578453063965
-0.015268206596374512
0.1662534475326538
-0.09160888195037842
0.16794967651367188
0.8109091520309448
0.2951846122741699
0.5479574203491211
-0.04750096797943115
0.044108033180236816
0.2544693946838379
-0.8058198094367981
0.8109091520309448
-0.909304141998291
0.5021530389785767
-0.3240243196487427
0.34947144985198975
0.22393310070037842
0.07294785976409912
0.2985774278640747
-0.11535948514938354
0.05598330497741699
-0.013571739196777344
-0.06446552276611328
-0.7752835154533386
0.04919743537902832
-0.27821993827819824
-0.09839487075805664
-0.5615291595458984
0.16116392612457275
-1.1027008295059204
-1.2010958194732666
-0.1509852409362793
0.26464807987213135
-0.6853710412979126
0.14928871393203735
-0.052590370178222656
0.07125139236450195
-0.29009515047073364
0.24598705768585205
0.09500181674957275
0.4868849515914917
-0.006785869598388672
0.04919743537902832
-0.9059110879898071
0.11027014255523682
-0.05598318576812744
0.20357561111450195
-0.22393310070037842
0.8974288105964661
0.4232674837112427
-0.20696842670440674
-0.2917916774749756
-0.12723469734191895
-0.12384176254272461
0.4376872777938843
0.46652722358703613
-0.673495888710022
0.317238450050354
-0.5428680181503296
0.19678962230682373
-0.5615291595458984
-0.9398403167724609
-0.237504780292511
-0.18661093711853027
-0.6853710412979126
-0.066162109375
-0.4207227826118469
0.2459869384765625
0.3443819284439087
0.22054016590118408
0.10178768634796143
0.3460785150527954
-0.3087562322616577
0.4767059087753296
0.8719819784164429
-0.4800989627838135
-0.7956410646438599
-0.8058198690414429
-0.2069685459136963
-0.7260861396789551
-0.23920142650604248
-0.5225105285644531
-0.4970635771751404
-0.15352988243103027
-0.8618030548095703
-0.25107651948928833
0.011875271797180176
0.13571703433990479
-0.03732222318649292
-0.7752833962440491
-0.3053632974624634
0.06446552276611328
0.3596501350402832
0.6463525295257568
-1.1535948514938354
-0.6480487585067749
0.24768364429473877
-0.6463524103164673
-0.702335774898529
1.0433249473571777
0.999216616153717
0.40206170082092285
-0.26804113388061523
-0.3155421018600464
0.005089402198791504
0.5462609529495239
0.5089387893676758
-0.23411184549331665
0.09669840335845947
0.07634079456329346
0.5937619209289551
-0.1645568609237671
-0.044108033180236816
0.327417254447937
-0.1950932741165161
-0.15777099132537842
-0.868588924407959
0.6607723236083984
-0.25446945428848267
-0.8075162768363953
-0.16625332832336426
-0.1747356653213501
-0.2629518508911133
-0.8363562822341919
0.06276905536651611
-0.23071891069412231
-0.03223288059234619
-0.15268158912658691
0.2086648941040039
-0.20187902450561523
-0.13062751293182373
-0.6514416933059692
0.20187902450561523
0.7125144004821777
0.6734957695007324
0.3325068950653076
0.06785845756530762
-0.3884900212287903
-0.3817041516304016
0.1374133825302124
0.43429458141326904
0.20696842670440674
-0.5920655727386475
-0.001696467399597168
-0.3308103084564209
-1.021270751953125
-0.17643213272094727
0.36473941802978516
0.29009509086608887
-0.3409891128540039
-0.34438204765319824
0.05089402198791504
0.4224192500114441
-0.22902250289916992
0.4834918975830078
0.3257208466529846
0.6650134325027466
-0.12044882774353027
0.1458958387374878
-0.27482688426971436
-0.7430506944656372
-0.14419937133789062
-0.10518074035644531
-0.15607452392578125
0.27482694387435913
-0.28500592708587646
-0.29688119888305664
-0.5869762897491455
-0.7990339994430542
-0.06276917457580566
0.3426855206489563
0.13571703433990479
-0.1289311647415161
0.14928865432739258
-0.3070598840713501
0.33759617805480957
-0.3867935538291931
0.38509702682495117
-0.13571703433990479
-0.1017877459526062
-0.02375030517578125
0.050893962383270264
-0.43429452180862427
-0.20187902450561523
0.05937612056732178
-0.24429059028625488
-0.30536335706710815
-0.695549726486206
0.36473941802978516
0.07803738117218018
-0.6955497860908508
0.06785863637924194
-0.10518068075180054
-0.2527730464935303
0.03901869058609009
-0.6565311551094055
0.1441991925239563
-0.1187523603439331
0.25107651948928833
-0.3850971460342407
0.3800077438354492
0.06785857677459717
-0.21545076370239258
-0.6226017475128174
-0.2035754919052124
0.1883072853088379
-0.045804500579833984
-0.9025183916091919
0.4283568859100342
-0.3206315040588379
-0.22393310070037842
-0.21545088291168213
-0.2748270034790039
-0.22054016590118408
0.006785869598388672
0.3901865482330322
0.4936707019805908
0.6836745738983154
0.15607452392578125
-0.4122404456138611
-0.4325979948043823
0.5191175937652588
0.9042148590087891
-0.7464437484741211
0.07634091377258301
-0.4105440378189087
-0.8889464139938354
0.12553822994232178
0.8159986734390259
-0.832963228225708
0.6090301275253296
-0.3036668300628662
-0.045804500579833984
-0.41902631521224976
-0.6293877363204956
-0.3884899616241455
0.1611640453338623
-0.01696467399597168
-0.09330546855926514
0.6717993021011353
-0.46483081579208374
0.756622314453125
-0.09839487075805664
-0.42072272300720215
-0.586976170539856
0.43090152740478516
1.0331456661224365
0.5734044909477234
-0.6548346281051636
-0.393579363822937
0.03901863098144531
0.1408064365386963
0.7905517816543579
-0.040715157985687256
0.5013048648834229
-0.6582276225090027
0.4733130931854248
0.11027014255523682
-0.29518449306488037
-0.48179537057876587
-0.13571703433990479
0.07294785976409912
0.9440815448760986
-0.7922481298446655
0.2544693946838379
-0.1408064365386963
-0.20357537269592285
0.37491846084594727
0.5649221539497375
0.03562569618225098
-0.06785851716995239
0.16794979572296143
0.31554222106933594
-0.1764320731163025
0.3460785150527954
-0.4325979948043823
-0.28500574827194214
-0.5801904201507568
0.1713428497314453
0.648048996925354
0.20696842670440674
-0.0899125337600708
0.20527207851409912
0.475009560585022
-0.5004566311836243
0.46822381019592285
0.817695140838623
0.31893491744995117
0.06446552276611328
0.6276911497116089
-0.293488085269928
-0.4054546356201172
-0.1136629581451416
-0.6853710412979126
0.27482712268829346
-0.6853710412979126
-0.3155421018600464
0.3409891128540039
-0.6480488181114197
-0.7396578192710876
0.5666185617446899
-0.29518455266952515
0.052590370178222656
-0.33250677585601807
-0.061072707176208496
0.2527730464935303
-0.27313053607940674
-0.924572229385376
-1.4012783765792847
0.14250284433364868
-0.9856449365615845
0.4003652334213257
0.0950019359588623
0.6938532590866089
-0.46483081579208374
-0.4546520709991455
0.44956260919570923
0.1340206265449524
-0.03392934799194336
0.22902250289916992
0.06107276678085327
0.2578623294830322
0.3664360046386719
-0.2510765790939331
0.3664358854293823
-0.09160900115966797
-0.2985776662826538
0.23920130729675293
0.6149678230285645
0.4919741153717041
-1.1349337100982666
0.21036136150360107
-0.29348814487457275
-0.3749183416366577
-0.20527195930480957
0.17303919792175293
0.3969724178314209
-0.061072707176208496
-0.13402056694030762
-0.14759230613708496
-0.15437817573547363
0.413936972618103
0.3358997106552124
-0.47161662578582764
-0.04241156578063965
-0.21714723110198975
-0.04241156578063965
0.13232409954071045
-0.14589571952819824
0.21375435590744019
-0.49536722898483276
-0.07294797897338867
0.37746310234069824
-0.2765234708786011
0.17812871932983398
1.1128796339035034
0.044108033180236816
-0.6073336005210876
0.05259048938751221
-0.17643225193023682
-0.5462610721588135
0.1085735559463501
0.1950932741165161
1.2604719400405884
-0.4427768588066101
0.19509315490722656
-0.3240242004394531
0.3766148090362549
-0.5208141803741455
-0.29518449306488037
-0.2816128730773926
0.0237504243850708
0.17643213272094727
0.5530469417572021
0.12384176254272461
-0.13910990953445435
-0.05598342418670654
-1.6082466840744019
0.022054076194763184
-0.25616592168807983
0.5123317241668701
-0.27821993827819824
0.16794979572296143
0.003392934799194336
-0.5751010179519653
-0.12044882774353027
0.020357608795166016
0.14589571952819824
-0.30027395486831665
0.142503023147583
0.4224192500114441
0.4970637559890747
0.1849144697189331
-0.12384182214736938
-0.04241156578063965
0.17134273052215576
-0.04750096797943115
-1.8220009803771973
-0.6548347473144531
0.3392925262451172
-0.05767977237701416
-0.43090152740478516
-0.005089402198791504
0.985645055770874
0.8974287509918213
-0.6226019859313965
0.12214529514312744
-0.21036136150360107
-0.34607839584350586
0.29009515047073364
0.06955504417419434
0.7091214656829834
0.6039407253265381
0.13571691513061523
-0.5751010179519653
1.2078815698623657
0.4275085926055908
-0.11026996374130249
0.2595587968826294
0.515724778175354
-1.1875240802764893
0.22732603549957275
-0.5513503551483154
-0.42750847339630127
-1.0178776979446411
-0.16286039352416992
-0.061072587966918945
0.3036668300628662
0.10178768634796143
0.6531381607055664
0.7515331506729126
0.013571500778198242
-0.2960326671600342
-0.27482694387435913
-0.6514416933059692
0.6599240303039551
-0.3053632974624634
0.11705601215362549
-0.41224050521850586
0.5191175937652588
-0.46992015838623047
-0.1017877459526062
0.1509852409362793
0.1950932741165161
-0.1866108775138855
0.11535942554473877
-0.7583190202713013
-0.0899125337600708
-0.5021530985832214
-0.5734045505523682
-0.11196649074554443
-0.26634466648101807
-0.8465348482131958
0.25362110137939453
-0.4020615816116333
-0.5954585075378418
0.23241549730300903
0.5496540069580078
-0.1017877459526062
-0.23920118808746338
-0.40375816822052
-0.12723469734191895
-0.35286426544189453
-0.45465201139450073
-0.495367169380188
0.6005477905273438
-0.4410802721977234
-0.6192088723182678
0.3528643250465393
0.3952758312225342
0.22562956809997559
0.35116785764694214
-0.5818868279457092
0.4410804510116577
-0.0848231315612793
-0.22393310070037842
-0.5700114965438843
0.26295173168182373
-0.3834006190299988
0.24429059028625488
0.18152153491973877
-0.22732597589492798
-0.8889465928077698
-0.20187902450561523
0.8838571310043335
-0.2917916774749756
-0.5581362843513489
-0.22223663330078125
-0.3002740144729614
-0.13910996913909912
-0.3867935538291931
0.1458958387374878
0.4631342887878418
-0.2714341878890991
-0.5462610125541687
-0.3138456344604492
-0.6124231815338135
-0.5903690457344055
-0.5937620401382446
-0.12044888734817505
0.22223663330078125
0.2697376012802124
-0.08312678337097168
-0.8906431198120117
-0.08312666416168213
-0.17134273052215576
0.2425941824913025
0.776979923248291
-0.14759230613708496
0.14250290393829346
-0.620905339717865
0.41224050521850586
-0.07803750038146973
-0.2934880256652832
-0.02544701099395752
-0.45974135398864746
0.6531382203102112
-0.2035754919052124
-0.49197423458099365
0.08821594715118408
0.2527729272842407
-1.0755575895309448
-0.3240243196487427
-0.04919743537902832
-0.3019704818725586
-0.045804500579833984
-0.7396578192710876
0.5666184425354004
-0.4546520709991455
-0.4767061471939087
-0.6209054589271545
-0.3223280906677246
-0.11027002334594727
-0.13571709394454956
0.1560746431350708
-0.11535942554473877
0.09160888195037842
0.8974288105964661
0.018661022186279297
0.22902244329452515
-0.11366307735443115
-0.6751921772956848
0.2968810796737671
-0.7634083032608032
0.11535942554473877
-0.30197036266326904
-0.5089388489723206
-0.23241549730300903
0.20527195930480957
-0.4325980544090271
0.04241156578063965
0.6429592370986938
0.23071891069412231
-0.18661093711853027
-0.3172385096549988
-0.061072707176208496
0.3172385096549988
0.30705976486206055
-0.066162109375
0.5140281915664673
0.38000762462615967
-0.2239331603050232
0.21036148071289062
0.20357561111450195
-0.13232409954071045
-0.1967896819114685
0.2850058078765869
0.6972461938858032
0.1696462631225586
0.36134660243988037
0.5275999307632446
0.47331321239471436
0.5734043121337891
0.4444732666015625
0.1229933500289917
-1.1671664714813232
0.3443819284439087
-0.6412630081176758
0.4173298478126526
-0.6259947419166565
-0.07294797897338867
0.08312666416168213
-0.42920511960983276
0.07634091377258301
-0.18491435050964355
0.4546520709991455
-0.5581361055374146
0.7388097047805786
-0.7668012380599976
0.23241543769836426
-0.21036142110824585
-0.7651046514511108
-0.2748270034790039
0.04071509838104248
0.46652746200561523
0.1798250675201416
-0.018661022186279297
0.7260862588882446
-0.33420324325561523
-0.7769800424575806
-0.08821606636047363
-0.45465201139450073
0.2782198190689087
0.34947144985198975
0.4088476896286011
-0.30705976486206055
-0.06616222858428955
-1.0840396881103516
-0.5496540069580078
0.7481400966644287
0.9305098056793213
-0.9534121155738831
-0.12553828954696655
0.04919743537902832
-0.3104526996612549
-0.3002738952636719
-0.383400559425354
-0.6107265949249268
0.29179179668426514
-0.6480488777160645
0.02883988618850708
0.09330570697784424
0.38170409202575684
-0.022053956985473633
0.03901863098144531
-0.027143418788909912
0.8897948265075684
-0.571708083152771
-0.01696467399597168
0.37746286392211914
0.34438180923461914
0.3274174928665161
0.661620557308197
0.3969723582267761
-0.02544689178466797
0.027143359184265137
-0.06446564197540283
-0.49027788639068604
-0.011875271797180176
0.05937623977661133
0.10178780555725098
0.20018267631530762
-0.6684063076972961
-1.2282391786575317
0.500456690788269
0.4614378809928894
-0.3528643250465393
0.2850058078765869
-0.16964638233184814
0.23580843210220337
-0.7583190202713013
0.1458958387374878
0.2561657428741455
0.3036668300628662
0.0424116849899292
0.006785750389099121
-0.21205782890319824
-0.2968810796737671
0.24429059028625488
0.30706000328063965
0.003392934799194336
0.15946745872497559
-0.14250284433364868
0.03901875019073486
0.05089390277862549
-0.383400559425354
0.5462610125541687
-0.6921569108963013
0.17643213272094727
0.5937620401382446
0.6972463130950928
0.3901865482330322
0.18152153491973877
0.2680412530899048
0.2290225625038147
-0.0712515115737915
-0.5055459141731262
-0.5530468225479126
-0.04919743537902832
-0.2578623294830322
0.34947144985198975
0.40715110301971436
-0.33250677585601807
-0.5700114369392395
0.49197423458099365
0.36134660243988037
-0.1832181215286255
0.5140281915664673
0.11196660995483398
0.709121584892273
-0.2035754919052124
0.16116392612457275
0.6149677038192749
-0.5174211263656616
-0.04071509838104248
-0.26125526428222656
-0.5734044909477234
0.3613467216491699
0.4020618200302124
0.3766148090362549
0.12214529514312744
0.08312666416168213
-0.15946745872497559
-0.14589571952819824
0.03392916917800903
0.8719819784164429
-0.3596501350402832
-0.3935794234275818
0.013571739196777344
0.43090152740478516
0.2816128730773926
-0.08821594715118408
-0.17134273052215576
-0.44108039140701294
0.43768739700317383
-0.45804494619369507
-0.3087562322616577
0.2799164056777954
-0.4292052984237671
0.037322282791137695
0.12384176254272461
-0.17812860012054443
-0.383400559425354
0.5157246589660645
0.38000762462615967
-0.5377788543701172
-0.6565310955047607
0.620905339717865
-0.40375816822052
-0.6514418125152588
0.2765234112739563
-0.17982494831085205
0.1747356653213501
-0.21884357929229736
0.48858118057250977
-0.6073336601257324
-0.09330534934997559
-0.11705607175827026
-0.2985774874687195
-0.3477749824523926
-0.20187902450561523
-0.8414455652236938
0.3087562322616577
-0.3664359450340271
-0.7396578192710876
-0.16794967651367188
0.04750096797943115
-0.17812860012054443
-0.09669840335845947
-0.8159985542297363
-0.03901863098144531
0.4071510434150696
0.3783112168312073
-0.03392934799194336
-0.07973384857177734
0.5700114965438843
0.06955504417419434
-0.5835832357406616
0.44616973400115967
-0.03392922878265381
-0.06785857677459717
0.013571739196777344
-0.31214916706085205
0.1900038719177246
0.6514415740966797
0.05089378356933594
0.028839945793151855
0.37661463022232056
-0.13910990953445435
0.03562569618225098
-0.5089387893676758
0.31893491744995117
-0.06107264757156372
-0.2103615403175354
0.023750662803649902
-0.35625725984573364
0.14419931173324585
-0.45465201139450073
0.07634091377258301
-0.12214529514312744
0.09669840335845947
0.11705589294433594
0.3325066566467285
-0.7922482490539551
-0.08821606636047363
-1.7660179138183594
-0.7718906402587891
-0.10009133815765381
-0.20527207851409912
0.24429070949554443
0.37322187423706055
0.11875247955322266
0.09330546855926514
-0.11705589294433594
-0.17812860012054443
-0.665013313293457
0.16286039352416992
-0.475009560585022
0.20187902450561523
0.018661081790924072
-0.14589571952819824
0.06955516338348389
-0.7769800424575806
-0.3681325316429138
-0.2358083724975586
0.1611640453338623
-0.6327806115150452
0.19339674711227417
0.2324153184890747
-0.3749183416366577
-0.19000375270843506
0.2917916774749756
-0.34098899364471436
-0.393579363822937
-0.2578622102737427
-0.5632255673408508
-0.5784938335418701
0.5462610125541687
-0.3579535484313965
-0.2086648941040039
-0.6684063076972961
0.24429059028625488
0.5903691053390503
0.1289311647415161
0.7447469234466553
-0.05767977237701416
0.29433631896972656
-0.03392934799194336
-0.43599092960357666
-0.19509321451187134
0.3342031240463257
-0.25616592168807983
-0.32232797145843506
0.17982518672943115
-0.3545606732368469
-0.05767965316772461
-0.006785869598388672
-0.14928877353668213
-0.35625720024108887
-0.6226019263267517
-0.4105440378189087
-0.6107266545295715
-0.16116392612457275
-0.8041234612464905
0.3867936134338379
-0.001696467399597168
-0.061072707176208496
-0.8041235208511353
-0.2510765790939331
0.03392922878265381
0.4936707019805908
-0.39527589082717896
0.1696462631225586
-0.327417254447937
0.018661201000213623
1.020422339439392
-0.22562956809997559
-0.25277286767959595
-0.5496540069580078
-0.7243896722793579
0.14928877353668213
0.317238450050354
-0.5275999903678894
-0.3375962972640991
0.6259948015213013
-0.30705976486206055
0.47585785388946533
-0.1645568609237671
-1.1196653842926025
0.23071891069412231
0.33929264545440674
0.5089389085769653
-0.685370922088623
-0.17643213272094727
0.24259424209594727
0.7023354768753052
0.19678974151611328
-0.6209054589271545
0.34607845544815063
-0.28330934047698975
0.2544693946838379
0.12384176254272461
0.35965001583099365
-0.24089765548706055
-0.24259424209594727
-0.3308102488517761
0.07634079456329346
0.9364473819732666
0.5513503551483154
-0.4478662610054016
-0.11705601215362549
-0.3019702434539795
0.35116779804229736
0.061072707176208496
0.9788593053817749
-0.8855535984039307
-0.2697375416755676
0.6684062480926514
0.2595587968826294
-0.11196660995483398
-0.07464432716369629
0.22732603549957275
-0.16286027431488037
-0.19848614931106567
0.3986687660217285
-0.4546520709991455
0.3562571406364441
-0.13741350173950195
-0.42920517921447754
0.2748270034790039
0.3240243196487427
-0.20187914371490479
-0.05598324537277222
0.2086648941040039
0.7600154876708984
-0.35965001583099365
-0.34268540143966675
-0.14419937133789062
0.42241930961608887
0.6276912689208984
0.18152153491973877
-0.4342944622039795
-0.18321800231933594
-0.4614379405975342
-0.4410802721977234
-0.36134660243988037
-0.30536332726478577
-0.3834006190299988
0.20696842670440674
-1.3860100507736206
0.3121490478515625
-0.4224192500114441
0.4156334400177002
0.261255145072937
-0.4207228422164917
0.3223278522491455
0.46313440799713135
-0.4190261960029602
0.34098905324935913
-0.586976170539856
-0.3104526996612549
0.1883072853088379
0.33589959144592285
0.2459871768951416
-0.3664361238479614
0.12044882774353027
0.13232409954071045
0.028839945793151855
-0.005089461803436279
-0.22393310070037842
-0.08143019676208496
-0.08821606636047363
0.1950932741165161
-0.1645568609237671
-0.22562956809997559
-0.05937623977661133
0.8906430006027222
0.2748270630836487
-0.17643201351165771
0.17812860012054443
-0.14589571952819824
0.36134660243988037
0.5140283107757568
0.24429082870483398
0.38679349422454834
0.20527195930480957
-0.6446559429168701
-0.5852795839309692
0.045804500579833984
0.13571703433990479
0.3189350366592407
0.7142108678817749
-1.0993080139160156
-0.17643213272094727
-0.12044894695281982
0.015268325805664062
0.9517156481742859
-0.2867022156715393
0.16794991493225098
0.26125526428222656
0.8159984350204468
0.0950019359588623
0.2069685459136963
0.26804113388061523
-0.02035754919052124
-0.5649220943450928
-0.011875271797180176
-0.23411178588867188
-0.1306275725364685
-0.3274173140525818
0.30027395486831665
0.17982494831085205
0.08143007755279541
0.8295702934265137
0.15946745872497559
-0.2035754919052124
0.05598330497741699
-0.9669836759567261
-0.38679349422454834
0.43599098920822144
-0.6158159971237183
-0.061072587966918945
-0.944929838180542
-0.38679349422454834
0.5394752025604248
0.29857754707336426
0.006785869598388672
0.1645570993423462
-1.2604718208312988
0.5021528005599976
-0.3664360046386719
0.15607452392578125
0.001696467399597168
-0.6378700733184814
0.22902250289916992
0.6276912093162537
-0.2646481990814209
-0.20357555150985718
0.24259424209594727
-0.36982887983322144
0.459741473197937
-0.24598711729049683
0.23411202430725098
0.12044894695281982
-0.06785845756530762
0.2977294921875
-0.14928865432739258
-0.10687720775604248
0.20187902450561523
0.6633169651031494
-0.2917916178703308
0.028839826583862305
0.5292962789535522
0.2850058078765869
0.2985774278640747
0.15607452392578125
0.3087562322616577
0.5581362247467041
-0.4325980544090271
0.43090152740478516
-0.07125145196914673
-0.13402050733566284
-0.09839487075805664
-0.006785988807678223
0.20187902450561523
-0.47161662578582764
0.20018279552459717
-0.4037582278251648
0.13402056694030762
0.04071509838104248
0.2900952100753784
0.10518074035644531
0.03901863098144531
-0.3036668300628662
-0.13741356134414673
0.15098512172698975
0.9568052291870117
-0.3884899616241455
-0.24089765548706055
0.015268087387084961
-1.0246635675430298
0.8227843046188354
-0.12553834915161133
-0.17473578453063965
0.33081018924713135
0.10518062114715576
0.21036148071289062
0.0950019359588623
-0.15437811613082886
-0.19339674711227417
-0.732871949672699
0.15607458353042603
-0.12384176254272461
0.09500181674957275
0.2646482586860657
0.3189350366592407
0.08482301235198975
0.5632256865501404
-0.9534121155738831
-0.0186612606048584
0.43090158700942993
-0.2883986830711365
0.42920517921447754
0.14589565992355347
-0.3257209062576294
-0.5649220943450928
0.2595587968826294
0.5191174745559692
-0.31214916706085205
0.16964638233184814
-0.04241156578063965
-0.17134273052215576
0.22393298149108887
-0.19339680671691895
-0.4936707615852356
-0.22732603549957275
0.7430506944656372
-0.6582275629043579
0.5428681373596191
0.32911384105682373
0.18661093711853027
0.15946745872497559
0.005089402198791504
0.11875224113464355
0.04750090837478638
-0.2561659812927246
-0.19170033931732178
-0.05937612056732178
-0.2459871768951416
0.011875152587890625
-0.30705970525741577
-0.19848620891571045
0.413936972618103
-1.2095777988433838
0.05598330497741699
0.21036142110824585
-0.037322163581848145
-0.022054076194763184
-0.35456061363220215
-0.01696455478668213
-0.7752836346626282
0.13571703433990479
0.03223288059234619
0.48179543018341064
-0.26804107427597046
0.40036511421203613
-0.2680410146713257
-1.7346330881118774
0.052590370178222656
0.3206315040588379
-0.6887639760971069
-0.2137542963027954
0.21884369850158691
0.3146939277648926
0.3545607328414917
-0.620905339717865
0.2459871768951416
0.11366307735443115
0.022054076194763184
-0.1798250675201416
0.5734045505523682
0.14419937133789062
0.26804113388061523
-0.4631344676017761
0.18321800231933594
0.5437161922454834
-0.5360820889472961
0.21120965480804443
0.42920494079589844
-1.0382353067398071
-0.665013313293457
0.8244811296463013
0.9669839143753052
0.13062763214111328
-0.1034841537475586
-0.5920655131340027
-0.5038495063781738
-0.6904603838920593
0.42411577701568604
0.003392934799194336
0.4987602233886719
-0.11027002334594727
-0.05598318576812744
0.7413542866706848
-0.030536293983459473
0.7701942324638367
-0.4767061471939087
-0.2985774874687195
0.22817420959472656
-0.4139367938041687
0.5564397573471069
-0.8753748536109924
0.030536413192749023
-0.4444732666015625
0.45125913619995117
-0.6989427208900452
0.14928871393203735
-0.02544689178466797
-0.01696455478668213
-0.919482946395874
-0.1645568609237671
0.29179155826568604
-0.5191175937652588
0.27143406867980957
0.4478660821914673
0.06107264757156372
0.020357608795166016
0.006785869598388672
0.4054546356201172
-0.6734958291053772
-0.843142032623291
-0.07803726196289062
0.00848233699798584
0.7040319442749023
0.21629858016967773
0.4614379405975342
0.5632257461547852
-0.2697376012802124
0.7379612922668457
0.4376875162124634
-0.46143782138824463
-0.18152153491973877
0.2782200574874878
0.5479575395584106
-0.5598328113555908
-0.726085901260376
-0.14250290393829346
0.21884369850158691
0.46143782138824463
-0.22732597589492798
-0.3545607328414917
0.27991634607315063
0.778676450252533
0.3494713306427002
-0.027143418788909912
-0.2833092212677002
-0.2816128134727478
-0.45804494619369507
-0.23071902990341187
-0.7226933240890503
-0.06955504417419434
-0.5445646047592163
-0.28330934047698975
0.20018267631530762
0.6921568512916565
-0.4767060875892639
0.6259948015213013
0.22054016590118408
0.21714723110198975
0.020357608795166016
0.27991628646850586
0.7125144600868225
-0.22902244329452515
-0.22223663330078125
-0.0899125337600708
1.084887981414795
-0.015268206596374512
-0.14250290393829346
0.30705976486206055
-0.1382617950439453
0.2646482586860657
0.3817039728164673
0.4410804510116577
0.5479575395584106
-0.4580450654029846
0.28839874267578125
0.48518842458724976
-0.25955891609191895
0.522510290145874
0.665013313293457
-0.1611640453338623
-0.12893128395080566
0.21545088291168213
0.383400559425354
-0.827873945236206
-0.003392934799194336
-0.383400559425354
0.12723475694656372
0.018661081790924072
0.013571619987487793
0.25955891609191895
0.585279643535614
0.9381439685821533
-0.12044882774353027
-0.030536234378814697
0.037322163581848145
-0.1713429093360901
-0.3817042112350464
-0.5700113773345947
-0.20018267631530762
-0.2086648941040039
0.5572879314422607
0.10518068075180054
-0.0899125337600708
0.21545076370239258
-0.3189351558685303
-0.38509702682495117
-0.3901864290237427
0.2697376012802124
-0.9924308061599731
0.35286426544189453
-0.21205782890319824
0.15098530054092407
-0.21036148071289062
0.02544689178466797
0.4631343483924866
-0.5259034633636475
-0.3308102488517761
-0.13062763214111328
-0.006785869598388672
0.3698289394378662
0.22562962770462036
0.12214541435241699
0.3138456344604492
-0.16625338792800903
0.26804113388061523
-0.656531035900116
-0.38000762462615967
0.4546521306037903
-0.495367169380188
-0.4750096797943115
0.18661093711853027
0.8448385000228882
-1.7269991636276245
-0.2833094596862793
-0.045804500579833984
-0.003392934799194336
-0.6836743950843811
-0.359650194644928
0.8541688919067383
0.3155421018600464
-0.1374133825302124
-0.35795366764068604
-0.9177864193916321
0.035625576972961426
0.12214529514312744
0.14250290393829346
0.1984860897064209
0.27821987867355347
0.5649219751358032
-0.23241537809371948
-0.2510765790939331
-0.0050893425941467285
0.38340067863464355
-0.35795366764068604
-0.0729479193687439
-0.2086648941040039
0.1034841537475586
0.4461698532104492
-0.12723469734191895
-0.5174211859703064
-0.11535948514938354
-0.22562956809997559
0.6039407253265381
-0.25955885648727417
0.6938532590866089
0.06955492496490479
0.2985774278640747
0.06785845756530762
0.25107645988464355
0.11196649074554443
0.22054022550582886
0.0
-0.34607845544815063
0.42072272300720215
-0.06955504417419434
0.11196660995483398
0.16794979572296143
0.030536532402038574
-0.01696467399597168
0.6395665407180786
0.3494713306427002
-0.2816128432750702
0.08143031597137451
0.5869760513305664
0.49197423458099365
-0.80751633644104
0.3206315040588379
0.5818867683410645
0.8109091520309448
0.4970637559890747
-0.07803726196289062
0.10178780555725098
0.3698289394378662
-0.020357608795166016
0.46652722358703613
1.1493535041809082
-0.09330546855926514
0.07464444637298584
-0.1272345781326294
0.12384176254272461
0.0033930540084838867
-0.475009560585022
0.1509852409362793
0.03901875019073486
0.04241156578063965
-0.42072272300720215
0.24768352508544922
0.4580448865890503
-0.5971548557281494
0.4207228422164917
0.5462609529495239
-0.028839826583862305
0.0899125337600708
1.140022873878479
0.08821606636047363
-0.35625720024108887
0.23241543769836426
0.2527730464935303
0.1408064365386963
0.9381439089775085
-0.2816128730773926
-0.40375816822052
-1.4199395179748535
0.7277823686599731
-0.12553822994232178
-0.20527207851409912
0.419026255607605
0.11196660995483398
-0.24938011169433594
0.9042147397994995
-0.5801903009414673
0.5428681373596191
0.878767728805542
-0.47670602798461914
-0.4716167449951172
-0.4427766799926758
0.4495627284049988
-0.48518824577331543
-0.5225105285644531
0.06276905536651611
-0.08312678337097168
-0.011875271797180176
-0.7396578788757324
0.2324153184890747
-0.0848231315612793
-0.16794979572296143
-0.34947139024734497
-0.1560746431350708
-0.25107645988464355
0.1832181215286255
0.17812860012054443
-0.6141194105148315
-0.07294774055480957
0.3901864290237427
-0.26125526428222656
-0.11535942554473877
-0.054286837577819824
-1.2087299823760986
0.07634079456329346
0.03901863098144531
0.853320837020874
-0.08651959896087646
-0.037322163581848145
-0.13571703433990479
-0.18321800231933594
-0.2985774278640747
-0.7328718900680542
-0.19678974151611328
0.1696462631225586
0.4258122444152832
-0.09839487075805664
-0.40375810861587524
-1.798250675201416
0.40884751081466675
-0.9822520017623901
-0.0950019359588623
0.7701941132545471
0.9262688159942627
0.7243897914886475
-0.30705970525741577
-0.3800077438354492
-0.13402056694030762
-0.36304306983947754
0.35116779804229736
0.3800077438354492
0.0237504243850708
0.3426855802536011
0.037322163581848145
0.44786620140075684
0.33420324325561523
0.3511676788330078
-0.1289312243461609
0.12214541435241699
-0.37152528762817383
-0.191700279712677
-0.18152153491973877
0.23920130729675293
0.4860365390777588
-0.35456061363220215
0.018661022186279297
0.3104526996612549
-0.6514416933059692
0.1696462631225586
0.2171473503112793
0.6921567916870117
0.00848233699798584
-0.04919743537902832
0.6073336601257324
-0.003392934799194336
-0.4580450654029846
0.261255145072937
0.5326893329620361
-0.5801903009414673
-0.4750096797943115
0.40375804901123047
0.39188289642333984
0.237504780292511
-0.023750364780426025
0.06276929378509521
0.429205060005188
0.13062751293182373
0.1696462631225586
0.2459871768951416
0.296880841255188
-0.2239331603050232
-0.4784024953842163
-0.439383864402771
0.541171669960022
0.2748270034790039
0.6463522911071777
-2.1154892444610596
-0.26804113388061523
0.06785845756530762
0.030536293983459473
0.393579363822937
0.0899125337600708
-0.6989427804946899
-0.7956411838531494
0.37322187423706055
-0.559832751750946
0.4342944622039795
-0.4444732666015625
-0.4800989627838135
-0.13571691513061523
0.07634091377258301
-0.23920142650604248
-0.03562569618225098
0.5157248973846436
0.023750483989715576
-0.6107267141342163
0.1713428497314453
0.06785851716995239
-0.7176037430763245
0.1408064365386963
0.888946533203125
0.2951846122741699
-0.4003651738166809
-0.32572102546691895
-0.4750096797943115
-0.6650134325027466
-0.4987601041793823
0.45125913619995117
-0.0848231315612793
-0.4376874566078186
-0.12044906616210938
0.44786620140075684
-0.7684977054595947
-0.475009560585022
-0.5428681373596191
0.6175124049186707
-0.1849144697189331
0.11875247955322266
-0.11196649074554443
-0.40884751081466675
0.24259424209594727
-0.9008218050003052
-0.4902777075767517
0.45125913619995117
0.39866888523101807
-0.006785869598388672
-0.3358994722366333
-0.8838571906089783
0.1798250675201416
0.027143478393554688
-0.792248010635376
-0.2375047206878662
0.16794979572296143
0.7922481298446655
0.1560746431350708
0.19170022010803223
0.2544693946838379
0.21714723110198975
0.17643213272094727
0.5632256269454956
0.2867022752761841
-0.1832178831100464
-0.10009145736694336
-0.5259034633636475
-0.2629518508911133
-0.20527195930480957
-0.5581361651420593
-0.03901851177215576
0.5259033441543579
-0.2595587968826294
0.1323239803314209
-0.23411190509796143
0.1408064365386963
0.5462609529495239
0.1187523603439331
-0.10009133815765381
0.520814061164856
0.7142107486724854
-0.037322282791137695
-0.641262948513031
-1.204488754272461
-0.18830734491348267
-0.3596500754356384
0.1085735559463501
-0.2375047206878662
0.04241156578063965
0.3206315040588379
-0.23241543769836426
-0.293488085269928
0.011875271797180176
0.16286039352416992
0.530992865562439
0.05937612056732178
-0.39866870641708374
0.3019702434539795
-0.2731304168701172
0.15777099132537842
0.595458447933197
0.7498365640640259
-0.04241156578063965
0.05428671836853027
-0.10009121894836426
0.16116392612457275
-0.1374133825302124
0.27313047647476196
0.7871588468551636
0.23920118808746338
-0.45974135398864746
0.32232797145843506
0.3358996510505676
0.4631344676017761
-0.21884369850158691
0.6785852909088135
0.1560746431350708
-0.7311753630638123
0.054286837577819824
-0.6056373119354248
0.500456690788269
-0.2035754919052124
-0.8448385000228882
0.1696462631225586
0.36134660243988037
-0.6616204380989075
0.40375816822052
0.1967896819114685
-0.005089521408081055
-0.5445646047592163
-0.2612553834915161
0.5191175937652588
0.5683150291442871
-0.6887639164924622
0.7260860204696655
0.4241156578063965
0.018661201000213623
0.7583189606666565
-0.43259817361831665
0.22393310070037842
0.09669840335845947
-0.26464807987213135
0.042411625385284424
0.49706363677978516
0.16455698013305664
0.4122404456138611
-0.38679349422454834
0.26804113388061523
-0.22054016590118408
-0.1849144697189331
-0.14928877353668213
-1.2774364948272705
0.10009133815765381
-0.2748270034790039
-0.21714723110198975
-0.20866501331329346
0.15607452392578125
0.2782198190689087
0.7549258470535278
-0.07973372936248779
-0.07634079456329346
0.03901851177215576
0.15437817573547363
0.28670239448547363
0.6209055185317993
-0.2493799924850464
0.5971548557281494
0.044108033180236816
-0.2307189702987671
-0.24429070949554443
-0.5140281915664673
-0.2951846122741699
0.10518074035644531
0.17134273052215576
-0.2222367525100708
-0.46992027759552
0.2748270034790039
0.1696462631225586
0.6599239110946655
0.6056373119354248
0.2917916774749756
-0.656531035900116
-0.33589959144592285
-0.8516242504119873
0.5420198440551758
0.43599092960357666
0.3986688256263733
0.28330934047698975
-0.3223279118537903
-0.11875247955322266
0.4800989627838135
-0.2239331603050232
0.46992015838623047
0.7549259662628174
-0.49027782678604126
0.10687720775604248
0.09330534934997559
-0.2867022752761841
0.5615292191505432
-0.04919743537902832
0.7532293796539307
0.48858118057250977
-0.8176950216293335
-0.07973372936248779
-0.34098905324935913
0.3053632974624634
0.7930964231491089
-0.0848231315612793
0.6310840845108032
-0.42920517921447754
-0.20357561111450195
-0.06616199016571045
-0.06955492496490479
0.2985774278640747
0.08312654495239258
-0.1628604531288147
0.24259412288665771
0.5988514423370361
-0.20527195930480957
-0.20187902450561523
-0.19000375270843506
-0.21545076370239258
-0.80751633644104
-0.8685890436172485
-0.35116779804229736
-0.2663447856903076
-0.5835832953453064
-0.4105440378189087
-0.530992865562439
0.2442907691001892
-0.3969724774360657
0.5004565119743347
-0.21036136150360107
0.10518074035644531
0.37661468982696533
-0.5123317241668701
-0.006785869598388672
0.13741350173950195
-0.6480487585067749
0.22223663330078125
0.30705976486206055
-0.6090301275253296
-0.04919743537902832
0.22223663330078125
-0.5903691053390503
0.07125139236450195
0.40375816822052
0.5513503551483154
-0.7735869884490967
0.05428671836853027
0.1136629581451416
-0.08312666416168213
0.3715254068374634
-0.3036668300628662
-0.651441752910614
-0.005089282989501953
0.6887639760971069
-0.7345684766769409
0.33589959144592285
0.2748270034790039
-0.3528643250465393
0.12044882774353027
-0.7294790744781494
0.06446552276611328
0.23920118808746338
0.5089387893676758
-0.22902250289916992
0.013571619987487793
-0.8855535984039307
0.003392934799194336
-0.5021529793739319
0.2731306552886963
0.11705589294433594
0.5954585075378418
0.8126057386398315
0.7362648844718933
0.4342944622039795
0.3291137218475342
0.6785851716995239
-0.07634079456329346
-0.5666184425354004
-0.42581212520599365
-0.8109092712402344
-1.6319972276687622
-1.1366300582885742
0.21884381771087646
0.20187914371490479
0.6955498456954956
-0.6887639760971069
-0.25616592168807983
0.003392815589904785
0.21714723110198975
-0.07294797897338867
0.2069685459136963
-0.028839826583862305
-0.3545607924461365
0.3308103084564209
-0.12553811073303223
0.3477747440338135
-0.24259424209594727
0.3325067162513733
0.5700114965438843
1.1120314598083496
-0.1034841537475586
-0.19509315490722656
-0.5547435283660889
-0.2527729272842407
0.032232820987701416
0.14589571952819824
-0.15437817573547363
-0.11875241994857788
0.7430506944656372
0.7006391286849976
-0.7498365640640259
0.48349201679229736
0.33250683546066284
0.8193915486335754
0.4342944622039795
-0.2799164056777954
0.3884900212287903
0.0424114465713501
0.15777111053466797
-0.3969722390174866
0.1696462631225586
-0.7532294392585754
0.17982518672943115
0.26634466648101807
0.5615292191505432
0.830418586730957
-0.3053632974624634
0.7871586084365845
0.5886726379394531
-0.7396577596664429
0.5801903605461121
-0.3443821668624878
0.597154974937439
-0.2392011284828186
0.9296615123748779
-0.15777111053466797
0.11027014255523682
0.5479575395584106
0.586976170539856
0.21375435590744019
-0.35795366764068604
-0.030536413192749023
0.25107645988464355
0.6836744546890259
-0.34607845544815063
-0.4682236909866333
-0.2968810200691223
0.030536293983459473
-0.07973372936248779
0.5326893329620361
-1.2401143312454224
-0.5734043121337891
-0.07464432716369629
0.3817042112350464
-0.39357924461364746
-0.3121492862701416
0.6565310955047607
1.0874325037002563
-0.9449297189712524
0.22393304109573364
-0.24598705768585205
-0.3375961184501648
0.12384176254272461
-0.1136629581451416
-0.05937612056732178
0.03223288059234619
-0.06785851716995239
0.20866501331329346
-0.4546520709991455
0.3732219934463501
0.18152153491973877
-0.020357608795166016
0.06955504417419434
0.37322187423706055
0.36134660243988037
-0.06446564197540283
0.6548346281051636
0.429205060005188
-0.19848620891571045
0.37831127643585205
-0.39697229862213135
-0.6022443175315857
-0.38000762462615967
-0.6768888235092163
-0.08312666416168213
-0.6124230623245239
-0.8448385000228882
0.7769799828529358
0.22393310070037842
-0.44108039140701294
0.5530469417572021
-0.1950932741165161
-0.24598711729049683
-0.13741344213485718
0.1289311647415161
0.19678962230682373
-0.037322163581848145
0.419026255607605
-0.11875247955322266
-0.393579363822937
0.2459871768951416
0.2934880256652832
0.04750096797943115
-0.5292965769767761
-0.0950019359588623
0.03901863098144531
0.5530469417572021
0.45295560359954834
-0.23580825328826904
0.26464831829071045
-0.4970635175704956
0.6794331073760986
0.1747356653213501
0.27991652488708496
0.003392934799194336
-0.14589571952819824
-1.285918951034546
0.4258122444152832
0.4716166853904724
0.10178780555725098
0.3291137218475342
0.6556828022003174
-0.5292963981628418
0.2765234708786011
0.07973372936248779
-0.16455698013305664
0.22054028511047363
0.17303919792175293
-0.1662534475326538
-0.47331321239471436
-0.13062787055969238
-0.010178804397583008
0.44786620140075684
-0.05089378356933594
-0.9194828867912292
0.0
-1.077253818511963
0.27143406867980957
0.4563485383987427
-0.743050754070282
-0.18152153491973877
0.06107264757156372
0.28161293268203735
-1.6845875978469849
0.03223276138305664
-0.4444732666015625
1.1858274936676025
0.7701941728591919
-0.3333549499511719
0.3104526996612549
0.5496540069580078
0.3783113956451416
0.2646481990814209
-0.6141194105148315
0.1289312243461609
0.5513504147529602
-0.8651959896087646
0.5598326325416565
-0.10687720775604248
-0.3596501350402832
0.33759605884552
-0.7939446568489075
0.1289311647415161
-0.44616973400115967
0.5581362247467041
-0.15268170833587646
-0.09669840335845947
-0.20357555150985718
-0.23411178588867188
0.15437811613082886
-0.3494713306427002
0.31893491744995117
0.3443819284439087
-0.06276917457580566
-0.0356256365776062
0.19339680671691895
0.10518062114715576
-0.2561659812927246
0.3223278522491455
0.07294785976409912
-0.0237504243850708
0.22732597589492798
0.027143239974975586
-0.5191175937652588
0.18321800231933594
-0.19424498081207275
-0.5259034633636475
-0.3867936134338379
-0.5428680181503296
0.05598318576812744
0.5674669742584229
-0.6802816390991211
-0.08312666416168213
0.05598330497741699
-0.37322181463241577
0.142503023147583
-0.17134273052215576
-1.173952341079712
-0.38509702682495117
-0.1374136209487915
0.2578623294830322
-0.13571703433990479
0.4868847131729126
0.6853708028793335
0.40375816822052
-0.22223663330078125
0.3460785150527954
0.28839874267578125
-0.7668011784553528
-0.8261773586273193
0.8092126846313477
0.5683150291442871
0.31893491744995117
-0.32232797145843506
-0.22223663330078125
0.18321794271469116
-0.14928865432739258
-0.03562581539154053
0.5445646047592163
-0.4139368534088135
-0.33929258584976196
-0.27482694387435913
0.429205060005188
-0.8143021464347839
0.2035754919052124
0.2137542963027954
0.8193915486335754
-0.11027002334594727
0.12723469734191895
-0.25616592168807983
0.29688096046447754
-0.015268206596374512
0.4207227826118469
0.6717993021011353
0.10178768634796143
-0.23750483989715576
-0.4784025549888611
-0.052590370178222656
-0.26973772048950195
-0.3002737760543823
-0.40375810861587524
-1.2485967874526978
0.23580825328826904
0.4936707019805908
0.14759206771850586
-0.17812860012054443
0.16116392612457275
-0.4631343483924866
-0.015268087387084961
0.459741473197937
0.3291137218475342
0.20527195930480957
-0.07803738117218018
0.6972463130950928
-0.3087562322616577
-0.44277697801589966
-0.04919731616973877
0.27143406867980957
-0.3358996510505676
-0.44277679920196533
0.44277679920196533
0.13741350173950195
-0.8702854514122009
0.11027026176452637
-0.1849144697189331
0.327417254447937
0.77443528175354
-0.3579537272453308
0.6819782257080078
-0.1425027847290039
-0.2086648941040039
-0.47161662578582764
0.559832751750946
0.3002738952636719
-0.015268325805664062
-0.720996618270874
0.541171669960022
-0.13402056694030762
0.15437817573547363
0.4342944622039795
0.1662534475326538
0.15437805652618408
0.03392910957336426
-0.6548346281051636
1.0993080139160156
-0.3019702434539795
-0.0950019359588623
0.5767974853515625
0.5835832357406616
0.018661141395568848
-0.3257208466529846
0.3426854610443115
-0.1798250675201416
0.3240244388580322
-0.529296338558197
0.5106353163719177
-0.16794967651367188
-0.3494710922241211
-0.07464432716369629
0.04750096797943115
0.23580831289291382
0.6107267141342163
0.2425941824913025
0.12553834915161133
-0.4936707019805908
-0.19848614931106567
0.37831127643585205
0.4902777671813965
-1.0280566215515137
-0.19000381231307983
-0.16625332832336426
0.1900038719177246
-0.1526816487312317
0.5089387893676758
-0.1526816487312317
-0.33420324325561523
0.5479576587677002
-0.03223288059234619
0.09160900115966797
-0.19339680671691895
0.5818867683410645
0.10009133815765381
-0.27143406867980957
0.4648306369781494
-0.18830734491348267
0.07634079456329346
-0.020357489585876465
-0.41732990741729736
0.6293875575065613
-0.03901863098144531
0.44108033180236816
0.20018255710601807
-0.23411202430725098
0.45125895738601685
-0.24768364429473877
-0.15607452392578125
0.5801903009414673
0.5462609529495239
-0.8024269342422485
0.3070598840713501
-0.38340067863464355
0.8465350270271301
0.20018255710601807
-0.24768364429473877
-0.4105440378189087
0.37322187423706055
0.1594676971435547
-0.24429059028625488
0.6785851120948792
0.3189350366592407
0.12723469734191895
0.030536293983459473
-0.10178768634796143
0.4198746681213379
-0.37322187423706055
0.2527730464935303
0.247683584690094
-0.5394752025604248
0.42411571741104126
-0.19170033931732178
1.9373605251312256
0.0848231315612793
0.20187908411026
1.6845877170562744
-0.3121492862701416
0.15437817573547363
-0.9873414039611816
-0.2883986830711365
0.08651959896087646
-0.23580825328826904
0.18152153491973877
0.054286837577819824
-0.4817954897880554
0.46143782138824463
-1.0076990127563477
0.09160888195037842
-0.5191175937652588
0.42920517921447754
-0.2069683074951172
0.0966983437538147
-1.022966980934143
-0.12384176254272461
0.6429593563079834
-0.8346596956253052
-0.1560746431350708
-0.25786226987838745
-0.09330546855926514
0.4410802721977234
-0.5123317837715149
0.3732219934463501
-0.12384188175201416
-0.3664358854293823
0.45295560359954834
0.0475010871887207
-0.15437805652618408
-0.7752835750579834
0.2833092212677002
-0.41902637481689453
-0.42920494079589844
0.5123317241668701
0.27821993827819824
-0.9025183320045471
-0.17812871932983398
0.23920130729675293
-0.18661093711853027
-0.46822381019592285
0.3562571406364441
-0.0016963481903076172
0.11027014255523682
0.31299757957458496
0.42241930961608887
0.5123320817947388
-0.4444732964038849
-0.08143019676208496
0.22562956809997559
0.4614378809928894
-0.6904603838920593
-0.4902777671813965
-0.19678974151611328
0.08651959896087646
-0.19848620891571045
-0.07464450597763062
0.3511679172515869
0.8126057982444763
0.17303919792175293
-0.0475010871887207
0.39527595043182373
-0.1085735559463501
0.26973748207092285
-0.11705589294433594
-0.5360822081565857
0.83465975522995
0.04919767379760742
1.257079005241394
0.5793421268463135
-0.559832751750946
-0.6582275032997131
0.19678974151611328
-0.2816128730773926
0.4987601041793823
0.6344769597053528
0.47840237617492676
0.24768364429473877
-1.4318146705627441
-0.4902777671813965
0.1611640453338623
-0.10518074035644531
0.10178768634796143
-0.8957324624061584
-0.6361736059188843
-0.013571679592132568
-0.5326893329620361
0.5326893329620361
0.4241156578063965
0.0950019359588623
-0.6073336601257324
-0.15437817573547363
-0.4342944622039795
0.36134660243988037
0.4546520709991455
-0.15437805652618408
-0.9805555939674377
0.2646481990814209
0.3206315040588379
-0.607333779335022
-0.11027014255523682
0.03223288059234619
0.7294790744781494
-0.17643225193023682
0.27821993827819824
-0.13062763214111328
-0.5259034633636475
-0.5530470013618469
-0.10518062114715576
-0.03223276138305664
-0.5021529793739319
0.3664360046386719
0.10518074035644531
-1.4606547355651855
0.1849144697189331
0.10518074035644531
0.13911008834838867
0.520814061164856
0.5700116157531738
-0.23411190509796143
-0.06955498456954956
-0.4784024953842163
-0.6175124645233154
-0.07125139236450195
-0.2697376012802124
1.4877979755401611
0.1187523603439331
-0.13402056694030762
-0.5140281915664673
0.5946100950241089
0.3460782766342163
0.21884369850158691
0.39866864681243896
0.3952758312225342
-0.43429458141326904
0.5394752025604248
0.40715116262435913
-0.42411577701568604
-0.00848233699798584
-1.0331459045410156
0.43090152740478516
0.16455674171447754
-0.07294797897338867
0.24429070949554443
0.45125913619995117
-0.2951846122741699
-0.3325067162513733
0.4224191904067993
-0.6276912689208984
0.49876004457473755
0.22223687171936035
0.07634091377258301
0.4614378809928894
0.028839826583862305
0.30197036266326904
0.5869760513305664
0.044107913970947266
-0.21714723110198975
0.05767977237701416
0.5530468225479126
1.0348422527313232
0.5496541261672974
0.1289311647415161
-0.23241537809371948
0.3392927646636963
0.5242069363594055
0.2782200574874878
0.29179179668426514
-0.40715110301971436
-0.12214529514312744
-0.4325980544090271
0.46313440799713135
-0.2273261547088623
0.12384164333343506
0.33250677585601807
0.8753747940063477
-0.13571703433990479
-0.03901863098144531
0.01696467399597168
0.3749183416366577
-0.29518455266952515
0.03901851177215576
0.010178804397583008
-0.5445644855499268
0.27482688426971436
-0.28500568866729736
-0.42241930961608887
-0.2985774278640747
-0.722693145275116
-0.16455674171447754
0.3155421018600464
0.13062775135040283
-0.3766148090362549
-0.39188283681869507
0.022054076194763184
0.5275998115539551
0.37322181463241577
-0.43599092960357666
0.31893491744995117
0.6064853668212891
-0.1391100287437439
-0.22054022550582886
0.12214529514312744
-0.3325067162513733
0.1900038719177246
-0.2968810200691223
0.006785869598388672
-0.1187523603439331
0.5954585075378418
-0.5547433495521545
-0.9228758811950684
0.008482217788696289
-0.001696467399597168
0.5123317241668701
-0.17473554611206055
-0.07803726196289062
0.459741473197937
0.6107267141342163
-0.43768739700317383
-0.08651959896087646
-0.25107645988464355
-0.19170022010803223
0.01696467399597168
-0.1900038719177246
-0.778676450252533
0.3121491074562073
0.1984860897064209
-0.08312678337097168
-0.4275086522102356
-0.3240244388580322
0.5352340936660767
-0.15268170833587646
0.040715157985687256
0.4987601041793823
0.2807645797729492
-0.3036668300628662
0.04071521759033203
0.2816128134727478
0.2985774278640747
-0.27143406867980957
-0.030536413192749023
0.11705589294433594
-0.2561658024787903
-0.08821594715118408
0.066162109375
-0.20696842670440674
0.14080631732940674
0.7142109274864197
-0.13910996913909912
-0.5055460333824158
0.5937619805335999
-0.439383864402771
0.4631342887878418
0.1187523603439331
-0.9975201487541199
-0.36304301023483276
0.5717079639434814
-0.01696467399597168
0.5530468225479126
-1.3758314847946167
0.29009509086608887
0.21375417709350586
-0.19848620891571045
-0.15268170833587646
0.4376875162124634
0.4139368534088135
-0.6293878555297852
0.510635256767273
0.0848231315612793
0.3358996510505676
-1.3419020175933838
0.3002738952636719
-0.5869761109352112
0.4512592554092407
-0.04750090837478638
0.2459871768951416
1.0993080139160156
-0.03901863098144531
-0.6158158779144287
0.06446564197540283
0.6251466274261475
1.5522634983062744
0.1509852409362793
-0.257862389087677
0.6395664811134338
0.7091213464736938
-0.5496538877487183
-0.0848231315612793
0.11196660995483398
-0.32232797145843506
-0.6226019859313965
0.06955492496490479
0.044108033180236816
-0.06955504417419434
-0.30197036266326904
-0.7006391286849976
-0.2273261547088623
-0.36134660243988037
-0.5801903009414673
-0.06785845756530762
-0.1696462631225586
0.2307189702987671
-0.2273259162902832
-0.26973748207092285
-1.0738608837127686
-0.2035754919052124
-0.23580831289291382
0.4105440378189087
-0.48688483238220215
0.3884900212287903
-0.23241537809371948
-0.10178768634796143
-0.42581212520599365
-0.7396577596664429
0.30875617265701294
0.6217536926269531
0.4427769184112549
0.2917916774749756
-0.011875271797180176
0.5097870826721191
-0.20527207851409912
0.09500181674957275
-0.5123317837715149
0.05937623977661133
0.0899125337600708
0.5920655727386475
-0.8007305860519409
-0.04919743537902832
0.743050754070282
0.16116392612457275
-0.3647395372390747
0.2493802309036255
0.025446951389312744
-0.31554198265075684
-0.5089387893676758
-0.39357930421829224
0.052590370178222656
0.2052718997001648
-1.1485052108764648
1.0891294479370117
0.40206170082092285
0.43938398361206055
0.037322163581848145
0.26125526428222656
-0.2595587968826294
-0.7549259662628174
0.3528643250465393
-0.6480487585067749
-0.24429059028625488
0.6412631273269653
0.4105437994003296
-0.281612753868103
-0.6870676279067993
0.4512592554092407
0.5869762897491455
-0.9924308657646179
0.6989427804946899
0.21714723110198975
0.2578624486923218
-0.24089765548706055
0.449562668800354
-0.4868848919868469