-0.20696842670440674
0.037322163581848145
-0.5089390277862549
-0.2680410146713257
-0.9059111475944519
-0.4444732666015625
-0.41732990741729736
-0.9941271543502808
-1.000913143157959
-0.24429070949554443
-0.2680412530899048
-0.35625725984573364
-0.18661093711853027
-1.000913143157959
0.4309016466140747
0.1425027847290039
-0.13232409954071045
0.1560746431350708
-1.0144847631454468
-0.2951846122741699
-0.8414455056190491
-0.14928865432739258
-0.5869760513305664
0.2917916774749756
-0.5564398169517517
-0.9703766107559204
-0.05767977237701416
-0.5564398169517517
-0.9771626591682434
-0.26804113388061523
-0.6276912093162537
-0.4682236909866333
-0.13232409954071045
-0.44108033180236816
-0.9093040823936462
-1.8220010995864868
0.4139368534088135
-0.665013313293457
-0.2544693946838379
-0.46822381019592285
-0.5089387893676758
-0.38000768423080444
-0.9907342791557312
-1.1264513731002808
-0.6073336601257324
-1.3266339302062988
-0.19000375270843506
-0.6310842633247375
0.46143782138824463
-0.2273259162902832
-0.6378700733184814
-0.06446552276611328
-0.10518074035644531
0.10178780555725098
-0.33929264545440674
-1.3096691370010376
-0.22732603549957275
0.28500574827194214
0.22054016590118408
-0.6616204977035522
-1.3537774085998535
-0.4003652334213257
-0.037322163581848145
-0.18661093711853027
0.12893104553222656
-0.3053632974624634
-0.07803726196289062
0.13910996913909912
0.17643213272094727
-0.7226930856704712
0.06785845756530762
0.01696455478668213
-0.3053632974624634
0.22054028511047363
-1.0806468725204468
0.3766148090362549
-0.515724778175354
0.07803726196289062
-0.006785869598388672
0.22393310070037842
-0.7668012976646423
0.06446552276611328
-0.5292965173721313
0.02375030517578125
-0.5157246589660645
-0.4139368534088135
1.4012784957885742
0.413936972618103
-0.549653947353363
-0.003392934799194336
-0.7260861396789551
-0.8210880756378174
-0.30536341667175293
-0.3053632974624634
-0.14928865432739258
0.05767965316772461
-1.0127882957458496
-0.2544693946838379
0.20696842670440674
-0.2375047206878662
-1.3300269842147827
-0.2375049591064453
-0.23411178588867188
-1.6184256076812744
-0.20357561111450195
-0.43429458141326904
-0.027143478393554688
-0.5598326921463013
-0.5360826253890991
-1.163773536682129
0.04750096797943115
0.3257208466529846
-0.5903689861297607
0.24429059028625488
0.13911008834838867
-1.0382351875305176
-0.4275086522102356
-0.3766148090362549
-0.6989427804946899
-0.7803727388381958
-0.05767977237701416
-1.1671664714813232
-0.9364475011825562
0.02714371681213379
-0.4919741749763489
-0.36304306983947754
-0.2850058078765869
-0.7260861396789551
0.2035754919052124
-0.746443510055542
-0.34607839584350586
-0.7668012380599976
-0.40375816822052
-0.23071908950805664
-0.4410804510116577
-0.42411577701568604
-1.4182429313659668
0.4105440378189087
0.41054391860961914
-0.42072272300720215
-0.3291137218475342
-0.5581362247467041
-0.41732990741729736
0.7362650036811829
-0.7803729772567749
0.2646481990814209
-0.3664360046386719
-0.7634081840515137
0.3664360046386719
-0.549653947353363
-1.3503843545913696
-0.39357948303222656
-0.37661468982696533
-0.7464437484741211
-1.2282391786575317
-1.4182429313659668
0.29857730865478516
-0.40715110301971436
0.10518062114715576
-0.48518824577331543
-0.15946733951568604
-0.7193002104759216
0.22393310070037842
-1.4386005401611328
-0.06107264757156372
-0.24429070949554443
-0.33929258584976196
-0.42750871181488037
0.09160912036895752
-0.6276912689208984
-0.5225105285644531
-0.1187523603439331
-0.09839487075805664
-0.020357608795166016
-0.21714723110198975
-0.11027002334594727
-0.19678974151611328
-0.14419937133789062
-0.20357561111450195
-0.3087562322616577
-0.7498366832733154
-0.5123317241668701
-0.607333779335022
-0.5123317241668701
0.04071509838104248
0.12553822994232178
-0.5971548557281494
-0.027143239974975586
-0.12214529514312744
-0.8618031740188599
0.14928877353668213
0.32232797145843506
-0.5428680181503296
-0.787158727645874
-0.7837658524513245
0.17303919792175293
-0.5225105285644531
-1.2757400274276733
-1.6693195104599
-1.2859187126159668
-0.1696462631225586
0.16625332832336426
-0.07464432716369629
-1.615032434463501
-0.6616204977035522
-0.6209053993225098
-0.7260861396789551
-0.5767975449562073
0.061072587966918945
-0.6650134921073914
-0.2171471118927002
-0.5462608337402344
-0.0848231315612793
0.24089765548706055
-0.35286426544189453
-0.15437817573547363
0.1696462631225586
0.17643213272094727
-0.08143019676208496
-0.37322187423706055
-0.8482315540313721
-0.8210881948471069
-0.054286837577819824
-0.9669841527938843
-1.1671667098999023
-0.01696455478668213
0.23411178588867188
-0.48518824577331543
0.6073334217071533
-0.21714723110198975
-1.2621681690216064
-0.29009509086608887
-0.24768352508544922
-0.5937620401382446
-0.9160898923873901
-0.475009560585022
-0.7193002700805664
-0.5326893925666809
-0.14589589834213257
-0.6514416933059692
0.32911384105682373
-0.7668011784553528
-1.4012781381607056
-0.5225106477737427
-0.17982494831085205
-0.3901864290237427
-0.4241156578063965
0.33589959144592285
-0.5903691053390503
0.061072707176208496
-1.1977026462554932
-0.6650135517120361
-0.980555534362793
-0.42750871181488037
-0.1798250675201416
-0.44956278800964355
-0.16286039352416992
-0.17643225193023682
-0.8685888051986694
-0.41732990741729736
-0.97037672996521
-0.8176950216293335
-0.20696842670440674
-0.7735871076583862
0.142503023147583
0.0067861080169677734
0.26804113388061523
-1.0144848823547363
-0.44786620140075684
-0.05767977237701416
-0.878767728805542
0.21036124229431152
-1.0178776979446411
-0.43090152740478516
-0.27482694387435913
-0.5903691053390503
0.7600152492523193
-0.4648308753967285
-0.11875247955322266
-0.4953671097755432
-2.001826286315918
-0.1458958387374878
-0.4919741153717041
-0.3155421018600464
-0.3019702434539795
-0.044108033180236816
-0.22732603549957275
0.07803714275360107
-0.7057285308837891
-0.373221755027771
-0.5259034633636475
0.1289311647415161
0.020357608795166016
0.36982905864715576
-0.06785857677459717
-0.06785833835601807
-0.5394752025604248
-1.041628122329712
0.2544693946838379
-0.2069685459136963
-1.231632113456726
-0.2748270034790039
-0.6853710412979126
-0.18661081790924072
0.0950019359588623
0.027143478393554688
-0.05767977237701416
-0.26125526428222656
-0.26125526428222656
-1.5200307369232178
-0.8176952004432678
-0.30197036266326904
-0.6378699541091919
-1.5573530197143555
-0.5394752025604248
-0.6548347473144531
-0.08143019676208496
0.5123318433761597
-0.6921567916870117
0.5292963981628418
-0.14759230613708496
-0.09500181674957275
-0.33589982986450195
-0.21714723110198975
-0.766801118850708
-0.27143406867980957
-0.8143022060394287
-0.8855535387992859
-0.10518074035644531
-0.8380525708198547
0.0
-1.0484139919281006
-0.5191175937652588
-0.13910984992980957
-0.5564398765563965
-0.1696462631225586
-0.10857367515563965
-0.4410804510116577
-0.9398404359817505
-1.0043060779571533
-0.8584104776382446
0.5564398765563965
-0.18321776390075684
0.05428671836853027
-0.495367169380188
-0.2408977746963501
0.25107645988464355
-0.5496540069580078
-0.7430506944656372
-0.1187523603439331
-0.8346596956253052
-1.082343339920044
-0.3087562322616577
-0.8719817399978638
0.10857391357421875
0.07464444637298584
0.1458958387374878
-0.3325066566467285
-1.2927045822143555
-1.0348423719406128
-0.16625332832336426
-0.8210879564285278
-0.7057286500930786
-0.6107264757156372
0.22393298149108887
0.044108033180236816
-0.26804113388061523
-1.0043060779571533
0.393579363822937
-0.1798250675201416
-0.4716167449951172
-0.3291139602661133
-0.47161686420440674
-0.749836802482605
0.044108033180236816
-0.5530470609664917
-0.15268170833587646
0.49875974655151367
0.22393310070037842
-0.037322282791137695
-0.46483075618743896
0.10178780555725098
0.2069685459136963
-0.6446559429168701
-0.6819779872894287
-0.3952758312225342
-0.2137542963027954
-0.17643201351165771
-0.2307189702987671
0.2273261547088623
-0.08821606636047363
-0.9025182127952576
-0.3426854610443115
0.24429070949554443
0.11196660995483398
-0.0848231315612793
-0.32911384105682373
-0.06446552276611328
-0.47840261459350586
-0.13232409954071045
-0.05767965316772461
-0.7159073352813721
-0.2951846122741699
-0.013571739196777344
-0.8007304668426514
0.35286426544189453
0.11535954475402832
-0.32911378145217896
-0.4614379405975342
0.3053632974624634
0.07464444637298584
-0.6107268333435059
-0.2578623294830322
0.10518074035644531
0.32572078704833984
-0.12893104553222656
-0.31214916706085205
-0.4309017062187195
-0.6785851716995239
-0.281612753868103
-0.42750871181488037
0.1662534475326538
-0.5564396381378174
-0.5292963981628418
-0.6039408445358276
-0.3189350962638855
-0.14589571952819824
-1.0585930347442627
-0.5462610721588135
-0.5360823273658752
-0.18321800231933594
-0.32232797145843506
-0.09160900115966797
-0.8550173044204712
-0.3392927050590515
0.26125526428222656
-0.9126970171928406
-0.27482712268829346
-0.5971548557281494
-0.985645055770874
-1.1943098306655884
-0.09160900115966797
-1.143415927886963
0.18661093711853027
-0.010178685188293457
-0.05089390277862549
-0.09160900115966797
-0.4173297882080078
-0.6141195297241211
0.17473554611206055
-0.45804476737976074
-0.08821594715118408
-0.6819781064987183
-0.8821606636047363
-0.980555534362793
0.2137542963027954
-0.5123317241668701
-1.0043060779571533
-0.5462608337402344
-0.6582276821136475
-0.6785851716995239
-0.33589959144592285
0.4173297882080078
0.12893104553222656
-0.5157248377799988
-0.22732603549957275
-0.43090152740478516
-0.5343856811523438
-0.53608238697052
0.17982494831085205
-0.22054016590118408
-0.753229558467865
-0.1289311647415161
-0.18661093711853027
0.24768352508544922
0.16625332832336426
0.2578624486923218
-0.5666184425354004
-0.5157245397567749
-0.20018267631530762
0.23411202430725098
-0.5971548557281494
-0.43768739700317383
-0.37322187423706055
0.21036136150360107
-0.1798250675201416
-0.6039407253265381
0.06785845756530762
-0.9160898923873901
-0.5360821485519409
0.48518848419189453
0.12893104553222656
-0.6548346281051636
-0.6684063673019409
-0.1560746431350708
-1.8423588275909424
-0.5937620997428894
0.48688483238220215
0.17303895950317383
-0.6921568512916565
-0.6446558237075806
-0.08143019676208496
-0.4987601041793823
-0.2850058078765869
-0.14589571952819824
0.12553811073303223
0.0
-1.4928873777389526
-0.6039409637451172
0.010178685188293457
-0.40206170082092285
-0.24768364429473877
0.03392934799194336
-0.2171473503112793
0.6802816390991211
0.04071497917175293
0.061072587966918945
-0.4003652334213257
0.12214517593383789
-0.25446951389312744
-0.4071509838104248
-0.4410802125930786
-0.6548347473144531
-0.26464831829071045
-0.2680412530899048
-0.7023355960845947
-0.29179155826568604
0.24089765548706055
-0.990734338760376
-0.6107265949249268
-0.6039407253265381
0.18661105632781982
-0.6819782257080078
-0.18321800231933594
0.4987599849700928
-0.3562571406364441
-0.2985774278640747
-0.5326894521713257
0.46143782138824463
0.003392934799194336
-0.5055458545684814
-1.3232409954071045
-0.12893104553222656
0.21036148071289062
0.13232409954071045
0.0
-0.5564397573471069
-0.12214529514312744
-0.03392910957336426
-0.7362648248672485
-0.2408977746963501
0.281612753868103
-1.9373605251312256
0.43429458141326904
-0.4648308753967285
-1.1892205476760864
-0.6989428400993347
-0.40375816822052
-0.21714723110198975
-1.7609286308288574
-0.607333779335022
-0.06446552276611328
-0.6107265949249268
0.1900038719177246
0.9635909795761108
-0.24429059028625488
-0.12893104553222656
-0.13571715354919434
-0.32232797145843506
-0.3121490478515625
-0.13910996913909912
-0.2883986234664917
-0.30536341667175293
-0.8855534791946411
-0.6141195297241211
-0.8143022060394287
-0.19339680671691895
0.3257206678390503
0.08143043518066406
-0.01696455478668213
-0.07464432716369629
-0.3901864290237427
-0.3766147494316101
-0.9025183916091919
-0.620905339717865
0.05767965316772461
0.11535948514938354
-0.8210880756378174
-0.9466263055801392
-0.3460785150527954
-0.05767977237701416
-0.7837657928466797
-0.42072272300720215
-0.10518074035644531
-1.64556884765625
-0.1662534475326538
-1.6116396188735962
-0.33589982986450195
-0.14589571952819824
-0.07125139236450195
0.07464432716369629
-0.3664360046386719
-2.057809352874756
-0.38509702682495117
-2.1409361362457275
-0.5394752025604248
-0.7701940536499023
0.23750483989715576
-0.2578623294830322
-0.6209051609039307
0.12553799152374268
-0.24089765548706055
-0.14928865432739258
-1.0382353067398071
-0.26125532388687134
-0.495367169380188
-1.0043061971664429
0.26804113388061523
-0.2951846122741699
-0.4207228422164917
-0.8278738856315613
-0.42241907119750977
-0.9601979851722717
-1.2146673202514648
-0.53947514295578
-0.04071521759033203
-0.9194828271865845
-0.746443510055542
0.44786620140075684
1.0653789043426514
-0.7498365640640259
0.23411178588867188
0.09839487075805664
-0.44108033180236816
-0.22393298149108887
-0.19678974151611328
-0.07464444637298584
-1.4759225845336914
-1.143415927886963
-0.736264705657959
-0.25107651948928833
-0.14250290393829346
-0.4105440378189087
-0.3223278522491455
-0.2883986234664917
-0.24089765548706055
-0.1560746431350708
-0.3766147494316101
-0.01696467399597168
0.037322044372558594
0.04410815238952637
-0.43090152740478516
-0.16964638233184814
0.003392934799194336
-0.5292963981628418
-0.3901864290237427
0.22054004669189453
-1.811822533607483
-0.24768376350402832
-0.21375417709350586
-0.2951846122741699
-0.08143031597137451
-0.1594676971435547
-0.6344770193099976
0.0237504243850708
-0.4648308753967285
-0.475009560585022
-0.013571619987487793
-1.0687716007232666
0.020357489585876465
0.22054016590118408
-0.9975202083587646
-0.11875247955322266
-0.3053632974624634
-0.23750483989715576
-0.7362648248672485
-0.42072272300720215
0.44108033180236816
-0.13571715354919434
-0.15268158912658691
-1.011091947555542
-0.03392934799194336
0.2883986234664917
-0.2748270034790039
0.003392815589904785
-0.2917916774749756
-0.661620557308197
-0.4105440378189087
-0.20357561111450195
0.02035754919052124
-0.05428671836853027
0.15268170833587646
-0.16625332832336426
-0.373221755027771
-1.6319973468780518
-0.09839487075805664
0.7735872268676758
-0.5089389085769653
-0.8821605443954468
0.29857754707336426
-0.38340067863464355
-0.0475008487701416
-0.5564397573471069
-0.6785851716995239
0.04071509838104248
-0.8855535984039307
-0.3155421018600464
-1.061985731124878
0.12553799152374268
-0.8550170660018921
-0.010178804397583008
-0.12553811073303223
-0.044108033180236816
-0.35625725984573364
-0.2748270034790039
-0.8651959896087646
-0.3664360046386719
-1.2689542770385742
-0.006785869598388672
-0.53947514295578
-0.38679349422454834
-0.022053956985473633
0.08143019676208496
-0.6616204977035522
0.5225106477737427
-1.5064589977264404
-0.9873412847518921
-0.22393298149108887
-0.559832751750946
-0.10518074035644531
-0.013571739196777344
-0.5666184425354004
-1.163773536682129
-0.30875611305236816
0.003392934799194336
0.2544693946838379
-1.998433232307434
-0.4682236909866333
-0.48858141899108887
-1.1637736558914185
-0.4987601041793823
-0.5632257461547852
-0.40375804901123047
-0.04410815238952637
0.23071902990341187
-1.4894943237304688
-0.020357728004455566
-0.06107264757156372
-0.32572078704833984
-0.7905516624450684
0.05767977237701416
-0.31554222106933594
-0.6039408445358276
0.26804113388061523
-0.04410815238952637
-0.9839484691619873
0.25107669830322266
-0.2985774278640747
-0.878767728805542
-0.31214916706085205
0.027143359184265137
-0.13910984992980957
-0.23071861267089844
0.49706363677978516
0.4546518325805664
-0.13910996913909912
-0.6310842037200928
-0.22393310070037842
-0.15946745872497559
-0.2985776662826538
-1.0942187309265137
0.15946745872497559
0.0780373215675354
0.44786620140075684
-1.3232409954071045
-0.1323239803314209
-0.30875635147094727
-0.8685890436172485
-0.18321800231933594
-0.20018267631530762
-0.010178804397583008
-0.7226932048797607
0.12553811073303223
-1.0280566215515137
-0.5937620401382446
-0.10518074035644531
-0.2985774278640747
-0.10857343673706055
-0.3901864290237427
0.037322282791137695
0.7871588468551636
-0.9296616911888123
0.0237504243850708
-0.5157247185707092
0.2951846122741699
-0.1696462631225586
-2.351297378540039
0.31893491744995117
-0.17982494831085205
0.18661093711853027
-0.42750847339630127
0.32572078704833984
-0.5326893329620361
-0.04071521759033203
0.35286426544189453
-0.7057285308837891
0.09160900115966797
-0.909304141998291
-0.7735869884490967
-0.08821606636047363
-1.140023112297058
0.07803738117218018
-0.27482712268829346
-0.06785857677459717
-0.776979923248291
-0.22393310070037842
-0.25107645988464355
-0.7668013572692871
-0.6480487585067749
0.21714723110198975
-0.631084144115448
0.31893491744995117
-0.07464408874511719
-0.14928865432739258
-0.13571703433990479
-0.6209055185317993
-0.06785845756530762
0.04410815238952637
-0.15268170833587646
-0.5700114965438843
0.044108033180236816
-0.1798250675201416
0.15946757793426514
-0.4987601041793823
-0.027143478393554688
-0.20696842670440674
-0.0848233699798584
-0.6344772577285767
0.030536413192749023
-0.12553822994232178
-0.5734044313430786
-0.5835832953453064
-0.19339680671691895
0.2883988618850708
-0.5292963981628418
-0.3596501350402832
-1.1807382106781006
-1.251989483833313
-0.5734044313430786
-0.4342944622039795
0.07464432716369629
-0.44786620140075684
0.3664361238479614
-0.1255384087562561
-0.14928877353668213
-1.360563039779663
-0.787158727645874
-0.24768364429473877
-0.31554222106933594
-0.8651959896087646
0.38170433044433594
-0.3664358854293823
-0.9262688159942627
0.006785869598388672
-0.1832178831100464
-0.4546520709991455
-0.6548349857330322
-0.44786620140075684
-0.1289311647415161
-0.776979923248291
-0.0848231315612793
-0.11875247955322266
0.020357489585876465
-0.505545973777771
-0.8957322835922241
-1.2791330814361572
-0.11535942554473877
0.05428671836853027
-0.3019702434539795
-0.47161662578582764
1.0382351875305176
-0.15268158912658691
-1.092522144317627
0.16286039352416992
-0.22054016590118408
-0.42750871181488037
-0.020357370376586914
0.18321800231933594
-0.8210880756378174
-0.43090158700942993
-0.47500962018966675
-0.15607452392578125
0.09839475154876709
-0.45465195178985596
-0.31214916706085205
-0.45465219020843506
-1.07895028591156
-0.5666185617446899
-0.1323239803314209
-0.32572078704833984
0.23071885108947754
0.13910984992980957
-0.013571739196777344
-1.2689541578292847
-0.17643213272094727
-0.3087562322616577
-0.37661468982696533
-0.5021529197692871
-0.5869761109352112
-0.651441752910614
-0.29857754707336426
0.020357608795166016
-0.1900038719177246
-0.6684063673019409
-1.3673489093780518
-0.5632257461547852
-0.6582275629043579
0.09839487075805664
-1.747356653213501
-1.0857362747192383
0.23750483989715576
-0.38679349422454834
-0.7837657928466797
-0.67519211769104
-0.4614377021789551
-0.393579363822937
-0.7362648248672485
-0.6209053993225098
-0.24429070949554443
-0.23411178588867188
-0.3121490478515625
-0.5326896905899048
-1.8966453075408936
-0.13232409954071045
-0.9364475607872009
-0.4546520709991455
-0.5292965173721313
-1.0450210571289062
-0.16286051273345947
-0.39697229862213135
0.04071509838104248
0.2137542963027954
-0.5157246589660645
-0.19000375270843506
0.2069685459136963
0.3223280906677246
0.12553834915161133
-0.7226930856704712
-1.594675064086914
-0.07464432716369629
0.05089390277862549
0.19339674711227417
-0.5632257461547852
0.10857361555099487
-0.2137542963027954
-0.8550172448158264
0.061072587966918945
0.1933966875076294
-0.38679349422454834
0.2578623294830322
-0.24089765548706055
-1.0144846439361572
-0.052590370178222656
-0.4682237505912781
0.6073337197303772
-1.5811034440994263
-0.6480487585067749
0.22732603549957275
-0.9601980447769165
-1.5912821292877197
-0.43768739700317383
-0.5666184425354004
-0.8651961088180542
-1.0993080139160156
0.18661105632781982
0.2273259162902832
-0.5835832357406616
-0.848231315612793
0.20018255710601807
-2.3750479221343994
-0.3969721794128418
0.0475010871887207
0.24429059028625488
-0.8685889840126038
-0.4817953109741211
-1.173952341079712
-0.41902637481689453
-0.15268170833587646
-0.32572078704833984
0.19678974151611328
0.261255145072937
-0.48518839478492737
-0.6073336601257324
-0.3053630590438843
-0.5225106477737427
0.0848231315612793
-0.5734044313430786
-0.1798250675201416
-0.4376875162124634
-0.1933969259262085
-0.29518449306488037
0.07803726196289062
0.17303919792175293
0.12553799152374268
0.1900038719177246
-0.2544693946838379
-0.04750096797943115
-0.35286426544189453
0.21036136150360107
-0.24429059028625488
-1.1977028846740723
-0.950019121170044
-0.054286956787109375
-0.4275085926055908
-0.5191177129745483
-0.30536341667175293
-1.031449317932129
-0.5903691053390503
-0.5835832357406616
-1.1909167766571045
-0.20018261671066284
-0.8007305860519409
-0.21036148071289062
-0.4885812997817993
-0.21375441551208496
-0.30875611305236816
-0.36982905864715576
-0.3664360046386719
-1.011091709136963
-0.04071521759033203
-0.3392925262451172
-0.22393310070037842
-0.32911384105682373
-0.9330546855926514
-0.6548347473144531
0.061072587966918945
-0.3664360046386719
0.2816128730773926
-0.06107282638549805
-0.654834508895874
-0.4309017062187195
-0.6785852313041687
-0.43090152740478516
-0.9330546855926514
0.23750460147857666
-1.2452037334442139
-0.31893491744995117
-0.7803728580474854
-0.617512583732605
-0.037322163581848145
-0.4241156578063965
0.09839487075805664
-0.044108033180236816
-0.2985774278640747
-0.495367169380188
-0.21714723110198975
-1.6828911304473877
0.04241132736206055
-0.1798250675201416
-0.037322044372558594
-0.8957324028015137
-0.14589571952819824
-0.32232797145843506
-1.8118224143981934
-0.0237504243850708
-0.33929258584976196
-1.2350250482559204
-0.3189350366592407
-0.2035754919052124
0.3053632378578186
-0.8685889840126038
-0.3291137218475342
-0.5021531581878662
0.09500181674957275
0.3155420422554016
-1.0857365131378174
-1.316455364227295
0.30536341667175293
-0.8753747940063477
-0.18661093711853027
0.09160900115966797
0.8584102392196655
0.4750096797943115
-0.36473965644836426
-0.8261773586273193
0.010178685188293457
-0.3664361238479614
-0.37322163581848145
-0.06107282638549805
-0.5292963981628418
0.05767989158630371
-0.46822381019592285
-0.53947514295578
-1.5912822484970093
-0.9432333707809448
-0.8414455652236938
-0.4885812997817993
-1.099307894706726
-0.6751922369003296
-1.3537774085998535
-0.5530468225479126
-0.24768364429473877
-0.3325066566467285
-0.24089765548706055
-0.6446559429168701
-1.1739524602890015
-0.23411178588867188
0.0
-0.9873414039611816
-0.7837658524513245
-0.9059112668037415
-1.2587753534317017
-0.26804113388061523
0.13571691513061523
-0.6887639760971069
-1.6727125644683838
-0.685370922088623
-1.1807382106781006
-0.8414454460144043
0.02375054359436035
-0.30875635147094727
-0.6005477905273438
-0.9669839143753052
-0.3325066566467285
-0.4342944622039795
-0.07464420795440674
0.08143019676208496
-0.9788591861724854
-1.8525373935699463
-0.003392934799194336
-1.1162724494934082
-0.505545973777771
0.5191174745559692
0.15946757793426514
0.17303931713104248
-0.09839487075805664
-0.5055458545684814
-0.6039408445358276
-0.3596501350402832
0.1662534475326538
-0.3664360046386719
-1.2655613422393799
-0.18661093711853027
-0.3325068950653076
-0.5835831165313721
-0.010178804397583008
-0.06785845756530762
-0.8380526304244995
-0.7668013572692871
-1.4691368341445923
0.04071497917175293
-0.4173298478126526
-1.1705594062805176
-0.31554198265075684
0.05767977237701416
-0.5259034633636475
-1.94075345993042
-0.02375054359436035
-0.6141195893287659
-0.5123318433761597
-0.5801903009414673
-0.5462610721588135
-0.14928865432739258
-0.6955498456954956
-1.068771481513977
-0.12553822994232178
0.4410804510116577
0.21036148071289062
0.016964614391326904
-0.42750871181488037
-1.1535948514938354
-0.7362648844718933
-0.17643213272094727
-0.15946757793426514
-0.0950019359588623
-0.715907096862793
-0.3257209062576294
-0.7905517816543579
-0.888946533203125
-0.7837657928466797
-0.776979923248291
0.006785750389099121
-0.9500191807746887
-0.247683584690094
0.020357489585876465
0.1085735559463501
-0.8109092712402344
0.3834007978439331
-0.4716167449951172
-0.1900038719177246
-0.3392925262451172
-0.49197423458099365
-0.817695140838623
-0.586976170539856
-0.5530468821525574
-0.4614379405975342
-0.5428680777549744
0.352864146232605
-1.0959150791168213
-0.08821606636047363
-0.8380527496337891
-1.828787088394165
-0.617512583732605
-0.037322282791137695
-0.05089390277862549
-0.6887638568878174
-0.1425027847290039
-0.7600153684616089
-0.31214916706085205
-0.3698289394378662
0.30536341667175293
-0.5360822677612305
-0.5021530389785767
-0.3223278522491455
-0.12553822994232178
-0.7837659120559692
-0.22393298149108887
-0.21714723110198975
-0.5428681373596191
-0.586976170539856
-1.4521722793579102
-0.03392922878265381
0.2612553834915161
-0.1458958387374878
0.04071509838104248
-0.7498365044593811
-0.3952758312225342
-0.10857343673706055
-1.6082468032836914
-0.13571697473526
-0.3901863098144531
0.1289311647415161
-0.3426855802536011
-0.5937619209289551
-0.1900038719177246
-0.6480487585067749
-1.4216361045837402
-0.5496540069580078
-0.22732603549957275
-0.1289311647415161
-1.4538687467575073
-0.09839487075805664
-0.5767973065376282
-0.12893128395080566
-0.9635908603668213
-0.40375828742980957
-0.5835832357406616
-0.40375804901123047
0.4275085926055908
0.29857754707336426
0.3460785150527954
-0.4987602233886719
-0.22393310070037842
-0.46143805980682373
-0.31554198265075684
0.6141196489334106
-1.4284217357635498
-0.285006046295166
-0.5326893329620361
-1.194309949874878
0.05428671836853027
0.505545973777771
-1.8525373935699463
-0.29179155826568604
-0.6650134325027466
-0.7091213464736938
-1.0450211763381958
-1.8253940343856812
-0.3189350366592407
-0.843142032623291
-0.24429059028625488
-0.24429059028625488
0.2273259162902832
-0.7193002700805664
0.6955498456954956
0.01696467399597168
-0.515724778175354
-0.853320837020874
-0.061072707176208496
0.3494713306427002
-0.04750096797943115
-1.173952341079712
-1.1264512538909912
-0.373221755027771
-0.25107645988464355
-0.5242068767547607
-1.2010958194732666
-0.1832178831100464
-1.0959150791168213
0.6276911497116089
-0.7023354768753052
-0.5038495063781738
-0.7498364448547363
-0.12214529514312744
-0.4275086522102356
0.2273261547088623
0.003392815589904785
0.07125139236450195
-0.24768364429473877
-0.2035754919052124
-0.5937619209289551
-0.1458958387374878
-0.47840237617492676
-0.027143359184265137
-0.6717993021011353
-0.25107645988464355
-0.5564398765563965
0.1085735559463501
-0.9228759407997131
-0.11535942554473877
-1.0585927963256836
-0.1034843921661377
0.3562573194503784
0.05089378356933594
-0.0712515115737915
-0.2307189702987671
-0.18321776390075684
-0.43768739700317383
-0.237504780292511
0.7226930856704712
-0.4682237505912781
-0.3596501350402832
-0.13910984992980957
-0.21714729070663452
-0.1933969259262085
0.0475010871887207
-0.48179543018341064
-0.8312668800354004
-0.6480487585067749
-0.576797366142273
-0.5734044313430786
-1.3537774085998535
-1.2927048206329346
0.12553834915161133
-0.9228757619857788
-0.8957323431968689
-0.15268158912658691
-1.143415927886963
-0.31893491744995117
-0.45465195178985596
-0.19678974151611328
-1.8830738067626953
-0.2714340090751648
-1.082343339920044
-0.01017904281616211
-0.7600154876708984
-0.05767977237701416
-0.09839475154876709
-1.082343339920044
-0.0950019359588623
-0.6141195297241211
-0.8821605443954468
-0.15607476234436035
-0.41732990741729736
-0.13232409954071045
-0.04071509838104248
-0.5530469417572021
0.0950021743774414
-0.7735870480537415
-0.6276912689208984
0.1967896819114685
-0.07464420795440674
-0.1798250675201416
-1.625211477279663
0.6480486392974854
-0.5055458545684814
-0.5835833549499512
-0.26804113388061523
-0.18661081790924072
-0.003392934799194336
-0.16625332832336426
-0.37322187423706055
-0.9330545663833618
-0.5462610721588135
-0.6107265949249268
-0.27821969985961914
-0.5123317241668701
-0.18321800231933594
-0.6480488777160645
-0.25107645988464355
0.19678962230682373
0.023750662803649902
0.03392910957336426
-1.0687716007232666
-0.3019702434539795
-0.5615293979644775
-0.6310842037200928
-0.08482301235198975
0.25107645988464355
-0.11535942554473877
-0.6514416933059692
-0.16286039352416992
-0.17643213272094727
-1.2384178638458252
-0.5292965173721313
-0.586976170539856
0.48518824577331543
-0.9262686967849731
-0.16625332832336426
-0.35286402702331543
-0.2137542963027954
-1.3334197998046875
-0.8143019676208496
-0.525903582572937
-0.27821993827819824
-0.43090158700942993
0.5326894521713257
0.23750483989715576
-0.6751921772956848
-0.26125526428222656
-1.7948577404022217
-0.43768739700317383
0.003392934799194336
0.41902637481689453
-0.09160900115966797
-0.5089390277862549
-0.21036148071289062
-0.44447338581085205
-0.7328722476959229
-0.3494713306427002
-0.10857367515563965
0.05089390277862549
-0.10178780555725098
0.11196655035018921
0.13232409954071045
0.26804113388061523
-0.21714723110198975
-0.5360823273658752
0.16286039352416992
-0.38000762462615967
-1.3605632781982422
-1.0551998615264893
-0.28500568866729736
-0.05089378356933594
-0.393579363822937
-0.6344771385192871
0.19000375270843506
1.021270513534546
-0.1458958387374878
0.14250290393829346
-0.3460785150527954
-0.549653947353363
-0.2782198190689087
-0.20018267631530762
-0.07464432716369629
0.22054028511047363
-0.2883986234664917
-0.3358997106552124
0.5700113773345947
-0.5225105285644531
-0.8889464139938354
-0.1458958387374878
0.22732603549957275
-0.6751922965049744
0.14250290393829346
-1.2485966682434082
-1.0755574703216553
-1.2689542770385742
-0.22393310070037842
-0.6073336601257324
0.027143359184265137
-0.21884369850158691
0.1458958387374878
0.006785869598388672
-0.3019704818725586
-0.16625332832336426
-0.9941272139549255
-1.082343339920044
0.4376872777938843
-0.34947139024734497
0.30197036266326904
-0.40375804901123047
0.14928889274597168
-0.67519211769104
-0.4580450654029846
-0.7973375916481018
-0.3392927646636963
-0.3155421018600464
0.10178780555725098
-1.9390571117401123
-0.7464436292648315
-0.797337532043457
-0.383400559425354
-0.4919741153717041
-0.26125526428222656
-1.579406976699829
-0.393579363822937
-0.21036142110824585
-0.6446558237075806
-0.24429059028625488
0.11875247955322266
-0.4241156578063965
-0.8719819784164429
-0.8329634666442871
-0.8957324624061584
-0.03392910957336426
-0.5428680181503296
-0.9432334303855896
0.39697229862213135
-1.2553825378417969
-1.3503844738006592
-0.32232773303985596
-0.18661093711853027
-0.15777111053466797
-0.016964614391326904
-0.6175125241279602
-0.13910996913909912
-0.3901865482330322
-0.003392934799194336
-0.5530468225479126
-0.5801904201507568
-0.5632256269454956
-0.31554198265075684
-0.10178768634796143
-0.25107645988464355
-0.8143022060394287
-0.43768739700317383
-0.6242983341217041
-0.5564397573471069
-1.231632113456726
-1.2994904518127441
-0.48518848419189453
-0.5937619209289551
-0.9126970767974854
-0.4919741749763489
0.20527195930480957
-0.42411577701568604
-0.7125145196914673
-0.38679349422454834
-0.7566224336624146
-0.6276912689208984
-0.33250677585601807
-0.31214916706085205
-0.1425027847290039
0.23241543769836426
-0.4105440378189087
-0.546261191368103
-0.475009560585022
-0.9432334899902344
-0.06785845756530762
0.5259034633636475
-1.000913143157959
-0.18661081790924072
-0.8821607232093811
0.4105440378189087
-0.05767989158630371
-0.07125163078308105
-0.061072707176208496
-0.4648308753967285
0.16625308990478516
-0.5462611317634583
-0.7362649440765381
-0.08651971817016602
0.03392934799194336
-0.9568050503730774
-0.15268170833587646
-0.35286426544189453
-0.6107267141342163
-0.36304306983947754
-0.6107265949249268
0.2035754919052124
-0.9160898923873901
-0.756622314453125
-1.2621684074401855
-0.7057285308837891
-0.5700114965438843
-0.5089389085769653
-0.1085735559463501
-0.47840261459350586
-0.142503023147583
-0.23750460147857666
0.037322163581848145
0.2375049591064453
-0.9449295997619629
-2.0798633098602295
0.07125139236450195
-0.9364473819732666
0.06107282638549805
-0.695549726486206
-1.0551998615264893
-0.14250290393829346
-0.6141195297241211
-0.6005478501319885
0.04071509838104248
-0.13571691513061523
-0.03392922878265381
-0.515724778175354
-1.625211477279663
-0.13910996913909912
0.515724778175354
-0.6344769597053528
-0.2917914390563965
0.5598328113555908
-0.5225105285644531
-1.0484139919281006
-0.16286027431488037
-0.08821606636047363
-0.9262688159942627
-0.912696897983551
0.0848231315612793
-0.19339680671691895
-0.6548346281051636
-0.02035754919052124
-0.06446588039398193
-0.6582275629043579
-0.15268170833587646
-0.3426855802536011
-0.09160900115966797
-1.6930698156356812
-0.2951847314834595
-1.099307894706726
-0.04071509838104248
-0.5089389085769653
-0.3291137218475342
-0.12214541435241699
-0.48858141899108887
0.1832178831100464
-0.8516243100166321
0.24768364429473877
-0.7701940536499023
0.07464432716369629
-0.858410120010376
-0.413936972618103
-0.42411577701568604
-1.2180602550506592
0.10178768634796143
-0.5021530389785767
0.23750483989715576
0.0
-0.5123317241668701
0.18321800231933594
-0.40036535263061523
-1.7303922176361084
-0.5055458545684814
-0.7193002104759216
0.43090152740478516
-0.3528643846511841
0.08143019676208496
-0.6853709816932678
-0.5394750833511353
-1.3741346597671509
-1.0280565023422241
-0.35625720024108887
0.2375047206878662
-1.915306568145752
-0.14928877353668213
0.22393310070037842
-1.109486699104309
-0.42411577701568604
-0.4750096797943115
-1.625211477279663
-0.19678997993469238
-1.21127450466156
-0.8516243696212769
-0.19678974151611328
-0.044108033180236816
-0.39357948303222656
-0.5394754409790039
-0.8143022060394287
-0.32572078704833984
-0.45465201139450073
0.11196660995483398
0.10178768634796143
-0.044108033180236816
-0.3867936134338379
0.16286015510559082
-0.02375054359436035
-1.0110915899276733
-0.42750877141952515
-0.47840261459350586
-0.8651961088180542
-0.11875241994857788
-0.5259034633636475
0.2850058078765869
-0.5700113773345947
-0.9025182127952576
-0.6887638568878174
-0.003392934799194336
0.515724778175354
-0.5700114965438843
0.08143019676208496
-0.41054391860961914
-0.3766148090362549
-1.1400229930877686
0.05089402198791504
-0.8448383212089539
-0.30536335706710815
-0.20018255710601807
-0.003392934799194336
-0.7600154876708984
-0.5632256269454956
-0.13402056694030762
-0.07803726196289062
-0.49197423458099365
-0.17643213272094727
-0.6989427804946899
-0.2646481990814209
-0.9737697839736938
-0.7701940536499023
0.3358997106552124
-1.3639559745788574
-0.14589571952819824
0.006785869598388672
0.05598330497741699
-0.13571703433990479
-0.19678962230682373
0.08821606636047363
-0.18321800231933594
-0.4410802125930786
0.2069685459136963
-1.1400229930877686
-0.5835832357406616
-0.3867933750152588
-0.3562570810317993
0.0
-1.3368127346038818
-0.19678962230682373
0.1425027847290039
-0.12553822994232178
-0.7260860800743103
0.06785845756530762
-0.3392925262451172
0.22393298149108887
-0.15268158912658691
-0.6242982149124146
0.02375054359436035
-0.7057285308837891
-0.31214916706085205
-0.3155420422554016
-0.6887638568878174
0.016964435577392578
-0.11875259876251221
-0.3392925262451172
-0.39697229862213135
0.13571703433990479
0.3189350366592407
-0.13571703433990479
-0.3867935538291931
0.586976170539856
-0.7668011784553528
0.027143478393554688
-0.13910996913909912
-0.07464432716369629
0.12553822994232178
-0.22054022550582886
-0.5734044909477234
-0.6616206169128418
0.02375054359436035
-0.4275085926055908
-0.8991253972053528
-0.15607452392578125
-0.8821607232093811
-0.10857343673706055
-0.45125913619995117
-1.1773452758789062
-1.4386005401611328
0.4682236909866333
0.006785869598388672
-0.7108180522918701
-0.5462610721588135
0.3358997106552124
-0.8787678480148315
-0.05089378356933594
-0.4682237505912781
-0.7837660312652588
0.0
-0.7769799828529358
-0.37152528762817383
-0.6582276821136475
-0.16286063194274902
-0.6446559429168701
-0.6344771385192871
-0.24429059028625488
-0.617512583732605
-1.5098519325256348
-0.13232421875
-1.1094868183135986
-0.8618030548095703
-1.031449556350708
-0.1187523603439331
-0.1832178831100464
0.003392934799194336
-0.6344770193099976
-0.6310842037200928
0.061072707176208496
-0.3460785150527954
0.1187523603439331
-0.15946745872497559
0.10178780555725098
-0.010178804397583008
-0.40036529302597046
-0.06446564197540283
-0.5462610721588135
-0.2510765790939331
-0.09160900115966797
-0.8482313752174377
-0.2137542963027954
0.3392925262451172
-0.05937623977661133
-0.3426855802536011
-0.2850058078765869
-0.40715110301971436
-0.05089390277862549
-0.2375049591064453
0.4207228422164917
-0.36982887983322144
-0.6616204977035522
-0.8753748536109924
-0.6785851716995239
0.016964614391326904
-1.4945838451385498
-0.13571703433990479
-0.19678974151611328
-0.6412631273269653
0.11535942554473877
0.10518062114715576
-1.092522144317627
-0.43090152740478516
-1.5302095413208008
-0.8584102988243103
-0.06785845756530762
-0.003392934799194336
0.3053632974624634
-0.7532294988632202
-0.19339656829833984
-0.17303931713104248
0.5021529197692871
-0.5292965173721313
-1.0416282415390015
0.12553811073303223
-0.33589959144592285
-0.15946745872497559
0.06785845756530762
-0.5903691053390503
0.27143406867980957
-0.9330545663833618
-0.5801903605461121
-0.2646481990814209
-0.6073336005210876
-0.9907344579696655
-0.003392815589904785
-0.363042950630188
-0.49536728858947754
-0.5055458545684814
0.45125913619995117
-0.899125337600708
-0.3494713306427002
-0.2544691562652588
-1.4148499965667725
-1.6625337600708008
-0.26804113388061523
-0.8889462947845459
0.030536293983459473
-1.0043059587478638
-0.08143019676208496
1.1535948514938354
-0.2951846122741699
-0.10518074035644531
-0.505545973777771
0.19339680671691895
-0.36304306983947754
-0.5835832357406616
-0.8719819784164429
0.4241156578063965
-0.505545973777771
-0.8414455652236938
-0.3392925262451172
-0.12214541435241699
-0.7464436888694763
-0.0644654631614685
-0.4716166853904724
-0.7532294392585754
-0.6242984533309937
-0.732871949672699
-0.44108033180236816
-1.6319973468780518
-2.402191400527954
-0.0950019359588623
-0.10178780555725098
-0.6107267141342163
-0.8550172448158264
-0.03392934799194336
-0.1323239803314209
0.16286039352416992
-0.21036148071289062
-0.06785845756530762
-0.20357561111450195
-0.5734044909477234
0.45465195178985596
-0.4648308753967285
-0.6751921772956848
-0.7634081840515137
-0.5971546173095703
-0.17643213272094727
1.503066062927246
-0.709121584892273
-0.46822357177734375
0.05428659915924072
-0.7837658524513245
0.817695140838623
-0.29179155826568604
-1.7337852716445923
-0.5530469417572021
-0.878767728805542
0.01696455478668213
-0.8719818592071533
-0.5123317241668701
-0.030536413192749023
0.475009560585022
0.09839487075805664
-0.9059110879898071
-0.04071521759033203
-0.6039408445358276
0.0712515115737915
-0.9126969575881958
-0.3901864290237427
-0.2748270034790039
-0.4207228422164917
-0.6989425420761108
-1.2282390594482422
0.1713428497314453
-0.16286051273345947
-0.9398404955863953
-0.36304306983947754
-0.9059113264083862
0.06446552276611328
-0.27143406867980957
-0.2510765790939331
-1.0212706327438354
-0.7023354768753052
-0.5835831165313721
-0.2408977746963501
-0.9059112071990967
-0.5360823273658752
-0.8651961088180542
-0.027143478393554688
0.1696462631225586
-0.020357728004455566
-0.12214541435241699
-0.2375049591064453
-0.6819779872894287
-0.9059112071990967
-0.26804107427597046
0.6412630081176758
-0.23071885108947754
-0.25107645988464355
-0.17643213272094727
0.16286039352416992
-0.8618032932281494
-0.06446564197540283
-0.363042950630188
-0.21375417709350586
0.14928889274597168
-0.3053632974624634
-0.6242983341217041
-0.2646481990814209
-0.8753747940063477
-0.7362648844718933
-0.4580451250076294
-2.300403594970703
-0.7226930856704712
-0.1662534475326538
-1.3673492670059204
-0.12553834915161133
-0.25446945428848267
0.19678962230682373
-0.26804113388061523
-1.492887258529663
-0.05428671836853027
0.2646481990814209
-0.16286051273345947
-0.4953671097755432
-0.8482314348220825
-0.6684064865112305
-0.08143031597137451
-0.7701940536499023
-0.2748270034790039
-1.0619856119155884
-0.6921568512916565
-0.20018255710601807
-0.45804500579833984
0.003392934799194336
-0.6684063673019409
-0.9669839143753052
-0.1900038719177246
-0.061072707176208496
0.0950019359588623
-0.28839874267578125
0.0
0.17303919792175293
-0.5903691053390503
-0.41054391860961914
-0.4410804510116577
-0.9330543279647827
0.05089402198791504
0.14928913116455078
-0.2578623294830322
-0.34947144985198975
-0.18661093711853027
-0.9262688159942627
-0.3884899616241455
-0.03392922878265381
-0.13910984992980957
0.27821969985961914
0.027143359184265137
-1.0348422527313232
-0.3562570810317993
-0.6480488777160645
-0.6989427208900452
-0.1662534475326538
-0.47161662578582764
-0.3494710922241211
0.25446951389312744
-0.0475008487701416
-0.3766147494316101
0.054286837577819824
-0.6209053993225098
-0.27143394947052
-0.9160898923873901
0.3087562322616577
-0.37661468982696533
-0.393579363822937
-0.9008216857910156
-0.1866108775138855
-0.3291139602661133
-0.6344771385192871
0.1136629581451416
-0.013571619987487793
-0.2307189702987671
-0.7023355960845947
-1.4046711921691895
-0.7159072160720825
0.12893104553222656
-0.899125337600708
-0.23071885108947754
-1.2553825378417969
-0.2883986234664917
0.0475010871887207
0.2646481990814209
-0.23411190509796143
-0.0950019359588623
-2.3394224643707275
-0.7735872268676758
-0.44786620140075684
-0.20018267631530762
-0.4275086522102356
-1.6828911304473877
0.22393321990966797
-0.2137542963027954
-0.393579363822937
-0.6616204977035522
-0.3460783362388611
-1.082343339920044
-0.3426855802536011
-0.6989427208900452
0.5547435283660889
-0.010178804397583008
-0.41732990741729736
-0.37322187423706055
-1.204488754272461
-0.9228757619857788
-0.21036136150360107
0.010178804397583008
-0.5089387893676758
-0.827873706817627
0.40036511421203613
-0.3766148090362549
0.14928865432739258
0.25107645988464355
0.36304306983947754
0.13910984992980957
-0.495367169380188
0.45125913619995117
-0.1187523603439331
0.14928865432739258
-0.475009560585022
-0.19000375270843506
0.12214517593383789
-0.8414455652236938
-0.41902613639831543
-0.5835832357406616
-0.09160888195037842
-0.5903691053390503
-0.1425027847290039
-0.16625332832336426
-0.3494713306427002
-1.0144847631454468
-0.47161662578582764
-0.2578624486923218
0.29518449306488037
-0.7159072160720825
-1.1535948514938354
-0.2171473503112793
-0.6276913285255432
0.9194828271865845
-0.26804113388061523
-0.5530469417572021
-0.29518449306488037
-0.4003652334213257
-0.22054028511047363
-0.12044882774353027
-0.7668012380599976
-0.2510765790939331
-1.4623510837554932
-0.3562570810317993
-0.26804113388061523
-0.413936972618103
-1.163773536682129
-0.54286789894104
-0.08312654495239258
0.23411190509796143
-1.6421760320663452
-0.3121490478515625
0.037322163581848145
-0.5292963981628418
-0.11875247955322266
-0.40715110301971436
-0.29857730865478516
-0.8991252183914185
-0.5428681373596191
-0.17303919792175293
-1.425028681755066
-0.33589959144592285
-0.28500568866729736
-0.743050754070282
-0.1425027847290039
-0.2069685459136963
-0.844838559627533
-0.4885812997817993
0.8210880756378174
-0.6819781064987183
0.10857367515563965
0.05089390277862549
0.10518074035644531
-0.6209053993225098
-0.4241156578063965
-0.12553822994232178
-0.044108033180236816
-0.413936972618103
-0.7023356556892395
-0.597154974937439
0.08482325077056885
0.14759230613708496
-0.6548346877098083
-0.37322187423706055
-0.19678974151611328
-0.9839484095573425
-0.6344771385192871
-0.21714729070663452
0.04071509838104248
-0.13232409954071045
-0.3189350366592407
-0.5191175937652588
-0.8278738260269165
-0.05089402198791504
-0.2782200574874878
-0.5649220943450928
-0.7294789552688599
0.3426855206489563
-0.8210879564285278
-2.1154892444610596
-0.54286789894104
0.09839475154876709
-1.1637736558914185
-0.06446564197540283
-0.36304306983947754
0.010178804397583008
0.17643213272094727
-0.7193002700805664
-0.7396577596664429
-0.5530471801757812
-0.17643213272094727
-0.9500192403793335
-0.36982882022857666
-1.475922703742981
0.8346596956253052
-1.1128795146942139
-0.7939446568489075
-0.2544693946838379
-0.5462609529495239
0.12553811073303223
0.17303919792175293
-1.4894943237304688
-0.7294790744781494
0.07464444637298584
0.3426855802536011
-0.006785750389099121
-0.14250290393829346
-1.0925219058990479
-0.29857754707336426
-1.3028836250305176
-0.2273261547088623
-0.3901865482330322
-0.6514416933059692
-0.15268170833587646
-0.7260861396789551
-0.08821606636047363
-0.8041235208511353
0.48518848419189453
-0.3528643846511841
-0.7362649440765381
-0.7328720092773438
-0.6582276821136475
-0.4987602233886719
-1.5811033248901367
-0.4309016466140747
-0.4003649950027466
-0.013571619987487793
-1.6184256076812744
-0.17982518672943115
-0.14250290393829346
-0.33929264545440674
-0.7837657928466797
-0.27143406867980957
-0.2307189702987671
-1.2112743854522705
0.33589982986450195
0.23411190509796143
-0.7159073352813721
0.09500205516815186
-0.3664358854293823
0.8143020868301392
-1.2553824186325073
-1.5437812805175781
-0.05767965316772461
-0.05767989158630371
-0.013571858406066895
-0.4817955493927002
0.13571703433990479
0.14928877353668213
-0.9737696647644043
0.013571619987487793
-0.08143031597137451
0.030536293983459473
-0.22732603549957275
-0.2307189702987671
0.11196649074554443
-0.2714341878890991
-0.475009560585022
-0.42750847339630127
0.027143478393554688
-0.061072707176208496
-0.5259034633636475
-0.42411577701568604
-0.3969724178314209
0.6344770193099976
-0.2816128730773926
-0.40375810861587524
-0.5564397573471069
-0.12553822994232178
-0.45804500579833984
-0.31214916706085205
-1.3639562129974365
-0.6175123453140259
-0.9126970767974854
-0.44786620140075684
-0.15268170833587646
-0.8991252183914185
-0.7769799828529358
0.2951843738555908
-0.24768364429473877
-0.0848231315612793
0.5767972469329834
0.003392934799194336
0.3325066566467285
-0.6276912689208984
-0.641262948513031
-0.4750096797943115
0.22902250289916992
-0.4105440378189087
-0.10518074035644531
0.2782198190689087
0.013571739196777344
-0.21714723110198975
-0.1696462631225586
0.027143359184265137
0.44786596298217773
-1.1400229930877686
-0.4241156578063965
0.4987601041793823
-0.878767728805542
0.13910984992980957
0.061072707176208496
-0.04750096797943115
-0.49536705017089844
0.5903691053390503
0.05767965316772461
-1.3741350173950195
-0.9059111475944519
0.12893128395080566
-0.3087562322616577
-0.13232409954071045
0.35625720024108887
0.18661105632781982
-0.22054016590118408
0.27482688426971436
-0.6209054589271545
-0.28839874267578125
-0.05767977237701416
-1.3673491477966309
-0.23071885108947754
-0.726085901260376
-0.38340067863464355
-0.4614379405975342
-0.23750483989715576
0.1933966875076294
-0.254469633102417
-0.5225105285644531
-0.9500192403793335
-0.11196637153625488
-0.7905517220497131
0.43768733739852905
-1.5047626495361328
-0.18661093711853027
-0.7735871076583862
0.30536317825317383
-0.36982882022857666
0.04071497917175293
0.29518449306488037
-0.6616206169128418
-0.7091215252876282
0.010178804397583008
-0.5632255673408508
0.281612753868103
-0.08482325077056885
-0.18321794271469116
-0.20357537269592285
0.037322163581848145
-1.0178775787353516
-1.1298441886901855
-0.5937620401382446
-0.2171473503112793
-0.6005477905273438
-0.8855535984039307
-0.3223280906677246
0.08821606636047363
-1.7745001316070557
-0.4817953109741211
0.11875247955322266
-0.3664358854293823
-0.9669839143753052
-0.35625720024108887
-0.28670215606689453
0.04750096797943115
-0.787158727645874
-0.38000762462615967
-1.2689542770385742
-0.475009560585022
-0.5971549153327942
-0.4444732666015625
-0.07125139236450195
-0.06785857677459717
-0.08143019676208496
-0.23411178588867188
-1.0857362747192383
-0.5428681373596191
0.10178768634796143
-0.46483075618743896
-0.743050754070282
-0.04919743537902832
-0.09160888195037842
-0.006785869598388672
-0.21714699268341064
-0.6785852909088135
-0.38679343461990356
-1.1298441886901855
0.1696462631225586
-0.7735869884490967
0.0237504243850708
-0.4648308753967285
-0.4546520709991455
0.07464432716369629
0.08821606636047363
-0.7430508136749268
-0.2883986830711365
-0.5428681373596191
-0.681978166103363
0.6853710412979126
0.013571500778198242
-1.0416282415390015
0.14589577913284302
-0.2544693946838379
-0.5835831761360168
-0.1289311647415161
0.22393321990966797
-0.9432333111763
-0.31554198265075684
0.11875224113464355
0.17473554611206055
-1.0416282415390015
-0.21036124229431152
0.9737696647644043
0.7718906402587891
0.05767965316772461
-0.23750483989715576
0.1085735559463501
0.29688096046447754
-0.3766148090362549
0.07464432716369629
0.47161686420440674
-0.11196660995483398
-0.19339680671691895
-0.5852797031402588
-0.24089765548706055
0.08821606636047363
-0.9635909199714661
-0.5700114965438843
-0.06785845756530762
-0.607333779335022
-0.6107265949249268
-0.24089765548706055
0.6582274436950684
-0.43429434299468994
-0.18321800231933594
-0.20696842670440674
-0.11535942554473877
-0.10518097877502441
0.449562668800354
-0.3019704818725586
-0.4342944622039795
-0.24429059028625488
0.25446951389312744
-0.34607839584350586
-0.0712515115737915
-0.9635909199714661
-0.2917916774749756
-1.5607457160949707
0.27821969985961914
-0.3426855802536011
-0.09160900115966797
-0.020357608795166016
-0.26804113388061523
-0.3155421018600464
1.4046714305877686
-0.5259034633636475
0.03392922878265381
0.6684063673019409
-0.787158727645874
-0.9228757619857788
-0.5292963981628418
0.38340044021606445
-0.7057287096977234
-1.0891292095184326
-0.07803720235824585
-0.05767977237701416
-0.7837657928466797
-1.2180604934692383
-0.2375047206878662
-0.529296338558197
-0.3189352750778198
-0.9568051099777222
-0.5123317241668701
-0.9669839143753052
-0.4919741153717041
-0.6158158779144287
-0.9126969575881958
-0.19000381231307983
-0.013571619987487793
-0.27482712268829346
-0.2069683074951172
-0.6684061288833618
-1.61503267288208
0.12553822994232178
-0.5767972469329834
-0.09839487075805664
-1.1468088626861572
-0.7701941728591919
-0.15946733951568604
-0.3698289394378662
-0.4784024953842163
-1.4012784957885742
-0.751533031463623
-0.3104526996612549
-0.35625720024108887
0.07125163078308105
-1.1841310262680054
-2.2936174869537354
0.16286039352416992
-1.2876152992248535
-0.4750096797943115
0.505545973777771
-0.19678974151611328
-0.2934880256652832
-0.5801903009414673
-1.2146673202514648
-0.7125144004821777
-0.7057285904884338
-0.10687732696533203
0.1526816487312317
0.10518097877502441
-0.6378700733184814
-0.34607863426208496
-0.393579363822937
-0.6599241495132446
-0.20696842670440674
0.044108033180236816
-0.4088475704193115
-0.3155421018600464
-0.17303919792175293
-0.6276911497116089
-0.14928865432739258
0.0475010871887207
-0.3766148090362549
0.05089402198791504
-0.1187523603439331
-0.5123317837715149
-0.3291139602661133
-0.5123317241668701
1.3503844738006592
-0.4682236909866333
-0.2544693946838379
-0.383400559425354
-0.19339680671691895
-0.1085735559463501
-0.1798250675201416
0.8618029952049255
-0.9941272735595703
-1.021270513534546
-0.06785857677459717
-0.07464444637298584
0.22054016590118408
-0.5021530389785767
-0.5394752025604248
-0.3426855802536011
-0.3494713306427002
-0.11196660995483398
-0.5326893329620361
-0.12553834915161133
-0.7803729176521301
-1.9645041227340698
-0.7057285308837891
0.12553834915161133
0.7634084224700928
0.5360822677612305
-2.336029291152954
-0.7532294392585754
0.18321800231933594
-0.20018267631530762
0.04750096797943115
0.006785869598388672
-0.4410804510116577
-0.8380526900291443
-0.5326893329620361
-0.6751923561096191
-0.3664357662200928
-0.8516244888305664
-0.6887639760971069
-0.12214541435241699
-0.30197036266326904
-0.9194828867912292
0.09500187635421753
0.3867936134338379
-0.20357561111450195
-1.0009130239486694
-0.32232797145843506
-0.1900038719177246
-1.092522144317627
-0.16625332832336426
0.26804113388061523
-0.20018267631530762
-1.1094868183135986
-0.9975200891494751
-0.9737696051597595
-1.2893118858337402
-0.8618031144142151
-0.17303919792175293
-0.39697229862213135
-0.1662532091140747
-0.2731304168701172
0.4105437994003296
-1.1569875478744507
-0.5937620401382446
-0.93984055519104
0.11196649074554443
-0.30536341667175293
0.4546520709991455
-0.38000762462615967
-0.5937619209289551
0.715907096862793
-0.7362648844718933
-0.7600153088569641
-0.46143782138824463
0.18321800231933594
-0.020357608795166016
-0.695549726486206
-0.6548347473144531
-0.2850058078765869
-0.2883986234664917
-1.5234235525131226
-0.929661750793457
0.1696462631225586
0.05937600135803223
-0.20357561111450195
-0.34947121143341064
-0.06785869598388672
-0.3630431890487671
-0.5513503551483154
-0.33929240703582764
-0.4003651738166809
-0.5700113773345947
-0.2917916774749756
-0.46143782138824463
-0.7430506348609924
-0.33589959144592285
-0.4919742941856384
-0.3901865482330322
0.07125139236450195
-0.21036148071289062
-0.6141195297241211
-0.06276917457580566
0.2985774874687195
-0.3325066566467285
-0.01696455478668213
-0.8482315540313721
0.010178685188293457
0.21036124229431152
-0.49536705017089844
-0.5123318433761597
-1.8253940343856812
-0.18661093711853027
-0.6209054589271545
-0.33929264545440674
-0.6344770193099976
-0.4173297882080078
-0.36982882022857666
-0.14250290393829346
-0.6005477905273438
-0.01696467399597168
-0.49197423458099365
-0.11875247955322266
-1.1637734174728394
-1.3232409954071045
-0.4342944622039795
-0.8244808912277222
0.22393321990966797
0.22732603549957275
0.03392922878265381
-0.37322187423706055
-0.4648308753967285
-0.9601980447769165
-0.006785869598388672
-0.2816128730773926
0.5801903009414673
0.31214916706085205
-0.11196643114089966
-1.011091947555542
0.05767953395843506
-0.19678962230682373
0.3053632974624634
-0.5496538877487183
0.0
-0.1289311647415161
-1.5369952917099
-0.93984055519104
-0.6480487585067749
-0.10518085956573486
-0.5835831165313721
-1.516637921333313
0.09160900115966797
-0.07464444637298584
-0.9262687563896179
-1.0314494371414185
-0.4885812997817993
-0.8923397064208984
-0.7396577596664429
-0.45804500579833984
0.413936972618103
-0.19339680671691895
-1.0619856119155884
-0.07125139236450195
0.3002738952636719
-0.2205403447151184
0.1798250675201416
-0.2273259162902832
-0.28500574827194214
-0.43090152740478516
-0.4546520709991455
-0.787158727645874
0.17643219232559204
-0.24089765548706055
-0.09160900115966797
-0.037322163581848145
-0.31893497705459595
-0.9126968383789062
-0.6209055185317993
-0.5734045505523682
-2.0086121559143066
0.11196649074554443
-0.4309014678001404
-0.9228758215904236
-0.4580448865890503
0.07464432716369629
0.3291137218475342
0.5055459141731262
-0.3664359450340271
-0.2578623294830322
-0.08143007755279541
-0.2985774278640747
0.15946745872497559
-0.06446552276611328
-0.6446559429168701
0.29179155826568604
0.04071509838104248
-0.7091213464736938
-0.5055460929870605
-1.1094865798950195
-0.7159073352813721
-0.247683584690094
-0.07464432716369629
-0.2375047206878662
-1.0484141111373901
-0.33929240703582764
-0.0848231315612793
0.06785845756530762
-0.2544693946838379
0.2069685459136963
-0.9839484095573425
-0.09160906076431274
-1.2485967874526978
0.6446558237075806
0.363042950630188
-0.05089390277862549
0.2510765790939331
-0.5598326921463013
0.23411178588867188
0.17643213272094727
-0.44108039140701294
-0.5564398169517517
0.4716167449951172
-1.0076990127563477
-0.08143007755279541
-0.31554222106933594
-0.6785852909088135
0.11535954475402832
-0.11535942554473877
-0.4139368534088135
-0.37152528762817383
-1.099307894706726
-0.18321800231933594
-0.2171471118927002
-0.14928877353668213
0.2069685459136963
-0.2273259162902832
0.15607476234436035
-0.04071509838104248
-0.45465201139450073
-0.47161662578582764
-0.17643213272094727
-0.1187523603439331
0.1798250675201416
-0.40375828742980957
-0.21714723110198975
0.2035754919052124
-0.4309016466140747
-0.3766148090362549
-0.11535954475402832
-0.2646481990814209
-0.7634083032608032
-0.7735869884490967
-0.4546520709991455
-0.023750782012939453
-1.021270751953125
-0.06446564197540283
-1.011091947555542
-0.393579363822937
-1.1705594062805176
0.26804113388061523
-0.07464432716369629
-0.26125550270080566
0.11196660995483398
-0.4987599849700928
-0.35286426544189453
-0.5055460929870605
-0.31893497705459595
0.0848231315612793
-0.3087562918663025
-1.5200307369232178
-0.2646481990814209
0.2748267650604248
-0.827873945236206
-0.10857367515563965
-0.11535966396331787
0.08312702178955078
-0.6446558237075806
-0.49197423458099365
-0.5496538877487183
-0.3969721794128418
0.2137542963027954
-0.719300389289856
-0.6209053993225098
-0.43090158700942993
0.010178744792938232
-0.6276912093162537
0.36982882022857666
-1.2299355268478394
-0.4546518325805664
-0.29179155826568604
-1.2706506252288818
-0.4800987243652344
-0.01696467399597168
0.22054028511047363
0.07464432716369629
-0.41732990741729736
-1.3673491477966309
-0.3257206678390503
-0.909304141998291
-0.6734957695007324
0.22054016590118408
-0.3766148090362549
0.5089387893676758
0.43090152740478516
-0.08821606636047363
-0.6344770789146423
0.5428680181503296
-0.6921569108963013
-0.4071512222290039
-0.9160900115966797
-1.2757402658462524
-2.361476182937622
-1.1366300582885742
-0.16286027431488037
0.2307189702987671
0.15268158912658691
-1.8016436100006104
-0.5734044313430786
-0.4071510434150696
-0.003392934799194336
-0.43090152740478516
-0.23411178588867188
-0.1458958387374878
-0.40375816822052
-0.3325066566467285
-0.5801901817321777
0.12893128395080566
-1.7948578596115112
0.5309929847717285
0.28500568866729736
0.2171473503112793
-0.13571715354919434
-0.13232415914535522
-0.475009560585022
-0.7362648248672485
-0.45125913619995117
0.1798250675201416
-0.7837658524513245
-0.2883986234664917
0.3325066566467285
-0.2544693946838379
-0.9568049907684326
-0.15946745872497559
-0.33250677585601807
0.41054391860961914
0.17303931713104248
-0.5259034633636475
0.20696842670440674
-0.3867936134338379
-0.23411190509796143
-0.3189350366592407
-0.7057285308837891
-0.9126969575881958
-0.15268170833587646
-0.05089390277862549
0.1289311647415161
0.1713428497314453
-0.8109093308448792
-0.0848231315612793
0.18661069869995117
-0.9330547451972961
0.13571703433990479
-0.3325066566467285
-0.1662534475326538
-0.4546520709991455
0.26804113388061523
-0.31214916706085205
-0.07803738117218018
0.26804113388061523
0.22393298149108887
-0.6480487585067749
-0.7752835750579834
-0.990734338760376
0.8041235208511353
0.15607452392578125
-0.6650134325027466
-0.5157248973846436
-0.6989427208900452
-0.363042950630188
-0.27821993827819824
0.2917916774749756
-1.180738091468811
-0.685370922088623
-0.6242983341217041
-0.5292961597442627
-0.5462609529495239
-1.0653789043426514
0.04071509838104248
-0.16964614391326904
-1.333419919013977
0.3766145706176758
-0.13062763214111328
-0.48518842458724976
-0.21714723110198975
-0.6141195893287659
-0.45804500579833984
-0.2307189702987671
-0.7566224336624146
-0.35625720024108887
-1.5403883457183838
-0.3121490478515625
0.25107645988464355
0.24089789390563965
-0.07125163078308105
0.030536413192749023
-0.1900038719177246
-0.3426855206489563
-0.12893104553222656
-0.13571703433990479
-0.4342944622039795
0.15946757793426514
-0.07464432716369629
-2.0544164180755615
-0.39357948303222656
-0.8719818592071533
-0.3358997106552124
-1.021270751953125
-1.6319973468780518
0.9194828867912292
-0.054286837577819824
-0.6107267141342163
0.2137545347213745
-0.43090152740478516
-0.32911384105682373
-0.6378700137138367
-0.7803729772567749
-0.6548346281051636
-0.3121492266654968
0.1187523603439331
-0.3223278522491455
-0.4410802721977234
-0.39697229862213135
-0.030536293983459473
-0.023750483989715576
-0.05767989158630371
-0.46143805980682373
-0.3426854610443115
-0.05428671836853027
0.02375054359436035
-0.38000762462615967
0.07803750038146973
-0.4546520709991455
0.2917919158935547
0.0712515115737915
-0.240897536277771
0.30875635147094727
-0.023750603199005127
-1.5946751832962036
-0.20018267631530762
0.23071885108947754
-0.18321800231933594
0.21545076370239258
0.12214541435241699
-1.031449317932129
0.020357608795166016
-0.27482694387435913
-0.6751922369003296
-0.05767977237701416
-0.21375441551208496
-0.10178780555725098
-0.4648308753967285
-0.8143020868301392
-0.6242983937263489
-0.26804113388061523
-0.23411178588867188
-1.0551998615264893
0.0016963481903076172
-1.4386005401611328
-0.3257209062576294
0.05089390277862549
-1.0789504051208496
-0.413936972618103
0.0
0.19678974151611328
-1.8966455459594727
-0.67519211769104
-0.7634084224700928
0.24259448051452637
0.003392934799194336
-0.3104526996612549
0.12893128395080566
0.7023356556892395
-0.19170022010803223
0.006785869598388672
-0.006785869598388672
0.19000375270843506
-0.6955498456954956
-0.6446560025215149
0.13232421875
-0.49536705017089844
-0.28500568866729736
-0.12893104553222656
-1.5641388893127441
-0.2578624486923218
-1.414849877357483
-0.28839874267578125
-0.7396578192710876
-0.6853710412979126
-0.3426855802536011
-0.6887638568878174
-0.9975203275680542
-0.4919741749763489
0.1458958387374878
0.21036148071289062
-0.5734043717384338
-0.45465195178985596
-0.5496540069580078
-0.11875247955322266
-0.8584102988243103
-0.04071521759033203
0.0950019359588623
-0.03392922878265381
0.2578624486923218
-0.1900038719177246
-0.9975200891494751
-0.22054028511047363
-0.18321800231933594
-1.2757402658462524
-1.1705594062805176
-1.3164552450180054
-0.281612753868103
0.09839487075805664
-0.6378699541091919
-0.5971550941467285
-0.586976170539856
-0.743050754070282
-0.12553822994232178
-0.6141196489334106
-1.1773451566696167
-0.8618031740188599
0.013571739196777344
-0.14250290393829346
-0.2816128730773926
-0.16286027431488037
0.3800077438354492
0.03392910957336426
-0.2917916774749756
0.061072707176208496
0.030536174774169922
-0.8550172448158264
-0.8855536580085754
0.27821993827819824
0.27143406867980957
0.1900038719177246
-0.6242982745170593
-0.8618031144142151
-1.051807165145874
-0.07803726196289062
-0.29518449306488037
0.7260862588882446
-0.8516242504119873
-1.0755573511123657
-0.8991252183914185
0.295184850692749
-1.5437812805175781
0.3800077438354492
-0.013571739196777344
0.4003652334213257
-0.8906431198120117
0.2578624486923218
-0.3800077438354492
0.33929240703582764
-0.05089378356933594
0.13232409954071045
0.003392934799194336
-0.5326894521713257
-0.7837657928466797
-0.9228758811950684
-0.47840243577957153
-0.7905516624450684
-0.6480487585067749
-0.43429452180862427
-1.4386005401611328
-0.22393310070037842
-0.09160900115966797
-0.3409891128540039
-0.722693145275116
-0.23071891069412231
-0.9466263055801392
-0.5734044313430786
-0.19509339332580566
-0.26125526428222656
0.09160900115966797
-0.25107651948928833
0.030536413192749023
-0.4071509838104248
-0.5564397573471069
-0.6378700733184814
-0.5309927463531494
-0.23411190509796143
-0.5767974853515625
0.1187523603439331
0.2069685459136963
-1.1366300582885742
-0.7328720092773438
0.020357489585876465
-0.1798250675201416
0.30875635147094727
-0.3901864290237427
0.3358996510505676
-0.43090152740478516
-0.2646481990814209
-0.97037672996521
-0.1458958387374878
-0.08143019676208496
-0.7532294392585754
-0.9194830656051636
-0.08991241455078125
-0.2816128730773926
-0.20357561111450195
-0.21375441551208496
-0.6548347473144531
-1.3503843545913696
-0.05767977237701416
-1.3028833866119385
-0.07803726196289062
0.013571739196777344
-0.3596501350402832
0.2985774278640747
0.2544693946838379
-0.2375047206878662
-0.7600153684616089
-0.4342944622039795
-0.5937619209289551
0.013571619987487793
-1.163773536682129
0.9160900115966797
-0.2612553834915161
-1.0280563831329346
0.12214541435241699
-0.26804113388061523
-0.19339680671691895
-0.1323239803314209
0.14250290393829346
-0.36473965644836426
-0.8278738260269165
-0.80751633644104
0.8584102392196655
0.05767965316772461
-0.4682236909866333
-0.17303919792175293
-0.14250290393829346
0.08821606636047363
-0.4105439782142639
0.08143019676208496
-0.40375810861587524
-0.35965001583099365
-0.05089378356933594
-0.40036529302597046
-0.02375054359436035
-0.7294790744781494
-0.013571739196777344
-0.43768739700317383
-0.5835832357406616
0.10857367515563965
-0.6480487585067749
-0.06446564197540283
0.10178768634796143
-0.5564398765563965
0.21036148071289062
-0.24089765548706055
-0.010178804397583008
-1.1977026462554932
-0.6412630081176758
0.003392934799194336
-0.505545973777771
-0.5191175937652588
0.10857367515563965
-0.5598328113555908
-1.0246635675430298
-0.19000375270843506
-0.32911378145217896
0.5903689861297607
0.05767965316772461
-0.29179155826568604
-0.8685890436172485
0.2578624486923218
-0.766801118850708
-0.6684063673019409
-0.20357561111450195
-0.16964638233184814
-0.5971550941467285
0.18321776390075684
-0.05767965316772461
-0.4648308753967285
-0.8651961088180542
0.10857367515563965
0.26464831829071045
-1.2282391786575317
-0.06446564197540283
-0.822784423828125
1.2180604934692383
-0.013571858406066895
-0.4275086522102356
0.5462610721588135
-0.6514418125152588
-0.28839874267578125
-1.021270751953125
-0.5530469417572021
-0.19678974151611328
-0.5496540069580078
-0.21714723110198975
-0.12214541435241699
-0.8516244292259216
-0.04750096797943115
-1.747356653213501
-0.03392922878265381
-1.2893118858337402
0.11196660995483398
-0.40036535263061523
-0.28500568866729736
-1.0857361555099487
-0.9076077938079834
-0.17303919792175293
-1.224846363067627
-0.027143359184265137
-0.5666185617446899
-0.027143359184265137
-0.1458958387374878
-0.8007304668426514
-0.8516244292259216
-0.9873412847518921
-0.44108033180236816
-0.30705976486206055
-0.1085737943649292
-0.47840261459350586
-1.282525897026062
-0.03392934799194336
-1.0043060779571533
-0.8041232824325562
0.01696467399597168
-0.07464432716369629
-0.7701941132545471
-0.14250290393829346
-0.32232797145843506
-0.43090152740478516
-0.6819780468940735
-0.393579363822937
0.04071509838104248
-0.22054004669189453
-0.36473989486694336
-0.32741737365722656
0.25107645988464355
-0.5428681373596191
-0.05767977237701416
-0.14250290393829346
-0.21714723110198975
-1.930574655532837
-0.43090152740478516
-0.6616206765174866
-0.23411190509796143
-0.7701940536499023
-1.082343339920044
-0.04071509838104248
-0.07125139236450195
0.06107264757156372
-0.07464432716369629
-0.553046703338623
-0.6514418125152588
-0.29518449306488037
-0.30197036266326904
-0.6921569108963013
0.49536728858947754
-0.2748270034790039
0.29179155826568604
-0.039018869400024414
-0.5191175937652588
-0.7464436292648315
-0.35286426544189453
-0.7498366236686707
-0.37661468982696533
0.43768739700317383
0.188307523727417
-0.2137542963027954
-1.5268166065216064
-0.8516244888305664
0.14589571952819824
-0.8855536580085754
0.04071521759033203
-1.2350249290466309
-0.7905517220497131
-0.950019121170044
-0.7464437484741211
-0.14928877353668213
-0.29179155826568604
0.21375441551208496
-1.0518068075180054
-0.413936972618103
-0.1900038719177246
-0.6378700733184814
0.39697229862213135
-0.16625332832336426
-1.808429479598999
-0.4309016466140747
-0.45465201139450073
-0.42072296142578125
-0.5394752025604248
-0.3664359450340271
0.19678974151611328
-0.2816128730773926
0.030536293983459473
-0.3460782766342163
-0.6684063076972961
-0.5530469417572021
-0.7837657928466797
0.10518062114715576
-0.5937620401382446
0.04750096797943115
-0.8159985542297363
-1.9492360353469849
-0.41054415702819824
-0.07464432716369629
-0.3308100700378418
0.3019704222679138
-0.037322282791137695
-0.5869760513305664
0.030536174774169922
-0.4885812997817993
-1.4114573001861572
-0.5632256269454956
-0.14250290393829346
0.888946533203125
-0.4071509838104248
0.061072707176208496
-0.4750094413757324
0.02375054359436035
-0.5089388489723206
-0.4733130931854248
-0.20018267631530762
0.0237504243850708
-0.34607839584350586
0.4275085926055908
-0.22732603549957275
-1.0551999807357788
-0.4173298478126526
-1.3809207677841187
-0.04071497917175293
-0.06785845756530762
-0.3664360046386719
-0.0475010871887207
-0.4987601041793823
-0.7464437484741211
-0.6480488777160645
-0.24429059028625488
-0.8210879564285278
-0.2850058078765869
-0.5632257461547852
-0.13571703433990479
0.4309014081954956
-0.26804113388061523
-0.3766148090362549
-0.006785869598388672
-0.5530469417572021
-0.3426854610443115
-0.665013313293457
0.30197036266326904
0.16286051273345947
0.23071908950805664
-0.8787679672241211
-0.6107267141342163
0.13911008834838867
-0.027143239974975586
0.29179155826568604
-0.20018267631530762
-0.5055458545684814
-0.485188364982605
-0.5937620401382446
-0.027143239974975586
-0.576797366142273
-0.07464444637298584
0.26804113388061523
-0.22393310070037842
-0.19339680671691895
-0.25107645988464355
0.20357561111450195
0.2069684863090515
-0.3257206678390503
-0.18321776390075684
-0.37661468982696533
-0.7226932048797607
-0.39357948303222656
-0.6378700733184814
-0.502152681350708
-0.7294790744781494
-1.7337851524353027
-0.11535954475402832
0.027143359184265137
0.2069685459136963
-1.435207486152649
-0.7973376512527466
-0.6785852909088135
-0.48858141899108887
-0.003392815589904785
-0.8651961088180542
-0.2883986234664917
-0.010178804397583008
-0.41732990741729736
-0.7057285308837891
0.010178685188293457
-0.7362649440765381
-0.5428681373596191
-0.11875247955322266
0.0
-0.5259034633636475
-0.2985774278640747
-0.9805555939674377
-0.7803729772567749
-0.09839487075805664
-0.5971548557281494
-0.39018648862838745
-0.9059112668037415
-0.5021529197692871
0.037322282791137695
0.05767965316772461
-0.8550172448158264
-0.020357608795166016
-0.9228757619857788
-0.26125526428222656
-0.43768739700317383
-0.10009145736694336
-0.9737696647644043
-0.6989426612854004
-0.2782198190689087
-0.80751633644104
-0.5937620401382446
0.013571739196777344
0.44786620140075684
-0.11535954475402832
-0.8244810104370117
0.17303919792175293
0.19339680671691895
-0.7294790744781494
0.04750096797943115
0.15268170833587646
-0.027143478393554688
-0.3325066566467285
-0.2782198190689087
-0.6175123453140259
-0.39697229862213135
-0.6039407253265381
-0.28500545024871826
-0.7668011784553528
0.08482325077056885
0.5021530389785767
-0.35286426544189453
-0.31554198265075684
0.13232409954071045
-0.515724778175354
-0.2917916774749756
-1.4453864097595215
-1.7541427612304688
-0.22393310070037842
-0.044107913970947266
0.9330546855926514
-0.03392922878265381
-2.0493271350860596
-0.006785869598388672
-0.5734043121337891
-0.4342944622039795
-0.20018267631530762
-0.19678974151611328
-0.24429059028625488
-0.3477749824523926
0.0033930540084838867
-0.5157246589660645
-0.010178804397583008
-2.154507875442505
-0.08821606636047363
-0.4275085926055908
-0.24429059028625488
0.006785869598388672
-0.07464432716369629
0.23750483989715576
-0.1458958387374878
-0.45465195178985596
-0.2680412530899048
0.5021531581878662
0.13232409954071045
-0.7091214656829834
-0.6175125241279602
-0.05767977237701416
0.16625332832336426
-0.20018255710601807
-0.4512590169906616
-0.18661081790924072
-0.14928877353668213
-0.8753747940063477
-0.5326894521713257
0.0848231315612793
-0.36982882022857666
-1.0043059587478638
-0.40375816822052
-0.7701940536499023
-0.5225106477737427
-2.185044288635254
-0.13571739196777344
-1.1060938835144043
-0.3121491074562073
-0.8075164556503296
-0.7600151300430298
-2.0459342002868652
-0.8719819188117981
-0.07803726196289062
0.03392934799194336
-0.6107265949249268
0.3664360046386719
-0.5767972469329834
-0.7125142812728882
-0.80751633644104
-0.4444732666015625
0.013571619987487793
-0.013571500778198242
-0.17643213272094727
0.07803726196289062
0.11875247955322266
-0.39357924461364746
-0.29857754707336426
-0.044108033180236816
-1.0518068075180054
-0.16286039352416992
-0.4750096797943115
-0.1984860897064209
-1.5234239101409912
-0.15268158912658691
0.2883985638618469
-0.12214529514312744
-0.7668011784553528
-0.037322163581848145
-0.4716166853904724
-0.8516243696212769
-1.0789504051208496
-1.343598484992981
-0.12214541435241699
-0.5259034633636475
-1.323241114616394
0.8109093904495239
0.16286063194274902
0.20357537269592285
-0.38679349422454834
0.013571739196777344
-0.5530469417572021
-1.4521721601486206
-0.11535954475402832
-1.6761051416397095
-0.475009560585022
0.6107267141342163
-0.0712515115737915
-0.9466263055801392
-1.4046711921691895
-0.24429059028625488
0.11196660995483398
-1.6591405868530273
0.22393310070037842
-0.22393321990966797
-0.47840261459350586
-0.21036142110824585
-0.12214529514312744
-1.2859187126159668