0.6938533782958984
0.6480488777160645
0.15946745872497559
0.045804500579833984
-0.06446576118469238
-0.3036665916442871
0.495367169380188
-0.6107267141342163
-0.10178780555725098
0.3494713306427002
0.6446558237075806
0.4512590169906616
0.14759230613708496
0.04750096797943115
0.9771625995635986
0.6293877363204956
0.3528643846511841
0.4987601041793823
0.25107669830322266
0.18321800231933594
-0.04919743537902832
-0.03392922878265381
0.2459871768951416
0.9975202083587646
0.19678962230682373
0.41902637481689453
0.4682236909866333
0.3613464832305908
0.2951846122741699
-0.018661141395568848
0.010178804397583008
0.27821993827819824
0.4444732666015625
0.26804113388061523
-0.12553822994232178
0.04241156578063965
0.627691388130188
0.30197036266326904
0.11875259876251221
-0.07294785976409912
0.3240245580673218
0.43768739700317383
0.06446564197540283
-0.26634466648101807
0.21714723110198975
-0.6887640953063965
0.24089765548706055
0.39357948303222656
1.0348423719406128
0.4631342887878418
0.41902613639831543
0.23241543769836426
0.9771628379821777
0.4088475704193115
0.8668925762176514
0.2697376012802124
0.6480488777160645
0.4207228422164917
1.1332371234893799
0.23411190509796143
-0.18321800231933594
0.3189350366592407
0.7396577596664429
0.010178565979003906
0.29179155826568604
-0.12214517593383789
-0.0475010871887207
0.6684062480926514
0.05767977237701416
-0.16286051273345947
0.010178804397583008
0.30536341667175293
0.08312666416168213
0.16964638233184814
-0.2748270034790039
0.6717993021011353
-0.26125526428222656
0.5513503551483154
0.6616204977035522
0.7345684766769409
0.5089389085769653
-0.0899125337600708
0.07634079456329346
0.2171473503112793
0.2951846122741699
-0.29179155826568604
0.83465975522995
0.4750096797943115
0.586976170539856
0.28839874267578125
0.33759617805480957
0.10857367515563965
0.13910996913909912
0.3901864290237427
0.5259034633636475
0.35625720024108887
-0.4733130931854248
0.23071885108947754
0.5394752025604248
0.2137542963027954
-0.27313053607940674
0.4139368534088135
-0.07803738117218018
-0.06446552276611328
0.3969724178314209
0.2917914390563965
0.8363564014434814
-0.2035754919052124
-0.22054004669189453
-0.4325979948043823
0.3766148090362549
0.7413543462753296
0.32572078704833984
0.5717079639434814
-0.11196660995483398
-0.05089390277862549
0.02544701099395752
0.48518848419189453
-0.3426854610443115
0.10009121894836426
0.6039408445358276
-0.27143394947052
-0.2137542963027954
0.4410804510116577
-0.13571703433990479
0.934751033782959
-0.1509852409362793
-0.030536293983459473
0.26804113388061523
-0.07464444637298584
0.3104526996612549
-0.49876004457473755
0.003392934799194336
0.0950019359588623
0.022053956985473633
0.08821606636047363
-0.541171669960022
0.505545973777771
0.9296616315841675
0.10518074035644531
0.3240244388580322
-0.11705589294433594
0.02544689178466797
0.7023354768753052
0.19678974151611328
0.20357561111450195
-0.1408064365386963
0.0
0.685370922088623
0.06446564197540283
-0.08312654495239258
0.22902250289916992
0.4342944622039795
0.10518074035644531
-0.4444732666015625
-0.11196660995483398
0.5496540069580078
0.1696462631225586
0.9245723485946655
0.12384200096130371
0.6955498456954956
0.32572078704833984
0.8923394680023193
-0.2408977746963501
0.3647395372390747
0.7125144004821777
0.17643225193023682
0.3155421018600464
0.6701028347015381
0.3392925262451172
0.0424116849899292
0.7226930856704712
0.11196649074554443
0.33250677585601807
0.4665273427963257
0.12893128395080566
-0.21036148071289062
0.0848231315612793
-0.07125139236450195
0.06785845756530762
0.01696455478668213
0.29688096046447754
-0.26804113388061523
0.3240244388580322
0.5886726379394531
0.7226932048797607
-0.05767977237701416
0.013571858406066895
0.4139370918273926
-0.09160900115966797
0.25446951389312744
0.7396576404571533
0.3002740144729614
0.24768352508544922
0.13571703433990479
0.22054016590118408
0.6276912689208984
0.23750483989715576
-0.5055460929870605
-0.10518074035644531
0.6005477905273438
0.1085735559463501
-0.38170409202575684
-0.16286039352416992
-0.4003652334213257
0.20357561111450195
-0.07294797897338867
-0.05767977237701416
0.39866888523101807
-0.15946745872497559
0.2968810796737671
-0.09330546855926514
-0.022053956985473633
0.1323239803314209
-0.09669852256774902
-0.06107282638549805
0.4342944622039795
-0.15098512172698975
0.35795366764068604
-0.06446564197540283
0.11705601215362549
0.26973748207092285
0.1560746431350708
-0.5140280723571777
0.11705589294433594
0.6989427804946899
0.39188289642333984
0.45295560359954834
1.262168288230896
0.2900952100753784
-0.1408064365386963
-0.3596501350402832
0.16286039352416992
0.03392922878265381
0.2646481990814209
-0.15268158912658691
-0.36473941802978516
0.24768364429473877
0.24429059028625488
0.05428659915924072
0.030536293983459473
0.1136629581451416
-0.5530468225479126
0.5462610721588135
-0.06276905536651611
0.11535942554473877
0.27143430709838867
0.4648308753967285
-0.12723469734191895
-0.01696467399597168
0.34438180923461914
0.3867933750152588
-0.13571691513061523
0.037322282791137695
0.2544693946838379
-0.061072468757629395
0.0848231315612793
0.6276910305023193
0.04750096797943115
0.29348814487457275
-0.45125913619995117
0.16286039352416992
0.5564398765563965
-0.16964614391326904
0.2493799924850464
0.29009509086608887
0.5632257461547852
-0.16286039352416992
-0.04241132736206055
0.35625720024108887
-0.1933966875076294
0.5123317241668701
-0.3426854610443115
0.12553822994232178
0.22732603549957275
0.06446564197540283
0.7430505752563477
0.11027002334594727
0.48518848419189453
0.2883986234664917
-0.8380526900291443
0.36304306983947754
0.2833092212677002
-0.06276905536651611
-0.3019704818725586
0.2273259162902832
0.4088475704193115
0.20866501331329346
0.5225106477737427
0.32741737365722656
0.05767977237701416
0.6565309762954712
0.5717079639434814
0.48179543018341064
0.26804113388061523
0.4410802125930786
0.1509852409362793
-0.3426854610443115
0.8193916082382202
0.28500592708587646
0.29009509086608887
0.1662534475326538
-0.3223278522491455
0.20018267631530762
0.3952758312225342
0.19170010089874268
0.26125526428222656
0.49197423458099365
0.4784024953842163
-0.20018267631530762
-0.027143239974975586
0.3664358854293823
-0.05428671836853027
-0.04919743537902832
-0.003392934799194336
0.08821606636047363
0.45974135398864746
0.6022442579269409
-0.05089390277862549
0.8210879564285278
0.07125163078308105
0.9771625995635986
0.5242069959640503
0.2680412530899048
0.11875247955322266
-0.030536413192749023
-0.18321800231933594
-0.020357608795166016
1.1468089818954468
0.12723469734191895
0.7260860204696655
0.2680410146713257
0.19678986072540283
0.2765235900878906
0.33759617805480957
0.36304306983947754
0.1713428497314453
0.08821606636047363
-0.3783111572265625
-0.003392934799194336
-0.2748270034790039
1.0009130239486694
0.3901864290237427
1.143416166305542
0.38849008083343506
0.8109092712402344
1.1213619709014893
0.5394752025604248
-0.5191177129745483
0.06955492496490479
-0.31045281887054443
-0.2748270034790039
0.7125142812728882
-0.0950019359588623
0.48179543018341064
0.5072425603866577
0.6870675086975098
0.276523232460022
-0.07973384857177734
-0.2917916774749756
0.46483075618743896
0.2544693946838379
0.06785845756530762
0.25446951389312744
0.6107267141342163
0.3053632974624634
-0.08651947975158691
0.19339680671691895
0.7023354768753052
0.1509852409362793
-0.21120977401733398
0.21714723110198975
0.4987601041793823
-0.010178804397583008
0.6276912689208984
0.09839487075805664
0.24429070949554443
0.3867936134338379
0.5157246589660645
0.28500568866729736
-0.352864146232605
0.6209052801132202
0.8550173044204712
0.066162109375
-0.18661093711853027
-0.525903582572937
0.06785857677459717
0.1696462631225586
0.09839487075805664
0.720996618270874
-0.15946757793426514
0.11027026176452637
0.13910996913909912
0.6276911497116089
-0.5072424411773682
0.3257206678390503
0.11027014255523682
0.2951846122741699
0.21036148071289062
-0.044108033180236816
0.3460785150527954
0.27143406867980957
0.6785850524902344
0.4750094413757324
0.22393298149108887
0.843142032623291
0.8414456844329834
0.21884357929229736
0.04241156578063965
0.7193002700805664
0.6667098999023438
0.00848245620727539
0.40375828742980957
0.6344772577285767
0.9737697839736938
0.3409891128540039
0.3002738952636719
0.044108033180236816
0.01696455478668213
-0.14250272512435913
0.29348814487457275
0.8804641962051392
-0.4258122444152832
0.1323239803314209
-0.07803726196289062
0.44956278800964355
0.5123318433761597
-0.17303919792175293
0.7752835750579834
0.43429434299468994
0.24089789390563965
0.2307189702987671
0.24768364429473877
-0.1289311647415161
0.26804113388061523
0.47161662578582764
0.2578623294830322
-0.03392934799194336
-0.03901875019073486
0.38509702682495117
-0.30536317825317383
0.21036136150360107
-0.020357608795166016
0.07634091377258301
0.3274174928665161
0.6005477905273438
0.4750096797943115
0.4376875162124634
0.317238450050354
0.05428671836853027
0.13741350173950195
0.6616204977035522
-0.05428671836853027
-0.044108033180236816
-0.01696467399597168
0.6565310955047607
0.09669840335845947
-0.383400559425354
0.14589571952819824
-0.3019704818725586
0.2595587968826294
0.29518449306488037
0.49876004457473755
0.8550171852111816
0.18661093711853027
0.2748270034790039
0.5835831165313721
0.03223276138305664
0.24598705768585205
0.4614379405975342
0.4122403860092163
0.13741350173950195
0.11196649074554443
0.373221755027771
0.42750871181488037
0.16625332832336426
0.6344770193099976
-0.27143406867980957
0.32911384105682373
0.45974159240722656
0.7803728580474854
0.15268170833587646
0.2968810796737671
0.23750483989715576
0.7837657928466797
0.1900038719177246
0.6259946823120117
0.14928853511810303
-0.005089282989501953
-0.10009133815765381
-0.020357608795166016
-0.1798250675201416
0.05598342418670654
0.49706363677978516
-0.020357608795166016
-0.4648308753967285
0.1747356653213501
0.4767061471939087
0.24429059028625488
0.1458958387374878
0.01696467399597168
0.7159073352813721
0.0950019359588623
0.20187902450561523
0.20696842670440674
0.40375816822052
0.40375816822052
-0.15268158912658691
-0.3206315040588379
0.35965025424957275
0.1509852409362793
0.2578623294830322
0.641262948513031
0.48349201679229736
0.7057285308837891
0.520814061164856
-0.2375047206878662
0.21036136150360107
-0.1136629581451416
0.6514416933059692
0.408847451210022
0.188307523727417
0.003392934799194336
0.43429434299468994
0.15946745872497559
-0.1323239803314209
0.21036136150360107
0.6717993021011353
0.13741350173950195
-0.9432333707809448
0.5377788543701172
0.67519211769104
-0.4631342887878418
-0.3189350366592407
0.787158727645874
0.6242983341217041
0.770194411277771
0.2273259162902832
0.9737695455551147
0.6378699541091919
0.1900038719177246
-0.1713428497314453
0.2035754919052124
0.7125144004821777
0.05428671836853027
0.43090152740478516
-0.006785750389099121
0.5004565715789795
-0.006785869598388672
0.022054076194763184
0.3358997106552124
0.6853710412979126
-0.5377788543701172
1.1468091011047363
0.07464432716369629
-0.2561659812927246
-0.027143478393554688
0.41054391860961914
0.32911384105682373
-1.1773452758789062
0.15268170833587646
1.0229671001434326
0.9517155885696411
0.413936972618103
0.3664358854293823
0.14759230613708496
0.09330546855926514
0.0
0.48858141899108887
0.2883986234664917
0.22054028511047363
0.848231315612793
-0.22732603549957275
-0.09839487075805664
0.05767965316772461
-0.9432333707809448
0.13402056694030762
0.6616206169128418
0.17643213272094727
0.5292963981628418
-0.30197036266326904
0.5801904201507568
0.2307189702987671
0.28839850425720215
0.030536293983459473
0.7057286500930786
0.15607452392578125
0.23071885108947754
0.33759617805480957
0.006785750389099121
0.3664360046386719
-0.40375816822052
0.25446951389312744
0.6446558237075806
0.45804476737976074
0.5801903009414673
0.030536413192749023
0.03392958641052246
-0.09839487075805664
-0.03223276138305664
0.5937620401382446
0.045804500579833984
-0.12893104553222656
-0.09839487075805664
0.02375054359436035
0.23071908950805664
-0.030536413192749023
0.629387617111206
-0.028839826583862305
0.037322163581848145
0.7634084224700928
0.04071497917175293
0.6497452259063721
-0.34607839584350586
0.7362648248672485
-0.19170022010803223
-0.23411178588867188
0.6276912689208984
0.27143406867980957
0.06446564197540283
-0.0848231315612793
-0.21545076370239258
0.22902250289916992
-0.41224050521850586
0.2646481990814209
0.5428680181503296
-0.17643225193023682
0.24768364429473877
0.6853710412979126
0.3732219934463501
-0.03392922878265381
0.11196660995483398
0.6276915073394775
0.0848231315612793
0.5326894521713257
0.23411190509796143
-0.21884369850158691
-0.33589959144592285
-0.0237504243850708
0.07634079456329346
0.3002738952636719
-0.006785869598388672
0.15437817573547363
0.35286426544189453
0.35965001583099365
0.1900038719177246
0.7193002700805664
0.5971548557281494
0.7125142812728882
-0.06955504417419434
0.7396577596664429
0.2951846122741699
0.39527595043182373
0.43768739700317383
-0.12044882774353027
0.534386157989502
0.383400559425354
-0.6158159971237183
0.3189350366592407
0.04919731616973877
0.3223278522491455
0.36982882022857666
0.5852797031402588
-0.29179155826568604
1.1315407752990723
0.07803726196289062
0.34607839584350586
0.5225105285644531
-0.13910996913909912
0.19339680671691895
0.5021529197692871
-0.09160900115966797
0.6921567916870117
0.006785750389099121
0.13571703433990479
-0.25107669830322266
0.24429059028625488
0.5191175937652588
0.3325066566467285
0.6751922369003296
0.35965025424957275
0.7532294988632202
0.3800077438354492
0.19000375270843506
0.43429458141326904
0.3596501350402832
0.013571739196777344
0.31384551525115967
0.1849144697189331
0.4003652334213257
0.383400559425354
0.5360822677612305
1.0212703943252563
-0.04410815238952637
-0.32741737365722656
0.5598325729370117
1.623515009880066
0.08312678337097168
0.16286051273345947
0.5089387893676758
0.4071509838104248
0.6141195297241211
0.2663447856903076
0.022053956985473633
0.6005479097366333
0.13232409954071045
0.20696842670440674
-0.30875635147094727
0.09500205516815186
-0.4003652334213257
0.530992865562439
0.2510765790939331
0.6989426612854004
0.5513503551483154
0.1662534475326538
-0.15268146991729736
-0.22732603549957275
-0.6344770193099976
0.8448385000228882
0.27821993827819824
0.29857754707336426
0.45125889778137207
0.5326893329620361
-0.14589571952819824
1.01278817653656
-0.6938531398773193
0.10857367515563965
-0.07464444637298584
0.5038495063781738
0.3409891128540039
0.24429059028625488
0.29179179668426514
0.1984860897064209
0.4987601041793823
0.8634997606277466
0.3291137218475342
-0.8109093904495239
0.22054028511047363
-0.010178804397583008
0.6276912689208984
0.2917916774749756
0.383400559425354
-0.14250290393829346
0.42581212520599365
1.0857362747192383
-0.08143019676208496
0.14928877353668213
0.33929240703582764
0.2850058078765869
-0.027143359184265137
0.5496541261672974
0.4275085926055908
0.20527184009552002
1.0246636867523193
0.33250677585601807
-0.030536413192749023
0.46822381019592285
0.35625720024108887
-0.39357948303222656
0.1458958387374878
0.9652872085571289
0.3800075054168701
-0.1900038719177246
0.21375441551208496
0.33589959144592285
-0.10348427295684814
-0.020357370376586914
0.6192089319229126
0.7905515432357788
0.09500181674957275
0.05428671836853027
0.5394753217697144
0.13571703433990479
0.4376875162124634
0.05767977237701416
0.5394752025604248
0.06785857677459717
-0.010178804397583008
0.15946745872497559
0.3884899616241455
0.38849008083343506
0.17303919792175293
0.9601980447769165
0.06785845756530762
0.09160900115966797
0.9771628379821777
-0.23071885108947754
0.5937621593475342
0.22223663330078125
0.23071908950805664
1.2587754726409912
-0.18661093711853027
0.7752834558486938
0.49536728858947754
0.5988514423370361
0.3392925262451172
-0.6565310955047607
0.9211792945861816
0.9110006093978882
-0.6158159971237183
0.35625720024108887
0.9364476203918457
-0.19848620891571045
-0.14250290393829346
0.7837657928466797
0.06785845756530762
0.08312678337097168
0.31723856925964355
0.15268158912658691
0.32572078704833984
-0.10857367515563965
0.46143782138824463
-0.018661141395568848
0.4987601041793823
0.11196660995483398
0.6989426612854004
0.5089389085769653
-0.08821606636047363
-0.40375816822052
0.4682236909866333
-0.0712515115737915
0.7701941728591919
0.4546520709991455
0.20527207851409912
0.2578623294830322
0.11535942554473877
0.6344772577285767
0.5700113773345947
-0.0899125337600708
0.4716167449951172
0.24768364429473877
0.4885812997817993
0.27482712268829346
0.03392910957336426
0.485188364982605
0.35625720024108887
0.2816128730773926
0.5021532773971558
0.3545607328414917
0.3867936134338379
0.4342944622039795
0.33081018924713135
0.35286426544189453
1.302883505821228
0.5734046697616577
0.38849008083343506
0.030536413192749023
0.6209053993225098
-0.3664358854293823
-0.16286051273345947
0.2680410146713257
0.34607839584350586
0.8923395872116089
0.7176036834716797
0.6785851716995239
-0.19000375270843506
0.10857367515563965
0.37322187423706055
0.0712515115737915
-0.39018648862838745
1.0925220251083374
0.2358083724975586
-0.3189350366592407
0.38509702682495117
0.6259945631027222
0.3426854610443115
-0.47331321239471436
-0.06276905536651611
-0.16625332832336426
-0.1883072853088379
1.0229671001434326
0.26125526428222656
0.7328721284866333
-0.19339680671691895
0.20696842670440674
0.3562573194503784
0.3511676788330078
0.35286450386047363
-0.23241543769836426
0.3850972652435303
0.3155420422554016
0.46143782138824463
0.08821606636047363
0.5225106477737427
0.3884899616241455
0.1289311647415161
0.5734044313430786
0.31893491744995117
0.05598330497741699
0.3494713306427002
0.03223276138305664
0.030536293983459473
0.49197423458099365
0.30366694927215576
0.10178780555725098
0.13910984992980957
0.19000375270843506
0.27482688426971436
0.11705589294433594
-0.13402044773101807
0.09839487075805664
0.617512583732605
0.1713428497314453
-0.5021529197692871
0.3189350366592407
-0.14928877353668213
0.3664358854293823
0.1662534475326538
0.571708083152771
-0.33929240703582764
0.07803726196289062
0.5123318433761597
-0.0950019359588623
-0.4003652334213257
-0.05428671836853027
0.24089765548706055
0.11875247955322266
0.4800992012023926
-0.6446559429168701
0.15607452392578125
0.8533209562301636
0.2731306552886963
-0.3070598840713501
-0.2273259162902832
0.6141195297241211
-0.030536413192749023
0.41563332080841064
0.11535942554473877
0.23411190509796143
0.2646481990814209
-0.020357608795166016
0.6107265949249268
-1.0246635675430298
0.5462609529495239
-0.003392934799194336
0.4003652334213257
0.5462609529495239
0.459741473197937
-0.08821606636047363
0.4800988435745239
0.5818867683410645
0.39697229862213135
-0.05767977237701416
-0.12553822994232178
0.5784937143325806
0.9177863597869873
0.6514415740966797
-0.5801901817321777
-0.07973372936248779
0.5292963981628418
0.42920517921447754
0.2697376012802124
0.35625720024108887
0.4970637559890747
0.7668012380599976
0.07464432716369629
0.3477749824523926
0.30875611305236816
0.6412631273269653
0.19678986072540283
0.4512592554092407
-0.1289311647415161
-0.26295197010040283
-0.12214541435241699
0.5903691053390503
-0.054286837577819824
0.4444732666015625
1.1094865798950195
-0.46143782138824463
0.0
0.3240244388580322
0.29518449306488037
0.12723469734191895
-0.3121492862701416
-0.08651971817016602
0.7142109870910645
0.39527571201324463
-0.044108033180236816
0.1849144697189331
-0.2816128730773926
0.08821618556976318
0.5428680181503296
0.9228758811950684
0.19678962230682373
0.4648308753967285
0.2408977746963501
-0.22902250289916992
0.8414456844329834
0.13232409954071045
0.10178780555725098
0.475009560585022
0.15946745872497559
-0.01696479320526123
0.4478660821914673
0.35625720024108887
0.5852798223495483
-0.006785869598388672
0.5700114965438843
0.4648308753967285
0.7193001508712769
0.3223278522491455
0.7345685958862305
1.1094865798950195
0.7634084224700928
0.2714341878890991
0.19339656829833984
0.8109090328216553
0.19339680671691895
0.756622314453125
0.46992027759552
-0.006785869598388672
-0.1713426113128662
-0.22393310070037842
0.53947514295578
0.30197036266326904
0.10009133815765381
-0.32911378145217896
0.30536317825317383
0.14419937133789062
-0.1900038719177246
0.18661093711853027
0.09839475154876709
0.3596501350402832
0.3460782766342163
0.24429070949554443
0.16286039352416992
0.3392925262451172
0.556439995765686
-0.4987601041793823
0.720996618270874
0.39697229862213135
0.4342944622039795
0.20187914371490479
-0.13741350173950195
-0.26804113388061523
0.3189350366592407
0.07803726196289062
0.9517158269882202
0.5683151483535767
0.5937619209289551
0.36304306983947754
0.24259412288665771
0.2171471118927002
0.15777111053466797
0.6175124645233154
-0.22732603549957275
0.5632257461547852
0.14928877353668213
0.6955498456954956
0.7193002700805664
0.3325066566467285
0.6056373119354248
0.25107645988464355
0.2748270034790039
0.281612753868103
0.38000762462615967
-0.22054016590118408
-0.08991265296936035
0.24429059028625488
0.6785850524902344
-0.08821606636047363
0.42581212520599365
-0.49536705017089844
-0.32232773303985596
0.566618800163269
0.7260860204696655
0.19678962230682373
0.1798250675201416
0.08143019676208496
0.24768352508544922
0.13910984992980957
0.45804500579833984
0.5242069959640503
0.5869760513305664
0.53608238697052
0.12893128395080566
-0.44956278800964355
0.7362648248672485
0.19170022010803223
0.4902777671813965
0.3664360046386719
0.4631345272064209
0.8312668800354004
-0.25955891609191895
-0.1560746431350708
0.18661093711853027
0.3426854610443115
0.2782198190689087
0.5123318433761597
0.006785750389099121
0.1289311647415161
0.27143430709838867
0.25446951389312744
-0.11875247955322266
-0.22732603549957275
0.054286956787109375
0.3358997106552124
0.0
0.06955492496490479
-0.29518449306488037
0.16286039352416992
0.505545973777771
0.19339680671691895
0.1933966875076294
-0.1458958387374878
-0.16286051273345947
1.3368128538131714
0.9194830656051636
-0.29179155826568604
0.07803726196289062
-0.37322187423706055
-0.20527207851409912
0.14589571952819824
0.8974289894104004
-0.4410802125930786
0.027143478393554688
0.5140281915664673
-0.2595587968826294
0.3206315040588379
0.2544693946838379
0.30197036266326904
0.11196660995483398
-0.1560746431350708
0.24429070949554443
0.49197423458099365
0.6361737251281738
1.0229671001434326
-0.1560746431350708
-0.1696462631225586
0.6616203784942627
-0.5275999307632446
-0.485188364982605
1.0348421335220337
0.576797366142273
0.7057285308837891
0.09669828414916992
-0.04071509838104248
0.32572102546691895
0.3036668300628662
0.8244807720184326
0.07803726196289062
-0.4648308753967285
0.3494713306427002
0.3800077438354492
0.43768739700317383
0.7311756610870361
0.3562573194503784
0.21036148071289062
-0.05089390277862549
-0.1408064365386963
0.40715110301971436
-0.10178780555725098
-0.0712515115737915
-0.11535942554473877
0.6073336601257324
0.20527207851409912
0.0
0.7939447164535522
0.22054004669189453
0.003392934799194336
-0.14080655574798584
0.37322163581848145
-0.08143019676208496
-0.19339680671691895
-0.22393310070037842
0.26634466648101807
0.2307189702987671
0.6887638568878174
0.6616206169128418
0.05767977237701416
-0.14928877353668213
-0.2850058078765869
0.6514419317245483
0.3409891128540039
0.33420324325561523
-0.03901875019073486
0.05428671836853027
0.17643201351165771
-0.2035754919052124
0.296880841255188
0.09330546855926514
0.48179543018341064
0.4885812997817993
0.31214916706085205
0.7125145196914673
0.6344771385192871
0.20696842670440674
0.5394748449325562
0.48858141899108887
0.41054391860961914
0.1696462631225586
0.18830740451812744
0.3630431890487671
0.15946757793426514
-0.05767977237701416
0.13571691513061523
0.6887639760971069
0.413936972618103
0.027143478393554688
-0.20018243789672852
-0.21714723110198975
-0.07294785976409912
0.46313440799713135
0.7396577596664429
0.5835833549499512
0.1798250675201416
0.47331321239471436
0.3681323528289795
0.06785833835601807
0.4750096797943115
0.4003652334213257
-0.01696455478668213
0.42072272300720215
-0.2086646556854248
0.5751010179519653
0.6141195297241211
0.3104526996612549
0.5632257461547852
0.00848233699798584
-0.1933966875076294
-0.28500568866729736
0.6819781064987183
0.5564398765563965
-0.1187523603439331
0.7226929664611816
0.2578622102737427
-0.06446552276611328
-0.061072707176208496
-0.04919755458831787
0.4682239294052124
0.648048996925354
0.9042147397994995
-0.17643213272094727
0.19339680671691895
-0.05428671836853027
0.22054016590118408
-0.19509315490722656
0.020357608795166016
-0.12893128395080566
0.0
-0.5700113773345947
0.4173297882080078
0.2273259162902832
0.5564398765563965
0.19678974151611328
0.17982518672943115
0.13571739196777344
0.11875247955322266
0.006785869598388672
0.4750096797943115
0.6514418125152588
0.18321800231933594
-0.10009133815765381
-0.40715116262435913
0.4410802125930786
0.8601068258285522
-0.22562944889068604
-0.02375054359436035
0.2595587968826294
-0.16286051273345947
0.16286063194274902
1.0382351875305176
-0.17303919792175293
0.5259037017822266
-0.044108033180236816
0.19339680671691895
0.09160900115966797
-0.3664360046386719
0.12553822994232178
0.24429070949554443
0.2578622102737427
0.4342944622039795
0.8210879564285278
-0.030536413192749023
0.7328718900680542
-0.07973384857177734
0.12214541435241699
-0.39866864681243896
0.5157245397567749
1.528512954711914
0.6039408445358276
-0.5734044313430786
-0.10178780555725098
0.38340067863464355
0.35456085205078125
0.2459871768951416
0.24768364429473877
0.12044882774353027
-0.11875247955322266
0.6276912689208984
0.06785845756530762
-0.4987602233886719
-0.07973361015319824
0.32911384105682373
0.11535942554473877
1.0433248281478882
0.11535954475402832
0.787158727645874
0.4987599849700928
0.4750097990036011
0.2883986234664917
0.3766148090362549
0.3664358854293823
0.10518062114715576
0.40715110301971436
0.5598326921463013
0.1662534475326538
0.9059112071990967
0.5394753217697144
-0.23411190509796143
-0.05937612056732178
0.03392910957336426
0.3681323528289795
0.10178780555725098
0.29518449306488037
0.563225507736206
0.2375047206878662
-0.02544701099395752
0.393579363822937
1.0348422527313232
0.3460782766342163
0.17303919792175293
0.3206315040588379
0.24768376350402832
0.5462610721588135
-0.10178756713867188
-0.2748270034790039
0.4325978755950928
-0.08821594715118408
0.2782198190689087
-0.21714723110198975
-0.1900038719177246
-0.11705613136291504
0.7735871076583862
0.06785833835601807
-0.1458958387374878
0.16625332832336426
0.18152153491973877
0.34947121143341064
0.20187902450561523
0.3766148090362549
-0.281612753868103
0.2748270034790039
0.142503023147583
0.4258122444152832
-0.10178768634796143
0.7057285904884338
0.11366307735443115
-0.030536293983459473
0.9228756427764893
0.020357489585876465
-0.05598330497741699
0.6514418125152588
0.23920118808746338
0.5021529197692871
0.7701940536499023
-0.27822017669677734
0.2850058078765869
-0.12893128395080566
0.2850058078765869
0.5021531581878662
0.25446951389312744
0.14419937133789062
-0.4563486576080322
0.6344771385192871
0.48349201679229736
-0.027143478393554688
-0.48349177837371826
0.5937620401382446
0.09839487075805664
0.5292963981628418
0.030536413192749023
0.05089390277862549
0.01696467399597168
0.2731304168701172
0.09160900115966797
0.01696455478668213
0.2561659812927246
0.37491822242736816
0.14928877353668213
0.439383864402771
0.3867936134338379
0.2765234708786011
-0.0848231315612793
0.23071908950805664
-0.2035754919052124
-0.07803726196289062
0.48179543018341064
0.9211795330047607
0.4410802125930786
-0.24768352508544922
0.5632256269454956
0.09160888195037842
-0.33589959144592285
-0.13571703433990479
0.6785852909088135
0.8889466524124146
0.00848233699798584
0.2951846122741699
-0.15777111053466797
-0.21036148071289062
-0.11705589294433594
0.6090302467346191
-0.2120577096939087
-0.1187523603439331
0.20357561111450195
0.7159073352813721
0.5225106477737427
0.3986687660217285
0.2408977746963501
-0.3036668300628662
0.4546520709991455
0.4987601041793823
0.38340067863464355
0.42750847339630127
0.3952758312225342
0.4580448865890503
0.28500568866729736
-0.8058198690414429
0.45804500579833984
0.2358083724975586
0.2883986234664917
0.01696467399597168
0.5462610125541687
0.6446558237075806
0.08651971817016602
0.33589959144592285
0.2035754919052124
0.5598328113555908
0.14928877353668213
-0.4699200391769409
-0.22054016590118408
0.14250290393829346
0.16794979572296143
0.09160900115966797
0.14419937133789062
0.3053632974624634
1.033145785331726
-0.5462610721588135
0.3494713306427002
0.04071509838104248
0.020357728004455566
0.4529557228088379
0.30536317825317383
0.6276911497116089
0.6548346281051636
-0.5089389085769653
0.022054076194763184
1.3622596263885498
0.11705589294433594
0.16455698013305664
0.4071509838104248
0.6378699541091919
-0.04750096797943115
0.26295149326324463
-0.34607839584350586
-0.36982905864715576
0.4563484191894531
0.3426854610443115
-0.15268158912658691
0.3155421018600464
0.09160900115966797
0.3630431890487671
0.5971550941467285
-0.1560746431350708
0.1085735559463501
0.037322044372558594
0.1374136209487915
1.1162728071212769
0.3053635358810425
0.8448383808135986
0.2137542963027954
1.123058557510376
-0.544564962387085
0.6616206169128418
0.2917916774749756
0.22732603549957275
0.27313053607940674
0.8685888051986694
-0.4410804510116577
0.5191174745559692
-0.2375047206878662
0.07803726196289062
-0.31723856925964355
0.1408064365386963
-0.26973772048950195
0.32232797145843506
0.3867936134338379
0.2951846122741699
0.2782198190689087
0.2375047206878662
0.09330546855926514
0.5225105285644531
-0.22393298149108887
-0.09839487075805664
-0.0848231315612793
-0.05089378356933594
-0.14928877353668213
1.1179691553115845
-0.17812848091125488
0.1933966875076294
0.3664361238479614
-0.1136629581451416
-0.2544693946838379
0.5734044313430786
0.21205782890319824
0.3596501350402832
0.020357608795166016
0.07803726196289062
0.2324153184890747
-0.10687720775604248
0.18491458892822266
0.29857730865478516
0.29857730865478516
0.20696842670440674
-0.4902777671813965
0.38170409202575684
0.1136629581451416
-0.020357489585876465
0.07125139236450195
0.037322163581848145
0.21545076370239258
-0.08143019676208496
0.16625332832336426
-0.12553822994232178
0.7498364448547363
-0.037322163581848145
0.030536293983459473
0.36134660243988037
-0.05089378356933594
-0.03901863098144531
0.26973748207092285
0.22054016590118408
0.28839874267578125
0.4750096797943115
0.08143019676208496
-0.6751922369003296
0.2086648941040039
0.14250290393829346
0.7142107486724854
0.7532294988632202
-0.01696467399597168
0.0
0.07973384857177734
0.22393310070037842
0.1458958387374878
0.2171473503112793
0.06446552276611328
-0.5377788543701172
-0.08821606636047363
0.24938011169433594
0.037322163581848145
-0.010178685188293457
1.077253818511963
-0.4885812997817993
0.13910996913909912
-0.10178780555725098
-0.061072707176208496
0.42750871181488037
-0.24768352508544922
0.7125144004821777
0.38509702682495117
-0.24429059028625488
-0.02544689178466797
0.2358083724975586
0.33929264545440674
0.9415370225906372
-0.1798250675201416
-0.07125139236450195
0.26125526428222656
0.4444732666015625
0.26464831829071045
0.5292965173721313
-1.0772539377212524
-0.2850058078765869
0.45804500579833984
-0.0712515115737915
0.7600152492523193
0.1187523603439331
-0.2069683074951172
0.020357370376586914
0.24768340587615967
-0.0950019359588623
0.5479575395584106
0.4173297882080078
0.2544693946838379
0.6124230623245239
0.15268158912658691
0.5428681373596191
0.6107264757156372
0.6378703117370605
0.5021529197692871
0.7396578788757324
0.17643201351165771
0.1289311647415161
0.44786620140075684
0.3969721794128418
0.20018255710601807
-0.12214553356170654
0.40375816822052
0.5869760513305664
0.5055458545684814
0.4987599849700928
0.3392925262451172
0.7803729772567749
0.42920517921447754
0.6701028347015381
0.34607839584350586
-0.27482688426971436
0.3935796022415161
-0.20018267631530762
0.7226929664611816
-0.04071509838104248
0.02544701099395752
0.34607839584350586
0.3664358854293823
0.36813223361968994
-0.26125526428222656
0.6073336601257324
-0.04750096797943115
0.6344771385192871
-0.2697376012802124
-0.15946745872497559
0.46143782138824463
0.052590370178222656
0.09160900115966797
0.54286789894104
0.6548347473144531
0.45125913619995117
0.40036535263061523
0.8210880756378174
-0.19339680671691895
-0.9059113264083862
-0.030536293983459473
0.2035754919052124
0.6141194105148315
0.0950019359588623
0.41732990741729736
-0.003392934799194336
0.044108033180236816
-0.7243895530700684
-0.05089402198791504
0.2765235900878906
0.4546520709991455
-0.18152153491973877
0.46822357177734375
0.5581362247467041
-0.1645568609237671
0.2629516124725342
0.2358083724975586
-0.296880841255188
0.18321800231933594
0.2765235900878906
0.2408977746963501
-0.045804500579833984
0.6785851716995239
0.3664360046386719
-0.18491458892822266
0.4325979948043823
0.27143394947052
0.16794991493225098
0.24429070949554443
0.7057285308837891
0.4750097990036011
0.5852795839309692
0.43938398361206055
0.36982905864715576
0.5072425603866577
0.7990339994430542
0.2544693946838379
0.40375828742980957
0.729479193687439
-0.5140283107757568
0.6514419317245483
0.054286956787109375
0.08143019676208496
0.003392934799194336
0.43768739700317383
0.6141196489334106
0.0237504243850708
0.06955504417419434
0.013571739196777344
0.04071509838104248
0.22393298149108887
0.3358997106552124
0.12553822994232178
0.352864146232605
0.34607839584350586
0.12553811073303223
0.061072587966918945
0.2544693946838379
0.2035754919052124
0.04410815238952637
0.26464831829071045
0.5038496255874634
0.13571715354919434
0.42411577701568604
0.4139368534088135
0.3325066566467285
0.8923395872116089
-0.1187523603439331
0.9262685775756836
0.1696462631225586
0.4359908103942871
0.7311755418777466
0.4885812997817993
0.4224191904067993
0.5496540069580078
0.18321800231933594
0.006785869598388672
0.27313053607940674
0.2358083724975586
0.2799164056777954
0.4817953109741211
0.28839874267578125
0.20696842670440674
-0.09160900115966797
0.48518848419189453
0.5530469417572021
0.7159072160720825
0.3477749824523926
0.020357370376586914
0.7803728580474854
0.006785869598388672
0.9737695455551147
0.49536705017089844
0.0899125337600708
0.3409888744354248
-0.006785869598388672
0.08482325077056885
0.3291137218475342
0.5021530389785767
0.2765234708786011
0.4139370918273926
0.4512590169906616
0.5564398765563965
-0.1560746431350708
0.3596501350402832
0.6293877363204956
0.06785845756530762
-0.05768001079559326
0.4427766799926758
0.44108033180236816
0.6107264757156372
0.0848231315612793
0.19678974151611328
0.15946745872497559
0.5326893329620361
0.17643213272094727
0.1458958387374878
0.6310842037200928
-0.14928865432739258
0.6022443771362305
0.46483075618743896
-0.005089402198791504
0.3121492862701416
0.5276000499725342
0.4444732666015625
-0.5734044313430786
-0.3070598840713501
0.6785851716995239
-0.006785869598388672
0.08482325077056885
0.48518848419189453
-0.08991241455078125
0.7854621410369873
-0.2816128730773926
0.35286426544189453
-0.29179155826568604
-0.11196649074554443
0.22393298149108887
-0.03562581539154053
0.505545973777771
-0.020357608795166016
-0.22562944889068604
0.2765235900878906
-0.18661081790924072
-0.4817953109741211
0.16625332832336426
0.21714723110198975
0.7159073352813721
0.13910996913909912
-0.3087562322616577
0.6005479097366333
0.5462609529495239
0.19848620891571045
0.13232409954071045
0.6514418125152588
0.8159985542297363
0.551350474357605
-0.08821606636047363
0.5038493871688843
0.054286837577819824
-0.09160900115966797
0.3257209062576294
0.32572078704833984
0.5004564523696899
0.5191175937652588
-0.1323239803314209
0.5004565715789795
0.1798250675201416
0.32572078704833984
0.36813247203826904
0.03392934799194336
0.6514416933059692
0.7057285308837891
-0.0848231315612793
0.1696462631225586
-0.07464432716369629
0.4105440378189087
-0.43090152740478516
0.33250653743743896
0.26125526428222656
0.3325066566467285
0.48858118057250977
0.43768739700317383
-0.32572078704833984
0.40375804901123047
-0.12044882774353027
-0.4512592554092407
0.1560746431350708
0.30875635147094727
0.6650134325027466
0.46992015838623047
0.25446951389312744
0.4784024953842163
0.2883986234664917
0.3918827772140503
-0.12553822994232178
0.3121490478515625
0.04071497917175293
0.08651947975158691
0.47670602798461914
-0.30875635147094727
0.33420324325561523
-0.327417254447937
-0.1696462631225586
0.48858118057250977
0.6412630081176758
0.020357608795166016
0.520814061164856
0.29179155826568604
-0.15777111053466797
0.06446552276611328
0.7532297372817993
-0.1900038719177246
-0.2069683074951172
0.07125139236450195
-0.27143406867980957
-0.08821606636047363
0.24429070949554443
-0.013571739196777344
0.7718905210494995
0.028839826583862305
0.7023355960845947
0.766801118850708
0.1696462631225586
0.8126057386398315
0.49706363677978516
0.5123318433761597
0.363042950630188
0.2375047206878662
0.08143019676208496
0.40375816822052
-0.010178923606872559
0.13232409954071045
0.33250677585601807
0.43090152740478516
0.04071509838104248
0.5784938335418701
0.28839874267578125
0.054286837577819824
0.23411202430725098
0.1798250675201416
-0.19678974151611328
-0.2375047206878662
-0.006785869598388672
-0.05767977237701416
0.10178780555725098
0.18830740451812744
-0.3019704818725586
0.29179155826568604
0.21375441551208496
0.5700114965438843
0.26464831829071045
0.24768352508544922
-0.16455698013305664
0.10518062114715576
0.8668925762176514
0.31554198265075684
0.27143406867980957
0.0475010871887207
-0.07634079456329346
0.5021530389785767
0.5666185617446899
-0.21714723110198975
0.1187523603439331
0.7583189010620117
0.13232409954071045
0.9025183916091919
-0.2748270034790039
-0.3443819284439087
0.42072272300720215
0.3087564706802368
0.31554198265075684
-0.24429059028625488
0.42072272300720215
0.33589959144592285
1.0789505243301392
0.2934880256652832
0.3070598840713501
0.5259034633636475
-0.4105440378189087
0.40715110301971436
0.32911384105682373
0.14928889274597168
-0.09839487075805664
0.3325066566467285
0.11535942554473877
-0.027143478393554688
0.42241907119750977
0.515724778175354
0.08821606636047363
0.22054004669189453
0.36134660243988037
-0.0950019359588623
0.6141194105148315
0.30875635147094727
-0.16964638233184814
0.34607839584350586
0.1798250675201416
0.6616204977035522
0.2968810796737671
0.4275085926055908
0.12553822994232178
0.39697229862213135
0.5700114965438843
0.6141196489334106
-0.17643213272094727
0.3036668300628662
0.003392934799194336
-0.17303931713104248
0.2968810796737671
0.30536341667175293
0.2493799924850464
0.2782198190689087
0.5801903009414673
0.8957325220108032
0.208665132522583
0.3189347982406616
0.18152153491973877
0.7498365640640259
0.44447314739227295
0.5564397573471069
-0.0848231315612793
1.0942184925079346
0.27821993827819824
0.020357489585876465
0.044108033180236816
-0.24429082870483398
0.03392922878265381
0.5801903009414673
-0.6141196489334106
0.45465195178985596
0.06276905536651611
0.7464436292648315
0.7634084224700928
0.04071497917175293
0.342685341835022
0.7498365640640259
-0.23411190509796143
0.7973377704620361
-0.05598330497741699
0.1798250675201416
0.6141195297241211
0.33589959144592285
0.3053632974624634
0.1034841537475586
-0.01696467399597168
0.4241156578063965
0.037322282791137695
0.3460783362388611
0.1458958387374878
0.3867936134338379
-0.04071509838104248
0.383400559425354
0.08821606636047363
0.4241156578063965
-0.05767989158630371
1.0043059587478638
0.31893491744995117
0.2459869384765625
-0.04750096797943115
-0.07294785976409912
0.4241156578063965
0.013571739196777344
0.7159073352813721
0.43599092960357666
0.08651947975158691
-0.6209055185317993
-0.2629516124725342
0.2731304168701172
0.32402467727661133
0.17303919792175293
0.14250290393829346
-0.07464420795440674
0.2307189702987671
0.5242068767547607
0.08143031597137451
0.6107265949249268
-0.03392934799194336
0.11027026176452637
0.18661093711853027
0.49706363677978516
-0.14080631732940674
0.6209055185317993
0.16286039352416992
0.13911008834838867
0.15777111053466797
1.092522144317627
-0.061072587966918945
0.1289311647415161
0.4325981140136719
0.3087562322616577
0.3121490478515625
0.044107794761657715
0.571708083152771
0.6480488777160645
0.06446564197540283
0.05767989158630371
-0.3443819284439087
-0.13910996913909912
0.27821993827819824
-0.3749183416366577
-0.08821606636047363
-0.2069683074951172
0.6514418125152588
0.5801904201507568
0.26125526428222656
0.4071512222290039
0.731175422668457
-0.8838570713996887
0.3867936134338379
0.8618031740188599
-0.07803726196289062
-0.010178565979003906
-0.6955498456954956
0.5343858003616333
-0.13571703433990479
0.12214529514312744
0.27482688426971436
1.0127884149551392
-0.08821618556976318
0.33929264545440674
0.10178768634796143
0.6684062480926514
0.3850971460342407
0.7345683574676514
0.5886725187301636
0.21375441551208496
0.45804476737976074
0.695549726486206
0.9059113264083862
0.08143031597137451
0.38509702682495117
0.6446558237075806
0.695549726486206
0.6701028347015381
0.5326893329620361
0.776979923248291
0.6175124645233154
-0.2375047206878662
0.7668011784553528
0.24429082870483398
-0.030536293983459473
0.4207226037979126
0.34438204765319824
0.3206315040588379
-0.13571715354919434
-0.044108033180236816
-0.2646481990814209
0.15268170833587646
-0.14759230613708496
0.02544689178466797
0.413936972618103
0.22393310070037842
0.23241543769836426
0.637870192527771
0.36304306983947754
0.950019359588623
0.21714723110198975
0.5089387893676758
0.1713428497314453
0.061072707176208496
1.4521721601486206
0.6446558237075806
0.27143394947052
0.4139368534088135
0.4071512222290039
1.1298441886901855
0.1645568609237671
0.03901863098144531
0.1933966875076294
-0.21714723110198975
0.2578624486923218
0.12553834915161133
0.07803726196289062
0.576797366142273
0.09160900115966797
0.44108033180236816
0.5598329305648804
-0.6548347473144531
0.21714723110198975
0.530992865562439
-0.044108033180236816
0.6344771385192871
1.1909170150756836
0.23920130729675293
-0.05598318576812744
0.5428680181503296
0.33759617805480957
0.17134273052215576
-0.35116779804229736
0.16286039352416992
0.38000762462615967
0.19170010089874268
0.010178804397583008
0.07803738117218018
0.5004565715789795
1.0687717199325562
-0.36982905864715576
0.6005477905273438
0.5598328113555908
0.27991628646850586
0.2646481990814209
0.37491822242736816
0.46822357177734375
0.07803726196289062
0.29688096046447754
0.3664360046386719
0.11196649074554443
0.2307189702987671
0.21205759048461914
0.36304306983947754
0.23580849170684814
0.13402056694030762
-0.06276917457580566
0.1900038719177246
0.45125913619995117
-0.19000399112701416
0.13910996913909912
0.33589959144592285
0.061072707176208496
0.17643213272094727
0.3664358854293823
0.39357948303222656
0.3783111572265625
0.08482301235198975
0.7260862588882446
-0.34947144985198975
-0.8567136526107788
-0.03562581539154053
0.6209053993225098
-0.5734044313430786
0.17134273052215576
0.29518449306488037
0.2748270034790039
0.7023355960845947
-0.35625725984573364
0.42411553859710693
0.028839588165283203
-0.1289311647415161
0.24429059028625488
0.6819779872894287
-0.22732603549957275
0.8482314944267273
-0.06446564197540283
0.37322187423706055
0.7294790744781494
-0.3800077438354492
0.4902777671813965
0.8651961088180542
-0.08143019676208496
0.2646481990814209
0.7871588468551636
0.7752834558486938
0.7074251174926758
0.1085735559463501
0.07634079456329346
0.5276000499725342
-0.054286837577819824
0.044107913970947266
0.30536317825317383
0.48518824577331543
0.03223276138305664
0.3223278522491455
0.24429070949554443
0.3867936134338379
0.9228757619857788
-0.18152153491973877
-0.12553834915161133
0.5920654535293579
0.13232409954071045
0.4987599849700928
-0.5530469417572021
0.06446552276611328
-0.3189350366592407
0.4936707019805908
-0.08143019676208496
0.4003652334213257
0.3850972652435303
0.19678962230682373
-0.42411577701568604
0.19339680671691895
-0.3392925262451172
-0.11535954475402832
0.8092126846313477
0.5140281915664673
0.2748270034790039
0.3664360046386719
0.12214541435241699
0.9330546855926514
-0.20018255710601807
-0.43090152740478516
0.38340044021606445
0.0661618709564209
0.7396577596664429
0.8007304668426514
0.495367169380188
0.6548346877098083
0.1662534475326538
0.6514415740966797
0.9025180339813232
0.3494713306427002
0.2595587968826294
0.15268170833587646
0.6819779872894287
-0.17643213272094727
0.31214916706085205
0.20696842670440674
0.4614379405975342
0.8651962280273438
0.38340067863464355
0.2510765790939331
0.6514419317245483
0.7973374724388123
0.48688483238220215
0.3053632974624634
0.4546520709991455
-0.003392934799194336
0.19339680671691895
0.1458958387374878
0.1289311647415161
0.18661105632781982
-0.22393310070037842
0.04750096797943115
0.5903691053390503
0.037322163581848145
0.003392934799194336
0.6276915073394775
0.30197036266326904
0.0950019359588623
0.7905516624450684
0.7939447164535522
0.2883986234664917
0.41902637481689453
0.3596501350402832
0.044108033180236816
0.6039408445358276
0.5496538877487183
0.3579535484313965
0.6684064865112305
0.515724778175354
0.3460785150527954
-0.0237504243850708
0.2917916774749756
0.25107669830322266
0.23071885108947754
0.2850058078765869
0.27143406867980957
-0.3867936134338379
0.5801901817321777
0.3664358854293823
0.35286426544189453
0.31554198265075684
0.15946733951568604
0.5852797031402588
-0.2951843738555908
0.28839874267578125
-0.02375054359436035
0.47161662578582764
0.3036668300628662
0.42072272300720215
0.6565310955047607
0.8312669992446899
0.878767728805542
0.6751923561096191
0.19339680671691895
0.49706363677978516
-0.2612553834915161
0.06785857677459717
-0.26125526428222656
-0.24768364429473877
0.49367058277130127
0.15437805652618408
-0.1900038719177246
0.37661468982696533
0.1136629581451416
0.35965001583099365
0.07464420795440674
0.09160900115966797
0.41054391860961914
-0.3002738952636719
0.4173297882080078
0.15607452392578125
0.3053632974624634
0.1696462631225586
0.10687708854675293
0.36304306983947754
-0.010178804397583008
-0.18661093711853027
0.44616973400115967
0.0237504243850708
0.6701028347015381
0.9771627187728882
0.4376875162124634
0.5191178321838379
0.5259034633636475
0.3257209062576294
0.015268087387084961
-0.2985774278640747
0.30366694927215576
0.052590370178222656
-0.2680412530899048
0.347774863243103
0.6582276821136475
-0.9228757619857788
0.1458958387374878
0.3918827772140503
0.41732990741729736
-0.637870192527771
0.0475008487701416
0.27821969985961914
0.4614378809928894
0.21205782890319824
0.14250290393829346
0.0899125337600708
0.6005480289459229
0.23411190509796143
0.3715254068374634
0.6904604434967041
0.06446552276611328
0.5191175937652588
0.12214529514312744
-0.01696467399597168
0.3325066566467285
0.8889464139938354
0.5242071151733398
0.19170022010803223
-0.08482325077056885
0.1509852409362793
1.1264511346817017
0.33589982986450195
-0.12214541435241699
0.5174211263656616
-0.4207228422164917
0.3325066566467285
0.010178804397583008
0.8516244888305664
0.06276905536651611
0.43090152740478516
0.685370922088623
0.6972461938858032
0.1289311647415161
0.48518848419189453
0.1798250675201416
0.3358997106552124
0.9958236217498779
0.3935796022415161
0.3291139602661133
0.5530469417572021
-0.0848231315612793
0.2324153184890747
0.7583189010620117
0.6548347473144531
-0.11875247955322266
-0.11535954475402832
0.11535930633544922
0.30536317825317383
-0.3257209062576294
0.09500205516815186
-0.23071885108947754
0.7447470426559448
0.4750096797943115
-0.003392934799194336
0.6209052801132202
0.3223278522491455
0.2459871768951416
0.46652746200561523
0.8193917274475098
1.1502017974853516
-0.03392922878265381
0.4478660821914673
-0.24429059028625488
0.5225106477737427
0.10518062114715576
0.11026990413665771
0.3596501350402832
0.0033930540084838867
-0.05598330497741699
0.14759230613708496
0.5360822677612305
0.17303919792175293
0.3596501350402832
0.93984055519104
0.003392934799194336
0.08143007755279541
0.9177861213684082
-0.010178923606872559
-0.2527730464935303
0.6497452259063721
0.37661468982696533
0.0763406753540039
0.637870192527771
-0.4258122444152832
0.05937612056732178
-0.37491822242736816
0.6955496072769165
0.3053632974624634
0.0
0.5920654535293579
0.31045281887054443
0.09160900115966797
0.8685890436172485
0.044108033180236816
0.32572102546691895
1.0806467533111572
-0.21884369850158691
-0.18661093711853027
-0.3766145706176758
0.7057286500930786
-0.2578623294830322
0.24429059028625488
0.1900038719177246
0.18321800231933594
-0.6175123453140259
-0.13232409954071045
0.33250677585601807
0.4461696147918701
-0.07294797897338867
0.25107645988464355
0.24259412288665771
0.08143007755279541
0.0237504243850708
-0.006785750389099121
0.3698289394378662
0.25107645988464355
0.4885812997817993
-0.020357608795166016
0.19000375270843506
-0.3138456344604492
-0.6751922369003296
0.32572078704833984
-0.1187523603439331
0.6378699541091919
-0.18321800231933594
0.31554198265075684
0.525903582572937
0.04071497917175293
0.10518074035644531
-0.5903691053390503
-0.066162109375
-0.17303931713104248
0.7430505752563477
0.18661081790924072
0.19170022010803223
-0.6955499649047852
0.7091214656829834
-0.3596501350402832
-0.054286956787109375
0.8380526304244995
0.9432332515716553
0.2171471118927002
-0.1187523603439331
-0.028839826583862305
0.5801905393600464
-0.020357489585876465
0.11196649074554443
0.4173297882080078
0.3257209062576294
0.33589959144592285
0.2578622102737427
0.2544693946838379
0.24089789390563965
0.6938533782958984
0.413936972618103
-0.08821606636047363
0.40375816822052
0.07803726196289062
0.23071885108947754
0.38000762462615967
0.3189350366592407
-0.08143019676208496
0.13910984992980957
0.5360822677612305
0.23241543769836426
0.16455698013305664
0.15607452392578125
0.3291137218475342
0.18830740451812744
0.7074251174926758
0.30536317825317383
0.09839475154876709
0.07464432716369629
0.7193002700805664
0.16794979572296143
0.23411190509796143
-0.35116779804229736
0.25955867767333984
0.2561657428741455
0.7634084224700928
-0.11875247955322266
0.020357489585876465
0.3596501350402832
-0.05767977237701416
0.254469633102417
0.45804500579833984
0.42072272300720215
-0.20527195930480957
-0.9025181531906128
-0.22393321990966797
0.14928865432739258
0.35625720024108887
0.7091214656829834
-0.24938011169433594
0.08651959896087646
0.0237504243850708
0.17643225193023682
0.35286426544189453
0.22393321990966797
0.44956254959106445
-0.08821606636047363
0.1984860897064209
0.45125913619995117
0.2883986234664917
-0.11535942554473877
-0.13910984992980957
0.15607452392578125
0.6616204977035522
-0.018661022186279297
0.3189350366592407
0.7040320634841919
0.31214916706085205
-0.07803726196289062
0.4767061471939087
0.14928865432739258
0.05598330497741699
-0.1034843921661377
1.0619858503341675
0.24768364429473877
-0.08312666416168213
-0.05767965316772461
-0.2137542963027954
-0.12723469734191895
0.19339680671691895
0.6293877363204956
0.3087562322616577
0.45804500579833984
-0.23071885108947754
0.9211794137954712
-0.2375047206878662
-0.11027026176452637
-0.38000762462615967
1.0026094913482666
0.2035754919052124
0.9924306869506836
0.5326892137527466
0.2035754919052124
1.0060025453567505
-0.8516244292259216
-0.08143019676208496
0.6548346281051636
0.8075162172317505
0.13571703433990479
-0.22054016590118408
-0.19509315490722656
0.04750096797943115
0.3087562322616577
-0.03901863098144531
0.40036511421203613
1.0178776979446411
0.7939445972442627
0.44447314739227295
0.16455674171447754
0.3800077438354492
0.37322187423706055
-0.08143019676208496
0.6242983341217041
0.3053632974624634
0.18491435050964355
0.1696462631225586
0.25107645988464355
0.21545064449310303
-0.02375054359436035
0.03392934799194336
0.22732603549957275
0.24429070949554443
0.4665273427963257
0.41224050521850586
-0.2595587968826294
0.429205060005188
0.4733130931854248
0.6446559429168701
-0.054286956787109375
0.37831127643585205
0.7226932048797607
-0.03901875019073486
-0.045804500579833984
-0.7243895530700684
0.17643213272094727
0.003392934799194336
1.0942184925079346
-0.13910996913909912
0.11705589294433594
0.7193001508712769
0.15268158912658691
-0.27143406867980957
0.6293878555297852
-0.027143359184265137
0.3443819284439087
-0.05089390277862549
0.12044870853424072
0.1883072853088379
-0.5598326921463013
0.3596501350402832
0.5632256269454956
0.6242982149124146
0.027143359184265137
0.1289311647415161
-0.10518062114715576
0.20527195930480957
0.35625720024108887
0.673495888710022
1.0263599157333374
0.6242983341217041
0.19000399112701416
0.31723856925964355
0.46652722358703613
0.7362649440765381
-0.23920118808746338
0.28839874267578125
0.03901863098144531
-0.19000375270843506
0.45974135398864746
-0.2375047206878662
0.586976170539856
0.14928865432739258
-0.12553822994232178
0.31214916706085205
0.7701940536499023
0.20527195930480957
0.2850058078765869
0.24089765548706055
0.4359910488128662
-0.3800077438354492
0.40036511421203613
0.6378699541091919
0.4410804510116577
0.0237504243850708
0.12044882774353027
0.5717077255249023
0.29009509086608887
0.878767728805542
0.18321800231933594
0.4003652334213257
0.45125913619995117
0.6412630081176758
0.22732603549957275
0.45125913619995117
0.22562956809997559
0.33929240703582764
0.20187914371490479
0.21036148071289062
0.011875271797180176
0.2799164056777954
0.10178768634796143
-0.3766148090362549
0.5937620401382446
0.28500574827194214
0.12553822994232178
-0.020357608795166016
0.23750483989715576
0.5700114965438843
0.7532296180725098
0.281612753868103
0.12214529514312744
0.2748270034790039
0.5496540069580078
0.45125913619995117
-0.1560746431350708
-0.12044882774353027
0.8312669992446899
0.18491435050964355
0.2782200574874878
0.0475010871887207
0.34098899364471436
-0.1458958387374878
0.4122403860092163
0.5292963981628418
-0.3596501350402832
-0.5292963981628418
0.9890379905700684
0.429205060005188
0.6412630081176758
0.709121584892273
0.7294790744781494
0.3223280906677246
0.23411178588867188
-0.29179155826568604
0.8058199882507324
0.6141195893287659
0.5903691053390503
0.8465350866317749
0.29179155826568604
0.9568051099777222
0.6293877363204956
0.22732603549957275
0.40375816822052
0.8143020868301392
0.2612553834915161
0.4376875162124634
0.10857367515563965
0.45125913619995117
0.06616199016571045
-0.17303919792175293
0.061072707176208496
0.35286426544189453
-0.6921567916870117
0.0848231315612793
-0.03223276138305664
0.3036668300628662
0.4546520709991455
0.383400559425354
0.7226932048797607
0.3426855802536011
0.8193914890289307
0.35286426544189453
-0.07803738117218018
0.3189350366592407
0.5021530389785767
0.0237504243850708
0.3698289394378662
0.8550173044204712
0.38000762462615967
0.22054004669189453
-0.485188364982605
0.1034841537475586
-0.281612753868103
-0.4139370918273926
-0.31893491744995117
-0.1136629581451416
-0.08143031597137451
-0.22562956809997559
0.010178923606872559
0.4902777671813965
-0.10178780555725098
0.6412630081176758
0.022054076194763184
0.29857730865478516
0.3053632974624634
0.373221755027771
-0.22054004669189453
0.5784939527511597
0.2375047206878662
-0.02375030517578125
0.4885812997817993
0.1425027847290039
-0.20018267631530762
0.2985774278640747
-0.32232797145843506
0.3460785150527954
0.5530468225479126
0.037322044372558594
-0.2629516124725342
0.26973772048950195
0.12214529514312744
-0.15607476234436035
0.7243896722793579
-0.5564396381378174
0.030536413192749023
0.18321800231933594
0.7498365640640259
-0.3189350366592407
0.7328718900680542
0.5479575395584106
-0.1611640453338623
0.24429070949554443
-0.20866501331329346
0.010178804397583008
0.18152153491973877
0.24089765548706055
0.08143019676208496
-0.1984860897064209
0.2578622102737427
0.17982494831085205
0.0848231315612793
0.04919743537902832
0.6701027154922485
0.2510765790939331
0.5428680181503296
1.194309949874878
0.8991252183914185
0.027143359184265137
1.0687717199325562
-0.044108033180236816
-0.67519211769104
-0.2714341878890991
-0.47331321239471436
-0.4580451250076294
0.013571739196777344
0.485188364982605
0.44108033180236816
0.5411717891693115
-0.383400559425354
0.27143394947052
0.1611638069152832
0.29348814487457275
0.25107645988464355
0.1798250675201416
0.23750483989715576
0.5343858003616333
0.13571703433990479
0.30197036266326904
0.1187523603439331
-0.2069685459136963
0.26804113388061523
1.1654702425003052
0.4546520709991455
0.08821606636047363
0.46483099460601807
-0.3460785150527954
0.2663445472717285
0.28161299228668213
0.3562570810317993
0.21036148071289062
0.3867936134338379
0.6667100191116333
0.2375049591064453
-0.0950019359588623
0.6056373119354248
0.4784024953842163
0.6972461938858032
0.8261773586273193
0.19848620891571045
0.7464436292648315
0.26804113388061523
0.07464432716369629
-0.10178780555725098
-0.19339680671691895
-0.1933969259262085
0.7837657928466797
0.31384575366973877
0.46822381019592285
0.26125526428222656
-0.01696455478668213
0.6768887042999268
0.40715110301971436
0.10009121894836426
0.8550173044204712
0.1034841537475586
0.5903691053390503
0.6802815198898315
0.6276910305023193
0.38679349422454834
0.7854622602462769
0.6242984533309937
0.5530470609664917
0.2951846122741699
-0.2544693946838379
0.05767965316772461
0.6226017475128174
0.7973376512527466
0.12214517593383789
0.14928877353668213
-0.20018267631530762
-0.4376875162124634
0.29348814487457275
0.5666185617446899
-0.31893491744995117
0.12723469734191895
0.2578624486923218
-0.1696462631225586
-0.022054076194763184
0.1900038719177246
0.5835829973220825
0.9737696647644043
-0.3291137218475342
0.597154974937439
-0.1798253059387207
-0.044108033180236816
0.30197036266326904
0.19678974151611328
0.3766148090362549
0.2951846122741699
0.22393310070037842
0.47670602798461914
-0.20696842670440674
0.40036511421203613
0.541171669960022
0.5123317241668701
-0.1560744047164917
0.45125913619995117
-0.363042950630188
-0.3104526996612549
0.0950019359588623
0.8431419134140015
-0.044108033180236816
0.5360822677612305
0.006785869598388672
-0.6548346877098083
0.11196649074554443
-0.3053632974624634
0.27143406867980957
-0.4919741153717041
-0.0475008487701416
0.8550174236297607
0.5632256269454956
0.3426855802536011
0.7464437484741211
0.6446559429168701
0.0899125337600708
0.35625720024108887
0.2358083724975586
-0.08651959896087646
0.5292963981628418
0.6276912689208984
0.3155421018600464
0.013571619987487793
0.25107645988464355
0.7277826070785522
0.36982882022857666
0.0899125337600708
0.4071512222290039
0.32232797145843506
0.42411577701568604
0.5886726379394531
0.3392925262451172
0.5275999307632446
-0.4750094413757324
0.6293877363204956
0.5903688669204712
0.2951843738555908
0.38340067863464355
0.08821606636047363
-0.5174212455749512
0.015268325805664062
0.9534120559692383
0.6887637376785278
0.5801903009414673
0.15946745872497559
-0.16286039352416992
0.3325066566467285
0.2307189702987671
0.15268170833587646
0.49536705017089844
0.12893128395080566
0.3291137218475342
-0.4478663206100464
0.720996618270874
0.31893497705459595
0.12553822994232178
0.3392925262451172
-0.5259034633636475
0.09839487075805664
-0.6429593563079834
0.21036124229431152
0.6175124645233154
0.20866501331329346
0.5191175937652588
0.4784024953842163
0.2748270034790039
-0.5649220943450928
-0.00848245620727539
-0.39527571201324463
1.3300269842147827
0.32741737365722656
-0.41054391860961914
1.1230581998825073
0.8651961088180542
0.5225105285644531
0.49536728858947754
-0.23071885108947754
0.1560746431350708
0.8092128038406372
0.4563485383987427
0.8244808912277222
0.011875152587890625
0.1900038719177246
0.29348814487457275
-0.607333779335022
0.4207228422164917
-0.44786620140075684
0.5632256269454956
0.21714723110198975
-0.003392934799194336
0.2934882640838623
0.31214916706085205
-0.04750096797943115
0.27143406867980957
0.32232797145843506
0.17134273052215576
-0.01696455478668213
0.40375804901123047
0.48858118057250977
0.9585014581680298
0.4614381790161133
0.16964614391326904
0.07125139236450195
0.23411190509796143
0.5089385509490967
-0.14928889274597168
-0.21036136150360107
0.4716167449951172
0.12553822994232178
-0.41732990741729736
-0.13910984992980957
0.030536293983459473
0.12384200096130371
0.7209967374801636
-0.19000375270843506
0.48518848419189453
0.393579363822937
0.027143478393554688
0.7345684766769409
-0.29518449306488037
-0.9500192403793335
0.06446564197540283
0.3002740144729614
0.5479576587677002
0.25446927547454834
0.2646481990814209
0.24259424209594727
0.5055458545684814
-0.020357608795166016
0.5666186809539795
0.6616204977035522
-0.5835831165313721
0.1798250675201416
0.7735869884490967
0.8855535984039307
0.3392925262451172
-0.030536293983459473
-0.07125139236450195
-0.061072707176208496
-0.33759605884552
-0.2900952100753784
0.7837659120559692
0.10178756713867188
0.1849144697189331
-0.05937623977661133
0.8923394680023193
0.17473578453063965
0.25107645988464355
0.41902637481689453
0.5869760513305664
-0.26125526428222656
0.5377788543701172
0.04071509838104248
0.33589959144592285
-0.1221456527709961
0.6242983341217041
0.827873945236206
0.4275085926055908
0.17643213272094727
-0.04919743537902832
0.23411190509796143
0.4987599849700928
0.14928877353668213
0.14928877353668213
-0.4122403860092163
0.10518062114715576
1.1807379722595215
-0.03392934799194336
0.33420324325561523
0.45125913619995117
-0.36304306983947754
-0.1408064365386963
-0.0848231315612793
0.49706363677978516
0.6005476713180542
0.22223663330078125
0.061072587966918945
-0.49197423458099365
0.10348427295684814
-0.10178780555725098
-0.1900038719177246
0.3019702434539795
0.18661081790924072
0.5530468225479126
0.5089389085769653
-0.4003652334213257
0.0
0.5038495063781738
1.0467172861099243
0.8634995222091675
0.44108033180236816
0.6684061288833618
0.013571739196777344
0.2765234708786011
-0.38679349422454834
0.37491822242736816
0.2816128730773926
0.2510765790939331
-0.13910984992980957
0.38340067863464355
0.41732990741729736
0.5191178321838379
0.5835832357406616
0.23750483989715576
0.08821606636047363
0.12553822994232178
-0.36304306983947754
0.7668013572692871
-0.0899125337600708
-0.027143359184265137
1.0246633291244507
0.6175124645233154
0.12214541435241699
0.23411190509796143
0.2307189702987671
-0.16625332832336426
0.7142108678817749
-0.19848620891571045
0.7159073352813721
0.5004564523696899
-0.09839487075805664
0.3257209062576294
0.5564396381378174
-0.01696455478668213
0.5547435283660889
0.46143782138824463
-0.3053632974624634
0.2578623294830322
0.03901863098144531
0.4563485383987427
0.5971548557281494
-0.11196637153625488
0.25446927547454834
0.22054016590118408
0.29179155826568604
0.2408977746963501
0.4376872777938843
0.15268170833587646
0.18321800231933594
-0.1900038719177246
0.24089765548706055
0.7668012380599976
-0.1747356653213501
0.6192090511322021
0.2867022752761841
0.045804500579833984
0.07464432716369629
0.3291137218475342
0.3664360046386719
0.5174212455749512
0.24429059028625488
0.505545973777771
0.15607476234436035
0.41054391860961914
0.31554198265075684
0.09160900115966797
0.2544693946838379
0.40375816822052
0.48179543018341064
0.858410120010376
0.42581212520599365
-0.307059645652771
0.4885812997817993
0.6242983341217041
1.2672579288482666
0.4088475704193115
0.49706363677978516
0.0712512731552124
1.0585927963256836
-0.3426854610443115
0.31214916706085205
0.42411577701568604
0.10178780555725098
0.36304306983947754
0.006785869598388672
0.2137542963027954
0.07803702354431152
-0.13232409954071045
1.1909171342849731
0.7345683574676514
0.0
0.5225106477737427
-0.5411715507507324
1.706641435623169
0.15268170833587646
0.35286426544189453
0.33081018924713135
-0.12553822994232178
0.24089765548706055
-0.05937623977661133
-0.21375441551208496
0.16286051273345947
0.2765234708786011
-0.11196649074554443
-0.09160900115966797
-0.1832181215286255
0.06446552276611328
-0.2748270034790039
0.44108033180236816
-0.08312678337097168
0.3901865482330322
0.5496540069580078
0.09160900115966797
-0.5191175937652588
0.022053956985473633
0.11535942554473877
0.1950932741165161
0.36982882022857666
0.3087562322616577
-0.15607452392578125
0.6090302467346191
-0.14928877353668213
0.16286039352416992
0.10178780555725098
0.6531381607055664
0.35456085205078125
-0.005089402198791504
-0.05767977237701416
0.0475008487701416
0.5089387893676758
-0.22562944889068604
0.061072707176208496
0.8346596956253052
0.32741737365722656
0.27821993827819824
0.29857754707336426
0.8312667608261108
0.20696842670440674
0.02375054359436035
0.3511679172515869
0.37661468982696533
0.24429059028625488
-0.12384176254272461
0.22393321990966797
0.5784938335418701
0.08821606636047363
-0.07803726196289062
0.39357948303222656
0.4241156578063965
-0.11705601215362549
0.2646481990814209
-0.09160888195037842
0.45804500579833984
-0.11875247955322266
0.006785869598388672
0.4987602233886719
0.6717993021011353
0.6582275629043579
0.2307189702987671
0.5428681373596191
0.2375049591064453
0.40036511421203613
0.40036535263061523
0.13402056694030762
0.8143022060394287
0.15777099132537842
0.7803730964660645
1.5454777479171753
-0.3019704818725586
0.3511679172515869
-0.13571703433990479
-0.02375054359436035
0.15607452392578125
0.9534120559692383
0.16794979572296143
0.83805251121521
-0.46652722358703613
-0.27313053607940674
0.3257206678390503
0.2578623294830322
0.4444732666015625
-0.2069685459136963
0.08821606636047363
0.05089378356933594
0.10518074035644531
0.42581212520599365
0.6039408445358276
0.34607839584350586
-0.2697376012802124
0.3325066566467285
0.1832178831100464
0.10178780555725098
1.3639562129974365
-0.027143359184265137
-0.06785845756530762
0.5089387893676758
-0.01696455478668213
-0.11535930633544922
-0.0475010871887207
0.4716167449951172
0.6378700733184814
0.0237504243850708
0.27143406867980957
-0.061072707176208496
0.13741350173950195
0.3901864290237427
0.38340067863464355
0.48858141899108887
-0.10857367515563965
0.5089389085769653
0.02375054359436035
-0.6327807903289795
-0.08821606636047363
0.2816128730773926
-0.022053956985473633
0.9788590669631958
0.010178804397583008
0.01526796817779541
0.28500568866729736
-0.13910996913909912
0.14928877353668213
-0.23411190509796143
-0.15268170833587646
0.5259034633636475
0.4750096797943115
0.25955891609191895
-0.030536293983459473
0.6989427804946899
0.27482688426971436
0.15946745872497559
0.2714341878890991
0.607333779335022
0.30197036266326904
0.817695140838623
0.3867933750152588
-0.13232409954071045
0.6090301275253296
-0.1662532091140747
0.5734044313430786
0.561529278755188
0.5191175937652588
0.7277826070785522
-0.054286837577819824
-0.5292963981628418
0.25107645988464355
0.17303919792175293
-0.29857754707336426
0.4682236909866333
0.12893128395080566
0.33250653743743896
0.5021530389785767
0.49536728858947754
0.40375804901123047
0.1798250675201416
-0.0950019359588623
0.4173297882080078
0.495367169380188
0.54286789894104
0.7634083032608032
0.3783111572265625
0.281612753868103
0.15777111053466797
0.00848233699798584
0.6650134325027466
0.20018255710601807
0.3155421018600464
0.0237504243850708
0.2985774278640747
-0.09160900115966797
0.35625720024108887
-0.33589982986450195
0.6921569108963013
0.3053632974624634
0.950019359588623
0.12553822994232178
-0.03392934799194336
0.22902250289916992
0.5496540069580078
0.5106351375579834
-0.2137542963027954
0.5751008987426758
-0.5581363439559937
0.3053632974624634
-0.054286837577819824
-0.1713428497314453
0.2375047206878662
-0.3647395372390747
0.5123319625854492
0.6938532590866089
0.31214916706085205
-0.4784024953842163
0.08821606636047363
0.36134660243988037
0.6904603242874146
0.4071512222290039
-0.0848231315612793
0.01526796817779541
0.42072296142578125
0.037322163581848145
0.47670602798461914
0.7091214656829834
0.1645568609237671
0.5038495063781738
0.05089378356933594
0.1458958387374878
0.0475008487701416
0.4767059087753296
-0.020357489585876465
-0.383400559425354
0.7820694446563721
0.15437817573547363
0.3647395372390747
0.12384188175201416
-0.41054391860961914
0.393579363822937
0.5326893329620361
-0.45125913619995117
0.5717079639434814
0.42411577701568604
0.1289311647415161
0.1798250675201416
0.14589595794677734
-0.34438204765319824
-0.003392934799194336
0.044108033180236816
-0.2850058078765869
0.1085735559463501
0.515724778175354
0.46143782138824463
0.2307189702987671
0.04750096797943115
0.5937619209289551
0.24259424209594727
0.0848231315612793
0.48349201679229736
0.888946533203125
-0.08482325077056885
-0.0848231315612793
0.29688096046447754
0.2578623294830322
0.13571703433990479
0.5089389085769653
0.03901863098144531
0.10518062114715576
0.827873706817627
0.6921570301055908
0.26634466648101807
0.366436243057251
0.8109092712402344
-0.12214517593383789
0.37491846084594727
0.7193002700805664
-0.3002737760543823
0.4546520709991455
0.8974289894104004
0.7973376512527466
0.2985774278640747
-0.3579535484313965
0.3036668300628662
-0.20187902450561523
-0.044108033180236816
0.3664360046386719
0.2375047206878662
0.24429059028625488
-0.27313053607940674
0.67519211769104
0.6887638568878174
0.1560746431350708
-0.5462609529495239
0.46652722358703613
0.03223264217376709
0.27482688426971436
-0.01696467399597168
0.46143782138824463
1.2842223644256592
0.21036136150360107
0.12723469734191895
0.037322163581848145
0.6480488777160645
0.7328718900680542
-0.1849144697189331
-0.01696467399597168
0.576797366142273
0.5801901817321777
0.3392925262451172
0.037322163581848145
0.1662534475326538
-0.20696842670440674
-0.20696842670440674
0.23750483989715576
0.4800989627838135
0.43938398361206055
0.02375054359436035
0.03223276138305664
0.0
-0.13232409954071045
-0.22054028511047363
-0.1475921869277954
0.010178804397583008
0.3019704818725586
-0.2527730464935303
0.06276929378509521
-0.6039407253265381
-0.037322163581848145
-0.15268170833587646
0.5191177129745483
-0.22902250289916992
0.5394752025604248
0.11705601215362549
0.1187523603439331
-0.36473941802978516
-0.3511679172515869
0.7125145196914673
0.43090152740478516
0.383400559425354
0.6446558237075806
0.22562956809997559
0.7226929664611816
-0.3766148090362549
0.510635256767273
-0.35286426544189453
0.7803728580474854
0.22732603549957275
0.20018255710601807
-0.3104526996612549
0.32572078704833984
0.30197036266326904
0.31214916706085205
0.020357608795166016
0.4478663206100464
0.22732603549957275
0.20018255710601807
0.307059645652771
-0.6039407253265381
0.7990337610244751
0.07803738117218018
-0.2985774278640747
0.7634084224700928
0.5225106477737427
0.4139368534088135
-0.10178756713867188
0.14928877353668213
0.018661022186279297
-0.5784939527511597
0.515724778175354
-0.13232409954071045
-0.08143043518066406
0.9737695455551147
0.6259946823120117
-0.016964435577392578
-0.9585014581680298
0.27482688426971436
0.2646481990814209
-0.35625720024108887
0.6955498456954956
-0.1085735559463501
0.4478660821914673
0.24429070949554443
0.8889464139938354
-0.028839826583862305