0.10178780555725098
0.4817955493927002
0.05767965316772461
-0.1289311647415161
-0.10178780555725098
0.010178804397583008
0.11535954475402832
-0.5123317241668701
-0.09500181674957275
0.13232409954071045
0.4105440378189087
0.42072272300720215
0.3681323528289795
-0.28500568866729736
0.5835833549499512
0.27143406867980957
0.08143019676208496
0.4275085926055908
-0.3901864290237427
0.24429070949554443
-0.22732603549957275
0.24089789390563965
-0.33929240703582764
0.6921567916870117
0.10857367515563965
-0.17643213272094727
0.2069685459136963
0.0848231315612793
-0.12214529514312744
0.0950019359588623
0.010178804397583008
-0.08821606636047363
0.16286039352416992
-0.06107282638549805
-0.39697229862213135
-0.7430508136749268
0.3291137218475342
0.20357561111450195
0.07464444637298584
-0.1289311647415161
0.11535954475402832
0.17303919792175293
-0.40715110301971436
0.0
0.14928877353668213
-0.3155421018600464
0.3392925262451172
0.07464444637298584
0.8414455652236938
-0.006785869598388672
0.15946745872497559
0.20018267631530762
0.36304306983947754
0.24429059028625488
0.2273259162902832
-0.2748270034790039
0.3494713306427002
0.3121492862701416
0.373221755027771
0.13571703433990479
-0.07125139236450195
0.06785845756530762
0.4648308753967285
0.18321800231933594
0.13232409954071045
-0.2510765790939331
0.14589595794677734
0.36982882022857666
0.32572078704833984
-0.5734045505523682
0.36304306983947754
0.09160900115966797
0.22732603549957275
0.33589959144592285
-0.4546520709991455
0.43768739700317383
-0.03392934799194336
0.2646481990814209
0.25446951389312744
0.4003652334213257
-0.030536293983459473
0.24768352508544922
-0.13910996913909912
0.15946745872497559
0.17303907871246338
-0.18321824073791504
1.021270751953125
0.4173297882080078
0.15946757793426514
0.4173300266265869
0.01696455478668213
-0.2510765790939331
0.13910996913909912
0.11875247955322266
0.13910996913909912
0.06785857677459717
-0.5225105285644531
0.15268182754516602
0.2137542963027954
0.30875635147094727
-0.6175124645233154
-0.08143019676208496
0.20696842670440674
-0.8584102392196655
0.18661093711853027
0.09839487075805664
0.25786256790161133
-0.18321800231933594
0.003392934799194336
-0.6717993021011353
0.22054016590118408
0.380007803440094
0.13571715354919434
0.4614379405975342
0.21375417709350586
-0.30536317825317383
0.11535966396331787
-0.0033926963806152344
-0.2375047206878662
-0.2816128730773926
0.22393321990966797
0.05089378356933594
-0.32911384105682373
0.07803714275360107
-0.1662534475326538
0.2578623294830322
0.18661093711853027
0.05089402198791504
0.16286051273345947
-0.21036124229431152
-0.08143007755279541
-0.2307189702987671
0.2035754919052124
0.27143406867980957
-0.13232409954071045
-0.13232409954071045
-0.3189350366592407
0.4173297882080078
0.7328720092773438
-0.03392922878265381
0.08821606636047363
-0.1085735559463501
0.17643213272094727
1.0382351875305176
-0.22054016590118408
0.46822381019592285
-0.2612553834915161
-0.020357489585876465
0.6446558237075806
0.17643225193023682
-0.19678974151611328
0.20696842670440674
0.044108033180236816
-0.04410815238952637
-0.2748270034790039
-0.14589571952819824
0.35625720024108887
-0.1798250675201416
0.5292963981628418
-0.10518050193786621
0.2307189702987671
0.07464432716369629
0.38679349422454834
-0.6242983341217041
0.1085735559463501
0.3121492862701416
0.22732603549957275
-0.05767977237701416
0.393579363822937
-0.10518074035644531
-0.15607452392578125
0.3664358854293823
0.11535966396331787
0.21714723110198975
0.05767953395843506
0.09839487075805664
0.05089402198791504
0.2578623294830322
0.010178804397583008
-0.054286837577819824
-0.013571739196777344
-0.11535942554473877
-0.32232797145843506
0.09839463233947754
0.17303919792175293
0.3800077438354492
-0.22054004669189453
0.3664360046386719
0.3426854610443115
-0.2680412530899048
0.48518824577331543
0.48518848419189453
-0.044108033180236816
-0.08143019676208496
-0.11196649074554443
0.22393310070037842
0.1933966875076294
-0.48179543018341064
-0.7430504560470581
-0.373221755027771
0.33929264545440674
-0.04071509838104248
0.3969724178314209
-0.42072272300720215
-0.22053992748260498
0.01696455478668213
-0.39357924461364746
-0.1696462631225586
0.3257209062576294
-0.44447338581085205
0.3613464832305908
0.03392922878265381
0.18661093711853027
0.22732603549957275
-0.22393321990966797
0.1425027847290039
0.4546520709991455
0.006785869598388672
0.02375054359436035
-0.17303919792175293
-0.31214916706085205
-0.12553822994232178
0.26804113388061523
-0.4580448865890503
-0.2510765790939331
0.373221755027771
0.1560746431350708
0.0848231315612793
0.5801903009414673
0.0
-0.2375049591064453
-0.12893128395080566
-0.07803726196289062
0.16286039352416992
-0.17303919792175293
-0.02375054359436035
-0.2069685459136963
0.31214916706085205
0.5292965173721313
-0.17643213272094727
0.22393310070037842
-0.29179155826568604
-0.8244808912277222
-0.0848231315612793
-0.020357608795166016
0.03392922878265381
-0.18661093711853027
0.4258120059967041
-0.09160900115966797
0.16625332832336426
-0.2408977746963501
-0.17982494831085205
-0.2510765790939331
0.10857367515563965
0.3426854610443115
0.09160900115966797
0.2171473503112793
0.14928901195526123
-0.2510768175125122
0.14589571952819824
-0.1832178831100464
0.0
0.2748270034790039
-0.24768352508544922
0.15268158912658691
0.2646481990814209
0.33929240703582764
-0.24089765548706055
-0.3291137218475342
0.2035754919052124
-0.27821993827819824
0.17982500791549683
-0.05089390277862549
0.013571619987487793
0.22393310070037842
-0.17303931713104248
0.5225106477737427
-0.4088475704193115
0.26464807987213135
0.04750096797943115
-0.5360822677612305
0.24768376350402832
0.1560746431350708
-0.010178804397583008
-0.04410815238952637
0.28500568866729736
0.19339680671691895
0.17643201351165771
-0.12214529514312744
0.2307189702987671
-0.10178780555725098
0.49876004457473755
0.27821993827819824
0.2137542963027954
0.26125526428222656
0.45804500579833984
-0.04071509838104248
-0.3189350366592407
0.43090152740478516
0.3358997106552124
-0.756622314453125
0.07464432716369629
-0.32911384105682373
-0.15268170833587646
0.3291139602661133
0.12893104553222656
0.21036136150360107
0.13232409954071045
0.5869760513305664
-0.4716166853904724
-0.10178768634796143
0.14589595794677734
0.037322282791137695
-0.766801118850708
-0.16286039352416992
-0.1187523603439331
0.4648308753967285
0.5937620401382446
0.020357489585876465
0.5530470609664917
0.3901865482330322
0.40715110301971436
0.0475010871887207
0.08821606636047363
-0.1798250675201416
0.03392934799194336
-0.15268170833587646
-0.3562570810317993
0.5225105285644531
-0.1764320731163025
0.1458958387374878
-0.13232409954071045
-0.1289311647415161
0.12214529514312744
-0.06446552276611328
0.26125526428222656
0.20018255710601807
0.02375030517578125
-0.40375804901123047
-0.26464831829071045
0.1458958387374878
0.505545973777771
0.26804113388061523
0.3698289394378662
0.15268158912658691
0.36982882022857666
0.5021530389785767
0.3053632974624634
-0.5225106477737427
0.07803726196289062
-0.3596501350402832
-0.2069685459136963
0.2883986234664917
0.003392934799194336
0.413936972618103
0.23411190509796143
0.11535942554473877
0.07803726196289062
-0.19339680671691895
-0.33929264545440674
0.26125526428222656
-0.33589982986450195
-0.16625332832336426
0.003392815589904785
0.25446927547454834
0.3019704818725586
-0.05089378356933594
-0.32232797145843506
0.6378700733184814
0.29857730865478516
-0.24937987327575684
0.2035754919052124
0.06446564197540283
-0.0848231315612793
0.3426855802536011
-0.0950019359588623
-0.0712515115737915
0.6242982149124146
0.4614377021789551
0.4173297882080078
-0.26125550270080566
0.23750483989715576
0.4784024953842163
0.020357489585876465
-0.2375047206878662
-0.20018243789672852
-0.030536174774169922
0.14928877353668213
0.03392922878265381
0.5394753217697144
-0.12893128395080566
-0.1187523603439331
0.037322282791137695
0.2816128730773926
0.19678950309753418
0.2917916774749756
-0.04750096797943115
0.1289311647415161
0.010178685188293457
0.06446564197540283
0.15946757793426514
-0.07464444637298584
0.30875611305236816
0.4207228422164917
-0.2646481990814209
0.8651959896087646
0.42920494079589844
0.027143478393554688
-0.07464444637298584
0.10178780555725098
0.27821993827819824
-0.1425027847290039
0.21036136150360107
0.2850058078765869
0.6921568512916565
0.11196660995483398
0.12553811073303223
-0.24429059028625488
-0.1900038719177246
-0.35286450386047363
0.10518074035644531
0.5191174745559692
-0.22054016590118408
-0.09160900115966797
-0.04071509838104248
0.24768352508544922
0.4105440378189087
0.15268170833587646
0.48518848419189453
0.04750096797943115
0.2985774278640747
-0.04071509838104248
0.18661093711853027
-0.1458958387374878
0.24089765548706055
0.39357948303222656
-0.23750460147857666
0.21036136150360107
0.05089390277862549
-0.53608238697052
-0.48858118057250977
0.13232409954071045
-0.26464831829071045
0.48179543018341064
0.2748270034790039
0.35965001583099365
0.12553834915161133
0.10178792476654053
0.013571739196777344
0.29857754707336426
0.1900038719177246
0.48518824577331543
-0.1560746431350708
-0.383400559425354
-0.10518074035644531
0.33929264545440674
-0.15268146991729736
-0.3087562322616577
-0.0186612606048584
-0.3664360046386719
0.10178792476654053
0.07464432716369629
0.5360821485519409
0.3291139602661133
-0.11535954475402832
0.3155421018600464
0.42750871181488037
-0.20357537269592285
-0.003392934799194336
0.27821993827819824
0.2375049591064453
-0.2578623294830322
0.2816128730773926
0.1696462631225586
0.2544693946838379
0.3698289394378662
0.4885812997817993
-0.3867936134338379
-0.142503023147583
0.2612553834915161
0.5598328113555908
-0.1458958387374878
0.14928877353668213
0.19678974151611328
0.49197423458099365
0.17303919792175293
0.006785869598388672
0.3121490478515625
-0.5326893329620361
-0.39357948303222656
0.30536341667175293
0.013571739196777344
-0.037322282791137695
0.020357489585876465
0.04071509838104248
-0.5598325729370117
0.013571739196777344
0.46822381019592285
0.2375049591064453
-0.10518074035644531
0.006785869598388672
0.2307189702987671
0.0
-0.15946745872497559
0.20018267631530762
0.37661468982696533
0.28839874267578125
-0.061072707176208496
-0.27143406867980957
0.29857730865478516
0.020357370376586914
0.19000375270843506
0.3867936134338379
0.34607815742492676
0.5208141803741455
0.3019704818725586
0.21036148071289062
0.13232421875
0.04071497917175293
0.2544693946838379
0.14928877353668213
0.2273259162902832
-0.19678962230682373
0.08482325077056885
-0.2375047206878662
0.044108033180236816
0.11535942554473877
0.43768739700317383
-0.3189350366592407
0.05089402198791504
0.010178804397583008
0.4003652334213257
-0.4444732666015625
-0.1187523603439331
0.6548347473144531
0.24429059028625488
0.14928865432739258
0.020357608795166016
0.5801903009414673
0.4342944622039795
0.2408977746963501
-0.42072272300720215
0.34607839584350586
0.3257209062576294
0.24429059028625488
0.29518449306488037
-0.013571619987487793
0.3494713306427002
0.20357537269592285
-0.36982882022857666
0.054286837577819824
0.40375816822052
-0.6955499649047852
0.5191174745559692
0.02375054359436035
-0.5462610721588135
0.07125139236450195
-0.06446552276611328
0.054286956787109375
-0.7532294988632202
-0.2408977746963501
0.3155421018600464
0.22393310070037842
0.4207228422164917
0.5360822677612305
-0.04071521759033203
0.23411178588867188
-0.06446564197540283
0.19339680671691895
-0.12893128395080566
0.39357948303222656
0.5394750833511353
-0.38679349422454834
-0.17982494831085205
0.0
-0.36304330825805664
0.16625332832336426
0.5174212455749512
0.44108033180236816
0.3664360046386719
0.3477747440338135
0.06107282638549805
0.22393310070037842
-0.24429070949554443
-0.1289311647415161
0.32911384105682373
0.3257209062576294
-0.05767953395843506
-0.14589571952819824
0.24429059028625488
0.3698289394378662
-0.2917916774749756
0.0848228931427002
0.2951846122741699
-0.5191177129745483
0.1458958387374878
-0.41732990741729736
0.14250290393829346
-0.12214541435241699
0.15946745872497559
0.44108033180236816
-0.24089765548706055
-0.7600153684616089
0.0
-0.9194827079772949
-0.027143359184265137
0.22054016590118408
0.45125913619995117
-0.09839510917663574
0.08143019676208496
0.41054391860961914
0.34607839584350586
0.33250677585601807
-0.06785845756530762
0.4750096797943115
-0.3121490478515625
-0.35625720024108887
0.47161662578582764
-0.06785845756530762
0.11875247955322266
-0.11875247955322266
-0.27143406867980957
-0.3358997106552124
-0.37322187423706055
-0.08482325077056885
0.4342944622039795
-0.40375828742980957
-0.0848231315612793
0.546261191368103
0.24429070949554443
0.1085735559463501
0.40715110301971436
0.6480487585067749
0.2985774278640747
0.2578623294830322
0.04071509838104248
-0.10518074035644531
-0.7939447164535522
-0.26804113388061523
-0.12553822994232178
0.3087562322616577
0.4003652334213257
-0.08143019676208496
0.1289311647415161
-0.1187523603439331
-0.1560746431350708
0.16286039352416992
0.5225105285644531
0.48179543018341064
0.5360822677612305
0.2375047206878662
0.13232409954071045
0.1900038719177246
0.11535954475402832
-0.030536293983459473
0.3766148090362549
0.22732627391815186
-0.7769799828529358
0.05428671836853027
0.010178804397583008
0.15268170833587646
0.13910984992980957
0.19339680671691895
0.04071509838104248
0.32911384105682373
0.027143478393554688
-0.1458958387374878
0.22393298149108887
-0.2985774278640747
0.35286426544189453
0.393579363822937
-0.4410804510116577
0.2578623294830322
0.22732603549957275
0.16964638233184814
-0.11875247955322266
-0.12214517593383789
0.35625720024108887
0.3392925262451172
0.05089402198791504
-0.2307189702987671
0.5360822677612305
0.29518449306488037
0.15268158912658691
0.38679349422454834
0.010178804397583008
0.05089390277862549
0.22732603549957275
0.2883986234664917
0.061072707176208496
0.16625332832336426
0.5089388489723206
0.32572078704833984
-0.13232409954071045
-0.576797366142273
0.0950016975402832
0.8685890436172485
-0.0848231315612793
0.02375054359436035
0.37661468982696533
-0.020357608795166016
0.35625720024108887
-0.1289311647415161
-0.17303919792175293
0.30197036266326904
-0.08482301235198975
0.05089390277862549
-0.25107645988464355
0.4410804510116577
-0.25446951389312744
0.31893491744995117
0.16286039352416992
0.27821993827819824
0.1425027847290039
0.0950019359588623
-0.48858118057250977
-0.04750096797943115
-0.5021529197692871
0.6446559429168701
-0.1458956003189087
0.27143394947052
0.1900038719177246
0.32232797145843506
-0.1425027847290039
0.5937618017196655
-0.7668014764785767
-0.06446564197540283
0.21036148071289062
-0.1187523603439331
0.2307189702987671
0.22054016590118408
0.037322163581848145
-0.22732603549957275
0.3460785150527954
0.36982882022857666
0.3867936134338379
-0.7328720092773438
0.13911008834838867
0.11196660995483398
-0.22732603549957275
0.027143359184265137
-0.15946745872497559
0.22054004669189453
0.5089387893676758
0.5632256269454956
-0.39357924461364746
0.3460785150527954
0.5191174745559692
-0.0950019359588623
0.07464444637298584
0.3392924666404724
0.35625720024108887
-0.10178792476654053
0.46483099460601807
0.34607839584350586
-0.06446552276611328
0.5123317241668701
-0.054286837577819824
-0.13910984992980957
0.09160912036895752
0.1560746431350708
0.14928877353668213
-0.20018267631530762
0.3986685276031494
0.37322211265563965
-0.2951846122741699
-0.2137542963027954
0.26125526428222656
0.1900038719177246
0.33250677585601807
-0.27482688426971436
0.2375047206878662
0.32911384105682373
0.5666184425354004
-0.5191175937652588
0.16286039352416992
-0.030536413192749023
-0.42072296142578125
0.06446576118469238
0.30536341667175293
0.08821606636047363
0.1900038719177246
0.17643213272094727
-0.12893104553222656
-0.0950019359588623
0.36304306983947754
-0.0848231315612793
0.34947144985198975
0.010178804397583008
0.27821969985961914
0.6616206169128418
-0.2035754919052124
0.13571703433990479
0.02375054359436035
0.28500568866729736
0.11196649074554443
-0.7328717708587646
0.5055458545684814
0.23750483989715576
-0.23411202430725098
-0.003392815589904785
0.44447314739227295
-0.013571739196777344
0.15268170833587646
0.6887638568878174
0.01696455478668213
0.04410815238952637
-0.15946745872497559
-0.037322282791137695
0.6141196489334106
-0.1798250675201416
0.25107645988464355
0.11196660995483398
0.10178768634796143
-0.32572078704833984
0.18661081790924072
-0.003392815589904785
-0.1458958387374878
-0.15268170833587646
0.5462610721588135
-0.2035754919052124
0.576797366142273
0.09160900115966797
0.11196660995483398
0.2951846122741699
0.006785869598388672
0.24768376350402832
0.2917916774749756
0.07125139236450195
-0.04750096797943115
0.1696462631225586
0.33589959144592285
0.3664360046386719
0.18321800231933594
0.3901865482330322
0.17303931713104248
0.2307189702987671
-0.23750483989715576
-0.03392922878265381
0.2985774278640747
0.2375047206878662
-0.044108033180236816
0.12893128395080566
0.7532294988632202
0.02714359760284424
0.07464444637298584
-0.054286837577819824
0.04750096797943115
-0.0033930540084838867
0.003392934799194336
0.5191178321838379
0.0848231315612793
0.586976170539856
0.1900038719177246
0.5326893329620361
-0.4410804510116577
-0.30536341667175293
0.3426854610443115
0.3562570810317993
-0.17643225193023682
0.46822381019592285
0.010178685188293457
-0.0848231315612793
0.5598329305648804
0.0848231315612793
-0.16625332832336426
-0.02375054359436035
-0.24429070949554443
-0.20357561111450195
-0.3664360046386719
0.6955498456954956
0.19000399112701416
0.43768739700317383
-0.17303919792175293
-0.027143478393554688
-0.3800077438354492
0.08143031597137451
0.20696842670440674
-0.11196660995483398
-0.04071509838104248
0.3358996510505676
0.2544693946838379
-0.37322187423706055
0.35286426544189453
0.14928865432739258
-0.13910996913909912
0.09160900115966797
0.3800077438354492
-0.03392934799194336
0.20018267631530762
-0.07464432716369629
0.17982494831085205
0.1900038719177246
-0.12214541435241699
0.17982518672943115
0.27482688426971436
0.0475008487701416
0.13571703433990479
-0.07464456558227539
-0.2171471118927002
0.1289311647415161
0.29518449306488037
0.04410815238952637
-0.47840285301208496
0.3155421018600464
0.17643213272094727
0.2578623294830322
0.0950019359588623
-0.04071485996246338
-0.18321800231933594
0.22393298149108887
0.27482688426971436
-0.1085735559463501
-0.41732990741729736
-0.5564398765563965
0.07464432716369629
0.10518074035644531
0.27143406867980957
-0.3358997106552124
-0.23750483989715576
0.8007303476333618
0.05089390277862549
-0.14250290393829346
0.1560746431350708
0.11535954475402832
0.06785869598388672
-0.10178768634796143
-0.13571703433990479
0.5767972469329834
0.5801901817321777
0.09160900115966797
-0.1289311647415161
-0.6989426612854004
0.07464444637298584
-0.34607839584350586
0.01696455478668213
0.4105440378189087
-0.003392934799194336
-0.030536293983459473
0.1933966875076294
0.2883986234664917
0.21036148071289062
0.4241156578063965
0.0
0.45125913619995117
0.5191178321838379
0.5089389085769653
-0.061072707176208496
-0.3053632974624634
0.2510765790939331
0.281612753868103
0.2578623294830322
0.06107264757156372
0.42750871181488037
0.28839874267578125
0.12553822994232178
0.2578622102737427
0.21036136150360107
0.2782198190689087
0.49197423458099365
0.35625720024108887
-0.0712515115737915
0.21375441551208496
-0.11535942554473877
0.1900038719177246
-0.3392925262451172
0.2544693946838379
0.5462610721588135
-0.2917916774749756
-0.1085737943649292
-0.04750096797943115
0.06446552276611328
-0.19339680671691895
-0.38340067863464355
0.2578622102737427
0.4648308753967285
0.27143406867980957
0.044108033180236816
0.13571703433990479
-0.9160898923873901
-0.003392934799194336
0.4275085926055908
0.7600154876708984
-0.12214541435241699
-0.08143019676208496
-0.8414456844329834
-0.21884369850158691
0.34607839584350586
0.3291137218475342
0.36982882022857666
0.42072296142578125
-0.09839469194412231
0.0950019359588623
-0.12214529514312744
-0.03392910957336426
0.18661081790924072
-0.15946757793426514
0.2035754919052124
0.06446564197540283
0.1594676971435547
-0.0848231315612793
0.4817955493927002
0.35286426544189453
0.41054391860961914
0.2748270034790039
0.20018267631530762
0.31214916706085205
0.22393310070037842
0.475009560585022
0.281612753868103
-0.3664360046386719
-0.1696462631225586
0.45804500579833984
-0.054286837577819824
0.044108033180236816
-0.08821606636047363
-0.32572102546691895
0.020357608795166016
-0.09839487075805664
-0.4987601041793823
0.11875247955322266
-0.24768364429473877
0.37322187423706055
-0.010178685188293457
0.03392934799194336
0.27482688426971436
0.06446552276611328
0.06446576118469238
-0.46822357177734375
0.1289311647415161
0.3494713306427002
0.2578624486923218
0.12214529514312744
-0.23411178588867188
0.006785750389099121
0.10178768634796143
-0.05428671836853027
0.3155421018600464
0.5394753217697144
-0.13232421875
-0.05089390277862549
-0.0848231315612793
0.12214541435241699
0.020357608795166016
0.4444732666015625
0.3325066566467285
-0.14589595794677734
0.2307189702987671
0.2951846122741699
0.23071885108947754
0.05767977237701416
0.5360822677612305
0.04750096797943115
0.13910996913909912
0.02375054359436035
0.3596501350402832
-0.413936972618103
0.12893128395080566
0.1187523603439331
0.1798250675201416
-0.393579363822937
0.3901863098144531
-0.49197423458099365
-0.4376875162124634
0.3698289394378662
0.4580448865890503
-0.1187523603439331
0.2816128730773926
-0.09160900115966797
0.35286426544189453
-0.26125526428222656
0.19678962230682373
0.037322282791137695
0.4241156578063965
0.41732966899871826
-0.2646481990814209
-0.5937621593475342
0.495367169380188
0.044107913970947266
0.12553822994232178
0.12553822994232178
0.4105440378189087
0.5021529197692871
0.06276917457580566
0.0
0.20357561111450195
0.35286426544189453
0.13910984992980957
0.34947144985198975
0.04750096797943115
0.285006046295166
0.02375054359436035
-0.006785869598388672
-0.48518848419189453
-0.25446951389312744
-0.14250290393829346
-0.027143359184265137
-0.2646481990814209
-0.2307189702987671
-0.3460782766342163
-0.09160900115966797
0.3257209062576294
-0.013571619987487793
0.08821594715118408
-0.21375441551208496
-0.12214517593383789
0.4207228422164917
0.7193002700805664
-0.30197036266326904
-0.054286837577819824
-0.31214916706085205
-0.25446951389312744
0.037322163581848145
0.7600152492523193
0.061072587966918945
-0.4614379405975342
-0.06785845756530762
-0.48518848419189453
-0.1458958387374878
0.11875247955322266
0.24089765548706055
0.06785857677459717
-0.3155421018600464
0.11875271797180176
0.11875247955322266
0.42072272300720215
0.44447338581085205
-0.39357924461364746
-0.5700114369392395
0.576797366142273
-0.1425027847290039
-0.37322181463241577
0.6446558237075806
0.3800077438354492
0.3019704818725586
0.31214916706085205
-0.4105440378189087
-0.2307189702987671
0.22054028511047363
0.3325066566467285
-0.013571739196777344
-0.27482688426971436
0.16286039352416992
-0.1323239803314209
-0.030536293983459473
0.12553822994232178
0.35625720024108887
-0.14250290393829346
0.013571858406066895
-0.899125337600708
0.40375828742980957
0.1900038719177246
-0.4444732666015625
0.030536413192749023
0.2578623294830322
-0.3969721794128418
-0.9262686967849731
0.28839874267578125
-0.15946745872497559
-0.22054016590118408
0.09839487075805664
0.0475010871887207
0.34607839584350586
-0.19678962230682373
-0.31893491744995117
0.24768364429473877
0.43090152740478516
0.42750871181488037
0.4478663206100464
0.19339680671691895
-0.2578623294830322
-0.16286051273345947
0.3664358854293823
0.13911008834838867
0.2510765790939331
-0.67519211769104
0.29518449306488037
0.10857367515563965
-0.1696462631225586
-0.054286837577819824
-0.22393298149108887
0.42411577701568604
0.5055458545684814
0.1085735559463501
0.38679349422454834
0.27482688426971436
-0.2307189702987671
0.1933966875076294
0.41732990741729736
0.5021529197692871
0.21714723110198975
-0.2069683074951172
-0.32911384105682373
-0.06446564197540283
0.0237504243850708
-0.020357489585876465
-0.037322282791137695
0.5428680181503296
-0.35965001583099365
0.05428671836853027
-0.15607452392578125
-0.6616204977035522
0.0848231315612793
0.2985774278640747
0.35625720024108887
0.16625332832336426
0.33929240703582764
-0.2069685459136963
-0.10178780555725098
0.21036136150360107
0.4885812997817993
-0.07803726196289062
0.21375441551208496
0.1408064365386963
0.0712512731552124
-0.23411178588867188
-0.09160900115966797
0.3800077438354492
0.006785869598388672
0.2510765790939331
-0.7871588468551636
0.4071509838104248
0.4037584066390991
-0.12214529514312744
0.495367169380188
-0.16286039352416992
-0.7396576404571533
0.1798250675201416
-0.46143782138824463
0.38679349422454834
0.1289311647415161
0.2273261547088623
-0.18321800231933594
-0.44786620140075684
0.11875247955322266
0.16964638233184814
-0.2408977746963501
0.0950019359588623
-0.07803726196289062
0.013571739196777344
-0.42072272300720215
0.28839850425720215
-0.044108033180236816
0.32572078704833984
0.17643213272094727
0.32911384105682373
-0.16286063194274902
-0.13571703433990479
0.5767971277236938
0.4088473320007324
0.3698289394378662
-0.020357370376586914
-0.20696842670440674
0.037322163581848145
0.23071908950805664
0.6310840845108032
-0.23750483989715576
0.2069685459136963
-0.04750096797943115
-0.32572078704833984
0.4546520709991455
0.515724778175354
-0.607333779335022
0.26464831829071045
0.030536293983459473
0.020357608795166016
-0.25107645988464355
-0.4173297882080078
0.13232421875
-0.3901864290237427
0.413936972618103
0.2985776662826538
0.5225106477737427
-0.037322282791137695
0.20357561111450195
0.07464432716369629
-0.054286956787109375
-0.2578623294830322
0.4241156578063965
0.9228757619857788
0.31893491744995117
0.07803738117218018
-0.3562571406364441
-0.061072587966918945
0.09160900115966797
0.14928865432739258
-0.0950019359588623
0.3867933750152588
-0.24429070949554443
0.5225105285644531
-0.010178804397583008
-0.1323239803314209
-0.13571703433990479
0.24429070949554443
-0.14928865432739258
1.0043059587478638
0.037322163581848145
0.45125913619995117
-0.06785845756530762
0.14928877353668213
-0.003392934799194336
0.07464444637298584
-0.20018291473388672
0.16625332832336426
0.22054016590118408
0.07803726196289062
-0.003392815589904785
0.42411553859710693
-0.020357489585876465
0.14589595794677734
-0.13571715354919434
0.2171473503112793
0.1289311647415161
0.044107913970947266
0.3358997106552124
0.13571703433990479
0.18321800231933594
-0.061072707176208496
0.20018267631530762
0.6276912689208984
0.17643213272094727
0.0033930540084838867
0.22054028511047363
0.3392925262451172
0.2375047206878662
0.30536341667175293
-0.281612753868103
0.01696467399597168
-0.061072468757629395
0.030536293983459473
0.1696462631225586
-0.20696842670440674
-0.26464831829071045
0.2273259162902832
-0.1832178831100464
-0.35286426544189453
0.36304306983947754
0.06446552276611328
-0.013571739196777344
-0.14250290393829346
0.20018267631530762
-0.9839484691619873
0.027143359184265137
-0.23750483989715576
0.4987601041793823
-0.4309016466140747
0.41732966899871826
0.010178565979003906
-0.24429070949554443
0.2883986234664917
0.07464432716369629
-0.5360821485519409
0.24768352508544922
0.28500592708587646
0.10178780555725098
0.5700114965438843
-0.44108033180236816
0.29857754707336426
-0.08143019676208496
-0.037322282791137695
0.33589959144592285
0.33250677585601807
0.05428647994995117
-0.6073338985443115
0.5530469417572021
-0.06446552276611328
-0.2408977746963501
-0.0848231315612793
0.17643213272094727
0.1085735559463501
-0.061072587966918945
0.027143359184265137
-0.1289311647415161
-0.013571739196777344
0.0237504243850708
0.2273256778717041
-0.08143019676208496
0.023750782012939453
0.34607863426208496
-0.061072707176208496
0.04750096797943115
0.3189350366592407
0.2510765790939331
-0.2917914390563965
-0.1560746431350708
-0.17643213272094727
-0.003392815589904785
0.2307189702987671
0.4173300266265869
0.16625332832336426
-0.1085737943649292
0.2883986234664917
0.19678962230682373
-0.23750483989715576
0.12553828954696655
-0.01696455478668213
0.36304306983947754
-0.22732603549957275
0.22054016590118408
-0.1136629581451416
-0.01696455478668213
-0.5818867683410645
-0.04071509838104248
-0.13571703433990479
-0.09160888195037842
-0.2408977746963501
0.5530468225479126
0.2850058078765869
0.16286039352416992
0.43768739700317383
-0.6480488777160645
0.38679349422454834
0.21036148071289062
0.3969721794128418
0.35625720024108887
-0.20018255710601807
0.1798250675201416
0.10518062114715576
-0.2731306552886963
-0.003392815589904785
0.22054028511047363
0.2985774278640747
0.061072587966918945
0.05767965316772461
0.38340067863464355
0.1662532091140747
0.3800077438354492
0.030536293983459473
0.4173300266265869
-0.05767977237701416
-0.5225105285644531
-0.32232797145843506
0.07803726196289062
-0.044108033180236816
0.12214529514312744
-0.15268170833587646
0.19678974151611328
0.6412630081176758
-0.05767977237701416
0.4580448865890503
-0.02375054359436035
0.05767977237701416
0.11535942554473877
0.06785845756530762
0.38340067863464355
0.4682239294052124
0.31214916706085205
-0.22393310070037842
0.7430506944656372
0.17303919792175293
-0.15946745872497559
0.6751922369003296
0.393579363822937
-0.07125163078308105
0.0950019359588623
-0.7057285308837891
0.08143019676208496
-0.20696842670440674
0.45465195178985596
-0.06785857677459717
0.3053632974624634
-0.12553834915161133
0.5292965173721313
0.30197036266326904
0.20018255710601807
0.08821606636047363
-0.21714723110198975
-0.30875635147094727
0.546261191368103
0.2748270034790039
0.5564398765563965
0.05089390277862549
0.6616203784942627
-0.13571691513061523
0.17303919792175293
-0.006785750389099121
0.2850058078765869
0.07464432716369629
0.43090152740478516
-0.5971550941467285
0.08821594715118408
-0.05089390277862549
0.35286426544189453
0.0475008487701416
-0.027143239974975586
-0.7600153684616089
-0.04750096797943115
0.32232779264450073
0.2951846122741699
0.027143359184265137
0.40036535263061523
-0.07803726196289062
-0.08143019676208496
-0.5021529197692871
-0.3766148090362549
0.3325066566467285
0.07125139236450195
-0.010178804397583008
0.812605619430542
-0.4919741153717041
-0.2680412530899048
0.27821993827819824
0.2069683074951172
-0.06785845756530762
0.2544693946838379
-0.10178792476654053
0.3053632974624634
0.0475010871887207
0.13910996913909912
-0.14928877353668213
-0.09839487075805664
0.0950019359588623
0.11535954475402832
0.17643225193023682
0.2917916774749756
-0.6921567916870117
-0.08143019676208496
-0.044108033180236816
-0.01696455478668213
-0.20018255710601807
0.17643213272094727
-0.003392934799194336
-0.05089378356933594
-0.12893104553222656
-0.13571703433990479
0.40375804901123047
-0.06446576118469238
-0.15268158912658691
-0.044107913970947266
-0.36304306983947754
-0.4987601041793823
-0.11535930633544922
0.08143031597137451
0.3562573194503784
0.25446951389312744
0.07464432716369629
-0.3121490478515625
-0.13232409954071045
-0.2307189702987671
0.30536341667175293
0.5123318433761597
-0.08143031597137451
0.07125139236450195
-0.4410802125930786
0.5089389085769653
0.25446927547454834
0.24768364429473877
0.1832178831100464
-0.3698289394378662
0.29518449306488037
0.027143478393554688
-0.006785869598388672
0.19339680671691895
0.6378700733184814
-0.2408977746963501
-0.013571739196777344
-0.03392922878265381
-0.15268170833587646
0.13232409954071045
-0.15607452392578125
0.39357924461364746
-0.30197036266326904
-0.0848231315612793
-0.7159072160720825
-0.1696460247039795
-0.054286837577819824
0.15268158912658691
0.06446552276611328
-0.04071509838104248
0.06446576118469238
0.20357561111450195
0.09160900115966797
0.12893128395080566
-0.654834508895874
-0.5700114965438843
0.28839874267578125
-0.46822381019592285
0.21884393692016602
-0.0950019359588623
-0.28500568866729736
0.25107645988464355
-0.0950019359588623
-0.14928853511810303
0.16625332832336426
0.2273259162902832
0.13232409954071045
-0.0712512731552124
-0.18321800231933594
0.3053632974624634
0.26804113388061523
0.2544693946838379
0.09500181674957275
0.5225105285644531
-0.05767977237701416
-0.16286039352416992
0.261255145072937
0.40715110301971436
-0.14928877353668213
0.27143406867980957
0.3121490478515625
0.3257209062576294
-0.1696462631225586
0.37661468982696533
0.11875247955322266
0.16286039352416992
0.3392925262451172
0.05767977237701416
0.1289311647415161
-0.7057286500930786
-0.020357608795166016
-0.16625332832336426
0.35286426544189453
-0.12553822994232178
-0.03392934799194336
0.16625332832336426
-0.373221755027771
0.05767977237701416
-0.17643213272094727
0.3800077438354492
-0.3358997106552124
0.30875635147094727
-0.2646481990814209
0.22393310070037842
0.1560746431350708
-0.5971547365188599
0.5123317241668701
0.07803726196289062
0.38679349422454834
0.4105440378189087
0.17643213272094727
0.5530469417572021
0.07464432716369629
-0.5903691053390503
0.10857343673706055
0.09160900115966797
0.4105440378189087
0.19339680671691895
0.22393321990966797
0.12214541435241699
0.07803726196289062
-0.3426854610443115
-0.013571619987487793
0.40375804901123047
0.5360820293426514
0.11535954475402832
0.030536293983459473
0.413936972618103
-0.15946745872497559
0.0950019359588623
0.061072707176208496
-0.5801903009414673
0.11535942554473877
-0.2985774278640747
0.07464432716369629
0.05767989158630371
0.3664360046386719
0.2748270034790039
0.25107645988464355
-0.1798250675201416
0.30536341667175293
-0.10518062114715576
-0.05089378356933594
0.22054028511047363
0.04750096797943115
0.23411190509796143
0.5666184425354004
0.17982518672943115
-0.26125526428222656
0.7057286500930786
0.07464432716369629
-0.34607839584350586
0.19339680671691895
-0.10687708854675293
0.4444732666015625
0.15607452392578125
-0.12553822994232178
-0.46143782138824463
0.35286426544189453
0.27482688426971436
-0.013571739196777344
0.22054004669189453
-0.13910996913909912
0.06446552276611328
-0.09839487075805664
0.47840237617492676
-0.18321800231933594
0.19678974151611328
0.24768352508544922
-0.03392910957336426
-0.28500568866729736
-0.08143019676208496
0.27143406867980957
0.06955504417419434
-0.003392815589904785
0.3189350366592407
0.01696467399597168
0.15268170833587646
-0.1832181215286255
-0.2714341878890991
0.6039407253265381
-0.2850055694580078
0.2646481990814209
0.19339656829833984
-0.00848245620727539
0.2680410146713257
0.23411190509796143
0.4003652334213257
0.2578623294830322
0.10857367515563965
0.09160888195037842
-0.47840285301208496
0.044108033180236816
0.08143019676208496
-0.16286039352416992
0.21714723110198975
-0.5157246589660645
0.003392934799194336
0.3223278522491455
0.3596501350402832
0.013571619987487793
0.27821993827819824
0.010178804397583008
0.475009560585022
0.013571739196777344
0.15946757793426514
0.1798250675201416
-0.24768340587615967
-0.044108033180236816
0.04750096797943115
-0.14589595794677734
0.4207228422164917
0.29857730865478516
-0.13910984992980957
-0.04071509838104248
0.3019704818725586
0.25446951389312744
0.1696462631225586
0.26804113388061523
0.3291137218475342
-0.1458958387374878
-0.010178804397583008
0.32572078704833984
0.3494713306427002
0.26804113388061523
0.09160900115966797
-0.17643225193023682
-0.20018267631530762
0.20696842670440674
-0.142503023147583
-0.027143359184265137
0.10178780555725098
-0.3189350366592407
-0.07464432716369629
0.19678986072540283
-0.27143406867980957
-0.30536317825317383
0.5055460929870605
0.047501325607299805
-0.11875224113464355
-0.2646481990814209
0.495367169380188
-0.15268170833587646
-0.020357489585876465
0.1798250675201416
-0.05089402198791504
0.4342944622039795
-0.01696455478668213
0.15946745872497559
-0.17303919792175293
0.3528643846511841
-0.02375054359436035
-0.0950019359588623
-0.12893104553222656
-0.17303919792175293
-0.739657998085022
0.5801904201507568
0.15268158912658691
-0.24429059028625488
-0.26125526428222656
0.44108033180236816
0.1458958387374878
0.2883986234664917
-0.19678962230682373
-0.09500181674957275
0.18661093711853027
-0.11535930633544922
0.3087562322616577
0.1458958387374878
0.39697229862213135
0.3426854610443115
-0.11196660995483398
0.0475008487701416
0.2748270034790039
0.40375816822052
0.5869760513305664
-0.19678962230682373
0.21036148071289062
0.36982905864715576
0.3240244388580322
0.14589571952819824
0.37661468982696533
0.020357608795166016
0.16286051273345947
-0.003392815589904785
0.49536728858947754
0.2646481990814209
-0.06446552276611328
-0.01696455478668213
0.0950019359588623
0.09839481115341187
-0.13571667671203613
0.06785845756530762
0.1187523603439331
-0.07803726196289062
0.23411202430725098
0.14928865432739258
0.006785869598388672
0.1425027847290039
-0.6242985725402832
-0.21036148071289062
0.030536293983459473
0.16286051273345947
0.27821993827819824
-0.20018267631530762
0.32572078704833984
0.2035754919052124
0.3664360046386719
0.25107645988464355
-0.2510765790939331
0.3969721794128418
0.20357561111450195
-0.07803726196289062
0.393579363822937
-0.19678962230682373
0.3155421018600464
-0.4410806894302368
0.10178780555725098
0.12553822994232178
0.16286039352416992
-0.3189350366592407
0.3189350366592407
0.21714723110198975
-0.20357561111450195
0.17643225193023682
0.5157246589660645
-0.39697229862213135
-0.24429070949554443
0.1798250675201416
-0.1560746431350708
-0.3494713306427002
0.15268182754516602
-0.3019704818725586
0.39697229862213135
-0.21036136150360107
0.13910984992980957
0.7871588468551636
0.2748270034790039
0.3901864290237427
-0.027143478393554688
0.5089387893676758
0.1696462631225586
0.1900038719177246
-0.044108033180236816
0.1289311647415161
0.01696467399597168
0.3257209062576294
0.1798250675201416
0.3867936134338379
-0.033929288387298584
0.08143019676208496
-0.06446564197540283
-0.1085737943649292
-0.2408977746963501
0.027143478393554688
-0.12553811073303223
-0.8448383808135986
-0.5734045505523682
0.18321800231933594
0.1662532091140747
0.15268158912658691
-0.15607476234436035
0.2307189702987671
0.07803738117218018
0.4342944622039795
0.01696467399597168
0.5292962789535522
-0.11027002334594727
0.1696462631225586
0.6209051609039307
0.22393310070037842
0.0237504243850708
-0.2646481990814209
-0.3494710922241211
0.2069685459136963
0.8584103584289551
0.2273261547088623
-0.5191175937652588
0.495367169380188
-0.08821606636047363
0.7668012380599976
-0.10518074035644531
-1.0246634483337402
0.1662534475326538
0.3257209062576294
0.26804113388061523
-0.3155421018600464
0.363042950630188
0.3766145706176758
0.48179543018341064
0.12893128395080566
-0.20018243789672852
0.30536317825317383
-0.26125526428222656
0.5191175937652588
0.09160888195037842
0.2951847314834595
0.16286039352416992
0.10857367515563965
-0.05767989158630371
-0.29179155826568604
0.6921570301055908
0.2578623294830322
-0.3223278522491455
-0.05767977237701416
-0.16286063194274902
0.38679349422454834
0.6548348665237427
0.40375781059265137
-0.2137542963027954
0.31214916706085205
0.31554198265075684
0.5496540069580078
-0.0950019359588623
0.2307189702987671
0.09839498996734619
0.16964638233184814
0.5191178321838379
-0.027143478393554688
0.2171471118927002
0.26125526428222656
-0.17303919792175293
-0.4376872777938843
0.013571739196777344
0.5394752025604248
0.020357489585876465
0.04750096797943115
0.13232409954071045
0.6412630081176758
-0.2816128730773926
0.003392815589904785
-0.01696455478668213
0.3053632974624634
0.31893491744995117
0.27143406867980957
-0.21036136150360107
-0.0237504243850708
-0.0237504243850708
-0.010178804397583008
-0.0848231315612793
-0.5225105285644531
-0.13910996913909912
0.1458958387374878
-0.5700114965438843
0.17643213272094727
0.14250290393829346
0.38000786304473877
0.12893128395080566
-0.5496538877487183
0.23750483989715576
0.475009560585022
-0.32572078704833984
0.3189350366592407
-0.2748270034790039
-0.18661117553710938
0.281612753868103
0.05428671836853027
0.4614379405975342
-0.4207228422164917
0.037322282791137695
0.48858141899108887
0.13910996913909912
0.17643213272094727
0.09839487075805664
-0.15946745872497559
0.013571739196777344
0.2069687843322754
0.1458958387374878
0.03392922878265381
0.2629518508911133
0.6684064865112305
0.12214517593383789
0.24429059028625488
-0.1832181215286255
-0.4376872777938843
0.2035754919052124
0.13062787055969238
0.4648306369781494
0.21714723110198975
0.2069683074951172
-0.15946745872497559
-0.4834918975830078
0.09160900115966797
0.27482688426971436
0.4173300266265869
0.31554198265075684
-0.21036148071289062
-0.1187523603439331
0.04071521759033203
0.28839874267578125
0.3223278522491455
-0.12553811073303223
0.016964435577392578
0.3189350366592407
0.3189350366592407
0.05089390277862549
0.36304301023483276
0.07464432716369629
-0.08143007755279541
-0.3019704818725586
0.475009560585022
-0.04071509838104248
0.1425027847290039
-0.07803726196289062
0.22393298149108887
0.13911020755767822
-0.054286837577819824
0.3409891128540039
0.21036148071289062
0.0950019359588623
0.06446540355682373
-0.48179543018341064
-0.1289311647415161
0.1696462631225586
-0.4851881265640259
0.08143007755279541
-0.8007303476333618
0.13232409954071045
0.32572078704833984
0.5598326921463013
0.18321800231933594
0.19678962230682373
-0.8991254568099976
-0.003392934799194336
-0.03392910957336426
0.3087562322616577
0.037322163581848145
-0.6751922369003296
0.18661093711853027
0.22054028511047363
0.11196660995483398
-0.0848231315612793
-0.05767989158630371
-0.42411577701568604
0.19339680671691895
-0.2680412530899048
0.4987598657608032
0.24768352508544922
0.2714341878890991
0.2646481990814209
-0.37322187423706055
0.003392934799194336
0.4376875162124634
0.6446558237075806
-0.013571619987487793
-0.2748270034790039
0.5598328113555908
0.07464444637298584
0.46822381019592285
0.20357561111450195
0.4241156578063965
0.3087562322616577
-0.06785857677459717
0.4444732666015625
0.05089384317398071
0.26125526428222656
0.15607452392578125
0.27143406867980957
0.1696462631225586
0.08821606636047363
-0.08143019676208496
-0.16286051273345947
0.31893491744995117
-0.30536341667175293
0.32572102546691895
-0.02375030517578125
0.15268170833587646
-0.24768352508544922
0.15607452392578125
-0.054286837577819824
0.5632256269454956
-0.020357489585876465
-0.15607452392578125
-0.11196660995483398
-0.010178804397583008
0.8923395872116089
0.1832178831100464
-0.09839487075805664
0.044108033180236816
0.11875259876251221
0.38340067863464355
0.28839874267578125
-0.3596501350402832
0.12214529514312744
-0.5292965173721313
0.2375049591064453
-0.11875247955322266
0.2510765790939331
0.044107913970947266
0.2951843738555908
0.32232797145843506
0.6005479097366333
-1.1535946130752563
0.13571715354919434
0.3596501350402832
0.08143019676208496
0.383400559425354
0.28839874267578125
-0.08821618556976318
-0.31214916706085205
0.13910996913909912
0.19678974151611328
-0.33929264545440674
0.037322163581848145
0.027143120765686035
-0.2273259162902832
0.2171473503112793
0.09160900115966797
-0.2035757303237915
0.2137542963027954
0.5292965173721313
-0.23411190509796143
0.30197036266326904
0.22054016590118408
0.030536174774169922
0.46143782138824463
0.1933966875076294
0.1900038719177246
0.054286837577819824
-0.044108033180236816
-0.037322282791137695
0.09839487075805664
0.4987601041793823
0.2748270034790039
-0.07125139236450195
-0.1085737943649292
-0.003392934799194336
0.01696467399597168
-0.25107645988464355
0.24768352508544922
0.20357561111450195
0.03392922878265381
0.27143406867980957
0.006785869598388672
-0.2850058078765869
0.34947144985198975
0.32572078704833984
0.01696479320526123
0.16286027431488037
0.3019704818725586
-0.2375047206878662
-0.9160900115966797
0.31554198265075684
0.29518449306488037
-0.44786620140075684
0.06785857677459717
0.22054028511047363
-0.1408064365386963
0.393579363822937
-0.3325066566467285
-0.13571715354919434
-0.25107645988464355
0.17643213272094727
-0.1798250675201416
0.30536317825317383
-0.04071497917175293
0.05089378356933594
-0.2035754919052124
-0.027143478393554688
0.42750871181488037
-0.08821606636047363
0.19678926467895508
0.46822381019592285
-0.23411178588867188
-0.0848231315612793
0.2850058078765869
0.5801903009414673
0.6107265949249268
0.19678962230682373
-0.18321800231933594
0.15946757793426514
-0.383400559425354
0.04071509838104248
0.18661093711853027
0.2544693946838379
0.10518050193786621
0.020357608795166016
-0.03392922878265381
0.22054016590118408
0.817695140838623
0.006785750389099121
0.05767965316772461
0.24429070949554443
-0.19339680671691895
0.3528643846511841
-0.5700116157531738
-0.22054016590118408
-0.020357608795166016
0.3460782766342163
-0.5259033441543579
0.27143406867980957
0.27821993827819824
0.09839487075805664
-0.037322163581848145
0.04750096797943115
0.003392934799194336
-0.10178768634796143
0.485188364982605
0.32572078704833984
-0.15946745872497559
0.19678962230682373
0.17643213272094727
0.9568048715591431
-0.44447314739227295
-0.7939447164535522
0.1798250675201416
0.342685341835022
0.515724778175354
0.14928865432739258
0.2137542963027954
0.23750483989715576
0.2408977746963501
0.32572078704833984
0.21375441551208496
0.10178780555725098
-0.0712512731552124
0.0848231315612793
0.5801903009414673
-0.020357608795166016
0.044108033180236816
0.08821606636047363
0.24768364429473877
0.26804113388061523
0.13571703433990479
-0.15268182754516602
0.09160888195037842
0.6344771385192871
0.3664360046386719
0.006785869598388672
0.24089765548706055
-0.006785750389099121
0.02375054359436035
0.013571858406066895
-0.19678962230682373
-0.006785869598388672
-0.5360822677612305
-0.054286837577819824
0.06785857677459717
-0.21714723110198975
-0.11875247955322266
0.4156334400177002
0.30197036266326904
0.0712515115737915
0.6344771385192871
0.4444732666015625
0.12214529514312744
0.11875247955322266
0.13571703433990479
-0.03392922878265381
0.47161662578582764
0.0848231315612793
0.3019704818725586
0.3494713306427002
0.22053992748260498
0.14589571952819824
0.3223280906677246
0.22393310070037842
0.3969721794128418
-0.2307189702987671
-0.04071509838104248
0.4105440378189087
-0.0475008487701416
0.2375047206878662
0.2782198190689087
0.2748270034790039
0.08143031597137451
0.22054016590118408
0.14589571952819824
-0.5021529197692871
-0.11196649074554443
0.2137542963027954
0.3596501350402832
0.35286426544189453
0.4987598657608032
0.5225106477737427
0.42750871181488037
0.48179543018341064
0.25107645988464355
-0.07803714275360107
0.4173297882080078
-0.3664360046386719
-0.013571739196777344
-0.29857730865478516
-0.05089390277862549
-0.013571619987487793
-0.1187523603439331
0.07125139236450195
0.33250677585601807
-0.03392934799194336
0.17643213272094727
0.22054016590118408
-0.10857373476028442
0.38679349422454834
-0.41732990741729736
0.26804113388061523
-0.09839487075805664
0.45804500579833984
0.0950019359588623
0.3901865482330322
0.31214916706085205
-0.39357948303222656
-0.10518074035644531
0.1662532091140747
-0.3155421018600464
0.3426854610443115
0.35286426544189453
0.18661081790924072
0.4275085926055908
0.4139368534088135
-0.09839487075805664
-0.40375816822052
-0.12214541435241699
0.2748270034790039
-0.18321800231933594
-0.45465195178985596
0.006785869598388672
0.5326893329620361
-0.8312667608261108
-0.14250290393829346
0.030536293983459473
0.1798250675201416
-0.5903689861297607
0.3087562322616577
0.11875224113464355
0.21375417709350586
-0.19678962230682373
-0.06446564197540283
-0.19000375270843506
0.061072587966918945
-0.0780373215675354
0.15946757793426514
0.3460785150527954
0.19678974151611328
0.22393310070037842
0.09500181674957275
0.03392922878265381
-0.06107282638549805
0.45125913619995117
-0.21036148071289062
-0.19339680671691895
0.10857367515563965
-0.1458958387374878
0.38000762462615967
0.04071497917175293
-0.27143406867980957
0.24089765548706055
-0.31214916706085205
0.6039407253265381
-0.31214916706085205
0.3901864290237427
-0.31554222106933594
0.10518074035644531
0.5191175937652588
0.42072272300720215
-0.07464444637298584
0.22054016590118408
-0.003392934799194336
-0.04071509838104248
0.9364475011825562
0.33589959144592285
-0.3358997106552124
0.4648308753967285
-0.013571739196777344
-0.17643213272094727
0.10178780555725098
0.49197423458099365
-0.07464432716369629
-0.027143478393554688
0.5717082023620605
0.40036535263061523
-0.23750460147857666
0.393579363822937
0.393579363822937
0.888946533203125
0.17643213272094727
-0.2375047206878662
0.15946745872497559
0.0950019359588623
0.13571703433990479
0.3494713306427002
0.3698289394378662
0.2951846122741699
0.4342944622039795
-0.3494713306427002
-0.08143019676208496
0.42072272300720215
-0.11196660995483398
-0.09839487075805664
0.28500568866729736
-0.013571619987487793
-0.1187523603439331
-0.08143019676208496
0.7362649440765381
0.19678974151611328
0.07803726196289062
0.22054028511047363
0.13910984992980957
0.24768364429473877
0.4885812997817993
0.06785845756530762
-0.020357608795166016
0.054286837577819824
0.5157246589660645
0.1798250675201416
0.22054004669189453
-0.28839874267578125
-0.13232409954071045
-0.42411553859710693
0.5462610721588135
-0.006785750389099121
-0.1696462631225586
0.30536317825317383
0.003392934799194336
-0.05089378356933594
0.14928877353668213
0.13232409954071045
0.6616203784942627
0.9126970171928406
-0.05428671836853027
-0.006785988807678223
-0.10178780555725098
0.7159072160720825
0.05767965316772461
-0.04071521759033203
0.030536293983459473
0.24089765548706055
-0.22054016590118408
-0.1900038719177246
0.2408977746963501
0.020357489585876465
0.0
-0.09160900115966797
-0.281612753868103
-0.12214541435241699
-0.03392910957336426
-0.10178780555725098
0.04410815238952637
0.0
0.1696465015411377
-0.030536413192749023
0.0848231315612793
-0.016964435577392578
-0.6480487585067749
0.3019704818725586
-0.21714723110198975
0.47840261459350586
-0.01696455478668213
-0.24429094791412354
0.5598326921463013
0.04410815238952637
0.010178685188293457
-0.5123317241668701
-0.044108033180236816
-0.05089402198791504
0.34947144985198975
0.36304306983947754
-0.3121492862701416
-1.0450212955474854
0.3189351558685303
-0.2578623294830322
-0.11196660995483398
0.37661486864089966
0.35286426544189453
-0.0016963481903076172
-0.17303919792175293
-0.5259034633636475
0.3223278522491455
-0.006785869598388672
0.19678974151611328
0.38000762462615967
0.18321800231933594
0.22054028511047363
0.17643213272094727
-0.4750094413757324
0.08821606636047363
0.10178780555725098
0.34947144985198975
0.0373225212097168
0.15268158912658691
0.06785857677459717
-0.08143019676208496
0.23750483989715576
0.18491435050964355
0.3596501350402832
0.09839475154876709
0.3087562322616577
0.24429070949554443
0.20018267631530762
-0.12553834915161133
0.4105440378189087
-0.07803726196289062
0.1085737943649292
0.0848231315612793
0.12553811073303223
0.003392934799194336
0.5564396381378174
0.21036148071289062
-0.24429070949554443
-0.06785857677459717
0.12214529514312744
0.26464807987213135
0.5326894521713257
-0.3257206678390503
0.20357537269592285
0.3664360046386719
-0.10178768634796143
0.2951846122741699
0.20696842670440674
0.1662532091140747
0.09160912036895752
-0.3800077438354492
-0.2137542963027954
0.30875635147094727
0.7260862588882446
0.44108033180236816
-0.8923393487930298
-0.1594676971435547
0.33589959144592285
0.2137542963027954
0.14928877353668213
0.14589571952819824
-0.1187523603439331
-0.3460785150527954
0.07125139236450195
0.013571619987487793
-0.003392934799194336
-0.17982494831085205
0.01696467399597168
0.3325066566467285
0.17303919792175293
-0.32911384105682373
0.30197036266326904
0.373221755027771
0.2646481990814209
-0.49197423458099365
0.32232797145843506
0.02375054359436035
-0.44447338581085205
-0.06107282638549805
0.45804500579833984
0.3664358854293823
-0.35625743865966797
-0.3698289394378662
-0.44786620140075684
-0.46822381019592285
-0.0848231315612793
0.22732603549957275
0.20018267631530762
0.29179155826568604
-0.14589571952819824
0.5089387893676758
-0.2951846122741699
-0.06446552276611328
0.10857367515563965
0.5971548557281494
0.07464432716369629
0.6785852909088135
0.3257209062576294
-0.13232421875
0.4003652334213257
-0.26804113388061523
-0.08143031597137451
0.2951846122741699
0.4444732666015625
0.10518074035644531
-0.02375054359436035
-0.13571703433990479
-0.01696467399597168
0.2883988618850708
-0.597154974937439
-0.24768364429473877
0.32572102546691895
0.14589571952819824
0.4580448865890503
-0.1187523603439331
0.2578620910644531
0.15607452392578125
-0.11875224113464355
0.24429059028625488
0.4444732666015625
0.11875247955322266
0.3596501350402832
-0.013571739196777344
-0.43090176582336426
0.01696467399597168
-0.1560746431350708
0.04750096797943115
0.3291137218475342
0.2544693946838379
-0.2273261547088623
0.010178804397583008
0.24089765548706055
0.06785845756530762
0.3291139602661133
-0.00848245620727539
0.3358997106552124
0.3664358854293823
-0.17303931713104248
0.0475008487701416
-1.3673490285873413
0.14250290393829346
0.07803726196289062
0.4546520709991455
-0.31214916706085205
-0.1832178831100464
0.13232409954071045
0.23411190509796143
-0.04750096797943115
0.3257209062576294
0.09839487075805664
0.39357924461364746
-0.2883988618850708
-0.15946745872497559
0.1696462631225586
-0.24768352508544922
0.43429458141326904
0.5700113773345947
0.7193002700805664
-0.044108033180236816
-0.10178804397583008
-0.12553834915161133
0.020357608795166016
-0.17303919792175293
0.3053632974624634
0.5937620401382446
0.35286426544189453
-0.41054391860961914
0.3460785150527954
0.10518074035644531
0.4546520709991455
-0.09160888195037842
0.26804113388061523
0.11535954475402832
-0.43768739700317383
-0.12553822994232178
-0.6717991828918457
0.13910996913909912
0.05767965316772461
-0.4987598657608032
0.34607863426208496
0.054286837577819824
-0.07464432716369629
-0.11535930633544922
-0.030536293983459473
-0.3291137218475342
-0.18661093711853027
0.04750096797943115
0.1798250675201416
0.44447338581085205
-0.31214940547943115
0.12553834915161133
0.3494713306427002
0.10178792476654053
0.4987599849700928
0.13232409954071045
0.3664360046386719
0.06446552276611328
0.04071509838104248
-0.15946745872497559
0.38679367303848267
-0.20018279552459717
0.12553834915161133
0.1662532091140747
0.0848231315612793
-0.27821993827819824
0.10857367515563965
0.11196660995483398
-0.7566225528717041
0.4682236909866333
0.26125526428222656
-0.05089378356933594
-0.08143019676208496
0.5394752025604248
0.3358997106552124
0.5632257461547852
0.17303919792175293
-0.05767977237701416
0.3257209062576294
0.04071509838104248
0.39697206020355225
0.21375441551208496
-0.12214541435241699
0.4071512222290039
0.40375816822052
-0.17643213272094727
0.1798250675201416
-0.6141195297241211
0.21036136150360107
-0.11535954475402832
0.2510765790939331
-0.18491458892822266
-0.19678962230682373
0.2307189702987671
0.14928865432739258
0.45804500579833984
0.3257209062576294
0.45125913619995117
0.05089378356933594
-0.013571619987487793
-0.5292962789535522
0.8109092712402344
0.4207228422164917
0.23411178588867188
0.6073336601257324
0.10518074035644531
0.40375804901123047
0.393579363822937
0.044108033180236816
0.22393310070037842
0.5903690457344055
-0.28839874267578125
0.40715110301971436
0.044108033180236816
-0.016964435577392578
0.2171473503112793
0.15268170833587646
0.044107913970947266
0.15946745872497559
-0.4546520709991455
0.054286837577819824
0.18661081790924072
0.1662534475326538
0.5157248973846436
0.03392934799194336
0.5767972469329834
0.3155421018600464
-0.04750096797943115
0.01696467399597168
0.14928865432739258
0.2307189702987671
0.281612753868103
0.010178804397583008
0.18661093711853027
0.5191178321838379
0.01696467399597168
0.03392910957336426
0.13232421875
-0.12893104553222656
-0.3494713306427002
-0.20357561111450195
0.003392815589904785
0.07973384857177734
-0.38340067863464355
0.2035754919052124
-0.06785857677459717
0.06785857677459717
-0.04750096797943115
0.5360822081565857
0.13232421875
0.16964614391326904
0.30875635147094727
0.16286051273345947
0.0237504243850708
0.14928865432739258
0.04410815238952637
0.3223278522491455
0.42072272300720215
-0.7057286500930786
-0.29857730865478516
0.5564397573471069
-0.2748270034790039
0.11196660995483398
0.15946745872497559
0.2069685459136963
-0.08143031597137451
-0.15268158912658691
-0.0950019359588623
0.4563486576080322
0.5530468225479126
0.08991241455078125
0.003392934799194336
-0.020357608795166016
0.2985774278640747
-0.1425027847290039
0.36304306983947754
-0.6107264757156372
0.38679349422454834
0.1289311647415161
-0.41054415702819824
0.6005475521087646
0.12214541435241699
0.43768739700317383
0.27143406867980957
-0.05428677797317505
-0.4139368534088135
0.09500181674957275
-0.020357489585876465
-0.2917914390563965
0.5089387893676758
0.13232421875
0.5971547365188599
0.40715110301971436
0.2917914390563965
-0.06785845756530762
0.4309016466140747
-0.10857367515563965
-0.17643237113952637
-0.4342944622039795
-0.546261191368103
-0.858410120010376
0.05767965316772461
0.3596501350402832
0.5666186809539795
0.4444732666015625
-0.5292963981628418
-0.07125139236450195
-0.1187523603439331
0.2273259162902832
0.14928877353668213
0.3800077438354492
0.044108033180236816
-0.0237504243850708
0.14928865432739258
0.06446552276611328
0.23411178588867188
-0.22393321990966797
0.7447471618652344
0.4648308753967285
0.4817955493927002
0.23071885108947754
-0.06785845756530762
-0.15268182754516602
-0.15607452392578125
-0.17303931713104248
0.1560746431350708
-0.08143031597137451
0.19678962230682373
0.5360821485519409
-0.061072587966918945
-0.037322163581848145
0.40036535263061523
0.14589571952819824
0.66840660572052
0.32911384105682373
0.26804113388061523
0.4241156578063965
0.1187523603439331
0.11535954475402832
-0.07803726196289062
-0.3867936134338379
-0.1662534475326538
0.06446528434753418
0.37322187423706055
0.4410804510116577
-0.2086648941040039
-0.2578623294830322
0.3596501350402832
0.2816128730773926
-0.28839874267578125
0.5021529197692871
0.05428671836853027
0.4546520709991455
0.0237504243850708
0.5530469417572021
0.2748270630836487
0.07803726196289062
0.4444732666015625
0.5021530389785767
-0.2069685459136963
-0.45125913619995117
-0.2137542963027954
0.5632257461547852
0.3257209062576294
-0.08821606636047363
-0.15946757793426514
-0.061072707176208496
0.3223278522491455
-0.013571619987487793
0.42072272300720215
-0.5462610721588135
-0.37661468982696533
0.1085735559463501
-0.08312678337097168
-0.22393310070037842
-0.40375816822052
0.35286426544189453
0.5326892137527466
-0.44786620140075684
0.6480487585067749
0.02375030517578125
-0.14928877353668213
0.07803726196289062
-0.281612753868103
-0.05089402198791504
0.28839874267578125
0.037322163581848145
0.0848228931427002
-0.6141195297241211
0.10178780555725098
0.27821993827819824
0.42750871181488037
0.04750096797943115
0.3969721794128418
0.31214916706085205
-0.05428671836853027
0.4784024953842163
0.30536317825317383
0.09160900115966797
0.39357948303222656
0.4546520709991455
-0.38000762462615967
-0.061072587966918945
-0.33929264545440674
-0.14250290393829346
-0.2408977746963501
-0.2850058078765869
0.393579363822937
0.3698289394378662
0.1560746431350708
0.08821606636047363
-0.003392934799194336
0.027143359184265137
0.1187523603439331
0.3155421018600464
-0.19339680671691895
0.020357489585876465
0.18321800231933594
0.16964638233184814
0.08143019676208496
0.19339680671691895
0.4275085926055908
0.3257209062576294
0.25107622146606445
0.41054391860961914
0.0712515115737915
0.3291137218475342
0.17303931713104248
0.0848231315612793
0.35625720024108887
0.11875224113464355
0.3596501350402832
0.39697229862213135
0.2578624486923218
0.4716167449951172
-0.0848228931427002
-0.8109093904495239
0.30197012424468994
0.5734044313430786
0.4105440378189087
0.607333779335022
-0.06107282638549805
-0.30197036266326904
0.22054016590118408
0.1933966875076294
-0.010178804397583008
0.3325066566467285
-0.006785869598388672
0.10518074035644531
-0.2510765790939331
0.013571500778198242
0.02375054359436035
0.1696462631225586
0.05767965316772461
-0.42411553859710693
0.2646481990814209
-0.8210878372192383
0.2985774278640747
0.3358997106552124
-0.04071509838104248
0.04410815238952637
0.2917916774749756
0.44447338581085205
-0.9534121751785278
-0.006785869598388672
0.04071509838104248
0.3325066566467285
0.5598328113555908
0.17643213272094727
0.2171471118927002
0.7362650632858276
0.03901863098144531
0.1594676971435547
0.27482712268829346
0.15268170833587646
0.29518449306488037
0.2646481990814209
0.42411577701568604
-0.2748270034790039
0.06446564197540283
0.2951846122741699
-0.4410804510116577
0.07803738117218018
-0.475009560585022
-0.18661093711853027
0.11196660995483398
-0.13571703433990479
-0.061072707176208496
0.08821606636047363
-0.17643213272094727
0.11875241994857788
0.24768352508544922
0.12893128395080566
0.07464456558227539
-0.01696467399597168
0.16286039352416992
0.14928841590881348
-0.1662534475326538
0.18321800231933594
0.18661093711853027
0.16286063194274902
0.5869760513305664
-0.09160900115966797
-0.3528643846511841
0.003392934799194336
0.030536413192749023
-0.48179519176483154
-0.35286426544189453
-0.05767977237701416
-0.19339656829833984
0.3121490478515625
0.02375054359436035
0.11196660995483398
-0.06785845756530762
-0.1900038719177246
0.29857730865478516
-0.3121490478515625
-0.17303919792175293
-0.2137542963027954
0.054286837577819824
-0.08482325077056885
0.26804113388061523
0.3596501350402832
0.42072272300720215
0.31214916706085205
-0.15268170833587646
0.28161299228668213
0.4342944622039795
-0.45125913619995117
-0.15946745872497559
0.485188364982605
0.5360822677612305
0.34607839584350586
-0.09160900115966797
-0.21714723110198975
0.17303931713104248
0.4105440378189087
0.15268170833587646
0.6717994213104248
-0.14928877353668213
-0.3494713306427002
-0.2578624486923218
0.47161662578582764
-0.30875635147094727
0.3426855802536011
0.25446951389312744
0.515724778175354
-0.4919743537902832
0.6310840845108032
-0.030536293983459473
0.2171471118927002
0.16625356674194336
0.6310843229293823
0.4546520709991455
0.044108033180236816
0.054286837577819824
-0.30875611305236816
0.003392934799194336
-0.037322163581848145
-0.2748270034790039
0.10178780555725098
-0.9856449365615845
0.13232409954071045
0.4139368534088135
0.11875247955322266
-0.2069685459136963
0.16625332832336426
-0.29857754707336426
-0.07803726196289062
0.1900038719177246
0.25107645988464355
0.383400559425354
0.16286051273345947
0.3392925262451172
-0.020357370376586914
-0.20018255710601807
-0.16286039352416992
-0.11027002334594727
0.16286051273345947
-0.1900038719177246
0.4105442762374878
0.22393298149108887
-0.586976170539856
0.07464432716369629
0.2816128730773926
0.5632257461547852
0.3291139602661133
0.5767974853515625
0.28500568866729736
-0.061072707176208496
0.17643201351165771
-0.37322187423706055
0.2069685459136963
0.32911384105682373
0.061072587966918945
-0.39697229862213135
0.13571691513061523
0.11875247955322266
0.36982882022857666
0.34947144985198975
-0.17982494831085205
-0.15268170833587646
0.2917916774749756
-0.5191177129745483
0.4987601041793823
0.12553834915161133
-0.2035754919052124
0.5292963981628418
0.3121490478515625
0.1900038719177246
-0.07464444637298584
0.08143019676208496
-0.11535930633544922
0.22393298149108887
-0.36304306983947754
0.4614379405975342
0.19678950309753418
-0.21375441551208496
0.413936972618103
0.2917916774749756
0.3053632974624634
0.48179543018341064
0.4614377021789551
-0.4342944622039795
-0.14250290393829346
-0.22393310070037842
0.2816128730773926
0.3494713306427002
0.07464444637298584
-0.013571858406066895
-0.17643213272094727
0.3053632974624634
0.010178804397583008
0.37661468982696533
-0.14928865432739258
-0.10518062114715576
0.16286063194274902
0.0848231315612793
0.2612553834915161
-0.37661492824554443
0.19678974151611328
0.006785869598388672
0.1187523603439331
0.17643213272094727
0.06785845756530762
-0.006785869598388672
0.17643213272094727
-0.03392922878265381
0.3392925262451172
-0.027143478393554688
0.14250290393829346
0.12214541435241699
0.044108033180236816
-0.010178804397583008
0.027143478393554688
0.3223278522491455
0.4580448865890503
-0.003392934799194336
-0.4207228422164917
0.35625720024108887
0.14250290393829346
0.7600153684616089
0.2917916774749756
0.0
0.05089390277862549
0.38000762462615967
-0.05089378356933594
-0.030536293983459473
0.32911384105682373
-0.2069683074951172
0.12893080711364746
0.1425027847290039
0.13571703433990479
0.07803726196289062
-0.13232409954071045
0.6039408445358276
0.5021530389785767
-0.3291137218475342
0.3800077438354492
-0.4444732666015625
0.6005479097366333
0.08143007755279541
-0.054286837577819824
0.2917916774749756
-0.3562570810317993
0.29518449306488037
-0.2375047206878662
-0.1458958387374878
0.17643213272094727
-0.07464444637298584
0.037322163581848145
0.037322282791137695
-0.11535954475402832
0.05089390277862549
-0.9059110879898071
0.46822381019592285
-0.19678974151611328
0.5157246589660645
0.13571703433990479
0.34607863426208496
-0.3732219934463501
-0.761711835861206
0.24089765548706055
-0.23411190509796143
0.3664360046386719
0.08821606636047363
0.06785857677459717
0.24768352508544922
-0.08821606636047363
-0.1798250675201416
0.07125139236450195
-0.12214529514312744
0.15268182754516602
0.05767965316772461
-0.05089402198791504
-0.5530469417572021
0.38679349422454834
-0.3358994722366333
-0.061072587966918945
0.46143782138824463
0.02375054359436035
-0.1560746431350708
0.044107913970947266
0.30536341667175293
-0.12893128395080566
-0.0475008487701416
0.044108033180236816
0.3223278522491455
0.15946757793426514
0.010178804397583008
0.43090152740478516
0.3460782766342163
-0.1866108775138855
0.28839874267578125
0.3155421018600464
0.3257206678390503
-0.6616206169128418
0.1323239803314209
-0.027143478393554688
0.25107645988464355
-0.12893128395080566
-0.14589571952819824
0.2782198190689087
0.2883986234664917
0.23411178588867188
0.3087562322616577
0.10857367515563965
0.20018279552459717
0.3155421018600464
-0.06785869598388672
-0.2035754919052124
0.5157246589660645
0.13571715354919434
0.46143805980682373
0.4919741153717041
-0.1933966875076294
0.054286837577819824
0.013571739196777344
0.13910996913909912
0.04071509838104248
0.67179936170578
0.2069683074951172
-0.02375054359436035
-0.6242983341217041
-0.20357561111450195
0.44786620140075684
-0.20357561111450195
0.4003652334213257
-0.31554222106933594
-0.15607452392578125
0.21036148071289062
-0.04410815238952637
0.23411190509796143
0.2578623294830322
0.5598325729370117
-0.3901865482330322
0.054286956787109375
0.20357561111450195
-0.06446528434753418
0.8906431198120117
-0.003392934799194336
-0.5259034633636475
0.0475008487701416
-0.15946745872497559
-0.16286051273345947
0.1696462631225586
0.09160900115966797
0.24768352508544922
0.1798250675201416
0.3325066566467285
-0.1900038719177246
-0.1458958387374878
-0.16964638233184814
0.010178685188293457
0.26804113388061523
-0.054286837577819824
0.26125526428222656
0.16625332832336426
-0.7532296180725098
-0.3019702434539795
0.4088475704193115
0.15946722030639648
0.46822357177734375
0.2578623294830322
-0.16625338792800903
0.24089765548706055
-0.15607452392578125
-0.32572078704833984
-0.006785869598388672
0.2171473503112793
0.1289311647415161
0.030536413192749023
0.1458958387374878
-0.11535942554473877
0.37322187423706055
0.4614379405975342
-0.15268182754516602
0.27482688426971436
0.2680412530899048
-0.18661093711853027
0.4207226037979126
0.2748270034790039
-0.4207228422164917
0.06446564197540283
-0.6209053993225098
0.2816128730773926
0.2069683074951172
0.12214529514312744
0.4716167449951172
0.06446564197540283
-0.4648308753967285
-0.10857367515563965
0.15946745872497559
0.003392934799194336
0.22054016590118408
0.21036148071289062
0.06785845756530762
0.5462610721588135
0.07125139236450195
0.766801118850708
0.08821606636047363
-0.1900036334991455
0.2408977746963501
0.3155418634414673
0.5428680181503296
0.39697229862213135
0.3392925262451172
0.013571739196777344
-0.21714723110198975
0.2137542963027954
0.5632257461547852
0.5292962789535522
0.2816128730773926
0.08821606636047363
0.030536293983459473
-0.35625720024108887
0.027143478393554688
-0.1832178831100464
0.19678962230682373
0.3426855802536011
0.475009560585022
0.16964638233184814
-0.12214553356170654
0.525903582572937
0.5903689861297607
0.363042950630188
-0.04750096797943115
0.044108033180236816
-0.3664357662200928
0.2544693946838379
-0.22054016590118408
-0.13571691513061523
0.1425027847290039
-0.7362648248672485
0.30197036266326904
0.29518449306488037
0.2985774278640747
-0.41054391860961914
-0.3494713306427002
-0.14928877353668213
0.11196660995483398
0.0950019359588623
0.07125139236450195
0.21036148071289062
0.31554222106933594
0.26804113388061523
-0.09839475154876709
0.3155421018600464
-0.2544691562652588
-0.013571739196777344
-0.08143031597137451
0.2544693946838379
-0.11875224113464355
0.08143019676208496
-0.16286051273345947
-0.4275085926055908
0.49536705017089844
-0.3698289394378662
0.061072707176208496
-0.08821606636047363
0.06785857677459717
0.22393310070037842
0.2951846122741699
-0.2883986234664917
0.3596501350402832
-0.20696842670440674
0.10178780555725098
0.16286039352416992
0.24768352508544922
-0.6446558237075806
0.020357608795166016
0.07803738117218018
-0.45804500579833984
-0.14250290393829346
0.2375049591064453
0.32911384105682373
0.0950019359588623
-0.06446552276611328
0.2035754919052124
0.42750871181488037
-0.054286837577819824
0.2375047206878662
0.4580451250076294
0.1526813507080078
0.15268158912658691
-0.36982882022857666
0.020357489585876465
0.30536341667175293
-0.027143478393554688
0.25107645988464355
-0.14928877353668213
0.33250677585601807
0.5700114965438843
-0.11535942554473877
0.07125139236450195
0.44786620140075684
0.027143478393554688
-0.013571739196777344
-0.02375054359436035
-0.4580451250076294
0.4207228422164917
0.8516242504119873
0.6819778680801392
0.2035754919052124
-0.7498365640640259
0.24429070949554443
-0.6192090511322021
0.09160900115966797
0.363042950630188
0.18661093711853027
0.06785833835601807
0.0033926963806152344
0.44786620140075684
0.15607452392578125
0.15268170833587646
-0.773587167263031
0.40715110301971436
-0.11535942554473877
0.07803750038146973
0.13910996913909912
0.05089390277862549
0.5835831165313721
0.2816128730773926
-0.1357172727584839
0.35286426544189453
0.44108033180236816
0.21375441551208496
-0.3494713306427002
0.281612753868103
0.45465195178985596
0.23411166667938232
-0.037322163581848145
0.24768364429473877
0.14589571952819824
-0.15607452392578125
-0.25107645988464355
-0.06785857677459717
0.17982494831085205
0.1798250675201416
0.2035754919052124
-0.06446564197540283
-0.11535942554473877
0.26464831829071045
-0.7362650632858276
0.12893128395080566
-0.2782198190689087
0.027143359184265137
-0.3596501350402832
-0.3019704818725586
-0.5496541261672974
-0.06785845756530762
-0.1628604531288147
0.18661093711853027
-0.03392934799194336
0.41054391860961914
-0.12214541435241699
-0.12553822994232178
-0.03223276138305664
-0.19678986072540283
0.48179543018341064
0.4258122444152832
0.30536341667175293
0.3392925262451172
0.29518449306488037
0.20018267631530762
-0.25446951389312744
0.16625332832336426
0.2307189702987671
0.17643213272094727
0.1696462631225586
0.16286063194274902
-0.6412628889083862
0.2612553834915161
0.08482307195663452
0.4071509838104248
-0.17643213272094727
0.19678962230682373
0.15268158912658691
-0.10518074035644531
-0.16286039352416992
-0.5530468225479126
0.48518848419189453
0.2816128730773926
-0.4342944622039795
0.43768739700317383
0.4241156578063965
0.43090152740478516
0.10518062114715576
0.2069685459136963
-0.14928877353668213
-0.342685341835022
0.42750871181488037
-0.2035754919052124
-0.19678974151611328
0.45465195178985596
0.3494713306427002
-0.2035754919052124
-0.7430505752563477
0.07803750038146973
0.23750507831573486
-0.6717993021011353
0.505545973777771
-0.13232421875
0.054286837577819824
0.16625332832336426
0.4309016466140747
-0.5937619209289551