0.4139368534088135
0.475009560585022
0.3867936134338379
0.1560746431350708
0.1289311647415161
-0.12553811073303223
-0.10857367515563965
-0.8855535984039307
0.18661093711853027
0.5259034633636475
0.4173297882080078
0.45465219020843506
0.3019704818725586
-0.13571715354919434
1.109486699104309
0.3325066566467285
0.373221755027771
0.13910984992980957
0.08821606636047363
0.16625332832336426
0.013571619987487793
0.09160900115966797
0.006785869598388672
0.9975199699401855
0.3087562322616577
0.30536317825317383
0.6717992424964905
0.6717993021011353
-0.26125526428222656
0.037322044372558594
0.11875247955322266
-0.006785869598388672
0.5835832357406616
0.25446927547454834
-0.4987601041793823
-0.02375054359436035
0.665013313293457
0.30536317825317383
0.36304306983947754
0.15946757793426514
0.1323239803314209
0.21036148071289062
-0.30536341667175293
-0.1933966875076294
0.2578623294830322
-0.3766148090362549
0.5530470609664917
0.061072707176208496
1.051806926727295
0.12893104553222656
0.49536752700805664
0.35625720024108887
0.709121584892273
0.373221755027771
0.6446559429168701
0.044108033180236816
0.26804113388061523
0.6378700733184814
0.9364478588104248
0.20018255710601807
-0.01696467399597168
0.32911384105682373
0.5869760513305664
0.07803738117218018
0.485188364982605
0.037322044372558594
0.27143406867980957
0.6141195297241211
0.23750483989715576
-0.28839850425720215
0.12553846836090088
0.32232797145843506
0.6039407253265381
0.13571703433990479
-0.8855537176132202
0.7396578788757324
-0.15607452392578125
0.6853710412979126
0.80751633644104
0.6141195297241211
0.2137542963027954
0.2850058078765869
-0.06446552276611328
0.16286039352416992
0.14928865432739258
-0.10178780555725098
1.3469913005828857
0.8380527496337891
0.48858141899108887
0.5021529197692871
0.09839487075805664
0.1458958387374878
0.393579363822937
0.36982882022857666
0.48179566860198975
0.22393310070037842
-0.4139368534088135
0.2951846122741699
0.5360821485519409
0.5564397573471069
-0.3800077438354492
0.4105440378189087
0.13910996913909912
-0.5225105285644531
0.6717993021011353
0.4376871585845947
0.7379612922668457
-0.16286039352416992
-0.07803738117218018
-0.11535942554473877
0.39357924461364746
0.665013313293457
0.23071908950805664
0.3664360046386719
0.22054016590118408
-0.2917914390563965
0.33250677585601807
0.21036136150360107
-0.14250290393829346
0.12893104553222656
0.4682236909866333
-0.4987601637840271
-0.40375816822052
0.3189350366592407
0.1187523603439331
0.5530469417572021
-0.054286956787109375
0.020357608795166016
0.09500181674957275
0.06446564197540283
0.38340067863464355
-0.2137542963027954
0.2612553834915161
-0.020357608795166016
0.06446564197540283
0.027143359184265137
-0.6141196489334106
0.5123317241668701
1.07895028591156
0.15268170833587646
0.45125913619995117
0.2951846122741699
0.29518449306488037
0.8651958703994751
0.06446576118469238
0.23411190509796143
-0.0848231315612793
0.13232409954071045
0.6378700733184814
0.21036148071289062
0.09160900115966797
0.40375816822052
0.4478663206100464
0.27482688426971436
-0.44108033180236816
-0.0950019359588623
0.35625720024108887
-0.010178804397583008
0.7430506944656372
-0.030536413192749023
0.7803727388381958
0.46143805980682373
0.7905516624450684
-0.18661117553710938
0.2171473503112793
0.7735868692398071
0.24429059028625488
0.3562570810317993
0.6819779872894287
0.39697229862213135
0.003392934799194336
0.6446558237075806
0.3494713306427002
0.4207228422164917
0.34947144985198975
0.020357608795166016
0.015268087387084961
0.15268158912658691
0.18321800231933594
0.01696467399597168
-0.16964614391326904
0.42750871181488037
-0.3528643846511841
0.23411178588867188
0.32232797145843506
0.6209055185317993
-0.10178780555725098
-0.05428671836853027
0.6107265949249268
0.10518074035644531
0.061072707176208496
0.43090152740478516
0.5225106477737427
0.24089765548706055
0.2375047206878662
0.32911384105682373
0.5123317241668701
0.23071885108947754
-0.4173297882080078
-0.2069683074951172
0.5157246589660645
0.01696467399597168
-0.2307189702987671
-0.2307189702987671
-0.1425027847290039
0.2917916774749756
-0.05428671836853027
-0.14250290393829346
0.4342947006225586
-0.34607839584350586
0.3969724178314209
-0.15946745872497559
0.06785821914672852
0.10178780555725098
-0.13911008834838867
0.05767989158630371
0.6819779872894287
-0.1900038719177246
0.4309016466140747
-0.02375054359436035
0.08143019676208496
0.054286837577819824
0.0848231315612793
-0.2748267650604248
-0.20018243789672852
0.617512583732605
0.25786256790161133
0.40715086460113525
1.163773536682129
0.3019702434539795
-0.10518074035644531
-0.18661081790924072
0.22393310070037842
0.11196649074554443
0.3969724178314209
0.020357489585876465
-0.4512590169906616
0.31214916706085205
0.32232797145843506
-0.037322282791137695
0.2544693946838379
-0.21375417709350586
-0.7125144004821777
0.2985774278640747
-0.08143019676208496
0.06785857677459717
-0.003392934799194336
0.2816128730773926
-0.0475008487701416
-0.2748270034790039
0.0033926963806152344
0.2578623294830322
-0.19339680671691895
0.16286051273345947
0.3664358854293823
-0.2578624486923218
0.3664361238479614
0.586976170539856
-0.020357608795166016
0.12893128395080566
-0.07125139236450195
0.16286051273345947
0.6514416933059692
0.0848231315612793
0.12214517593383789
0.3596501350402832
0.6514418125152588
-0.13910984992980957
-0.12553834915161133
0.40375816822052
-0.3426855802536011
0.42411577701568604
-0.18661081790924072
0.22054028511047363
0.3087562322616577
-0.08143019676208496
0.9805554151535034
0.10857367515563965
0.4987602233886719
0.30197036266326904
-0.505545973777771
0.23411214351654053
0.29179155826568604
0.2171473503112793
-0.16625332832336426
0.061072707176208496
0.5225107669830322
0.5666185617446899
0.30875611305236816
0.5937619209289551
0.07803738117218018
0.32572078704833984
0.525903582572937
0.15607452392578125
0.41732990741729736
0.5428681373596191
0.14589571952819824
-0.32911384105682373
0.7905516624450684
0.4885812997817993
0.01696467399597168
0.11875247955322266
-0.5089389085769653
0.20357561111450195
0.48179543018341064
0.20696842670440674
0.5530469417572021
0.393579363822937
0.44108033180236816
-0.3019704818725586
0.06785857677459717
0.5937620401382446
-0.1560746431350708
0.013571739196777344
0.30197036266326904
-0.08821630477905273
0.35286426544189453
0.6921569108963013
-0.1085737943649292
0.7701942920684814
0.11535954475402832
0.8923392295837402
0.3392922878265381
0.5191175937652588
-0.22732603549957275
0.037322044372558594
-0.5157246589660645
-0.33929264545440674
1.526816487312317
0.3087562322616577
0.7057286500930786
0.22393310070037842
0.342685341835022
0.13571691513061523
0.26125526428222656
0.1798250675201416
0.4241156578063965
0.44108033180236816
-0.254469633102417
-0.15607452392578125
-0.08143025636672974
1.1128796339035034
0.3766148090362549
0.9941272735595703
0.4241156578063965
0.45804500579833984
0.8244810104370117
0.39697229862213135
-0.3121490478515625
-0.1662532091140747
-0.4784024953842163
-0.18661093711853027
0.4750094413757324
0.11535954475402832
0.41054391860961914
0.515724778175354
0.39697253704071045
0.09160888195037842
0.08143019676208496
-0.13910996913909912
0.6039406061172485
0.15607452392578125
-0.11196660995483398
0.13571703433990479
0.5292965173721313
0.35286426544189453
-0.14928877353668213
-0.18661093711853027
0.8380527496337891
0.11196637153625488
-0.09330534934997559
0.12214529514312744
0.38000786304473877
0.22393298149108887
0.6412630081176758
0.2035754919052124
0.17303931713104248
0.5971548557281494
0.46483075618743896
0.43768739700317383
-0.627691388130188
0.7566224336624146
0.7057285904884338
0.05767977237701416
-0.26125526428222656
-0.2137542963027954
0.09839487075805664
0.5564396381378174
0.2307189702987671
1.1060937643051147
-0.6242982149124146
-0.15946745872497559
0.2951846122741699
0.5937620401382446
-0.0848231315612793
0.40036511421203613
0.01696467399597168
0.30197036266326904
-0.006785869598388672
0.3155421018600464
-0.08821606636047363
0.13911008834838867
0.6276911497116089
0.5700114965438843
0.14589571952819824
0.9093040227890015
0.44108033180236816
0.03392922878265381
0.006785869598388672
0.6344770789146423
0.6955498456954956
0.04410815238952637
0.6242983341217041
0.8753747940063477
1.0619856119155884
0.3562570810317993
0.3189351558685303
-0.06446552276611328
-0.0237504243850708
-0.4614379405975342
-0.044108033180236816
0.7464436292648315
-0.230718731880188
-0.24429070949554443
-0.13232421875
0.34947121143341064
0.05767965316772461
-0.46483075618743896
0.7159073352813721
0.5055458545684814
-0.06446552276611328
0.3053632974624634
0.363042950630188
0.11535942554473877
0.24429082870483398
0.695549726486206
-0.07125139236450195
0.1696462631225586
-0.20696842670440674
0.44786620140075684
-0.30536317825317383
0.24429070949554443
-0.2035754919052124
0.17982494831085205
0.30197036266326904
0.5734044313430786
0.6921567916870117
0.4309014081954956
-0.05089390277862549
0.4275085926055908
0.04750096797943115
0.6242983341217041
0.020357489585876465
-0.14928877353668213
0.5360822677612305
0.7905515432357788
-0.05767977237701416
-0.31214916706085205
-0.016964435577392578
-0.0712515115737915
0.34607839584350586
0.2578622102737427
0.5225104093551636
0.8482314348220825
0.10518062114715576
0.10178768634796143
0.5734044313430786
-0.14419937133789062
0.24089765548706055
0.6141195297241211
0.5496540069580078
0.010178804397583008
0.054286837577819824
0.5496538877487183
0.4716167449951172
0.44786620140075684
0.8210880756378174
-0.3087562322616577
0.2883986234664917
0.5700113773345947
1.000913143157959
0.09839475154876709
0.3121492862701416
0.42072296142578125
0.7668013572692871
0.06446564197540283
0.38170409202575684
0.5394752025604248
-0.1425027847290039
-0.44786620140075684
0.16625332832336426
-0.1458956003189087
-0.1085735559463501
0.6209055185317993
0.25446951389312744
-0.7396577596664429
0.16625332832336426
0.4580451250076294
0.12893128395080566
0.05089402198791504
0.33589959144592285
0.709121584892273
0.1458958387374878
0.08143019676208496
0.12893104553222656
0.3867936134338379
0.5326893329620361
-0.030536293983459473
-0.3223280906677246
0.6242983341217041
-0.07464432716369629
0.5259034633636475
0.4309016466140747
0.5157248973846436
0.8550174236297607
0.2917916774749756
-0.09160900115966797
0.3019704818725586
0.24768352508544922
0.49536705017089844
0.5021531581878662
0.12214529514312744
0.01696467399597168
0.495367169380188
0.06785845756530762
-0.2137542963027954
0.3664360046386719
0.6209055185317993
-0.3664358854293823
-0.7735871076583862
0.04071509838104248
0.8075162172317505
-0.5326894521713257
-0.4410802125930786
0.5835832357406616
0.5835831165313721
0.4987599849700928
0.1696462631225586
0.878767728805542
1.0246635675430298
0.18321800231933594
-0.18661093711853027
0.45804500579833984
0.8957324028015137
0.16286039352416992
0.6005477905273438
0.0848231315612793
0.5700116157531738
0.2544693946838379
-0.4546520709991455
0.495367169380188
0.6887639760971069
-0.7600153684616089
1.058592677116394
0.5462610721588135
-0.27821993827819824
0.2883986234664917
0.40036535263061523
0.4309016466140747
-0.7905515432357788
0.07464432716369629
0.7600154876708984
0.8210879564285278
0.515724778175354
0.5496540069580078
0.2816128730773926
0.2748270034790039
0.2951846122741699
0.5326893329620361
0.05089390277862549
0.24429059028625488
0.6276912689208984
-0.14589571952819824
-0.17303919792175293
0.02375054359436035
-0.8380527496337891
0.2578623294830322
0.7159073352813721
0.23411190509796143
0.3766148090362549
-0.20187902450561523
0.8126058578491211
0.4614379405975342
-0.08143031597137451
0.13232409954071045
0.6582275629043579
-0.1289311647415161
0.061072587966918945
0.17303919792175293
0.2850058078765869
0.10178768634796143
-0.35286426544189453
0.22054016590118408
0.736264705657959
0.16286039352416992
0.5225105285644531
-0.11875247955322266
0.11196649074554443
0.14250290393829346
-0.04071521759033203
0.8312667608261108
-0.21036136150360107
-0.40375816822052
0.21036159992218018
-0.6785850524902344
-0.016964435577392578
-0.07803738117218018
0.5462610721588135
-0.07464444637298584
-0.11196660995483398
0.8685890436172485
0.2273261547088623
0.3596501350402832
-0.495367169380188
0.7193002700805664
-0.054286837577819824
0.0950019359588623
0.9262686967849731
-0.016964435577392578
0.342685341835022
0.14250290393829346
-0.5123318433761597
-0.19000399112701416
-0.383400559425354
0.04071521759033203
0.6412631273269653
-0.3019704818725586
-0.02375054359436035
0.7634084224700928
0.4342944622039795
-0.05089390277862549
-0.0475010871887207
0.586976170539856
0.31893491744995117
0.4342944622039795
0.12893128395080566
-0.07464444637298584
-0.597154974937439
0.1662534475326538
0.05767977237701416
0.3189350366592407
-0.15268158912658691
0.2069685459136963
0.3291137218475342
0.35625720024108887
0.037322163581848145
0.5666186809539795
0.4987599849700928
0.6446558237075806
0.31723856925964355
0.5734045505523682
0.37322187423706055
0.3121490478515625
0.4105440378189087
0.07125139236450195
0.5632257461547852
0.42072296142578125
-0.6480488777160645
0.48518848419189453
0.43090152740478516
0.35286426544189453
0.35286426544189453
0.27821993827819824
0.20018255710601807
0.6175124645233154
-0.22054016590118408
0.27143406867980957
0.6242982149124146
-0.006785750389099121
0.11535954475402832
0.5937620401382446
-0.40036511421203613
0.5089389085769653
-0.01696467399597168
0.14928877353668213
-0.04071509838104248
0.10518074035644531
0.6582275629043579
0.020357608795166016
0.34607839584350586
-0.05767965316772461
0.9466263055801392
0.2714341878890991
0.2273259162902832
0.41732990741729736
0.3325066566467285
0.26804113388061523
0.15946745872497559
0.10178780555725098
0.39357948303222656
0.29857754707336426
0.36304306983947754
0.8753747940063477
-0.3121492862701416
-0.5530469417572021
0.45125913619995117
1.370741844177246
0.2646481990814209
0.04071509838104248
0.8482315540313721
0.376615047454834
0.6005476713180542
0.2850058078765869
0.17643201351165771
0.505545973777771
0.3358997106552124
0.35286426544189453
-0.0848231315612793
0.061072349548339844
-0.1289311647415161
0.5225105285644531
0.13571703433990479
0.6378699541091919
0.5734044313430786
0.21714723110198975
-0.19339680671691895
-0.34607839584350586
-0.4817955493927002
0.9364475011825562
0.22393310070037842
0.22054016590118408
0.15946745872497559
0.4648308753967285
-0.09839487075805664
0.9601980447769165
-0.6921567916870117
-0.1458958387374878
-0.006785869598388672
0.5666185617446899
0.5428680181503296
0.3155421018600464
0.12214541435241699
-0.3019702434539795
0.532689094543457
0.6107264757156372
0.4919741153717041
-0.5801903009414673
-0.027143478393554688
0.12553822994232178
0.21036136150360107
0.06446564197540283
0.05089390277862549
-0.2985774278640747
0.5157246589660645
0.7837659120559692
-0.1933969259262085
0.29179155826568604
0.6921567916870117
0.2544693946838379
0.1425027847290039
0.5937620401382446
0.35625720024108887
0.21714723110198975
0.8906432390213013
0.3392925262451172
0.04410815238952637
0.3291139602661133
0.35286426544189453
-0.4580451250076294
0.49197423458099365
0.5937619209289551
0.4987598657608032
0.12214529514312744
0.4275085926055908
0.6819779872894287
-0.15946757793426514
-0.18321800231933594
0.5394752025604248
0.5259034633636475
0.05767977237701416
0.027143478393554688
0.5428682565689087
0.3562573194503784
0.8584103584289551
-0.006785869598388672
0.5835833549499512
0.12214529514312744
-0.17643213272094727
0.2408977746963501
0.20357561111450195
0.4716167449951172
-0.1560746431350708
1.1468089818954468
0.07464444637298584
-0.003392815589904785
0.709121584892273
-0.003392934799194336
0.6548346281051636
0.3698289394378662
0.586976170539856
1.216363787651062
-0.36304306983947754
0.3901865482330322
0.23411178588867188
0.5801901817321777
0.2951846122741699
-0.6209055185317993
0.8109092712402344
0.6175123453140259
-0.4003652334213257
0.38340044021606445
0.8007304668426514
-0.08482325077056885
-0.12553834915161133
0.8550171852111816
0.05767977237701416
0.3800077438354492
0.31554222106933594
0.33250677585601807
0.5903691053390503
-0.10178780555725098
0.7023355960845947
0.35625720024108887
0.43768739700317383
0.0848231315612793
0.6005479097366333
0.4478663206100464
-0.04750096797943115
-0.03392922878265381
0.8312667608261108
-0.05767977237701416
0.6887639760971069
0.5106353759765625
0.1323239803314209
0.2850058078765869
0.05767977237701416
0.5564398765563965
0.5428681373596191
0.2137542963027954
0.2646481990814209
0.13232409954071045
0.6514418125152588
0.8957324028015137
0.08821606636047363
0.5462609529495239
0.6141194105148315
0.3596501350402832
0.3053632974624634
0.34607839584350586
0.6582276821136475
0.2850058078765869
0.251076340675354
0.28500568866729736
0.9126970767974854
0.3800077438354492
0.352864146232605
0.04071497917175293
0.48179543018341064
0.010178565979003906
-0.36982882022857666
0.15946745872497559
0.31554198265075684
0.817695140838623
0.6955499649047852
0.7260860204696655
-0.2069685459136963
0.15607452392578125
0.29857754707336426
-0.17643213272094727
-0.12553822994232178
0.8041235208511353
-0.14928865432739258
-0.2646481990814209
0.5225106477737427
0.41054415702819824
0.05089390277862549
-0.13910984992980957
0.010178804397583008
-0.23071908950805664
-0.030536174774169922
1.1654701232910156
0.37661468982696533
1.0076990127563477
-0.21036148071289062
0.17982494831085205
0.46822381019592285
0.4987601041793823
0.4885812997817993
-0.4342944622039795
0.28500568866729736
0.7193002104759216
0.6039406061172485
-0.08143007755279541
0.3664360046386719
0.3664358854293823
0.09500205516815186
0.4241156578063965
0.4139368534088135
0.19000399112701416
0.18661081790924072
0.20696842670440674
-0.23750483989715576
0.29179155826568604
0.4173300266265869
0.030536293983459473
0.1458958387374878
0.1798250675201416
0.3155421018600464
0.1187523603439331
-0.3189351558685303
0.13571703433990479
0.8007304668426514
0.0848231315612793
-0.617512583732605
0.5292963981628418
0.2646481990814209
0.32911384105682373
-0.01696455478668213
0.2035754919052124
-0.0950019359588623
0.1187523603439331
0.6921567916870117
0.25107645988464355
-0.4376875162124634
0.40375828742980957
0.2035754919052124
0.1933966875076294
0.33589959144592285
-0.7362648248672485
0.07803714275360107
1.1909170150756836
0.22393310070037842
-0.1900038719177246
-0.21036148071289062
0.8414454460144043
0.010178565979003906
0.4784024953842163
-0.08821594715118408
0.2917914390563965
0.31214916706085205
-0.006785869598388672
0.17982518672943115
-1.0484139919281006
0.27482688426971436
-0.26804113388061523
0.31893491744995117
0.8719819784164429
0.1560746431350708
0.07125139236450195
0.4580448865890503
0.4885812997817993
0.8516243696212769
-0.10178768634796143
-0.14928865432739258
0.48518824577331543
0.6276912689208984
0.817695140838623
-0.5632256269454956
-0.2137542963027954
0.4512592554092407
0.49197423458099365
0.41054391860961914
0.013571619987487793
0.8821607828140259
0.6785852909088135
0.23750483989715576
0.17643213272094727
0.5869760513305664
0.9432333707809448
0.3664358854293823
0.929661750793457
-0.1900038719177246
-0.04071521759033203
-0.0848231315612793
0.5089387893676758
-0.35286426544189453
0.35286426544189453
0.8210879564285278
-0.31554198265075684
-0.20696842670440674
0.2408977746963501
0.2748270034790039
0.09160900115966797
-0.597154974937439
0.2035754919052124
0.6955498456954956
0.24429082870483398
0.15946745872497559
0.18661081790924072
-0.24429082870483398
0.24429070949554443
0.4919741153717041
1.058592677116394
-0.15607452392578125
0.2171473503112793
-0.5021529197692871
-0.4173297882080078
0.7193001508712769
0.3121490478515625
-0.2951843738555908
0.7226932048797607
0.2408977746963501
0.12553834915161133
0.32911384105682373
0.6395664215087891
0.4885812997817993
0.11196649074554443
0.5496541261672974
0.505545973777771
0.5734044313430786
0.2544693946838379
0.7260862588882446
0.7837659120559692
0.8685890436172485
0.39697229862213135
0.4817955493927002
0.7294790744781494
0.3189350366592407
0.8516243696212769
0.45465195178985596
-0.0848231315612793
0.03392922878265381
-0.26804113388061523
0.5259034633636475
0.26804113388061523
0.0848231315612793
-0.22054016590118408
0.21036136150360107
0.06785857677459717
-0.48179543018341064
0.3460785150527954
0.006785869598388672
0.07803714275360107
0.24089765548706055
0.24429070949554443
0.363042950630188
0.3257209062576294
0.33929264545440674
-0.4580448865890503
0.6582275629043579
0.4885812997817993
0.6582276821136475
0.28839850425720215
-0.19339680671691895
-0.2816128730773926
0.5157246589660645
0.2273259162902832
0.749836802482605
0.6684064865112305
0.3986687660217285
-0.003392934799194336
0.0
0.4275085926055908
0.27143406867980957
0.4342944622039795
-0.34607839584350586
0.2782200574874878
0.2035754919052124
0.4173297882080078
0.627691388130188
0.030536293983459473
0.46483051776885986
0.31214916706085205
0.46483075618743896
0.35286426544189453
0.47840261459350586
-0.3528643846511841
0.11535954475402832
0.31554222106933594
0.4614379405975342
-0.19339680671691895
0.37661468982696533
-0.7091214656829834
-0.3698289394378662
0.7023355960845947
0.7532297372817993
0.027143239974975586
0.2578624486923218
0.15607452392578125
0.570011556148529
0.05767965316772461
0.3053632974624634
0.38000762462615967
0.6785852909088135
0.8007304668426514
-0.12214517593383789
-0.3664358854293823
0.8109091520309448
0.14928865432739258
0.5089389085769653
0.7532294988632202
0.5767972469329834
0.7430506944656372
-0.2917916774749756
-0.1832178831100464
0.2137542963027954
0.08143031597137451
0.013571739196777344
0.3969721794128418
-0.22393310070037842
0.0950019359588623
0.3867933750152588
0.3223280906677246
-0.37661468982696533
-0.14589571952819824
0.20696842670440674
0.3223278522491455
0.09839487075805664
0.037322044372558594
-0.2137542963027954
0.14928865432739258
0.5496540069580078
-0.13232409954071045
-0.054286837577819824
-0.11875247955322266
-0.21714723110198975
0.766801118850708
0.9059109687805176
-0.0712515115737915
0.15607476234436035
-0.12553822994232178
-0.12553811073303223
0.18661105632781982
0.80751633644104
-0.39697229862213135
-0.13910996913909912
0.5937619209289551
-0.44108057022094727
0.30536341667175293
0.32911384105682373
0.5564398765563965
0.16286039352416992
-0.14250290393829346
0.2069685459136963
0.45125913619995117
0.4444732666015625
0.3596501350402832
-0.3392925262451172
-0.6989426612854004
0.878767728805542
-0.5428681373596191
-0.607333779335022
0.8550170660018921
0.38340067863464355
0.6989426612854004
0.19000375270843506
-0.35625720024108887
0.13571691513061523
0.25446951389312744
0.9975202083587646
-0.1798250675201416
-0.40715110301971436
0.5937620401382446
0.23071908950805664
0.26125526428222656
0.38340044021606445
0.4207228422164917
0.061072587966918945
0.1458958387374878
-0.505545973777771
0.5428680181503296
0.003392934799194336
-0.13910996913909912
0.1933966875076294
0.17643213272094727
0.05767989158630371
-0.01696467399597168
0.6785851716995239
0.2578623294830322
-0.6310842037200928
-0.37322187423706055
0.15946757793426514
-0.22732603549957275
-0.15946745872497559
-0.363042950630188
0.4987601041793823
0.09160912036895752
0.6141194105148315
0.8176950216293335
0.010178685188293457
0.010178804397583008
-0.09160900115966797
0.5869764089584351
0.3223278522491455
0.3460785150527954
-0.5835831165313721
0.08821606636047363
0.2307189702987671
-0.12553822994232178
0.12553834915161133
0.2137545347213745
0.5734044313430786
0.7159072160720825
0.5326892137527466
0.8482315540313721
0.5564397573471069
-0.061072587966918945
0.35965001583099365
0.5496540069580078
0.18661093711853027
0.21036136150360107
-0.08143031597137451
0.3087562322616577
0.281612753868103
-0.14928877353668213
-0.13910996913909912
0.4071509838104248
0.4173297882080078
-0.24429059028625488
0.25107645988464355
-0.2069685459136963
-0.2307189702987671
0.47840237617492676
0.576797366142273
0.80751633644104
0.4750096797943115
0.7600153684616089
-0.0848231315612793
-0.06446552276611328
0.5598326921463013
0.7294790744781494
-0.04750096797943115
0.6650135517120361
-0.020357847213745117
0.37322187423706055
0.16625356674194336
0.10518074035644531
0.46822357177734375
-0.05089390277862549
-0.21036136150360107
-0.6955498456954956
0.5191177129745483
0.37322187423706055
0.10857367515563965
0.495367169380188
0.22054004669189453
-0.2358083724975586
0.20018255710601807
-0.0950019359588623
0.5225105285644531
0.4241156578063965
0.7125144004821777
-0.38340067863464355
-0.04410815238952637
0.3121490478515625
0.33589959144592285
-0.3053632974624634
-0.06785845756530762
-0.061072587966918945
0.02375054359436035
-0.46822381019592285
-0.07125139236450195
0.17643213272094727
0.888946533203125
-0.07125139236450195
0.3766148090362549
0.23071885108947754
0.16286039352416992
0.1560746431350708
0.5208141803741455
0.8312667608261108
0.29179155826568604
-0.2748270034790039
0.359650194644928
0.2985774278640747
0.7091214656829834
-0.1458958387374878
0.07803738117218018
0.36304306983947754
-0.0712512731552124
0.33589959144592285
0.8923394680023193
-0.38000762462615967
0.5666185617446899
0.1458958387374878
0.2917916774749756
-0.1085735559463501
-0.8007303476333618
0.1798250675201416
0.1323244571685791
0.010178804397583008
0.6005477905273438
0.6412628889083862
0.061072707176208496
0.38679349422454834
-0.07464432716369629
0.23411178588867188
-0.2069683074951172
0.5292963981628418
1.1756490468978882
0.6209053993225098
-0.787158727645874
-0.2646481990814209
0.18661069869995117
0.3969724178314209
0.1458958387374878
-0.027143359184265137
0.5191175937652588
-0.1696462631225586
0.7057286500930786
-0.06446576118469238
-0.15777087211608887
0.21205782890319824
0.40715110301971436
0.18661093711853027
1.3554737567901611
0.23750483989715576
0.8312666416168213
0.37661468982696533
0.3291137218475342
0.006785869598388672
0.4410802125930786
0.11535942554473877
0.2544693946838379
0.281612753868103
0.6276912689208984
0.13571703433990479
0.7634083032608032
0.6242982149124146
-0.11535954475402832
0.0
0.21036148071289062
0.46822381019592285
0.07803726196289062
0.5937619209289551
0.5700114965438843
0.38679349422454834
0.27143406867980957
0.5360823273658752
1.0755574703216553
0.4682236909866333
0.281612753868103
0.2646481990814209
0.39697253704071045
0.5225106477737427
0.07803726196289062
-0.1187523603439331
0.27143383026123047
-0.12553822994232178
-0.02375054359436035
-0.1560746431350708
-0.4478663206100464
-0.09160900115966797
0.5801901817321777
0.003392815589904785
-0.2646481990814209
0.01696455478668213
0.23071885108947754
0.383400559425354
0.2375047206878662
0.35625720024108887
-0.5564397573471069
0.22393310070037842
0.14928889274597168
0.4444732666015625
-0.0950019359588623
0.760015606880188
0.18661093711853027
-0.11196649074554443
0.7973376512527466
-0.037322163581848145
-0.07464432716369629
0.5259034633636475
0.20018255710601807
0.3562573194503784
0.9262683391571045
-0.35286426544189453
0.5123317241668701
0.43090158700942993
0.23750483989715576
0.6921570301055908
0.2782198190689087
0.14589595794677734
-0.3019704818725586
0.8618030548095703
0.47161686420440674
0.0
-0.43429458141326904
0.5157246589660645
0.5598328113555908
0.3596501350402832
0.3460782766342163
0.030536174774169922
-0.0475008487701416
0.34607839584350586
-0.05428671836853027
0.006785869598388672
0.22393298149108887
0.10178768634796143
0.12893128395080566
0.26125526428222656
0.5734045505523682
0.34947144985198975
-0.15946745872497559
0.3189350366592407
-0.07125163078308105
-0.020357608795166016
0.49197423458099365
0.9262685775756836
0.43768739700317383
-0.27821993827819824
0.6819781064987183
0.18661093711853027
-0.4207228422164917
-0.22393310070037842
0.43090152740478516
0.8753746747970581
0.1425027847290039
0.09839463233947754
-0.01696467399597168
0.2307189702987671
-0.19339680671691895
0.2748270034790039
-0.10857367515563965
-0.05089390277862549
-0.003392934799194336
0.6616206169128418
0.4376875162124634
0.23750483989715576
0.21036148071289062
-0.2578623294830322
0.83805251121521
0.48179543018341064
0.2714341878890991
0.586976170539856
-0.08821582794189453
0.2985774278640747
0.2680410146713257
-0.48688483238220215
0.22393310070037842
0.4648308753967285
0.22732603549957275
0.27143406867980957
0.495367169380188
0.4105440378189087
0.28839874267578125
0.3291137218475342
0.3867936134338379
0.5021530389785767
0.003392934799194336
-0.43429458141326904
-0.4682236909866333
0.4207228422164917
0.14250314235687256
0.3698291778564453
0.2748270034790039
0.3087562322616577
0.8770713806152344
-0.12214553356170654
0.5530469417572021
0.13571703433990479
0.30197036266326904
0.5564398765563965
0.3562573194503784
0.42411577701568604
0.4885812997817993
-0.09160888195037842
0.11535942554473877
0.9975200891494751
0.36304283142089844
0.44108033180236816
0.3664360046386719
0.776979923248291
0.003392934799194336
0.3800077438354492
-0.4580451250076294
-0.4207228422164917
0.11196660995483398
0.576797366142273
-0.08821606636047363
0.34947144985198975
-0.06785857677459717
0.31214916706085205
0.817695140838623
-0.10857367515563965
0.31214916706085205
-0.06785845756530762
0.12553822994232178
0.6446559429168701
0.5734044313430786
0.6242982149124146
0.37322187423706055
0.7803727388381958
-0.3019704818725586
0.505545973777771
0.3426854610443115
0.36982882022857666
0.20018255710601807
0.8618030548095703
-0.6616206169128418
0.7328718900680542
0.027143359184265137
0.6039408445358276
-0.020357608795166016
0.14928865432739258
-0.776979923248291
-0.27143406867980957
0.5225105285644531
0.46483075618743896
0.36982882022857666
0.6141195297241211
0.1458958387374878
0.1696462631225586
-0.05089378356933594
-0.1458958387374878
-0.015268325805664062
0.03392922878265381
-0.3596500754356384
1.1807382106781006
-0.2273259162902832
0.08821606636047363
0.5021529197692871
0.3460785150527954
0.14589571952819824
0.4512590169906616
-0.15946757793426514
0.5801902413368225
-0.04071521759033203
0.2680410146713257
0.04071509838104248
0.22393310070037842
0.1900041103363037
0.3969721794128418
0.3223278522491455
0.1696462631225586
-0.47161662578582764
0.2544693946838379
0.20018267631530762
0.20018255710601807
0.27482712268829346
-0.04750096797943115
0.24089765548706055
0.11875247955322266
0.24429059028625488
0.05767965316772461
0.8041234016418457
0.013571739196777344
-0.02375054359436035
0.3969724178314209
-0.17303919792175293
-0.1900036334991455
0.07125139236450195
-0.06446528434753418
0.2544693946838379
0.5360823273658752
0.061072587966918945
-0.5326893329620361
-0.003392934799194336
0.14589571952819824
0.8143022060394287
0.9771627187728882
-0.03392922878265381
0.20018291473388672
-0.15946745872497559
0.37322211265563965
0.05089390277862549
0.20018267631530762
0.12553822994232178
-0.4376872777938843
0.05767965316772461
0.061072587966918945
0.2544693946838379
-0.027143359184265137
1.1875240802764893
-0.35625720024108887
0.31893491744995117
-0.010178804397583008
0.08482301235198975
0.3087562322616577
0.07125163078308105
0.4716167449951172
0.2850058078765869
-0.16286051273345947
-0.02375054359436035
0.18661093711853027
0.281612753868103
0.7701942920684814
-0.12893128395080566
-0.04750096797943115
0.32911407947540283
0.6276911497116089
0.48179543018341064
0.6039408445358276
-0.9788590669631958
-0.48518848419189453
0.5123317241668701
-0.08143019676208496
0.8448382616043091
0.023750662803649902
-0.3698289394378662
-0.037322163581848145
0.22054028511047363
-0.10178780555725098
0.4342944622039795
0.6819782257080078
0.373221755027771
0.5360822677612305
-0.11196660995483398
0.5496538877487183
0.695549726486206
0.4275085926055908
0.3698289394378662
0.8482314348220825
0.10857367515563965
0.027143478393554688
0.6412630081176758
0.4275085926055908
0.16286039352416992
0.1289311647415161
0.26125526428222656
0.4410804510116577
0.20018231868743896
0.5292963981628418
0.6378699541091919
0.7091214656829834
0.31214916706085205
0.39697229862213135
0.38000786304473877
-0.5292963981628418
0.33929240703582764
-0.20018267631530762
0.7498364448547363
0.17303931713104248
0.22054016590118408
0.5360822677612305
0.25446951389312744
0.24429070949554443
-0.2951846122741699
0.7532292604446411
-0.23750460147857666
0.4410804510116577
-0.2408977746963501
0.13911008834838867
0.5801901817321777
-0.1696462631225586
0.43429458141326904
0.617512583732605
0.6005479097366333
0.5835831165313721
0.15607452392578125
0.42750847339630127
0.05089390277862549
-0.8957325220108032
0.08821606636047363
0.22732603549957275
0.4512592554092407
0.373221755027771
0.2171471118927002
0.12214541435241699
0.3664360046386719
-0.8991254568099976
-0.3121492266654968
0.6344771385192871
0.6751922369003296
-0.11196637153625488
0.2850055694580078
0.7125145196914673
0.01696467399597168
0.17303919792175293
0.4750096797943115
-0.4885812997817993
0.14589571952819824
0.25107645988464355
0.6276911497116089
0.07803726196289062
0.6582276821136475
0.5835831165313721
0.10178780555725098
0.4071509838104248
0.576797366142273
-0.06446552276611328
0.16286039352416992
0.5428681373596191
0.4275085926055908
0.7600153684616089
0.21714723110198975
0.08143031597137451
0.18661105632781982
0.8312668800354004
0.2883986234664917
0.2273259162902832
0.39357948303222656
-0.43090152740478516
0.8143022060394287
0.03392922878265381
0.1696462631225586
0.27821993827819824
0.6955498456954956
0.48858141899108887
0.06785845756530762
0.27143406867980957
0.044108033180236816
0.061072707176208496
0.3325068950653076
0.39697229862213135
-0.05767977237701416
0.24768364429473877
0.5598326921463013
-0.027143359184265137
-0.22054016590118408
0.0950019359588623
0.27482688426971436
0.2273261547088623
0.10518074035644531
0.766801118850708
-0.11535942554473877
0.45804500579833984
0.27143430709838867
0.11196660995483398
0.7396578788757324
-0.08821606636047363
0.9635909795761108
0.4241156578063965
0.29857730865478516
0.43768739700317383
0.6989424228668213
0.23071908950805664
0.6344770193099976
-0.15268170833587646
-0.32572102546691895
-0.07464468479156494
0.2137542963027954
0.31893491744995117
0.3732219934463501
0.4376872777938843
0.037322282791137695
0.2850058078765869
0.13910984992980957
0.4275085926055908
0.5988514423370361
0.4376875162124634
0.18661093711853027
0.44447338581085205
0.15946745872497559
0.5801901817321777
0.32232797145843506
-0.0950019359588623
0.15607452392578125
0.05089390277862549
0.16286039352416992
0.5835833549499512
0.5428681373596191
0.18321800231933594
0.2612553834915161
0.7159073352813721
0.46822381019592285
0.17982494831085205
0.5089387893676758
0.5225105285644531
0.24429070949554443
-0.08482325077056885
0.5869760513305664
0.5326894521713257
0.6921567916870117
0.17303919792175293
0.003392934799194336
-0.12214541435241699
0.5191175937652588
-0.006785869598388672
0.1832178831100464
0.6141195297241211
-0.2985774278640747
0.20018267631530762
0.4512592554092407
-0.43429458141326904
0.4512593746185303
0.6412630081176758
0.23071908950805664
-0.3562570810317993
-0.07803726196289062
0.7226932048797607
0.13232409954071045
0.20696842670440674
0.5564398765563965
-0.24768352508544922
0.8210879564285278
-0.15268170833587646
0.3698289394378662
-0.21714723110198975
0.2544693946838379
0.13571691513061523
0.27143394947052
0.6005477905273438
-0.010178804397583008
-0.4309014081954956
0.22393310070037842
-0.24429070949554443
-0.3426855802536011
-0.061072707176208496
0.044108033180236816
0.6175124645233154
0.29857754707336426
-0.2816128730773926
0.40375816822052
0.5123317241668701
0.18321800231933594
0.3800077438354492
0.4987599849700928
0.80751633644104
0.7837659120559692
0.10518074035644531
0.556439995765686
-0.07464432716369629
0.1696462631225586
0.3562573194503784
0.08143019676208496
0.40375816822052
0.586976170539856
-0.06446564197540283
0.2985774278640747
0.10518074035644531
0.15946745872497559
0.48518848419189453
0.05767977237701416
0.7328717708587646
0.6310842037200928
-0.037322163581848145
-0.027143478393554688
0.2680412530899048
0.44108039140701294
-0.09500181674957275
0.3053632974624634
0.3460785150527954
0.261255145072937
0.7159072160720825
0.4817955493927002
-0.2748270034790039
0.553046703338623
-0.12214541435241699
-0.1560746431350708
0.19678962230682373
0.2748270034790039
0.8075163960456848
0.11535954475402832
0.2307189702987671
0.3698289394378662
0.5292963981628418
0.32232797145843506
-0.07803738117218018
0.281612753868103
0.08143019676208496
0.01696467399597168
0.383400559425354
-0.2850058078765869
0.1696462631225586
-0.3664358854293823
-0.027143478393554688
0.6412630081176758
0.44786596298217773
-0.3426855802536011
0.5428680181503296
0.22393310070037842
-0.3325068950653076
-0.08143007755279541
0.8041234016418457
-0.21036124229431152
-0.18321800231933594
-0.12893104553222656
0.11535942554473877
-0.42072272300720215
0.1085735559463501
-0.31214916706085205
0.7159073352813721
0.16625332832336426
0.6141194105148315
0.950019121170044
0.2578623294830322
0.6378700733184814
0.363042950630188
0.3596501350402832
0.4682236909866333
0.2816128730773926
-0.22393310070037842
0.45125913619995117
0.0
0.05767989158630371
0.35286426544189453
0.6582275629043579
0.25107645988464355
0.35625720024108887
0.2035754919052124
0.17303919792175293
-0.013571739196777344
0.35965001583099365
0.054286837577819824
-0.13232421875
-0.495367169380188
-0.28500568866729736
0.16286051273345947
0.4614379405975342
0.08821606636047363
0.5530468225479126
0.40375816822052
0.6921569108963013
0.35965025424957275
0.393579363822937
-0.13232421875
0.22054016590118408
0.8753747940063477
0.36982905864715576
0.2273259162902832
-0.020357608795166016
-0.12214529514312744
0.373221755027771
0.8584100008010864
-0.020357608795166016
0.21036148071289062
0.7701940536499023
0.003392815589904785
1.2146673202514648
-0.27482688426971436
-0.9737695455551147
0.2646481990814209
0.5835831165313721
0.35625720024108887
-0.2578623294830322
0.5835832357406616
0.36982905864715576
0.8550173044204712
0.2171471118927002
0.24429059028625488
0.6548346281051636
-0.4444732666015625
0.6684062480926514
0.23411178588867188
0.14928877353668213
0.13232409954071045
0.44786620140075684
0.24429070949554443
-0.3358997106552124
0.34947121143341064
0.4817953109741211
0.04071509838104248
0.20357537269592285
0.030536293983459473
0.15607452392578125
0.5767972469329834
0.2782198190689087
-0.3664360046386719
0.061072587966918945
-0.08143019676208496
0.8278738260269165
0.20357561111450195
0.08482301235198975
-0.14589571952819824
0.5360822677612305
0.5734044313430786
0.1832181215286255
0.17303919792175293
0.09160888195037842
0.08482301235198975
-0.010178565979003906
0.46822381019592285
0.30536341667175293
0.27821969985961914
0.4105442762374878
0.5055458545684814
0.9398404359817505
0.2748270034790039
0.0848231315612793
0.3291139602661133
0.6039407253265381
0.5394752025604248
0.6209055185317993
-0.01696467399597168
0.4648306369781494
0.22054016590118408
-0.054286837577819824
0.23071885108947754
0.05767977237701416
0.11196660995483398
0.5225105285644531
-0.5564398765563965
0.7023357152938843
0.17303919792175293
0.5971548557281494
0.5292963981628418
-0.4614379405975342
0.19678974151611328
0.607333779335022
-0.1900038719177246
0.6582274436950684
0.0237504243850708
-0.1832178831100464
0.4987601041793823
0.2035754919052124
0.1798250675201416
-0.24768352508544922
0.037322282791137695
0.950019359588623
0.0950019359588623
0.5292963981628418
0.3121490478515625
0.12553834915161133
-0.010178804397583008
0.4546520709991455
0.363042950630188
0.2544693946838379
0.0475008487701416
0.8278738260269165
0.4207228422164917
0.4037584066390991
-0.12893104553222656
-0.2714341878890991
0.43429458141326904
0.39357924461364746
0.6819781064987183
0.6378699541091919
0.28670215606689453
-0.515724778175354
-0.3138456344604492
0.4580451250076294
0.7328720092773438
0.07464432716369629
0.2782198190689087
-0.3291137218475342
0.006785988807678223
0.2375049591064453
0.03392922878265381
0.8380527496337891
-0.10518074035644531
0.3867936134338379
0.08143019676208496
0.553046703338623
0.1289311647415161
0.6446558237075806
0.3053632974624634
0.061072707176208496
0.1662534475326538
0.8210879564285278
0.12553822994232178
0.037322163581848145
0.648048996925354
0.46143782138824463
0.2816128730773926
0.20018243789672852
0.5598326921463013
0.6242983341217041
0.3664358854293823
0.35286426544189453
-0.21375417709350586
0.1187523603439331
0.36982905864715576
-0.16286063194274902
0.19339680671691895
-0.827873945236206
0.1798250675201416
0.44108033180236816
0.41054391860961914
0.5259034633636475
0.47161662578582764
-1.1671663522720337
0.3664360046386719
0.8041232824325562
-0.2544693946838379
-0.2171471118927002
-0.919482946395874
0.5496538877487183
-0.44447314739227295
0.17643213272094727
0.3392925262451172
0.586976170539856
-0.5598328113555908
0.3664360046386719
-0.10178780555725098
1.165470004081726
0.6548343896865845
0.4919741153717041
0.47161662578582764
-0.13232409954071045
0.16625332832336426
0.8041235208511353
0.7735871076583862
0.3155421018600464
0.3019704818725586
0.9330546855926514
0.6412632465362549
0.8143022060394287
0.5462610721588135
0.817695140838623
0.6785851120948792
-0.09839487075805664
0.7057285308837891
0.44447314739227295
0.061072587966918945
0.48518824577331543
0.5259033441543579
0.3698289394378662
-0.2951846122741699
-0.28839874267578125
-0.10518085956573486
0.32232797145843506
-0.2544693946838379
0.1798250675201416
0.054286837577819824
0.15946757793426514
-0.25446951389312744
0.5767974853515625
0.2578624486923218
0.8584100008010864
0.26804113388061523
-0.013571739196777344
0.0848231315612793
0.3155421018600464
1.0348423719406128
0.5055458545684814
0.2171473503112793
0.42750871181488037
0.5394753217697144
0.8685890436172485
0.12553834915161133
-0.1662534475326538
0.5937619209289551
-0.34947144985198975
0.46143782138824463
0.06446552276611328
0.18321800231933594
0.24768352508544922
-0.04750096797943115
0.7396576404571533
0.5496540069580078
-0.888946533203125
0.05767989158630371
0.6005480289459229
0.18661081790924072
0.7498366832733154
0.7159073352813721
0.16286051273345947
-0.03392922878265381
0.6310843229293823
0.39357924461364746
-0.02375054359436035
-0.2544693946838379
0.15268158912658691
0.18661093711853027
-0.11535942554473877
0.06785845756530762
-0.04071509838104248
0.6344771385192871
0.7566224336624146
-0.3325066566467285
0.6141196489334106
0.766801118850708
0.2307189702987671
0.18661093711853027
0.4716167449951172
0.6107267141342163
-0.17643213272094727
0.23411178588867188
0.2850058078765869
0.15946757793426514
0.4614379405975342
0.22393321990966797
0.2375047206878662
0.14928901195526123
0.3460782766342163
0.4750096797943115
0.07803726196289062
0.5191175937652588
0.2273261547088623
0.383400559425354
0.32572078704833984
-0.10857367515563965
0.2069685459136963
0.2646481990814209
0.5360822677612305
-0.08821606636047363
0.1289311647415161
0.5937618017196655
-0.46143782138824463
-0.9228758811950684
0.3392925262451172
0.6548347473144531
-0.6175124645233154
0.11535942554473877
0.2748270034790039
0.12893128395080566
0.5394752025604248
-0.6039407849311829
0.5530470609664917
-0.07125139236450195
0.04750096797943115
0.030536413192749023
0.787158727645874
-0.01696467399597168
0.5259034633636475
-0.18661093711853027
0.3800077438354492
0.8414455652236938
-0.05767977237701416
0.4648308753967285
0.6548348665237427
-0.4648308753967285
0.11535942554473877
0.6921568512916565
0.8957325220108032
0.9126970767974854
0.2850058078765869
0.10178756713867188
0.45804500579833984
-0.28839874267578125
0.23071885108947754
0.5021529197692871
0.5157246589660645
0.030536293983459473
0.12214529514312744
0.16964638233184814
0.35625720024108887
1.0280565023422241
0.118752121925354
-0.07803726196289062
0.6751924753189087
0.1662534475326538
0.6310842037200928
-0.7430506944656372
0.1085737943649292
-0.18321800231933594
0.393579363822937
-0.3494713306427002
0.35286426544189453
0.49536705017089844
0.27821993827819824
-0.1560746431350708
0.34947144985198975
-0.037322282791137695
-0.1798250675201416
0.8380527496337891
0.5666185617446899
0.09160900115966797
0.5259035229682922
0.3867936134338379
1.2418107986450195
-0.3800077438354492
-0.11535930633544922
0.43768739700317383
0.24429070949554443
0.586976170539856
0.5038497447967529
0.4987601041793823
0.5564397573471069
0.09839487075805664
0.8346598148345947
0.6989426612854004
0.26804113388061523
0.26125526428222656
0.383400559425354
0.8821606636047363
0.1696462631225586
0.3189350366592407
0.0475008487701416
0.34607839584350586
0.553046703338623
0.26804113388061523
-0.05767977237701416
0.45465219020843506
1.0891292095184326
0.6582273244857788
0.35965001583099365
0.5089387893676758
0.037322163581848145
0.46483051776885986
0.32232797145843506
0.027143478393554688
0.17303931713104248
-0.29179179668426514
0.18321800231933594
0.49197423458099365
-0.006785869598388672
-0.09160900115966797
0.09160900115966797
0.6446559429168701
0.32911384105682373
0.8176950216293335
0.80751633644104
0.4207228422164917
0.5767974853515625
0.20018267631530762
-0.34607839584350586
0.3596501350402832
0.32911384105682373
0.5021530389785767
0.7193002700805664
0.4071512222290039
0.5089389085769653
0.19678962230682373
0.5021529197692871
0.44447314739227295
-0.006785750389099121
0.07464444637298584
0.6412630081176758
-0.2748270034790039
0.48179543018341064
0.3291137218475342
0.7226930856704712
0.3698289394378662
-0.003392934799194336
0.4987601041793823
-0.08143019676208496
-0.030536293983459473
0.08143031597137451
-0.0950019359588623
0.12553811073303223
0.31214916706085205
0.5021529197692871
0.729479193687439
0.7328718900680542
0.4987601041793823
0.12553822994232178
0.5089386701583862
-0.5632256269454956
0.23750483989715576
-0.34947144985198975
-0.22393310070037842
0.47840261459350586
0.10178768634796143
-0.5598328113555908
0.4241156578063965
0.25107669830322266
0.08143019676208496
0.07464432716369629
0.14928865432739258
0.868588924407959
-0.05089390277862549
0.5021530389785767
-0.12553834915161133
0.3053632974624634
0.06785857677459717
0.6141197681427002
0.3698289394378662
-0.366436243057251
-0.19678974151611328
0.39697229862213135
-0.13232409954071045
0.6310842037200928
0.6548346281051636
0.3155421018600464
0.2680412530899048
0.8007305860519409
0.18321800231933594
0.15946745872497559
-0.3257209062576294
0.5903691053390503
0.006785869598388672
-0.43429458141326904
0.2307189702987671
0.3392925262451172
-0.7905519008636475
0.13910996913909912
0.33589982986450195
0.4410802125930786
-0.5632257461547852
0.24768352508544922
-0.12553834915161133
0.631084144115448
0.0
0.12553822994232178
-0.07464432716369629
0.44786620140075684
0.281612753868103
0.45465219020843506
0.7159076929092407
0.3528643846511841
0.23411190509796143
0.2680412530899048
-0.11196637153625488
0.45125913619995117
0.8244808912277222
0.31554222106933594
0.04071509838104248
0.07803738117218018
0.19339704513549805
0.7634084224700928
0.1458958387374878
-0.1458958387374878
0.4003652334213257
-0.3053632974624634
0.576797366142273
-0.054286837577819824
0.5530468225479126
0.044108033180236816
0.3969721794128418
0.66840660572052
0.6242983341217041
0.05767965316772461
0.26804137229919434
0.2850058078765869
0.3257209062576294
1.3198480606079102
0.6582275629043579
-0.027143359184265137
0.7769801616668701
-0.16625332832336426
-0.05089378356933594
0.5564398765563965
0.6344771385192871
-0.2782200574874878
0.17643213272094727
0.6650135517120361
0.5089387893676758
-0.19000399112701416
0.054286837577819824
-0.05089390277862549
0.7905515432357788
0.40375828742980957
-0.1458958387374878
0.4580451250076294
-0.01696467399597168
0.3698289394378662
0.6141196489334106
0.7430508136749268
1.6761053800582886
0.31214916706085205
0.2816128730773926
-0.0475010871887207
0.977162778377533
0.261255145072937
-0.03392922878265381
0.413936972618103
0.0
0.04750096797943115
0.19339680671691895
0.5089387893676758
0.31554222106933594
0.6141196489334106
0.5123316049575806
0.11535954475402832
-0.11196660995483398
1.0484142303466797
0.013571739196777344
-0.3087562322616577
0.6412630081176758
0.44786620140075684
0.2951846122741699
0.7125145196914673
-0.15946757793426514
0.28161299228668213
-0.1560746431350708
0.5394750833511353
0.36982905864715576
-0.1085735559463501
0.45465195178985596
0.5734046697616577
0.030536413192749023
0.6005476713180542
-0.04750096797943115
0.5462609529495239
0.8719818592071533
0.06107282638549805
-0.07464444637298584
-0.027143478393554688
0.7396577596664429
-0.19678962230682373
0.05089378356933594
0.24768352508544922
0.6548346281051636
-0.5021529197692871
-0.11875247955322266
0.3291137218475342
0.2578623294830322
-0.030536293983459473
-0.054286837577819824
0.3392925262451172
0.054286956787109375
-0.11875247955322266
-0.17303931713104248
0.1900038719177246
0.254469633102417
0.6141194105148315
0.23411190509796143
0.24768364429473877
-0.04071509838104248
-0.8312667608261108
0.4003652334213257
-0.48858141899108887
0.7159072160720825
-0.3698289394378662
0.18661105632781982
0.8380526304244995
0.0033930540084838867
0.1323239803314209
-0.888946533203125
0.20018267631530762
-0.07803726196289062
0.7159073352813721
0.2714341878890991
-0.13910996913909912
-0.627691388130188
0.6209052801132202
-0.2544693946838379
-0.11875247955322266
1.061985731124878
0.8159987926483154
0.07125163078308105
-0.5259034633636475
-0.37661468982696533
0.5530468225479126
-0.15946745872497559
-0.10857367515563965
0.3664360046386719
0.3494713306427002
0.5462609529495239
0.07803750038146973
0.003392934799194336
-0.10518062114715576
0.4139368534088135
0.31214916706085205
0.030536174774169922
0.4173297882080078
0.003392934799194336
0.061072468757629395
0.6446558237075806
0.5157246589660645
0.08821606636047363
0.37322187423706055
0.6141195297241211
0.6242984533309937
0.15946745872497559
0.13232409954071045
0.40715110301971436
0.013571619987487793
0.41054415702819824
0.16286039352416992
0.37322163581848145
0.1798250675201416
0.5632256269454956
-0.013571500778198242
0.09160900115966797
-0.13910996913909912
0.5089387893676758
0.3596501350402832
0.6650135517120361
0.04071509838104248
0.3460785150527954
0.6209053993225098
0.17982518672943115
0.33929264545440674
0.5055458545684814
0.5123317241668701
0.04071497917175293
-0.5564398765563965
-0.45465195178985596
0.17303919792175293
0.33589959144592285
0.9737697839736938
-0.07803726196289062
-0.20018267631530762
0.05767965316772461
0.1085735559463501
0.4919741153717041
0.3325066566467285
0.28839850425720215
-0.16286039352416992
0.05428671836853027
0.4241156578063965
0.2748270034790039
-0.2069683074951172
0.13571703433990479
0.35286426544189453
0.5089390277862549
0.0
0.20018255710601807
0.4648308753967285
0.485188364982605
0.003392934799194336
0.5191175937652588
0.20696842670440674
-0.12553822994232178
-0.09500181674957275
0.8448385000228882
0.3664360046386719
0.037322163581848145
-0.0848231315612793
-0.3257209062576294
-0.14589548110961914
0.07125163078308105
0.5971550941467285
0.2612553834915161
0.42072272300720215
-0.006785869598388672
1.031449556350708
-0.19339680671691895
0.04071509838104248
-0.5835831165313721
1.3181514739990234
0.1933966875076294
0.6921570301055908
0.45804500579833984
-0.08143019676208496
0.6921566724777222
-0.5326893329620361
-0.22732603549957275
0.4139368534088135
0.43090152740478516
0.07803750038146973
0.010178685188293457
-0.02714359760284424
0.21036136150360107
0.4750096797943115
-0.30197036266326904
0.061072587966918945
0.3766148090362549
0.6276912689208984
0.22732603549957275
-0.037322044372558594
0.383400559425354
0.45125913619995117
-0.11875224113464355
0.48858118057250977
0.2137542963027954
0.254469633102417
-0.0712515115737915
0.10518074035644531
-0.01696467399597168
-0.12553834915161133
0.06446564197540283
0.04750096797943115
0.363042950630188
0.39697229862213135
0.43768739700317383
-0.11196660995483398
0.5055457353591919
0.47840261459350586
0.7260861396789551
-0.03392910957336426
0.4173297882080078
0.5462609529495239
0.09160900115966797
0.26804113388061523
-0.8007303476333618
0.25107669830322266
0.2985774278640747
1.1977027654647827
-0.2748270034790039
0.010178804397583008
0.5259037017822266
0.11196649074554443
-0.281612753868103
0.4614379405975342
-0.0237504243850708
0.5700114965438843
-0.2816128730773926
-0.037322163581848145
0.25107645988464355
-0.46143782138824463
0.2171473503112793
0.5360822677612305
0.8075162172317505
0.12214541435241699
0.22732603549957275
0.29857754707336426
0.14589571952819824
0.21036136150360107
0.7430506944656372
0.8957324028015137
0.7328718900680542
-0.3155421018600464
0.6039408445358276
0.39697229862213135
0.37661468982696533
-0.1900038719177246
0.26125526428222656
0.21375441551208496
-0.19678950309753418
0.054286956787109375
-0.33589959144592285
0.5835833549499512
0.20018267631530762
-0.3291139602661133
-0.013571739196777344
0.5835832357406616
0.2171473503112793
0.2171473503112793
0.3494713306427002
0.37152552604675293
-0.3019704818725586
-0.06446552276611328
0.7973374724388123
0.40036535263061523
0.1425027847290039
0.3528643846511841
0.8312666416168213
0.2578624486923218
0.9025182723999023
-0.26804113388061523
0.5021529197692871
0.4580448865890503
0.4885812997817993
0.2375047206878662
0.19678974151611328
0.11196660995483398
0.26125526428222656
0.251076340675354
0.30875635147094727
-0.05089390277862549
0.1798250675201416
0.0950019359588623
-0.6141195297241211
0.6921569108963013
0.2714340090751648
0.2137542963027954
0.020357608795166016
0.14928877353668213
0.27143406867980957
0.6344771385192871
0.4987599849700928
0.05767977237701416
0.2612553834915161
0.3155421018600464
0.6378700733184814
-0.32572078704833984
-0.13910996913909912
0.5564397573471069
0.08143019676208496
0.0950019359588623
0.19000375270843506
0.3291137218475342
0.12214529514312744
0.2850058078765869
0.4512592554092407
0.10857391357421875
-0.5564396381378174
0.5462610721588135
0.6548346281051636
0.6073336601257324
0.5632256269454956
0.7057286500930786
0.11875224113464355
0.3189350366592407
-0.485188364982605
1.092522144317627
0.8244809508323669
0.030536293983459473
0.7600154876708984
0.352864146232605
0.8482315540313721
0.495367169380188
0.07464432716369629
0.19678962230682373
0.6378699541091919
0.030536413192749023
0.48179543018341064
0.22732603549957275
0.061072587966918945
0.1560746431350708
0.32911360263824463
0.18661081790924072
0.3698289394378662
-0.5292962789535522
0.33589959144592285
0.17303919792175293
0.393579363822937
0.4987601041793823
0.2782198190689087
0.4173297882080078
0.48858141899108887
0.19678962230682373
0.3189350366592407
-0.38679349422454834
0.2816128730773926
0.7701942920684814
-0.0033930540084838867
0.3426854610443115
0.8244810104370117
0.15946745872497559
0.2544693946838379
-0.22393310070037842
0.0
-0.30875611305236816
-0.40715110301971436
0.037322163581848145
0.16286063194274902
-0.06785857677459717
0.3325066566467285
-0.003392934799194336
0.3358997106552124
0.006785869598388672
0.6785850524902344
-0.030536413192749023
0.11196649074554443
0.3291137218475342
0.2069685459136963
-0.0237504243850708
0.3901865482330322
0.20018255710601807
0.3392927646636963
0.5089389085769653
-0.21375441551208496
-0.363042950630188
0.04071509838104248
-0.18661105632781982
0.3426854610443115
0.5496538877487183
0.3698289394378662
0.10518026351928711
0.3426854610443115
-0.0848231315612793
0.5903689861297607
0.8753747940063477
-0.40036511421203613
0.2171473503112793
0.39357948303222656
0.5394752025604248
-0.06107282638549805
0.6446559429168701
-0.09160923957824707
-0.2171473503112793
0.2985774278640747
-0.7362648248672485
0.07803738117218018
0.3019704818725586
0.24429059028625488
0.0237504243850708
-0.3867936134338379
-0.013571500778198242
0.38340067863464355
0.23071885108947754
-0.142503023147583
0.8821604251861572
0.15946745872497559
0.30197036266326904
0.9975202083587646
0.6819779872894287
-0.22732603549957275
1.041628122329712
-0.0475008487701416
-0.495367169380188
-0.3528643846511841
-0.6378700733184814
-0.38000786304473877
0.18661093711853027
0.4309016466140747
0.7600152492523193
0.373221755027771
-0.1832178831100464
0.5021531581878662
0.2273261547088623
0.413936972618103
0.37322163581848145
0.2883986234664917
0.30536341667175293
0.3189350366592407
0.3053632974624634
0.15946745872497559
-0.04071509838104248
-0.3155421018600464
-0.044108033180236816
0.6446558237075806
0.39697229862213135
0.12214529514312744
0.47840261459350586
-0.07125139236450195
0.08821618556976318
0.2951846122741699
0.26125526428222656
0.07803726196289062
0.3189350366592407
0.3358997106552124
0.25107645988464355
0.19678962230682373
0.44786620140075684
0.33250701427459717
0.7159073352813721
0.6684064865112305
0.37322187423706055
0.6887638568878174
0.15946745872497559
0.19678974151611328
-0.044108033180236816
-0.4173297882080078
-0.22393321990966797
0.43090152740478516
0.6582275629043579
0.413936972618103
0.3969724178314209
0.054286837577819824
1.0144846439361572
0.709121584892273
0.12553811073303223
0.6887638568878174
0.42411577701568604
0.4105440378189087
0.3664360046386719
0.9907344579696655
0.1696460247039795
0.7023355960845947
0.5123317241668701
0.49536728858947754
-0.03392922878265381
-0.38340067863464355
-0.2069683074951172
1.0976111888885498
0.6107264757156372
0.352864146232605
0.44447314739227295
-0.281612753868103
-0.1085735559463501
0.43429458141326904
0.556439995765686
0.03053593635559082
-0.08143019676208496
0.21375441551208496
-0.28500592708587646
-0.006785869598388672
0.27143406867980957
0.7193002700805664
0.8855537176132202
-0.2646481990814209
0.33929264545440674
0.12044906616210938
-0.05428671836853027
0.31893491744995117
0.1085735559463501
0.006785869598388672
0.27143406867980957
0.17982500791549683
0.5632256269454956
-0.44108033180236816
0.4241158962249756
0.5632256269454956
0.5700114965438843
-0.15268182754516602
0.2883986234664917
0.10518074035644531
0.08143031597137451
0.3291137218475342
0.8176950216293335
-0.01696479320526123
0.3189350366592407
0.15946757793426514
-0.6209053993225098
0.17643213272094727
-0.3325066566467285
0.21036148071289062
-0.07464432716369629
-0.1289311647415161
0.495367169380188
0.5496540069580078
0.4478660821914673
0.475009560585022
0.38000762462615967
0.13232409954071045
0.29518449306488037
0.4241156578063965
-0.02375054359436035
0.4648308753967285
0.6921567916870117
0.32572078704833984
0.0848231315612793
0.4784027338027954
0.9262688159942627
0.2985774278640747
-0.12553822994232178
0.43768739700317383
0.21036136150360107
1.0144848823547363
0.4885812997817993
0.35965025424957275
0.5021529197692871
-0.5767974853515625
0.3969721794128418
0.6039407253265381
0.08143019676208496
0.6378700733184814
0.2782200574874878
-0.7091214656829834
0.27821993827819824
0.5734045505523682
0.7125145196914673
0.4139370918273926
0.3325066566467285
-0.22732603549957275
0.2069683074951172
0.37661468982696533
0.11196649074554443
0.38679349422454834
0.108573317527771
0.30536341667175293
-0.03392934799194336
0.5666186809539795
0.4342944622039795
0.15268158912658691
0.36304306983947754
-0.3189351558685303
0.5174212455749512
-1.0908256769180298
0.5191177129745483
0.3053632974624634
0.19000375270843506
0.41054391860961914
0.28500568866729736
0.18321800231933594
-0.5055460929870605
-0.2510765790939331
-0.40375828742980957
0.7803729772567749
0.42072296142578125
-0.2273261547088623
0.7735871076583862
0.9228758811950684
0.4173297882080078
0.6853710412979126
0.08482301235198975
0.5123318433761597
0.475009560585022
0.3664360046386719
0.5903691053390503
-0.24089765548706055
0.4105439782142639
0.5632257461547852
-0.5360822677612305
0.38679349422454834
-0.3087562322616577
0.14589571952819824
0.17643213272094727
-0.17982518672943115
0.3121490478515625
0.04750096797943115
-0.4342947006225586
0.363042950630188
0.5598328113555908
-0.05428671836853027
0.11535942554473877
0.15268146991729736
0.4512592554092407
0.5903692245483398
0.35286426544189453
0.05767965316772461
0.15946745872497559
0.006785869598388672
0.5632257461547852
0.054286837577819824
-0.07464444637298584
0.3596503734588623
0.2069685459136963
-0.719300389289856
-0.010178804397583008
-0.06446552276611328
0.17643213272094727
0.9601978063583374
-0.12553799152374268
0.2273259162902832
0.4342947006225586
0.04071509838104248
0.4071512222290039
-0.5089389085769653
-0.7871587872505188
-0.013571739196777344
0.5564398765563965
0.3766148090362549
0.30875611305236816
0.6548347473144531
0.42072272300720215
0.6548346281051636
0.29518449306488037
0.4682236909866333
0.475009560585022
-0.7871588468551636
0.2307189702987671
0.7328717708587646
0.858410120010376
0.33929264545440674
0.030536293983459473
-0.08821618556976318
-0.11535942554473877
-0.1798250675201416
-0.006785869598388672
0.9059112071990967
-0.08482325077056885
-0.003392934799194336
-0.24089765548706055
1.0942184925079346
0.18321800231933594
0.41054391860961914
0.4241156578063965
0.8041234016418457
-0.36304306983947754
0.6378700733184814
0.16625332832336426
0.23411178588867188
0.061072587966918945
0.33589959144592285
0.9262686371803284
0.42411577701568604
0.3901865482330322
-0.1933966875076294
-0.14250290393829346
0.25446951389312744
0.4817953109741211
0.16286039352416992
-0.4563486576080322
0.3358997106552124
0.8618031740188599
-0.07464432716369629
0.24768352508544922
0.3155421018600464
-0.4003652334213257
-0.06446564197540283
0.26804089546203613
0.42411577701568604
0.576797366142273
0.44786620140075684
-0.05089390277862549
-0.2578622102737427
-0.037322044372558594
-0.13571691513061523
0.006785869598388672
0.5191177129745483
-0.07464444637298584
0.393579363822937
0.21714723110198975
-0.4648308753967285
0.09160888195037842
0.576797366142273
1.6286046504974365
0.43090152740478516
0.6073336601257324
1.1468088626861572
-0.1187523603439331
0.1798250675201416
-0.0237504243850708
0.2782198190689087
0.49536728858947754
0.20018279552459717
0.0
0.40715110301971436
0.15268158912658691
0.7091214656829834
0.8210880756378174
0.26804113388061523
-0.14250290393829346
-0.10857367515563965
-0.6921567916870117
0.7159074544906616
-0.11535954475402832
0.003392934799194336
1.021270513534546
0.8041234016418457
0.16625332832336426
0.10178780555725098
0.05767977237701416
-0.13910996913909912
0.45125913619995117
-0.3426855802536011
0.8923394680023193
0.6480486392974854
-0.05767989158630371
0.07125139236450195
0.6717991828918457
0.0712512731552124
0.8991254568099976
0.4817955493927002
-0.6107265949249268
0.15268170833587646
0.18321800231933594
0.43768739700317383
0.5564397573471069
0.21036136150360107
0.2816128730773926
-0.08821606636047363
0.23750483989715576
0.3494713306427002
0.40375816822052
0.17303919792175293
0.29179155826568604
0.0712515115737915
0.10857367515563965
0.641262948513031
-0.3358994722366333
0.5564396381378174
0.11875247955322266
0.061072587966918945
-0.07464432716369629
0.19339680671691895
0.07464444637298584
0.7532294988632202
0.1900038719177246
0.4580448865890503
0.2578624486923218
0.281612753868103
0.2850058078765869
0.12893152236938477
0.10857367515563965
0.485188364982605
0.6005479097366333
0.8651959896087646
0.32232797145843506
-0.15268158912658691
0.4580451250076294
0.24768352508544922
1.3096693754196167
0.42411577701568604
0.41054391860961914
0.07803738117218018
0.6853712797164917
-0.2578623294830322
0.2307189702987671
0.8210878968238831
-0.020357608795166016
0.19000375270843506
0.17643213272094727
0.26804113388061523
-0.17303895950317383
-0.14589571952819824
1.072164535522461
0.787158727645874
-0.6073336601257324
0.5394752025604248
-0.3596501350402832
0.7803729772567749
0.18321800231933594
0.39697229862213135
0.5496538877487183
-0.22054016590118408
0.4750096797943115
0.1900038719177246
-0.010178804397583008
0.30536341667175293
0.2816128730773926
0.40375816822052
0.3664360046386719
-0.47161662578582764
0.38340067863464355
-0.4275085926055908
0.363042950630188
-0.12553822994232178
0.45804500579833984
0.5428681373596191
0.12553822994232178
-0.4478660821914673
-0.20357537269592285
0.2951843738555908
-0.05089426040649414
0.4309016466140747
0.19678950309753418
-0.01696479320526123
0.7023357152938843
-0.030536413192749023
0.22054016590118408
0.06785857677459717
0.6887638568878174
0.08821606636047363
0.49536705017089844
0.11196660995483398
-0.13571691513061523
0.44786620140075684
0.1662534475326538
0.413936972618103
0.8041232824325562
0.07125139236450195
-0.18661093711853027
0.31214916706085205
0.7651046514511108
0.0237504243850708
0.11196649074554443
0.2408977746963501
0.5598326921463013
0.22054016590118408
0.054286837577819824
0.5903689861297607
0.5530469417572021
0.010178804397583008
0.13910996913909912
0.47161662578582764
0.505545973777771
-0.5191177129745483
0.2171473503112793
0.22393321990966797
0.3901864290237427
-0.23071885108947754
-0.17303931713104248
0.2917916774749756
0.617512583732605
0.3189350366592407
0.05089378356933594
0.5021529197692871
0.0950016975402832
0.6480486392974854
0.41054391860961914
0.08143019676208496
0.9194830656051636
0.2917916774749756
0.5326893329620361
1.3351163864135742
-0.0848231315612793
0.40375804901123047
0.04071509838104248
0.010178804397583008
0.04071521759033203
1.0076987743377686
0.22393321990966797
0.5292963981628418
-0.27143394947052
-0.43768739700317383
0.46483075618743896
0.07803726196289062
0.3392925262451172
-0.44447314739227295
0.016964435577392578
0.04071521759033203
0.27482688426971436
0.48518848419189453
0.475009560585022
0.35625720024108887
-0.2137542963027954
0.18321800231933594
0.10178756713867188
0.3325068950653076
1.6167291402816772
0.10178768634796143
-0.16625332832336426
0.4241156578063965
0.03392922878265381
-0.09160912036895752
0.06446576118469238
0.5462610721588135
0.6989428997039795
-0.11875224113464355
0.2069685459136963
-0.0237504243850708
-0.030536413192749023
0.10857367515563965
0.3766148090362549
0.7226933240890503
0.12214529514312744
0.40375816822052
0.11196660995483398
-0.2578623294830322
-0.27482688426971436
0.21375441551208496
0.10857367515563965
0.6921569108963013
0.3155421018600464
0.010178804397583008
0.3358997106552124
-0.09839487075805664
-0.13910984992980957
-0.0033930540084838867
0.16625332832336426
0.43090152740478516
0.3562573194503784
0.13571691513061523
-0.10518074035644531
0.9093040227890015
0.6039408445358276
0.21714723110198975
0.36982905864715576
0.6310842037200928
0.13232409954071045
1.0280566215515137
0.3664360046386719
-0.21036124229431152
0.665013313293457
-0.20018255710601807
0.383400559425354
0.5462610721588135
0.37661468982696533
1.3910996913909912
-0.12553834915161133
-0.6344771385192871
0.3935796022415161
0.13232409954071045
-0.020357608795166016
0.3901864290237427
0.19678974151611328
0.3053632974624634
0.3019704818725586
0.16625332832336426
0.38340067863464355
0.23750483989715576
-0.10857367515563965
0.4207228422164917
0.5462610721588135
0.8041234016418457
0.6073336601257324
0.7023355960845947
0.3155421018600464
0.11535942554473877
0.2578624486923218
0.3664360046386719
0.3901864290237427
0.23071885108947754
0.3291139602661133
0.21714723110198975
-0.3664358854293823
0.32232797145843506
-0.19339680671691895
0.3901865482330322
0.5225106477737427
0.8787676095962524
0.027143359184265137
0.09160900115966797
0.24768352508544922
0.8482315540313721
0.6175122261047363
0.0237504243850708
0.6819781064987183
-0.505545973777771
0.393579363822937
0.030536293983459473
-0.02375054359436035
-0.061072707176208496
-0.29857754707336426
0.4139368534088135
0.4071512222290039
0.2646481990814209
-0.6073336601257324
-0.11196660995483398
0.08143019676208496
0.43429481983184814
0.03392934799194336
-0.006785750389099121
0.20018255710601807
0.3969721794128418
0.16625332832336426
-0.08143019676208496
0.6344772577285767
-0.05767965316772461
0.2917916774749756
0.13571703433990479
0.32572078704833984
0.027143239974975586
0.4682236909866333
-0.05767977237701416
-0.30536317825317383
0.919482946395874
-0.18661117553710938
0.3189350366592407
0.15268158912658691
0.15607452392578125
0.44108033180236816
0.5632257461547852
-0.2816128730773926
0.6989425420761108
0.525903582572937
0.4546520709991455
0.037322163581848145
0.5835835933685303
-0.7260861396789551
-0.0237504243850708
-0.14589571952819824
-0.2816128730773926
0.14928877353668213
0.3223278522491455
0.6039407253265381
0.35625720024108887
-0.09839487075805664
0.776979923248291
0.23411178588867188
0.1560746431350708
0.6310842037200928
0.5937621593475342
-0.14589571952819824
0.010178923606872559
0.2850058078765869
0.2917916774749756
0.17303919792175293
0.09160912036895752
0.26804113388061523
-0.03392922878265381
0.7905516624450684
0.9975202083587646
0.13232409954071045
0.515724778175354
0.5055457353591919
-0.020357608795166016
0.41054391860961914
0.15268170833587646
-0.475009560585022
0.7226932048797607
0.9703768491744995
0.9126969575881958
0.2646481990814209
-0.27821969985961914
0.42072272300720215
-0.5021529197692871
-0.01696479320526123
0.3664360046386719
0.4750096797943115
0.09500181674957275
-0.15607452392578125
0.2816126346588135
0.6175123453140259
0.3019704818725586
-0.485188364982605
0.2917919158935547
0.2069685459136963
0.08821606636047363
0.30197036266326904
0.4817953109741211
0.7396577596664429
0.3698289394378662
0.1594676971435547
0.09839475154876709
0.6684062480926514
0.4919741153717041
-0.16286039352416992
0.17303919792175293
0.5700116157531738
0.45125913619995117
0.20696842670440674
0.3426854610443115
0.23071885108947754
-0.4410804510116577
-0.2917916774749756
0.17643225193023682
0.3528643846511841
0.0475010871887207
0.06446588039398193
0.06785845756530762
0.06446564197540283
-0.11535966396331787
-0.5157245397567749
0.11196660995483398
-0.10857367515563965
0.24768364429473877
-0.027143478393554688
-0.07803726196289062
-0.7532293796539307
0.1085737943649292
-0.665013313293457
0.586976170539856
0.003392934799194336
0.5903689861297607
0.20018267631530762
0.13910984992980957
-0.2816128730773926
-0.16625332832336426
0.5937620401382446
0.48858141899108887
0.363042950630188
0.4987601041793823
0.4309016466140747
0.7057284116744995
-0.06785857677459717
0.373221755027771
-0.1289311647415161
0.5801904201507568
0.4207228422164917
0.3528643846511841
-0.35625720024108887
0.44447338581085205
0.27143406867980957
0.013571739196777344
0.0475008487701416
0.2782200574874878
0.07125139236450195
0.2578624486923218
0.13232421875
-0.3494713306427002
0.563225507736206
0.13232409954071045
-0.6107264757156372
1.0280565023422241
0.6242982149124146
0.5326894521713257
0.15268158912658691
0.08142995834350586
-0.0712515115737915
-0.5734044313430786
0.5157248973846436
-0.05767965316772461
-0.09500205516815186
0.685370922088623
0.6717993021011353
-0.18661093711853027
-0.9635908603668213
0.08821606636047363
0.5157245397567749
-0.44108033180236816
0.6887640953063965
0.054286837577819824
0.31893491744995117
0.776979923248291
0.6446559429168701
-0.29179155826568604