0.29857730865478516
0.23071885108947754
-0.17643213272094727
0.2307189702987671
-0.13571703433990479
-0.2917916774749756
-0.7260860800743103
-0.8821606636047363
-0.18321800231933594
0.27821993827819824
0.2646481990814209
0.5377786159515381
-0.3325066566467285
-0.27143406867980957
0.7668013572692871
0.1933966875076294
-0.013571739196777344
0.13571703433990479
-0.1594676971435547
-0.4241156578063965
-0.5191174745559692
-0.6310839653015137
-0.1408064365386963
0.7108179330825806
-0.05089390277862549
-0.03562569618225098
0.8685890436172485
0.42750871181488037
-0.3766148090362549
-0.15607452392578125
0.3121492862701416
0.01696467399597168
0.5462610721588135
0.1696462631225586
-0.34607839584350586
-0.061072587966918945
0.2680410146713257
0.04750096797943115
-0.04071509838104248
0.1798250675201416
0.2934880256652832
-0.18321800231933594
-0.33250677585601807
-0.7396577596664429
0.11535954475402832
-0.5801903009414673
-0.05089402198791504
0.020357489585876465
0.8448385000228882
0.08143019676208496
0.08991241455078125
0.30197036266326904
0.5666186809539795
0.05089390277862549
0.5751007795333862
0.13571715354919434
0.0848231315612793
0.2358083724975586
0.7498366832733154
0.3087562322616577
-0.010178685188293457
0.13571715354919434
0.5123317241668701
0.21714723110198975
0.4342944622039795
-0.10518074035644531
-0.4716167449951172
0.4648306369781494
-0.1798250675201416
-0.5767972469329834
-0.06955480575561523
0.2171473503112793
-0.22902238368988037
0.04071509838104248
-0.525903582572937
0.6344772577285767
-0.5496541261672974
0.6192089319229126
0.43429434299468994
0.6276915073394775
-0.03223276138305664
-0.7447472810745239
-0.12214541435241699
-0.37322163581848145
-0.09160900115966797
-0.8889464735984802
1.0178775787353516
0.6819779872894287
0.42411577701568604
0.2748270034790039
0.08821606636047363
0.09160900115966797
-0.10178780555725098
0.2850058078765869
0.6395664215087891
0.17303919792175293
-0.16455698013305664
0.3358997106552124
0.3901865482330322
0.13232421875
-0.2917916774749756
0.3019704818725586
-0.15946745872497559
-0.6039407253265381
0.11027002334594727
0.34607863426208496
0.5835833549499512
-0.4716167449951172
-0.15946745872497559
-0.38679349422454834
0.13910996913909912
0.1034841537475586
0.3630431890487671
0.4156334400177002
-0.07464432716369629
-0.5598328113555908
-0.09839487075805664
0.1798250675201416
-0.14250290393829346
-0.30536341667175293
0.28839874267578125
-0.10518062114715576
-0.21036136150360107
0.48179543018341064
0.09839475154876709
0.22054016590118408
0.1187523603439331
-0.7125144004821777
-0.2578623294830322
-0.14250290393829346
0.5259034633636475
-0.19678962230682373
-0.1085735559463501
-0.2222367525100708
-0.2120579481124878
-0.5021530389785767
-1.272347092628479
0.5360823273658752
0.9330545663833618
0.08143019676208496
-0.3053632974624634
0.16286051273345947
-0.1034841537475586
0.5632256269454956
0.03392934799194336
-0.06785857677459717
-0.32402467727661133
-0.3596501350402832
0.2951846122741699
0.11196660995483398
-0.19678962230682373
-0.10178780555725098
0.4834918975830078
0.06785845756530762
-0.47840261459350586
-0.6819779872894287
-0.21375441551208496
-0.2578623294830322
0.6650134325027466
-0.2934882640838623
0.4139368534088135
0.3325066566467285
0.6582275629043579
-0.03392922878265381
0.17643213272094727
0.6141196489334106
-0.18661081790924072
0.2782198190689087
-0.06446552276611328
-0.013571858406066895
0.10857367515563965
0.731175422668457
0.3494713306427002
0.22732603549957275
0.4088475704193115
-0.24768352508544922
-0.281612753868103
-0.19170045852661133
-0.22393310070037842
-0.09839487075805664
-0.08821618556976318
0.3681325912475586
-0.5903689861297607
0.6599240303039551
-0.013571619987487793
0.7600154280662537
-0.46822381019592285
0.09160900115966797
0.33250653743743896
-0.05428671836853027
0.05428671836853027
0.419026255607605
0.5089391469955444
0.01696455478668213
0.18152153491973877
-0.037322163581848145
0.4444732666015625
-0.3121492862701416
-0.5835833549499512
0.08991265296936035
-0.03392922878265381
-0.027143359184265137
-0.29857754707336426
-0.5089387893676758
-0.485188364982605
0.06446552276611328
-0.3783111572265625
-0.1187523603439331
0.6412630081176758
-0.4003652334213257
0.20187878608703613
-0.23411178588867188
-0.03901863098144531
0.05428671836853027
-0.05937600135803223
-0.05767965316772461
0.34947144985198975
-0.28839874267578125
0.6650134325027466
-0.05089402198791504
-0.02375054359436035
0.23411166667938232
0.08821606636047363
-0.5954582691192627
-0.24429059028625488
0.07464432716369629
0.7193001508712769
0.3019702434539795
1.051806926727295
0.16625332832336426
-0.49536728858947754
-0.6853710412979126
-0.23750483989715576
-0.4512592554092407
0.46822381019592285
-0.07125139236450195
-0.48349201679229736
0.2917916774749756
-0.21036136150360107
-0.020357608795166016
0.2850058078765869
0.003392934799194336
-0.9992165565490723
-0.09839487075805664
-0.044108033180236816
-0.1696462631225586
-0.22223663330078125
-0.1408064365386963
-0.2408980131149292
-0.037322163581848145
-0.020357728004455566
0.09330558776855469
-0.08482301235198975
-0.31554222106933594
0.0950019359588623
-0.2765233516693115
-0.31893491744995117
0.22054004669189453
-0.3969721794128418
0.05089390277862549
-0.7803729772567749
-0.07803726196289062
0.6073336601257324
-0.31723856925964355
-0.3494713306427002
0.33589959144592285
0.363042950630188
-0.3308103084564209
0.09330534934997559
0.19678974151611328
-0.22732603549957275
0.6785850524902344
-0.9228757619857788
0.07464444637298584
0.08821594715118408
0.19678962230682373
0.87367844581604
-0.18661093711853027
0.3800077438354492
0.07803726196289062
-0.8312668800354004
0.13571703433990479
0.1798250675201416
0.12893128395080566
-0.44108033180236816
0.10178756713867188
0.46483075618743896
0.33589959144592285
0.40206170082092285
0.16964638233184814
-0.06785857677459717
0.34098899364471436
0.5394750833511353
0.5801903009414673
0.14589571952819824
0.14928877353668213
-0.15268170833587646
-0.5343859195709229
0.2731306552886963
-0.08143031597137451
0.12723493576049805
-0.05767977237701416
-0.33250677585601807
0.010178804397583008
0.3630431890487671
0.05767977237701416
0.4105440378189087
0.26125526428222656
-0.24768352508544922
0.09669852256774902
0.2680410146713257
0.36304306983947754
-0.10178768634796143
0.12723469734191895
0.05428671836853027
-0.44108033180236816
0.030536174774169922
0.0950019359588623
-0.4784024953842163
0.6989426612854004
-0.27821993827819824
0.4919741153717041
0.46652722358703613
0.2646481990814209
0.2137542963027954
0.17643213272094727
-0.586976170539856
-0.12553846836090088
0.6785852909088135
0.27143406867980957
0.5089389085769653
0.15268146991729736
0.19339680671691895
-0.07634091377258301
0.26973772048950195
-0.24938011169433594
-0.2171471118927002
-0.05937623977661133
-0.47840237617492676
-0.34607863426208496
-0.47500962018966675
1.2740435600280762
0.3392925262451172
0.7294789552688599
0.20187926292419434
0.3664360046386719
0.7651047706604004
0.4919741153717041
-0.34607839584350586
-0.4105440378189087
-0.6616204977035522
-0.037322282791137695
0.6412630081176758
0.33929264545440674
0.5717079639434814
0.43090152740478516
0.17812848091125488
-0.01696455478668213
-0.30536317825317383
0.17303895950317383
0.31214892864227295
-0.7243895530700684
-0.5259034633636475
0.07464432716369629
0.38000762462615967
0.13232409954071045
-0.4309016466140747
-0.24429059028625488
0.8380526304244995
0.17643225193023682
-0.29688096046447754
0.04071509838104248
0.41224050521850586
-0.027143359184265137
0.2527729272842407
0.04750096797943115
0.21375441551208496
0.2782198190689087
0.5734045505523682
0.2748270034790039
-0.6141195297241211
0.5089387893676758
0.5598326921463013
-0.3121492862701416
0.01696455478668213
-0.3562570810317993
-0.31384551525115967
0.40375816822052
0.03392922878265381
0.5377787351608276
-0.3630431890487671
-0.43090176582336426
-0.13910984992980957
-0.14589571952819824
-0.6548346281051636
0.2408977746963501
-0.20357537269592285
0.2850058078765869
-0.383400559425354
0.09839475154876709
-0.01696467399597168
0.2544693946838379
0.14589571952819824
0.13232409954071045
0.16286039352416992
0.37491822242736816
0.36304306983947754
0.05767977237701416
-0.17303919792175293
0.47840261459350586
0.30875611305236816
0.12384176254272461
0.6582274436950684
0.7294790744781494
1.006002426147461
0.10178768634796143
0.008482217788696289
0.044108033180236816
-0.4444732666015625
-0.5191175937652588
0.19678962230682373
0.5784939527511597
-1.0365389585494995
-0.3562570810317993
-0.2816128730773926
-0.28839850425720215
0.24429070949554443
-0.3664360046386719
0.3613464832305908
0.45125913619995117
-0.15607452392578125
0.31214916706085205
0.3681323528289795
0.10518085956573486
0.12214529514312744
0.6039407253265381
-0.16286039352416992
-0.013571619987487793
-0.06446564197540283
0.30705976486206055
-0.41224050521850586
0.003392934799194336
-0.4750096797943115
0.33759605884552
0.020357608795166016
0.3087562322616577
0.7260861396789551
0.2544693946838379
-0.3664360046386719
-0.3223278522491455
0.12384176254272461
0.13062763214111328
-0.05767977237701416
-0.3019704818725586
-0.1136629581451416
0.9737696647644043
-0.22054016590118408
-0.2171473503112793
-0.16455674171447754
-0.5326893329620361
0.24259424209594727
0.11535954475402832
0.5869760513305664
0.7277826070785522
-0.5089389085769653
0.17303895950317383
0.24768352508544922
-0.0186612606048584
0.21714699268341064
0.17643213272094727
0.21714723110198975
0.15268170833587646
0.06785845756530762
0.14928901195526123
0.19339680671691895
0.23750483989715576
0.6073338985443115
-0.586976170539856
0.0950019359588623
0.21205782890319824
0.7651046514511108
0.08143019676208496
0.5343856811523438
0.2137542963027954
1.0551998615264893
-0.07125139236450195
0.31723833084106445
0.3664361238479614
0.16286051273345947
-0.43938398361206055
-0.363042950630188
-0.4359908103942871
-0.32911384105682373
0.3766148090362549
0.06446552276611328
-0.7396578788757324
0.09839487075805664
0.33589959144592285
0.10518062114715576
-0.010178804397583008
-0.3664360046386719
0.6989427804946899
-0.12214529514312744
-0.16455698013305664
0.06446564197540283
0.3087562322616577
0.3121492862701416
-0.3460785150527954
-0.9347512722015381
0.18661093711853027
-0.6276912689208984
0.17303919792175293
0.48858124017715454
0.11196660995483398
0.7023355960845947
0.4631342887878418
-0.4885812997817993
0.1933966875076294
0.0237504243850708
0.1696462631225586
0.5157246589660645
0.04750096797943115
-0.20527172088623047
0.5903691053390503
-0.0950019359588623
-0.003392934799194336
-0.15607476234436035
0.5598328113555908
-0.14250290393829346
-1.0976115465164185
0.19339680671691895
0.8855535984039307
-0.6480488777160645
-0.4444732666015625
0.7193002104759216
0.2171471118927002
0.5225105285644531
-0.5123317241668701
0.3681325912475586
0.5445646047592163
-0.030536413192749023
-0.17643213272094727
0.1798250675201416
1.056896448135376
-0.1560746431350708
0.22393310070037842
0.05089390277862549
0.3901864290237427
-0.21375441551208496
-0.2748270034790039
0.3053632974624634
0.2069685459136963
-0.7294790744781494
0.9398404359817505
0.29857730865478516
-0.4512592554092407
-0.0950019359588623
0.4342944622039795
0.3494713306427002
-0.980555534362793
-0.05767977237701416
0.7362648248672485
0.5191175937652588
0.22393310070037842
0.36304306983947754
-0.2035754919052124
-0.22732603549957275
-0.06785857677459717
0.413936972618103
-0.037322163581848145
0.03392922878265381
0.8736782073974609
-0.4648308753967285
-0.5326894521713257
0.34947144985198975
-0.7668009996414185
0.03901863098144531
0.07803726196289062
-0.29518449306488037
0.5734043121337891
-0.8143022060394287
0.48858118057250977
-0.383400559425354
-0.23411190509796143
-0.1289311647415161
0.6327806711196899
-0.24768352508544922
0.08821618556976318
0.4580448865890503
-0.13910996913909912
0.18321800231933594
-0.5734044909477234
0.1425027847290039
0.4817955493927002
0.5242071151733398
0.4275085926055908
0.05428671836853027
0.037322163581848145
0.24429070949554443
-0.09839487075805664
0.6616203784942627
-0.515724778175354
-0.5394752025604248
-0.27143394947052
-0.8601068258285522
-0.24429070949554443
-0.15268170833587646
0.553046703338623
-0.31723856925964355
-0.17303919792175293
0.6242983341217041
0.08143019676208496
-0.3596501350402832
-0.46143782138824463
0.4716165065765381
-0.5835832357406616
0.07464444637298584
0.5259034633636475
-0.0033930540084838867
0.05767977237701416
0.04071509838104248
-0.6259946823120117
-0.05089414119720459
-0.7718905210494995
-0.1696462631225586
0.4851886034011841
-0.7345685958862305
-0.1662534475326538
0.5343856811523438
-0.04071521759033203
-0.22393310070037842
-0.31554198265075684
0.4716167449951172
0.16794991493225098
0.4580448865890503
0.1900038719177246
-0.2782198190689087
-0.5428681373596191
0.13910996913909912
-0.061072707176208496
-0.16286015510559082
-0.04071509838104248
-0.030536293983459473
0.11535942554473877
0.3240244388580322
0.2137542963027954
0.541171669960022
0.24429059028625488
-0.006785750389099121
-0.22223687171936035
0.5835832357406616
0.5903692245483398
-0.013571739196777344
0.14250290393829346
-0.1900038719177246
0.3664358854293823
0.29179155826568604
-0.11535930633544922
0.4716167449951172
0.01696467399597168
0.2850058078765869
0.24598705768585205
0.2951846122741699
-0.15607470273971558
0.8668923377990723
-0.09839475154876709
0.20357561111450195
0.3426854610443115
-0.2917916774749756
-0.05089378356933594
0.23071908950805664
-0.0475008487701416
0.4410802125930786
-0.3596501350402832
0.15946745872497559
-0.35625720024108887
-0.2917916774749756
0.5784937143325806
0.27821993827819824
0.5225104093551636
-0.061072587966918945
0.9788591861724854
0.08821606636047363
-0.003392934799194336
0.20018267631530762
0.3800077438354492
-0.0033930540084838867
0.003392934799194336
0.05767989158630371
0.413936972618103
-0.061072468757629395
0.3426854610443115
0.7566224336624146
-0.3596501350402832
-0.4478660821914673
0.42581212520599365
0.9466264247894287
0.3206315040588379
-0.352864146232605
0.37322163581848145
0.30366694927215576
0.39357948303222656
0.11535954475402832
-0.45974159240722656
0.5428681373596191
-0.5818867683410645
0.28500568866729736
-0.49197423458099365
0.05767977237701416
-0.3901864290237427
0.3766148090362549
0.1560746431350708
0.586976170539856
0.21545076370239258
-0.0033930540084838867
0.20187902450561523
-0.2273259162902832
-0.5632256269454956
0.23750483989715576
0.48518824577331543
-0.010178923606872559
-0.26125526428222656
-0.4139370918273926
-0.413936972618103
0.32063138484954834
-0.67519211769104
0.1900038719177246
-0.13910984992980957
0.5242071151733398
0.22393310070037842
0.2137542963027954
0.2985774278640747
-0.21375441551208496
0.38340067863464355
0.32572078704833984
0.43090152740478516
-1.1264514923095703
-0.01696455478668213
-0.48179543018341064
0.24768364429473877
0.38679349422454834
-0.28839874267578125
0.08143031597137451
0.5259034633636475
0.97037672996521
0.030536413192749023
0.11875247955322266
0.2697376012802124
0.15607452392578125
-0.09839475154876709
0.43429434299468994
-0.12553822994232178
-0.037322163581848145
0.8651961088180542
-0.29179155826568604
-0.21036124229431152
0.3155421018600464
0.010178804397583008
-0.6412628889083862
0.40715110301971436
0.5055458545684814
0.74135422706604
-0.08821594715118408
-0.3138456344604492
0.44108033180236816
-0.7651047706604004
-0.6599240303039551
0.44447338581085205
0.37322187423706055
-0.13910996913909912
0.023750662803649902
0.18661093711853027
0.2951846122741699
0.459741473197937
-0.24768376350402832
0.3274170160293579
-0.05937623977661133
-0.5598328113555908
-0.08143031597137451
-0.0016963481903076172
0.2035754919052124
-0.07803726196289062
0.5954585075378418
0.027143359184265137
-0.5292963981628418
0.5666186809539795
-0.010178804397583008
0.6887639760971069
0.24089789390563965
0.2748270034790039
0.7718905210494995
-0.3325066566467285
0.13232409954071045
0.13571703433990479
0.2985774278640747
0.07125139236450195
-0.6921567916870117
0.6310842037200928
0.3392925262451172
-0.5123317241668701
0.013571739196777344
0.6192089319229126
-0.40375816822052
-0.6412630081176758
0.4987599849700928
-0.23750483989715576
0.17303907871246338
0.5784938335418701
0.09839487075805664
0.18661069869995117
-0.19678974151611328
0.4258122444152832
0.23071885108947754
0.4241156578063965
0.07803714275360107
0.54286789894104
0.4800989627838135
-0.49197399616241455
-0.4885812997817993
0.6090302467346191
-0.0950019359588623
0.5666186809539795
0.15946757793426514
0.2324155569076538
0.15946745872497559
-0.1832178831100464
0.6887639760971069
0.4241156578063965
-0.3867936134338379
0.03392899036407471
-0.3392925262451172
0.5700114965438843
0.4885813593864441
0.3189350366592407
0.2578623294830322
-0.020357608795166016
0.18661105632781982
0.36304306983947754
-0.1900038719177246
0.6073335409164429
-0.11196649074554443
0.11535942554473877
0.09839487075805664
1.2231495380401611
0.1933966875076294
0.2171471118927002
-0.4817955493927002
0.5275999307632446
-0.7990341186523438
-0.8584101796150208
0.25107645988464355
0.3257209062576294
1.0535035133361816
0.21036136150360107
0.2850058078765869
0.09160888195037842
-0.1594676971435547
0.2680410146713257
-0.4784025549888611
-0.9160898923873901
0.8940359354019165
-0.11535954475402832
0.07803738117218018
0.31045258045196533
0.6684062480926514
-0.10857367515563965
-0.5767972469329834
0.08143019676208496
-0.10857367515563965
-0.31893491744995117
0.7142107486724854
0.21036148071289062
0.8295702934265137
-0.0950019359588623
0.33589959144592285
0.3494713306427002
0.3392925262451172
0.20018255710601807
-0.3664361238479614
0.3952758312225342
1.1569879055023193
0.373221755027771
0.006785750389099121
0.25107645988464355
0.13571703433990479
-0.10518074035644531
0.23241543769836426
0.030536174774169922
-0.08821594715118408
0.11196660995483398
0.013571619987487793
-0.18661093711853027
0.05089390277862549
0.31723856925964355
0.34607839584350586
-0.17303919792175293
0.09160900115966797
0.003392934799194336
0.04071509838104248
-0.7040320634841919
0.1713428497314453
0.6141195297241211
0.2544693946838379
-0.6701028347015381
0.40375816822052
-0.1458958387374878
0.1798250675201416
-0.06785857677459717
0.20018267631530762
-0.2883986234664917
-0.15607452392578125
0.4139368534088135
-0.01696467399597168
-0.3189350366592407
0.22054052352905273
0.10857367515563965
-0.020357608795166016
-0.3223278522491455
-0.556439995765686
0.05767965316772461
1.056896448135376
0.0
-0.23411178588867188
-0.29179155826568604
0.41732990741729736
-0.13910984992980957
0.49027764797210693
0.10518074035644531
0.10518074035644531
0.2544693946838379
-0.2816128730773926
-0.054286837577819824
-0.8821605443954468
0.5428682565689087
0.02544689178466797
-0.07464444637298584
0.17643213272094727
-0.2748270034790039
-0.027143478393554688
-0.006785750389099121
0.4936707019805908
0.929661750793457
-0.22732603549957275
-0.22393298149108887
0.5394752025604248
0.2833092212677002
0.5242068767547607
-1.0399317741394043
-0.1085735559463501
0.40545451641082764
0.23750483989715576
0.26804113388061523
-0.5462613105773926
0.6785851716995239
0.5700114965438843
0.09160900115966797
-0.18661093711853027
0.5225105285644531
0.6548346281051636
0.04750096797943115
0.6514416933059692
-0.1187523603439331
-0.30875611305236816
-0.4275085926055908
0.4885812997817993
-0.3800077438354492
0.16625332832336426
0.6209053993225098
-0.24768352508544922
-0.44108033180236816
0.5072424411773682
-0.35456061363220215
0.044107913970947266
-0.4105440378189087
-0.40715110301971436
0.7464437484741211
0.39357948303222656
-0.11196660995483398
-0.07634091377258301
0.05767965316772461
-0.028839826583862305
0.6039407253265381
0.6022441387176514
0.16286039352416992
0.21375441551208496
-0.3121492862701416
-0.7176039218902588
0.413936972618103
-0.020357489585876465
-0.3325066566467285
0.6667100191116333
0.07803738117218018
-0.013571739196777344
0.28500568866729736
0.5547432899475098
0.03053605556488037
0.1187523603439331
0.47840237617492676
0.33589959144592285
0.36304306983947754
0.08821606636047363
0.6446559429168701
0.87367844581604
0.6242983341217041
0.037322163581848145
-0.17303919792175293
0.5326894521713257
0.19678974151611328
0.6022442579269409
0.2951846122741699
0.1458958387374878
-0.6310842037200928
-0.37661468982696533
0.5428681373596191
0.08143031597137451
0.3494713306427002
-0.4817955493927002
0.0712515115737915
0.21205782890319824
-0.4071512222290039
0.1458958387374878
0.10178768634796143
0.3392925262451172
0.2035754919052124
0.03392922878265381
0.09839475154876709
0.597154974937439
0.17303919792175293
-0.8109092712402344
0.4648308753967285
0.11196660995483398
0.5937620401382446
-0.1425027847290039
-0.3562573194503784
-0.5428680181503296
0.23241567611694336
-0.2069685459136963
0.9025182723999023
0.2035757303237915
0.24768328666687012
-0.28839874267578125
-0.4461698532104492
0.3901865482330322
0.2086648941040039
0.22054016590118408
-0.1458958387374878
0.21375441551208496
0.037322163581848145
0.26464831829071045
0.4258122444152832
-0.11535942554473877
0.5428680181503296
0.18661093711853027
0.15268170833587646
0.1662534475326538
0.2646481990814209
-0.2917916774749756
-0.06785869598388672
0.10178792476654053
0.0848231315612793
-0.5428681373596191
0.33929240703582764
-0.7294790148735046
-0.5818867683410645
0.5157248973846436
0.7362648248672485
-0.4359908103942871
-0.013571858406066895
0.16286051273345947
0.37322181463241577
0.24768364429473877
0.2816128730773926
-0.23920130729675293
0.4750096797943115
0.9669839143753052
-0.0848231315612793
-0.4817955493927002
0.8991254568099976
0.3342031240463257
0.42072272300720215
0.4207228422164917
0.41902637481689453
0.44108033180236816
-0.44786620140075684
-0.32232797145843506
-0.0848231315612793
0.03392934799194336
-0.0237504243850708
0.25446927547454834
-0.7193002104759216
0.12553834915161133
0.32232797145843506
0.2171473503112793
-0.5734043121337891
-0.42072272300720215
0.003392934799194336
0.30197036266326904
0.2680412530899048
0.0950019359588623
-0.7328718900680542
-0.05767989158630371
0.3240244388580322
0.4478660821914673
0.05428671836853027
-0.3257209062576294
0.15946757793426514
0.6073334217071533
0.4614379405975342
0.1085735559463501
-0.09160900115966797
-0.23411190509796143
-0.5394753217697144
0.05767977237701416
0.6819781064987183
-0.6480488777160645
-0.1900038719177246
0.6802816390991211
-0.4003652334213257
0.5581363439559937
0.2646481990814209
0.24089765548706055
-0.0712515115737915
-0.03392910957336426
0.28500592708587646
0.38340067863464355
0.4733130931854248
0.42241930961608887
-0.19678950309753418
-0.8651962280273438
0.6005479097366333
-0.6446558833122253
-0.6107265949249268
0.3969724178314209
0.5700114965438843
0.20696842670440674
-0.41732966899871826
-0.12214529514312744
0.3019704818725586
0.31893491744995117
0.7040320634841919
-0.21714723110198975
-0.23750483989715576
0.495367169380188
0.14928865432739258
0.0950019359588623
0.4241158962249756
0.09839487075805664
0.061072707176208496
-0.5360822677612305
-0.11535978317260742
0.1900038719177246
-0.2171473503112793
-0.15946745872497559
-0.47161662578582764
-0.23071885108947754
0.41733014583587646
-0.13910984992980957
0.8855537176132202
0.12214517593383789
-0.8821607828140259
-0.3019702434539795
0.1560746431350708
-0.4207228422164917
-0.6548346281051636
-0.40375816822052
0.16964638233184814
0.2697376012802124
0.4902777671813965
0.5123317241668701
-0.2578623294830322
-0.05767965316772461
-0.7125145196914673
0.028839826583862305
-0.28839850425720215
0.34607839584350586
-0.010178685188293457
0.15777111053466797
0.003392934799194336
-0.6090302467346191
0.054286837577819824
-0.07464432716369629
0.1832181215286255
0.13402056694030762
0.261255145072937
0.6989427804946899
0.4376875162124634
-0.3392927646636963
-0.04919743537902832
0.44447338581085205
-0.1187523603439331
-0.45804500579833984
0.027143359184265137
0.42920517921447754
0.07464432716369629
-0.4071509838104248
-0.39697229862213135
0.36134660243988037
0.3766148090362549
-0.4207228422164917
-0.18491435050964355
-0.2307189702987671
-0.16625332832336426
0.3952758312225342
0.5564398765563965
0.8244810104370117
0.28839874267578125
0.6514418125152588
-0.17812848091125488
-0.49197423458099365
0.5615291595458984
0.3325068950653076
-0.12214541435241699
0.13910996913909912
-0.4750094413757324
0.10009145736694336
0.09330534934997559
0.13571691513061523
0.18661093711853027
-0.09839487075805664
-0.27143406867980957
-1.140023112297058
0.44447338581085205
0.02375054359436035
-0.14589571952819824
0.0033930540084838867
-0.3901865482330322
-0.4139368534088135
-0.06785845756530762
-0.28500568866729736
0.3392925262451172
0.2731304168701172
0.5055460929870605
-0.2883986234664917
-0.24089765548706055
-0.13402080535888672
0.38000762462615967
-0.09160900115966797
-0.08821618556976318
-0.23411190509796143
-0.061072707176208496
-1.1043974161148071
-0.432598352432251
0.0848231315612793
0.960198163986206
-0.19170022010803223
0.45804500579833984
0.24089765548706055
-0.09839487075805664
0.15268158912658691
0.5072423219680786
0.7260860204696655
0.24089765548706055
-0.665013313293457
-0.35625725984573364
0.4987601041793823
0.4987601041793823
0.010178804397583008
0.05767977237701416
0.17643213272094727
-0.12723469734191895
0.15946751832962036
1.0993080139160156
-0.04919743537902832
0.6242983341217041
-0.05767965316772461
0.11196649074554443
-0.45974159240722656
-1.2960975170135498
-0.0475010871887207
0.118752121925354
-0.4309016466140747
0.26804113388061523
0.5123317241668701
-0.10178780555725098
0.515724778175354
-0.37831127643585205
0.1085737943649292
-0.5903689861297607
0.04071521759033203
0.8872500658035278
0.48518848419189453
-0.4817955493927002
-0.10857343673706055
-0.17473554611206055
0.09160900115966797
-0.04919743537902832
0.1933966875076294
0.24768352508544922
-0.30197036266326904
0.8482314348220825
-0.22393310070037842
-0.4139368534088135
-0.2765233516693115
0.43768739700317383
0.3460782766342163
0.7634080648422241
0.2680412530899048
0.5700113773345947
0.2408977746963501
-0.08991241455078125
-0.07803726196289062
0.24429082870483398
0.003392815589904785
-0.0848228931427002
0.34947144985198975
0.7396578788757324
0.07464432716369629
0.8584102392196655
0.34947144985198975
-0.5259034633636475
-0.09160900115966797
-0.28839874267578125
0.08821606636047363
-0.12214541435241699
0.44447314739227295
0.3223278522491455
0.13062763214111328
-0.15946745872497559
0.2951846122741699
0.8007304668426514
0.13232409954071045
0.0237504243850708
0.13571703433990479
0.22393310070037842
0.3901863098144531
-0.16455674171447754
0.10857367515563965
-0.06955504417419434
-0.2951846122741699
-0.11196660995483398
-0.037322163581848145
-0.4003652334213257
-0.38679349422454834
0.6599240303039551
-0.07803726196289062
-0.30536317825317383
0.15607452392578125
0.030536174774169922
-0.003392934799194336
0.24768364429473877
0.054286956787109375
-0.15607452392578125
0.9958236217498779
0.25955867767333984
0.3087562322616577
-0.14928877353668213
0.6684064865112305
0.13232386112213135
-0.36982905864715576
0.6616207361221313
-0.32911384105682373
0.04750096797943115
0.393579363822937
0.0848231315612793
0.5700116157531738
0.2833092212677002
-0.5462610721588135
0.2171471118927002
-0.06785833835601807
-0.023750782012939453
0.6684063673019409
-0.25107645988464355
-0.6853711605072021
-0.5191175937652588
0.8448383808135986
0.16625332832336426
0.5734041929244995
-0.3325066566467285
0.5123318433761597
0.5089387893676758
0.32232797145843506
0.09839487075805664
-0.2086648941040039
-0.016964435577392578
0.2917916774749756
-0.11705589294433594
-0.08143019676208496
0.12553811073303223
0.12214541435241699
0.03392922878265381
0.30875635147094727
0.5428680181503296
0.04071521759033203
-0.24429070949554443
0.2307189702987671
-0.46483075618743896
-0.29518449306488037
0.24089765548706055
0.8482315540313721
0.18661117553710938
-0.5530468225479126
0.2629518508911133
-0.39357924461364746
-0.6310840845108032
-0.4376875162124634
0.3460785150527954
0.7701940536499023
0.2358083724975586
-0.12044882774353027
-0.18152165412902832
0.19339680671691895
-0.7379612922668457
0.2748270034790039
-0.2883988618850708
-0.3596501350402832
0.32232797145843506
0.36304306983947754
-0.09839487075805664
0.15946722030639648
0.027143478393554688
-0.02375054359436035
0.08651959896087646
0.413936972618103
0.21884357929229736
0.5326894521713257
-0.0475008487701416
-0.0237504243850708
0.32572102546691895
-0.7277826070785522
0.21036136150360107
0.347774863243103
-0.19678950309753418
-0.5903689861297607
0.559832751750946
0.3392925262451172
-0.22054016590118408
0.10178768634796143
0.07125139236450195
0.4410802125930786
0.07803726196289062
0.07803738117218018
-0.27143394947052
0.30875635147094727
0.21375465393066406
0.39357948303222656
-0.020357608795166016
0.06785857677459717
0.9720730781555176
-0.5666185617446899
0.17643213272094727
-0.2680410146713257
0.08143019676208496
0.29009485244750977
0.34098899364471436
-0.0848231315612793
0.566618800163269
-0.22393298149108887
0.044108033180236816
1.3995819091796875
0.022053956985473633
0.2917914390563965
0.28500568866729736
0.5886727571487427
-0.35965025424957275
0.28839874267578125
-0.36304306983947754
-0.3766148090362549
-0.14928865432739258
0.037322163581848145
-0.2069685459136963
0.20357561111450195
-0.2680410146713257
-0.2917916774749756
0.5513505935668945
0.15607452392578125
0.1933966875076294
-0.13571703433990479
0.26464831829071045
0.19678974151611328
0.43429458141326904
0.04750072956085205
-0.3053632378578186
0.785462498664856
-0.4733130931854248
0.07464432716369629
0.08482325077056885
-0.0950019359588623
-0.05089390277862549
0.9042147397994995
-0.5734045505523682
0.4122406244277954
-0.030536413192749023
0.5564397573471069
-0.3698289394378662
-0.09839487075805664
-0.7701942920684814
-0.5394750833511353
0.2578624486923218
0.20696866512298584
0.23411178588867188
0.7430506944656372
-0.15946757793426514
0.2816128730773926
-0.1323239803314209
-0.41224050521850586
-0.04919743537902832
-0.8584103584289551
-0.641262948513031
0.8584102392196655
-0.4258122444152832
0.12553846836090088
0.34607839584350586
-0.3800075054168701
-0.31554198265075684
0.5666185617446899
-0.22732603549957275
0.6005478501319885
-0.18321800231933594
0.01696467399597168
-0.1509852409362793
-0.21545076370239258
-0.3189350366592407
0.2646481990814209
0.2408977746963501
-0.027143239974975586
-0.6633169651031494
-0.17303919792175293
-0.0237504243850708
0.0848231315612793
0.2816128730773926
-0.4987599849700928
0.08143019676208496
0.027143478393554688
-0.17473554611206055
0.030536293983459473
0.5360822677612305
0.12553822994232178
-0.07125139236450195
0.413936972618103
-0.11535954475402832
0.028839826583862305
-0.0950019359588623
-0.061072707176208496
-0.044107913970947266
0.43429458141326904
-0.22054016590118408
-1.163773536682129
0.09330546855926514
0.22054004669189453
0.6022441387176514
0.7430506944656372
-0.09500181674957275
-0.5309927463531494
-0.003392934799194336
0.05089390277862549
-0.01696467399597168
0.2595587968826294
0.19678962230682373
-0.8550173044204712
-0.3698289394378662
-0.03392934799194336
-0.03392934799194336
-0.31214916706085205
1.3927960395812988
-0.5225105285644531
0.26295173168182373
-0.4614379405975342
0.04071509838104248
0.3189350366592407
-0.03392922878265381
0.5462609529495239
0.23411178588867188
-0.393579363822937
-0.2222367525100708
0.010178685188293457
0.0237504243850708
0.6226018667221069
-0.32232797145843506
-0.26804089546203613
0.14250290393829346
0.3053632974624634
0.3291137218475342
0.5259034633636475
-0.9737697839736938
-0.5666186809539795
0.3325066566467285
0.07125139236450195
0.9720731973648071
-0.0712515115737915
-0.4987601041793823
-0.3291137218475342
0.7006394863128662
-0.6785851716995239
0.36304306983947754
0.8567138910293579
0.35625720024108887
0.15607452392578125
-0.16625332832336426
0.2510765790939331
0.45125913619995117
0.06785845756530762
0.2171471118927002
0.576797366142273
-0.44786620140075684
-0.48688483238220215
0.3867933750152588
0.6395664215087891
0.0848231315612793
-0.1900038719177246
0.01696467399597168
0.25107645988464355
0.12553834915161133
-0.13402056694030762
0.5700113773345947
0.6684063673019409
-0.0950019359588623
0.3257209062576294
0.22562968730926514
-0.27821993827819824
-0.04750096797943115
-0.2629518508911133
0.45804500579833984
-0.16286039352416992
-0.42920517921447754
0.373221755027771
0.38000786304473877
0.22393310070037842
-0.5564397573471069
0.5394752025604248
-0.19339680671691895
0.2171473503112793
-0.2714341878890991
-0.23750483989715576
0.28839874267578125
-0.12214529514312744
0.020357608795166016
0.2663447856903076
0.6819778680801392
0.6717993021011353
0.04750096797943115
0.4546523094177246
-0.044108033180236816
-0.7600154876708984
0.054286837577819824
0.14928877353668213
0.6819779872894287
-0.12214529514312744
0.6650134325027466
-0.0848231315612793
0.003392934799194336
-0.8143023252487183
-0.22732603549957275
0.07803738117218018
0.47840267419815063
-0.3698289394378662
0.31214916706085205
0.46483075618743896
0.010178804397583008
0.04071509838104248
0.3918830156326294
-0.3952758312225342
-0.5140283107757568
0.2171473503112793
0.28839874267578125
-0.0848228931427002
0.373221755027771
0.4919743537902832
-0.41054391860961914
-0.05937623977661133
0.41054391860961914
-0.13571691513061523
-0.11196649074554443
0.3358997106552124
0.597154974937439
0.8533209562301636
0.14250290393829346
0.02375054359436035
0.13910996913909912
0.5598325729370117
-0.17303931713104248
0.644655704498291
0.2985774278640747
-0.3138456344604492
0.5954583883285522
0.045804500579833984
0.14928865432739258
0.5292963981628418
0.48858141899108887
0.26125526428222656
0.006785869598388672
-0.9143933057785034
0.0848231315612793
-0.1798250675201416
0.003392934799194336
0.36304306983947754
0.25107645988464355
-0.027143478393554688
0.2748270034790039
-0.01696455478668213
-0.8685891032218933
0.0712515115737915
0.08143031597137451
-0.10687708854675293
0.06446552276611328
0.22902250289916992
-0.21205782890319824
0.22054004669189453
0.12553811073303223
0.29179155826568604
0.8397489786148071
-0.22054004669189453
0.7651047706604004
-0.03562569618225098
0.3053632974624634
0.10518074035644531
0.5089390277862549
0.12214541435241699
0.26804113388061523
-0.010178804397583008
-0.43090152740478516
0.08312678337097168
0.6684062480926514
0.16625332832336426
0.2680410146713257
0.3935796022415161
0.22393310070037842
-0.07464432716369629
0.07464432716369629
0.3392925262451172
0.7311755418777466
0.04071497917175293
0.1900038719177246
-0.12214529514312744
-0.5225106477737427
0.48688483238220215
0.29857754707336426
0.061072587966918945
0.20696842670440674
0.054286956787109375
0.030536293983459473
0.3121490478515625
0.3766148090362549
0.02544713020324707
0.2646481990814209
0.6395665407180786
0.38340067863464355
-0.30197036266326904
0.19678962230682373
0.06446552276611328
-0.11875247955322266
-0.413936972618103
0.13062787055969238
0.061072707176208496
0.853320837020874
0.1798250675201416
0.013571619987487793
0.020357608795166016
0.3325066566467285
0.36304306983947754
0.0712515115737915
0.6209055185317993
0.037322163581848145
0.24598705768585205
0.2375047206878662
-0.5191174745559692
0.07294797897338867
0.47840261459350586
0.07634091377258301
-0.6209053993225098
-0.12384176254272461
0.6107265949249268
0.17643201351165771
-0.10857367515563965
0.5174213647842407
-0.4275085926055908
0.6565310955047607
0.05767977237701416
0.342685341835022
-0.3698289394378662
-0.061072707176208496
0.23411190509796143
-0.04919743537902832
0.44108033180236816
-0.14928877353668213
-0.5275998115539551
0.4071512222290039
-0.26804113388061523
-1.129844307899475
0.03392922878265381
0.12553834915161133
0.4139368534088135
-0.04241156578063965
-0.6276912689208984
0.12553822994232178
0.4885812997817993
0.05767977237701416
0.11535942554473877
0.5021530389785767
0.4750094413757324
0.6819779872894287
0.10178768634796143
0.30536341667175293
-0.4444732666015625
-0.037322163581848145
0.4987601041793823
0.3426854610443115
0.6039408445358276
0.45125913619995117
-0.15268146991729736
0.25446951389312744
-0.22393310070037842
0.08821618556976318
0.43938374519348145
-0.04750096797943115
0.6785849928855896
0.5632256269454956
-0.33929264545440674
0.2850058078765869
-0.22054016590118408
0.22054016590118408
-0.8041232824325562
0.29179155826568604
0.3155421018600464
0.13232409954071045
0.4885812997817993
0.26464831829071045
-0.3325066566467285
0.515724778175354
-0.31554222106933594
-0.3121490478515625
0.3698287010192871
0.09500181674957275
0.2816128730773926
-0.16794991493225098
0.15946757793426514
0.18661093711853027
0.393579363822937
0.12214541435241699
-0.14928877353668213
0.09669828414916992
0.11875247955322266
-0.12553834915161133
-0.03392934799194336
-0.45125913619995117
0.14250290393829346
-0.10518062114715576
-0.44786620140075684
0.3358997106552124
0.5598328113555908
-0.10518062114715576
0.2646481990814209
0.17643213272094727
-0.2307189702987671
-0.1933966875076294
0.5496538877487183
-0.2748267650604248
-0.31554198265075684
-0.6684062480926514
-0.0950019359588623
-0.1425027847290039
0.15946745872497559
-0.1798250675201416
0.4275088310241699
-0.07803738117218018
0.5954583883285522
0.46483099460601807
-0.13571715354919434
0.5818865299224854
0.46822357177734375
0.2646481990814209
0.10518074035644531
0.24937987327575684
-0.6209053993225098
-0.15268158912658691
-0.03392922878265381
-0.38340067863464355
0.26125526428222656
0.5055458545684814
-0.07464444637298584
-0.08143019676208496
-0.0950019359588623
0.044107913970947266
-0.05089390277862549
0.1900038719177246
-0.05428671836853027
0.32572102546691895
-0.5462609529495239
-0.02375054359436035
-0.05089390277862549
-0.17982494831085205
-0.1696462631225586
0.46483099460601807
-0.08821618556976318
0.5292963981628418
0.06446564197540283
0.06785845756530762
0.20696842670440674
0.17303919792175293
0.8584102392196655
0.14928877353668213
0.24768352508544922
-0.2816128730773926
-0.29518449306488037
0.24089765548706055
0.8244808912277222
-1.089129090309143
-0.27143394947052
0.5513505935668945
-0.07125139236450195
0.7294789552688599
-0.3664358854293823
-0.8651959896087646
0.1798250675201416
0.13232409954071045
0.30197036266326904
-0.563225507736206
0.4563484191894531
0.36982905864715576
0.6785852909088135
0.281612753868103
0.03901863098144531
0.6361737251281738
-0.827873945236206
0.6921570301055908
0.19339680671691895
0.38340044021606445
-0.3596501350402832
0.3358997106552124
0.23411166667938232
-0.05089390277862549
0.43090152740478516
0.20696842670440674
0.003392815589904785
0.24089789390563965
0.13402056694030762
0.1085735559463501
0.13571691513061523
-0.08821606636047363
-0.3698289394378662
0.5326893329620361
0.0
0.7091214656829834
0.09839487075805664
-0.0475008487701416
-0.006785869598388672
0.38340067863464355
0.2035754919052124
0.12214529514312744
-0.16286039352416992
0.14589571952819824
-0.003392815589904785
-0.04750096797943115
0.43429458141326904
0.4885812997817993
0.21036148071289062
0.33929240703582764
0.24768352508544922
0.6616202592849731
-0.03392910957336426
-0.2307192087173462
0.393579363822937
0.475009560585022
-0.11535930633544922
0.6819781064987183
0.07803738117218018
0.5852797031402588
-0.2171473503112793
-0.776979923248291
0.3257209062576294
0.10178780555725098
0.20357561111450195
0.4275085926055908
-0.46822381019592285
0.41732990741729736
-0.34607839584350586
0.3800077438354492
0.7193001508712769
-0.7379612922668457
-0.09839487075805664
0.614119291305542
-0.27821993827819824
0.4088475704193115
0.23071908950805664
-0.2137540578842163
0.32572078704833984
0.10178768634796143
0.18321800231933594
-0.027143478393554688
-0.30875611305236816
1.1010043621063232
-0.29857754707336426
0.5496540069580078
0.2578624486923218
0.037322282791137695
-0.27143394947052
0.3087562322616577
-0.37322187423706055
0.32911384105682373
-0.1984860897064209
0.5292965173721313
0.6175124645233154
0.26804113388061523
0.15946757793426514
-0.29009509086608887
0.14928877353668213
-0.3325066566467285
0.43599092960357666
-0.06446564197540283
0.039018869400024414
-0.9143931865692139
-0.5242071151733398
0.45125913619995117
0.3392925262451172
0.33929264545440674
-0.28500568866729736
-0.6395666599273682
-0.10518062114715576
0.4614379405975342
-0.10178768634796143
0.695549726486206
-0.32911384105682373
-0.12893152236938477
-0.44108033180236816
0.5259033441543579
-0.3189350366592407
0.7532294988632202
0.15946745872497559
-0.3019704818725586
0.3562573194503784
1.011091709136963
-0.10857367515563965
-0.24768352508544922
0.14928865432739258
0.0
0.38679349422454834
0.2646481990814209
0.3698289394378662
0.6192090511322021
0.15268158912658691
0.030536293983459473
-0.09160900115966797
-0.17643213272094727
0.16625332832336426
-0.16286051273345947
-0.02375054359436035
0.2646481990814209
-0.49027788639068604
0.17982518672943115
0.14928877353668213
0.020357608795166016
0.43090152740478516
-1.4233322143554688
0.16286039352416992
0.29857754707336426
0.06785857677459717
-0.5666186809539795
-0.6802815198898315
0.5021529197692871
-0.1187523603439331
0.061072587966918945
0.11535930633544922
0.6090303659439087
-0.4207228422164917
0.5292963981628418
-0.11535942554473877
0.5259034633636475
0.23411202430725098
0.27143406867980957
0.16286039352416992
0.044107913970947266
0.13232421875
0.5683152675628662
0.26804113388061523
-0.14250290393829346
-0.19509339332580566
0.31554198265075684
0.40206170082092285
0.2578622102737427
0.607333779335022
0.80751633644104
0.46822381019592285
-0.4919741153717041
0.5394752025604248
-0.12214541435241699
-0.4885812997817993
0.5462609529495239
0.09160900115966797
0.21036136150360107
-0.02714359760284424
-0.31214916706085205
-0.11535954475402832
0.02375054359436035
-0.950019121170044
0.010178685188293457
0.16794991493225098
-0.14250290393829346
-0.030536293983459473
0.5903689861297607
0.3986687660217285
0.32232797145843506
0.3596501350402832
-0.1458958387374878
-0.44786620140075684
-0.0033930540084838867
0.9211792945861816
0.4309016466140747
-0.037322282791137695
0.8176950216293335
0.2171473503112793
0.9839484691619873
0.2137542963027954
-0.33929264545440674
0.3325066566467285
-0.1289311647415161
0.18491482734680176
-0.4173300266265869
-0.054286837577819824
0.36304306983947754
-0.27821993827819824
0.37322187423706055
0.18661093711853027
-1.1383265256881714
-0.17303919792175293
0.261255145072937
0.28839874267578125
-0.06446564197540283
0.6819782257080078
0.0950019359588623
0.06785845756530762
0.3901864290237427
0.12553834915161133
-0.1408064365386963
-0.3392925262451172
-0.19678974151611328
0.2578623294830322
-0.10178780555725098
0.24598705768585205
-0.23750483989715576
0.6141197681427002
0.7091217041015625
-0.6734957695007324
0.49536705017089844
0.6717993021011353
-0.013571500778198242
0.003392934799194336
0.7956414222717285
0.5734045505523682
0.07464432716369629
0.29518425464630127
-0.044108033180236816
0.09839498996734619
0.22054016590118408
0.36304306983947754
0.3257209062576294
-0.17643201351165771
0.19339680671691895
0.04071497917175293
-0.006785869598388672
-0.05767977237701416
0.13232409954071045
0.11875247955322266
0.4207228422164917
-0.36304306983947754
0.04071521759033203
-0.3358997106552124
0.35625720024108887
-0.11535954475402832
0.11535954475402832
0.4953674077987671
-0.5801903009414673
-0.8855534791946411
-0.12384200096130371
0.4342944622039795
-0.2035754919052124
-0.43768739700317383
0.06785857677459717
-0.15946745872497559
0.6395663022994995
-0.48858141899108887
0.576797366142273
-0.3562573194503784
0.25446951389312744
-0.10518062114715576
0.4919741153717041
0.061072587966918945
0.6175124645233154
-0.2408977746963501
0.35625720024108887
0.6107267141342163
-0.31214916706085205
0.40375828742980957
0.20018291473388672
-0.4919743537902832
-0.1798250675201416
0.4648308753967285
0.5598328113555908
0.6446558237075806
-0.5649220943450928
-0.061072707176208496
0.6107265949249268
-0.22393310070037842
0.18321800231933594
0.3087562322616577
0.36982882022857666
0.003392934799194336
-0.07803726196289062
-0.1425027847290039
0.006785869598388672
0.5343856811523438
-0.41902613639831543
-0.16286051273345947
0.6412630081176758
0.006785869598388672
-0.04071521759033203
-0.9313580989837646
0.22054016590118408
-0.10857367515563965
0.1323239803314209
-0.2663445472717285
0.3867933750152588
0.383400559425354
0.2850058078765869
-0.4682239294052124
0.020357489585876465
-0.3664358854293823
-0.4275085926055908
0.25107645988464355
0.31723856925964355
0.044108033180236816
0.5462610721588135
0.0848233699798584
1.0993080139160156
-0.01696455478668213
-0.2816131114959717
0.19339656829833984
0.13910984992980957
0.413936972618103
0.2459871768951416
-0.3884899616241455
0.3087562322616577
-0.30875611305236816
0.6005479097366333
0.515724778175354
0.5666184425354004
0.307059645652771
0.0
0.5801903009414673
0.1832178831100464
0.2748270034790039
-0.1425027847290039
0.1832181215286255
0.20696842670440674
0.05089390277862549
0.05089390277862549
0.29857754707336426
0.96698397397995
0.33250677585601807
0.04750096797943115
0.2375049591064453
-0.4987601041793823
-0.16286039352416992
0.04071521759033203
0.20018255710601807
0.2731306552886963
-0.363042950630188
0.2086646556854248
0.4800989627838135
0.21036136150360107
-0.8210880756378174
-0.38509702682495117
0.22054016590118408
0.15946757793426514
0.38000762462615967
0.5089390277862549
0.5021529197692871
0.26125526428222656
-0.01696467399597168
0.0848231315612793
0.011875391006469727
0.35795366764068604
0.26804113388061523
0.5835833549499512
0.42072272300720215
0.36982882022857666
0.20018267631530762
0.4614379405975342
-0.08821606636047363
-0.08312678337097168
0.06446564197540283
0.3392925262451172
-0.6616204977035522
0.2459871768951416
-0.2578624486923218
0.6259948015213013
0.13232433795928955
0.413936972618103
0.22732603549957275
-0.3189350366592407
0.044108033180236816
-0.1323239803314209
0.013571739196777344
-0.24768340587615967
0.11535942554473877
0.33589982986450195
0.5852798223495483
0.6819781064987183
0.25446951389312744
0.11875247955322266
0.5038495063781738
-0.9296616315841675
-0.2307189702987671
-0.23920118808746338
-0.7735870480537415
0.5394750833511353
-0.2273259162902832
-0.6650134325027466
0.12214529514312744
0.1611640453338623
0.2307189702987671
0.1425027847290039
0.03392922878265381
0.7905516624450684
-0.2816128730773926
0.5700114965438843
-0.25446927547454834
-0.18661081790924072
-0.3596501350402832
-0.34438204765319824
0.3800077438354492
-0.3952758312225342
-0.19339680671691895
0.20018243789672852
-0.0950019359588623
0.3257209062576294
0.5547434091567993
0.31893491744995117
0.12384200096130371
0.39697229862213135
0.13232409954071045
0.1425027847290039
0.05089390277862549
0.3477747440338135
-0.8499276638031006
-0.3596501350402832
0.22562956809997559
0.29009509086608887
-0.8974288702011108
0.20696842670440674
0.23411190509796143
0.1798250675201416
-0.695549726486206
-0.2883986234664917
-0.12044882774353027
0.5971549153327942
-0.07125163078308105
0.07464432716369629
-0.0033926963806152344
-0.04750096797943115
0.44786620140075684
0.27482688426971436
0.700639009475708
0.11875247955322266
0.037322163581848145
0.12214529514312744
0.36304301023483276
0.37322187423706055
0.4156332015991211
0.35795366764068604
-0.413936972618103
-0.7243895530700684
-0.1696462631225586
0.627691388130188
0.17982518672943115
-0.28839874267578125
0.3969724178314209
-0.644655704498291
0.24768364429473877
-0.36982905864715576
0.32741737365722656
-0.12214529514312744
0.586976170539856
0.6310840845108032
0.6175124645233154
-0.3392925262451172
-0.03223299980163574
0.2612553834915161
0.09160900115966797
1.287615418434143
0.4682236909866333
0.22054004669189453
0.9330545663833618
-0.2578623294830322
-0.352864146232605
0.530992865562439
0.49536728858947754
-0.6751922369003296
-0.5445644855499268
0.044107913970947266
-0.10518062114715576
-0.12214541435241699
-0.05089390277862549
-0.39357948303222656
0.5360822677612305
-0.01696467399597168
-0.06446564197540283
0.19678962230682373
0.07803726196289062
0.2850058078765869
0.586976170539856
0.4173297882080078
0.37491822242736816
0.12214541435241699
0.16286039352416992
-0.49197423458099365
0.5937619209289551
0.15946757793426514
0.12553822994232178
0.5462610721588135
-0.09839463233947754
-0.4444732666015625
0.09839463233947754
0.3494713306427002
0.0
0.42411577701568604
0.4275085926055908
-0.0712515115737915
-0.4682237505912781
0.9890377521514893
-0.29857730865478516
-0.6039409637451172
0.5869760513305664
0.22054016590118408
-0.3223278522491455
0.09330558776855469
-0.6056371927261353
0.18321776390075684
-0.11535942554473877
0.18321800231933594
0.3189350366592407
-0.020357608795166016
0.5394750833511353
0.4987599849700928
0.20357561111450195
0.34607839584350586
-0.4139370918273926
0.281612753868103
0.2951843738555908
-0.21036148071289062
-0.14928877353668213
0.06446552276611328
0.5259034633636475
-0.661620557308197
0.11196649074554443
0.2680410146713257
0.006785988807678223
-0.45804500579833984
-0.10518074035644531
0.35286426544189453
0.40545475482940674
-0.8261775970458984
-0.48688483238220215
0.020357608795166016
-0.274827241897583
-0.2934880256652832
-0.2561659812927246
0.36304306983947754
0.1289311647415161
0.21714746952056885
-0.030536413192749023
-0.10857367515563965
-0.11875259876251221
-0.26125526428222656
0.22393310070037842
-0.29179155826568604
0.3664360046386719
-0.47500962018966675
0.0950019359588623
0.3952758312225342
-0.25107645988464355
-0.2510765790939331
-0.5394752025604248
-0.2951843738555908
-0.41054391860961914
0.4614379405975342
-0.13571691513061523
-0.18661093711853027
-0.7091214656829834
0.1323239803314209
-0.5462610721588135
-0.6209053993225098
0.8685888648033142
0.5259034633636475
-0.2646481990814209
-0.549653947353363
-0.0950019359588623
0.3783111572265625
-0.40375828742980957
-0.010178804397583008
0.4173298478126526
0.18321800231933594
0.037322163581848145
0.0475008487701416
0.07803726196289062
-0.7159073352813721
0.29857730865478516
-0.12214529514312744
-0.07464432716369629
0.13571691513061523
-0.11875224113464355
-0.2375047206878662
0.36982882022857666
0.4105440378189087
-0.24089789390563965
0.648048996925354
0.3325066566467285
0.10857367515563965
-0.26464831829071045
0.01696467399597168
-0.21375441551208496
0.20018255710601807
0.40206170082092285
-0.04580426216125488
0.0950019359588623
-0.30197036266326904
0.5666185617446899
-0.22054016590118408
0.25107645988464355
-0.5734045505523682
0.5089387893676758
0.061072468757629395
0.5734044313430786
-0.11535954475402832
0.03392922878265381
0.003392934799194336
0.3155421018600464
0.34607839584350586
0.15268182754516602
0.3189351558685303
-0.2527730464935303
-1.063682198524475
-0.12214517593383789
0.003392934799194336
0.44108033180236816
0.6751922369003296
-0.2646481990814209
-0.23071885108947754
-0.0712515115737915
0.48518848419189453
0.30197036266326904
-0.2069685459136963
0.43768739700317383
-0.4342944622039795
-0.24768364429473877
0.2561657428741455
0.6209053993225098
-0.4512590765953064
-0.013571977615356445
0.41732990741729736
0.21375441551208496
-0.15946745872497559
-0.0237504243850708
0.26295173168182373
0.07125139236450195
-0.300274133682251
0.40036511421203613
0.04750096797943115
0.39188289642333984
-0.2917916774749756
0.7159074544906616
0.20357561111450195
-0.1085735559463501
-0.2544693946838379
0.07464432716369629
-0.3986687660217285
-0.22393310070037842
0.6480488777160645
0.23750460147857666
0.05089378356933594
-0.36982882022857666
0.7990339994430542
-0.15268158912658691
-0.13571703433990479
-0.24089765548706055
0.7532296180725098
0.05767977237701416
0.6446559429168701
0.27821993827819824
-0.29688096046447754
0.776979923248291
-0.8143020868301392
-0.23411190509796143
0.36473941802978516
0.27482688426971436
-0.1696462631225586
-0.037322163581848145
0.11875247955322266
0.12214529514312744
0.4359908103942871
-0.2883986234664917
-0.10009121894836426
0.13910984992980957
0.47840261459350586
0.5292964577674866
-0.5038495063781738
-0.15268182754516602
0.31214916706085205
-0.27143406867980957
0.3019704818725586
-0.08821606636047363
-0.18152165412902832
-0.4241156578063965
-0.22732603549957275
-0.29688072204589844
-0.14589571952819824
-0.393579363822937
-0.03392910957336426
0.38340067863464355
0.18661081790924072
0.18491458892822266
-0.7668013572692871
0.1832178831100464
0.2375047206878662
0.5089387893676758
-0.8787676095962524
0.26634466648101807
0.5649222135543823
0.14928865432739258
-0.09160900115966797
-0.9398403167724609
0.20018255710601807
0.061072587966918945
0.5106351375579834
-0.776979923248291
-0.044108033180236816
0.30875635147094727
0.13571679592132568
-0.4309016466140747
0.03392934799194336
-0.6141195297241211
0.36304306983947754
-0.08821606636047363
-0.1696462631225586
0.18321800231933594
-0.43090152740478516
0.3087562322616577
0.27482712268829346
0.6548347473144531
0.027143478393554688
-0.0950019359588623
-0.11535954475402832
0.04071509838104248
0.2646481990814209
0.6972460746765137
0.5343856811523438
0.8753747940063477
0.16794991493225098
0.3698289394378662
-0.01696455478668213
0.4088475704193115
-0.3325066566467285
-0.24429059028625488
-0.3901864290237427
-0.10178780555725098
-0.03392934799194336
-0.4546520709991455
0.5971550941467285
0.10518062114715576
-0.46992039680480957
-0.1798250675201416
0.393579363822937
-0.01696455478668213
0.20696842670440674
0.3562573194503784
-0.6446559429168701
-0.4444732666015625
0.07125139236450195
0.27143406867980957
0.30875611305236816
0.25277280807495117
0.17303919792175293
0.49197423458099365
0.11196649074554443
0.6158161163330078
0.061072587966918945
0.03392922878265381
-0.018661022186279297
0.40375816822052
-0.0950019359588623
0.4784025549888611
-0.4325982332229614
0.26125526428222656
0.1933966875076294
0.2375047206878662
-0.6107267141342163
0.14589571952819824
-0.18661093711853027
-0.36473941802978516
0.4987599849700928
0.1289311647415161
0.07464456558227539
-0.46992015838623047
0.05089390277862549
0.40715086460113525
0.4885812997817993
0.5021530389785767
-0.14250290393829346
0.4207226037979126
0.35625720024108887
0.3392925262451172
-0.08143031597137451
-0.23920130729675293
0.6599241495132446
-0.29857754707336426
0.14759230613708496
0.003392934799194336
0.42072272300720215
-0.3494713306427002
-0.020357608795166016
0.40545451641082764
-0.5835832357406616
-0.9177862405776978
0.34438204765319824
0.13571703433990479
0.5004565715789795
0.44108033180236816
0.09160900115966797
-0.05089390277862549
0.05089390277862549
-0.4580451250076294
0.4817953109741211
0.26125526428222656
-0.2375047206878662
0.5937619209289551
-0.16625332832336426
1.0348422527313232
-0.11875271797180176
-0.17303931713104248
0.3426854610443115
0.5801903009414673
0.0712515115737915
0.281612753868103
-0.22054016590118408
0.49027764797210693
-0.030536293983459473
-0.2917916774749756
-0.09160900115966797
0.342685341835022
-0.8346598148345947
0.15607452392578125
-0.413936972618103
0.09160900115966797
0.4580451250076294
0.07464432716369629
0.607333779335022
-0.08651947975158691
0.23071885108947754
0.25107645988464355
-0.6751922369003296
0.37661468982696533
0.5734044313430786
-0.5903691053390503
0.21884369850158691
0.7226932048797607
0.43768739700317383
-0.02375054359436035
-0.5801904201507568
-0.6582274436950684
-0.4716167449951172
-0.08143019676208496
-0.11196649074554443
-0.4902775287628174
-0.32232797145843506
-0.21036136150360107
-0.027143359184265137
0.5021530389785767
0.14250290393829346
0.5666186213493347
-0.38509702682495117
0.34947144985198975
-0.12893104553222656
0.2748270034790039
-1.021270513534546
0.5191175937652588
-0.12214529514312744
0.06446540355682373
0.505545973777771
0.13571715354919434
-0.21545064449310303
0.1662534475326538
-0.27143406867980957
0.03392910957336426
0.45465195178985596
-0.13232421875
-0.3206315040588379
0.33250677585601807
-0.2408977746963501
-0.4614379405975342
0.586976170539856
-0.6209056377410889
-0.4478663206100464
0.2544693946838379
0.3647395372390747
-0.30536317825317383
0.2375047206878662
0.14928889274597168
-0.12553822994232178
0.26464807987213135
-0.7803728580474854
-0.10518097877502441
-0.003392815589904785
0.1458958387374878
-0.19339680671691895
-0.6242983341217041
0.10518050193786621
-0.0475006103515625
-0.0848231315612793
-0.5106353759765625
0.6785850524902344
-0.04750096797943115
0.2951846122741699
0.9720731973648071
0.7566224336624146
-0.8651961088180542
0.7769800424575806
-0.45804500579833984
-1.1451125144958496
-0.32911384105682373
-0.46822381019592285
-0.3409888744354248
-0.2748270034790039
0.11875247955322266
0.3494713306427002
-0.07125139236450195
-0.24089765548706055
0.4478660821914673
-0.1357172727584839
0.02375054359436035
0.46822381019592285
0.25107645988464355
0.383400559425354
0.3528643846511841
0.04071521759033203
0.2171473503112793
0.07464432716369629
-0.22393310070037842
0.06446564197540283
0.3715254068374634
0.02375054359436035
0.10857367515563965
0.33929264545440674
-0.5428682565689087
0.12214529514312744
0.6395664215087891
-0.27482688426971436
0.19339656829833984
0.11196660995483398
0.20018255710601807
-0.2544693946838379
-0.2035754919052124
0.2833092212677002
0.06955504417419434
0.413936972618103
0.5123318433761597
0.09839475154876709
0.6039408445358276
-0.6175124645233154
0.12214541435241699
-0.11875247955322266
-0.736264705657959
-0.5259035229682922
0.42241930961608887
0.28839874267578125
0.1560746431350708
-0.18491435050964355
0.1798250675201416
0.29009509086608887
0.05428671836853027
-0.22393298149108887
0.34098899364471436
0.06107282638549805
0.013571739196777344
0.2578624486923218
0.5157250165939331
-0.3664360046386719
0.5225107669830322
0.26125526428222656
0.1798250675201416
-0.030536293983459473
-0.4529554843902588
-0.1085737943649292
1.5352989435195923
0.22393310070037842
0.1289311647415161
0.1883072853088379
-0.26125526428222656
-0.5191177129745483
0.17303919792175293
0.31893491744995117
-0.0950019359588623
0.3104526996612549
0.3223280906677246
-0.19339680671691895
-0.04241156578063965
0.027143359184265137
0.48518848419189453
0.39357948303222656
-0.3901865482330322
-0.2833094596862793
-0.644655704498291
-0.3901866674423218
0.21036148071289062
0.41054391860961914
0.2985774278640747
-0.11196649074554443
0.20357555150985718
0.1187523603439331
-0.5666185617446899
0.12214529514312744
0.5089387893676758
0.18321800231933594
-0.14928865432739258
-0.04750096797943115
-0.9466263055801392
-0.40375828742980957
0.1323239803314209
0.985645055770874
0.18661093711853027
0.27821993827819824
-0.3053632974624634
-0.5394752025604248
0.16286027431488037
-0.5225105285644531
-0.18661081790924072
-0.48518848419189453
-0.18661093711853027
0.6344770193099976
0.21036148071289062
0.17982518672943115
0.6242983341217041
0.6599240303039551
0.044107913970947266
0.20357561111450195
0.13571703433990479
-0.7600154876708984
0.6853708028793335
0.9093042612075806
0.22054028511047363
0.006785869598388672
0.30197036266326904
0.5208139419555664
-0.11196649074554443
0.06446552276611328
0.14589571952819824
0.08821606636047363
0.3223278522491455
0.23750460147857666
0.17303907871246338
0.3121492862701416
-0.644655704498291
0.3223280906677246
0.459741473197937
-0.23411178588867188
0.027143478393554688
0.11196649074554443
-0.7803729772567749
-0.006785750389099121
0.3647395372390747
0.7345685958862305
0.22054016590118408
-0.14928865432739258
-0.142503023147583
-0.5428681373596191
0.2137542963027954
-0.11196649074554443
0.2748270034790039
-0.4342944622039795
-0.05089378356933594
-0.3155421018600464
0.3969724178314209
0.21375417709350586
-0.15268170833587646
0.20018267631530762
-0.3291137218475342
-0.20018267631530762
-0.6751922369003296
0.17303919792175293
0.685370922088623
-0.13910996913909912
0.4987601041793823
-0.10178780555725098
0.06785845756530762
-0.7142107486724854
-0.3596501350402832
-0.19339680671691895
0.4987603425979614
0.17812860012054443
-0.19170022010803223
0.6836744546890259
0.8482315540313721
0.6242984533309937
0.49536728858947754
-0.21036148071289062
0.22054016590118408
0.18661093711853027
0.3206315040588379
0.49367082118988037
-0.19339680671691895
0.030536413192749023
0.4207228422164917
-0.4376875162124634
0.13910996913909912
-0.3766148090362549
0.22562932968139648
0.07464432716369629
-0.08482325077056885
0.22054016590118408
0.16286039352416992
-0.393579363822937
0.15946757793426514
0.42750847339630127
-0.22732603549957275
-0.26464831829071045
0.12214529514312744
0.07464432716369629
0.5869762897491455
0.29857754707336426
0.26125526428222656
0.21375441551208496
0.0237504243850708
0.751533031463623
-0.2951843738555908
-0.4376875162124634
0.42581212520599365
0.13571703433990479
-0.449562668800354
-0.04071509838104248
-0.2544693946838379
-0.0424114465713501
0.685370922088623
-0.7735871076583862
-0.09839487075805664
0.23411202430725098
-0.08821606636047363
0.46483075618743896
-0.18661093711853027
-0.32232797145843506
0.037322163581848145
0.3121488094329834
0.5683152675628662
-0.14589571952819824
0.48688483238220215
-0.044107913970947266
0.6412628889083862
0.04071509838104248
0.3596501350402832
0.34607839584350586
-0.485188364982605
0.2069685459136963
0.19000399112701416
0.586976170539856
-0.02375054359436035
-0.19339680671691895
-0.35456085205078125
-0.5462610721588135
-0.17303919792175293
-0.3664360046386719
0.9330546855926514
0.11196649074554443
0.003392934799194336
-0.27821969985961914
0.6785850524902344
-0.2273261547088623
0.373221755027771
0.3426854610443115
0.8041232824325562
-0.42241930961608887
0.4716165065765381
0.08821606636047363
-0.5496540069580078
-0.19509339332580566
0.22393298149108887
0.756622314453125
0.546261191368103
0.42411553859710693
-0.18321800231933594
-0.1933966875076294
0.07125139236450195
0.2510765790939331
-0.24768376350402832
-0.5734043121337891
-0.04071509838104248
1.0823432207107544
-0.695549726486206
0.18321776390075684
0.11535942554473877
-0.5564397573471069
-0.1425027847290039
-0.10178780555725098
0.47840237617492676
0.18661093711853027
0.3358997106552124
0.013571619987487793
-0.2782200574874878
-0.29857754707336426
-0.3206315040588379
-0.5513505935668945
0.29857754707336426
-0.10857367515563965
0.3511676788330078
0.21375441551208496
-0.4071512222290039
0.061072587966918945
0.3749183416366577
0.8024270534515381
0.07125139236450195
0.7074251174926758
0.8244808912277222
0.10178780555725098
0.05089414119720459
-0.08143019676208496
0.1883072853088379
0.2137542963027954
0.13911008834838867
-0.010178804397583008
0.42920517921447754
-0.044107913970947266
0.7125144004821777
0.8143020868301392
0.14928865432739258
-0.11196672916412354
-0.061072587966918945
0.08821606636047363
0.1323239803314209
-0.7023355960845947
-0.1798250675201416
1.0501104593276978
0.6480488777160645
0.06785857677459717
0.07464444637298584
0.16286039352416992
-0.627691388130188
0.3121492862701416
-0.47840261459350586
0.2985774278640747
0.44277679920196533
-0.2544693946838379
0.020357608795166016
0.5700114965438843
-0.6361737251281738
0.6701028347015381
0.24089789390563965
-0.5852795839309692
-0.020357608795166016
-0.05089390277862549
0.22393310070037842
0.4173297882080078
-0.2748270034790039
0.30875635147094727
0.01696467399597168
0.1187523603439331
0.23411166667938232
0.010178804397583008
-0.20866525173187256
0.061072707176208496
-0.3426854610443115
0.10518085956573486
0.5530468225479126
-0.6378700733184814
0.055983543395996094
0.5326893329620361
-0.14250290393829346
-0.22393310070037842
-0.07294774055480957
-0.12893104553222656
0.3545607328414917
0.12214541435241699
0.3562570810317993
0.1933966875076294
0.25107645988464355
0.11196660995483398
-0.1374136209487915
-0.08482301235198975
0.22732603549957275
0.21205782890319824
0.7973376512527466
0.0475008487701416
-0.5801899433135986
0.12553822994232178
0.35965025424957275
1.0551999807357788
-0.03223276138305664
0.2816126346588135
-0.12893104553222656
0.48858118057250977
-0.9059113264083862
0.26464807987213135
0.6175125241279602
-0.5089389085769653
-0.04071509838104248
-0.061072587966918945
0.0237504243850708
-0.3036668300628662
-0.10518062114715576
1.3062764406204224
1.1010042428970337
-0.4139368534088135
0.3901864290237427
-0.6989426612854004
1.352081060409546
0.22902250289916992
0.2171473503112793
-0.003392815589904785
-0.4512590169906616
0.25446951389312744
0.10857367515563965
-0.006785869598388672
0.20018267631530762
-0.07294774055480957
0.05767977237701416
-0.05767977237701416
0.0950019359588623
0.06785857677459717
-0.07464432716369629
0.23071885108947754
-0.27991628646850586
0.23920118808746338
0.34607839584350586
-0.2917916774749756
-1.2010958194732666
-0.3104526996612549
0.06446564197540283
-0.40206170082092285
0.18321800231933594
-0.4461696147918701
-0.15268146991729736
0.5225106477737427
-0.2748270034790039
0.03392922878265381
-0.6242984533309937
0.4529554843902588
-0.12214529514312744
-0.1085735559463501
-0.393579363822937
0.0848233699798584
0.2816128730773926
0.48518848419189453
0.14589571952819824
0.731175422668457
-0.525903582572937
-0.33589982986450195
0.25107645988464355
0.6887638568878174
-0.2307189702987671
0.2171471118927002
0.09160900115966797
0.22054004669189453
-0.21375441551208496
-0.3901865482330322
-0.2731304168701172
0.18321800231933594
0.0950019359588623
0.17303919792175293
-0.006785869598388672
0.3053632974624634
-0.3240244388580322
-0.11535954475402832
0.1458958387374878
0.5309927463531494
-0.44108033180236816
0.1085735559463501
0.2985774278640747
0.28500568866729736
0.495367169380188
-0.13232409954071045
0.4325979948043823
0.13232421875
0.5428681373596191
0.607333779335022
0.04919743537902832
0.6344771385192871
0.06276905536651611
0.40715110301971436
1.0484141111373901
-0.5191175937652588
0.281612753868103
-0.27821993827819824
-0.3698289394378662
-0.1187523603439331
0.6446559429168701
-0.15946757793426514
0.5394750833511353
-0.7617117166519165
-0.12553811073303223
0.04241156578063965
0.13232409954071045
0.10178780555725098
-0.41054391860961914
-0.10178792476654053
-0.010178804397583008
0.06785845756530762
-0.06785833835601807
0.35286450386047363
0.9211794137954712
-0.3392925262451172
0.23241543769836426
-0.09839487075805664
-0.22393310070037842
0.8618030548095703
-0.27482712268829346
-0.43090176582336426
0.5259034633636475
-0.027143359184265137
-0.6141196489334106
0.29009509086608887
0.39697229862213135
0.6107265949249268
-0.31554198265075684
0.17643225193023682
-0.3562573194503784
-0.24938011169433594
-0.17643213272094727
-0.13232421875
0.7125145196914673
0.030536293983459473
0.2850055694580078
-0.08143019676208496
-0.20187902450561523
-0.4919741153717041
-0.12553822994232178
-0.12553811073303223
0.7006391286849976
0.2035754919052124
-0.3189350366592407
0.3342031240463257
-0.24768364429473877
-0.0848231315612793
-0.485188364982605
-0.7939447164535522
0.35286426544189453
0.32572078704833984
-0.5971550941467285
-0.2680412530899048
0.41732990741729736
0.06446552276611328
0.08143019676208496
0.25107645988464355
0.5632258653640747
0.08143019676208496
1.1196656227111816
0.31893491744995117
0.054286956787109375
0.37322187423706055
-0.49706363677978516
0.13910996913909912
0.20187914371490479
0.27821993827819824
-0.013571500778198242
-0.1696462631225586
-0.21205782890319824
0.12214529514312744
-0.09500181674957275
-0.3257209062576294
0.4784024953842163
0.027143478393554688
0.29179155826568604
0.12553787231445312
-0.061072707176208496
0.21714723110198975
-0.08482325077056885
-0.34438204765319824
0.2578623294830322
0.4376875162124634
0.7735872268676758
0.8448385000228882
0.7837657928466797
0.061072707176208496
0.17303931713104248
-0.2544693946838379
0.1933966875076294
0.2544693946838379
0.24429070949554443
0.027143359184265137
-0.1798250675201416
-0.4342944622039795
0.12553834915161133
-0.44447338581085205
0.1798250675201416
0.43938374519348145
0.8651959896087646
-0.15607452392578125
-0.28161299228668213
0.3155421018600464
0.43429458141326904
0.06276941299438477
-0.40375816822052
0.5004565715789795
-0.6209053993225098
0.33589959144592285
-0.3358997106552124
0.10518074035644531
-0.12893104553222656
-0.17473554611206055
0.1611638069152832
0.3986687660217285
0.09160888195037842
-0.1560746431350708
-0.3240244388580322
0.1933966875076294
0.8329633474349976
0.03392910957336426
-0.1594676971435547
-0.5326892137527466
0.08821618556976318
0.013571739196777344
0.005089282989501953
0.5326893329620361
-0.3121492862701416
0.09160900115966797
-0.42750871181488037
-0.6480486392974854
-0.3121490478515625
-0.037322282791137695
-0.1798250675201416
-0.4071512222290039
0.6175124645233154
0.07125139236450195
-0.0475010871887207
0.5445644855499268
-0.16286039352416992
0.13571691513061523
0.571708083152771
-0.17643213272094727
0.6463521718978882
0.27143406867980957
-0.01696467399597168
0.1696462631225586
-0.011875152587890625
-0.21036148071289062
0.13571715354919434
-0.40375816822052
-0.6005480289459229
0.17303931713104248
0.11196649074554443
0.11196649074554443
0.23411190509796143
-0.15946745872497559
0.485188364982605
0.12893104553222656
-0.18661093711853027
0.3155421018600464
0.6242984533309937
-0.2883986234664917
-0.393579363822937
0.15268170833587646
0.013571739196777344
-0.09839475154876709
0.10687708854675293
-0.020357608795166016
0.15268170833587646
0.41054415702819824
0.7091214656829834
0.13571703433990479
0.2748270034790039
0.3223278522491455
0.04071509838104248
0.24429047107696533
0.3664360046386719
-0.4546520709991455
-0.14250290393829346
0.9432334899902344
0.8109093904495239
-0.044107913970947266
-0.736264705657959
0.19678974151611328
-0.5360822677612305
0.18661093711853027
0.26804113388061523
0.33589959144592285
-0.20696866512298584
-0.3223278522491455
0.2612549066543579
0.49197423458099365
-0.5089389085769653
-0.2646481990814209
-0.013571739196777344
-0.31384551525115967
0.20018255710601807
0.30536341667175293
0.4003652334213257
0.9551085233688354
0.02714359760284424
-0.20357561111450195
-0.15607452392578125
0.413936972618103
0.53608238697052
-0.3002740144729614
-0.4173297882080078
0.586976170539856
0.41732990741729736
0.22732603549957275
0.16286063194274902
-0.19000399112701416
-0.5123317241668701
-0.08821606636047363
0.23411190509796143
0.41732990741729736
-0.3596501350402832
-0.09160912036895752
-0.19678950309753418
0.05089390277862549
-0.6344770789146423
-0.33929264545440674
-0.11535942554473877
-0.2612553834915161
0.037322163581848145
-0.22902262210845947
-0.10178780555725098
-0.4885812997817993
-0.17303919792175293
-0.45804500579833984
0.36304306983947754
-0.42072296142578125
0.2069685459136963
0.12893128395080566
-0.04750096797943115
-0.28839874267578125
-0.7023356556892395
0.515724778175354
0.006785750389099121
0.3664360046386719
0.5700116157531738
0.2714341878890991
0.6175124645233154
-0.13232409954071045
0.26125526428222656
-0.19339680671691895
0.5971546173095703
0.3766148090362549
0.4156334400177002
-0.3240244388580322
0.23071885108947754
-0.15946757793426514
0.04750096797943115
-0.08143019676208496
0.5886725187301636
0.37491822242736816
0.1798250675201416
-0.5869760513305664
-0.044108033180236816
0.23920106887817383
-0.2985774278640747
-0.4410804510116577
0.843142032623291
0.5360821485519409
0.3986690044403076
-0.17643213272094727
-0.5801904201507568
-0.3460785150527954
-0.18661105632781982
0.24768352508544922
-0.5428680777549744
0.03392922878265381
0.7159073352813721
0.4546520709991455
-0.4800989627838135
-1.2401143312454224
0.20018255710601807
0.06446552276611328
-0.30197036266326904
0.5259034633636475
-0.28500568866729736
0.3698289394378662
0.34947139024734497
0.4750096797943115
-0.2646484375