-0.2782200574874878
0.3358997106552124
-0.5462608337402344
-0.25107645988464355
-1.0009129047393799
-0.6819782257080078
0.09500181674957275
-2.0204873085021973
-1.000913143157959
0.03392922878265381
-0.5581362247467041
0.31214916706085205
-0.8830089569091797
-1.2613203525543213
-0.020357489585876465
-0.07294774055480957
-0.31554222106933594
0.3884899616241455
-0.9907342195510864
-0.586976170539856
-0.6276911497116089
-0.12553822994232178
-0.561529278755188
-0.3257206678390503
-0.6005477905273438
-0.44956278800964355
0.26804113388061523
-0.08143019676208496
-1.6387830972671509
-0.24089765548706055
-0.21036124229431152
-0.3257209062576294
-0.16625332832336426
-0.17982500791549683
-0.8380526304244995
-1.9034315347671509
0.4071512222290039
-0.6582275629043579
-0.9160899519920349
-0.6344770193099976
0.0712515115737915
-0.3494713306427002
-0.7396578192710876
-0.7006392478942871
-1.655747890472412
-0.7159072160720825
-0.18321800231933594
-0.42072272300720215
1.5302096605300903
0.10518062114715576
-0.16286039352416992
0.10518074035644531
0.7600153684616089
-0.1900038719177246
-0.0237504243850708
-0.5666185617446899
0.20696842670440674
0.14928865432739258
0.2748270034790039
-0.413936972618103
-0.6141195297241211
0.16625332832336426
0.030536174774169922
0.1085735559463501
0.12214541435241699
-0.67519211769104
-1.2689545154571533
0.3358996510505676
-0.22393321990966797
-0.6734957695007324
-0.21884381771087646
-0.2782198190689087
-0.3969724178314209
-0.04410815238952637
-1.3826172351837158
0.4885812997817993
-1.2842223644256592
-0.1085735559463501
0.6039408445358276
-0.11535942554473877
-0.06955492496490479
-0.6989426612854004
-0.644655704498291
-0.9143935441970825
-0.11196649074554443
-0.6175124645233154
1.0874325037002563
1.0161809921264648
-0.6073336601257324
-0.013571500778198242
-0.3901864290237427
-0.5394753217697144
0.5598325729370117
0.01696455478668213
-0.06785845756530762
-0.6175124645233154
-0.5479575395584106
-0.006785869598388672
-0.16286051273345947
-0.11535942554473877
-1.7829824686050415
0.21375441551208496
-0.21375441551208496
-1.7863755226135254
0.17982500791549683
-0.10178780555725098
0.7922482490539551
-0.576797366142273
-0.9686801433563232
-1.2994905710220337
0.9669839143753052
0.1696462631225586
-0.013571739196777344
0.296880841255188
-0.7040321826934814
-1.1060938835144043
-0.2375049591064453
-0.5496540069580078
-0.09330558776855469
-1.3452951908111572
-0.6412630081176758
-0.6751922369003296
-1.10270094871521
-0.0848231315612793
-0.5021530389785767
0.3019704222679138
-0.46822381019592285
-1.0127882957458496
-0.5089390277862549
-1.1230580806732178
-0.044108033180236816
-0.4784024953842163
0.06785857677459717
-1.1926133632659912
0.003392934799194336
-0.9992166757583618
-2.3037967681884766
-0.18321800231933594
0.48179543018341064
-0.24768364429473877
-0.17812871932983398
-0.6209053993225098
-0.7600153684616089
0.2375047206878662
-0.6310843229293823
-0.12893104553222656
-1.0721646547317505
-1.0636823177337646
-0.07464432716369629
-0.7108179330825806
-1.3656526803970337
0.20018267631530762
-0.6633169651031494
-0.31214916706085205
-0.3189350366592407
-0.5734045505523682
0.07464444637298584
-0.8940359950065613
0.48179543018341064
-0.42920517921447754
0.054286837577819824
-0.40375816822052
0.05428671836853027
-1.0280566215515137
-0.040715157985687256
-0.39357930421829224
-0.1900038719177246
-0.4241158962249756
-0.15268170833587646
-0.12214529514312744
-0.2035754919052124
0.35625720024108887
-0.7125144004821777
-0.31554222106933594
-0.13232421875
-1.3970370292663574
-0.4919743537902832
-1.2146673202514648
-0.9483227729797363
-0.8957324028015137
-0.34607839584350586
-0.5021529197692871
-0.5666185617446899
-0.787158727645874
-0.4342944622039795
0.30197060108184814
-1.3198480606079102
-0.4987601041793823
-0.18661081790924072
-1.2553826570510864
-0.7159073352813721
0.26125550270080566
0.2137542963027954
-0.29179155826568604
-0.7583189010620117
-0.2816128730773926
-0.38679349422454834
-1.0535032749176025
-1.0908257961273193
-0.7735869884490967
-0.19339680671691895
-0.09160888195037842
-0.4648308753967285
-1.57262122631073
-1.0908255577087402
-0.10857367515563965
-1.4640476703643799
-0.26804113388061523
0.04750096797943115
-1.0840398073196411
-0.17812871932983398
-0.9720731973648071
-1.0382351875305176
-0.028839826583862305
-0.17303931713104248
-0.22562956809997559
0.38000762462615967
-0.6989426612854004
0.044108033180236816
-0.7973374724388123
-0.7125144600868225
-0.6226019859313965
-0.7074251174926758
-1.7609285116195679
-1.5030663013458252
-0.13910996913909912
0.505545973777771
-0.7600153088569641
0.03562569618225098
-0.05428671836853027
-1.011091709136963
-1.318151593208313
-0.8906431198120117
-0.4444732666015625
-0.5649220943450928
-0.4376875162124634
-0.8855535984039307
-0.475009560585022
-0.17643225193023682
-0.11535942554473877
-0.1696465015411377
-0.9364475011825562
-1.4131535291671753
0.29518449306488037
-0.475009560585022
-0.6582276225090027
-0.3800077438354492
-0.6768887042999268
-0.6327807903289795
-0.7786765098571777
-0.7091214656829834
-1.1128796339035034
-1.3334197998046875
-0.4817955493927002
-0.020357370376586914
-0.9635908603668213
-0.7260861396789551
-0.006785750389099121
-0.7430506944656372
-0.26125526428222656
-1.267257809638977
-1.0959151983261108
0.4173298478126526
-0.4784024953842163
-0.8278738260269165
-0.4241158962249756
0.006785750389099121
-0.8753748536109924
-0.944929838180542
-0.9534119367599487
-0.7464437484741211
0.5937619805335999
-0.858410120010376
-0.8957322835922241
-0.31214916706085205
-0.12553811073303223
1.1790416240692139
-0.8618032932281494
-0.08482325077056885
-0.5971548557281494
-1.9102171659469604
0.11535942554473877
-0.41393691301345825
-0.5937621593475342
-0.7379610538482666
-0.3850972652435303
-0.1713428497314453
0.3494713306427002
-0.6039407253265381
-0.22054016590118408
-0.7735869884490967
0.045804500579833984
0.43768757581710815
0.6785850524902344
-0.4919743537902832
0.030536293983459473
-0.597154974937439
-1.119665503501892
0.028839826583862305
-0.7905516624450684
-0.4342944622039795
-0.39697229862213135
-1.4148499965667725
-0.2510765790939331
0.6107265949249268
0.03392922878265381
-0.20357555150985718
-0.3935794234275818
-0.5835832357406616
-1.3300269842147827
-0.11535942554473877
0.2510764002799988
-0.8278738260269165
-1.5760140419006348
-0.5734044313430786
-0.7583187818527222
0.29688096046447754
0.3223278522491455
-1.1892204284667969
0.3935793340206146
-0.8855535984039307
-0.3155421018600464
-1.140023112297058
-0.1832178831100464
-0.80751633644104
-1.0687716007232666
-1.1043974161148071
-0.6819780468940735
0.8312666416168213
-0.07125139236450195
-0.23750483989715576
-0.6344771385192871
-0.4139368534088135
-0.3884899616241455
-0.05767977237701416
-0.33929258584976196
-0.5326893329620361
-0.4936707019805908
-1.2825257778167725
-1.2435071468353271
-1.031449317932129
0.8007305264472961
-0.3308103084564209
0.44108033180236816
0.4682236909866333
0.030536293983459473
0.38340067863464355
-0.15607452392578125
-1.37413489818573
-0.2985774278640747
-2.134150505065918
-0.990734338760376
0.0712515115737915
-0.02375006675720215
0.23411190509796143
0.1458958387374878
-1.2977938652038574
-0.46483075618743896
-1.0026096105575562
-1.3944926261901855
-0.3019702434539795
-0.9449295997619629
-0.42072272300720215
-0.22054028511047363
0.01696467399597168
-0.11535954475402832
-1.3028836250305176
-1.0178776979446411
0.8448386192321777
-0.7532296180725098
-0.4694962501525879
-0.35286426544189453
0.3087562322616577
-0.9737696647644043
-0.06785857677459717
-0.7260861396789551
-0.495367169380188
0.09160900115966797
0.5683150291442871
-0.11196660995483398
-1.6845877170562744
0.5666186809539795
0.6989426612854004
-0.2612553834915161
-0.49197423458099365
-0.955108642578125
-0.01696467399597168
-0.05767977237701416
-0.44786620140075684
0.02375054359436035
-0.9296615123748779
-0.960197925567627
-0.2850058078765869
-0.00848245620727539
-1.0653789043426514
-0.23411202430725098
-0.11196660995483398
-0.054286956787109375
-0.5157246589660645
-0.21375441551208496
0.26464831829071045
-0.05089390277862549
0.006785869598388672
-0.6073336601257324
-0.7464437484741211
-0.037322163581848145
0.35456085205078125
-0.3053632974624634
-0.20187902450561523
-0.1900038719177246
0.20018267631530762
-1.4284218549728394
-0.013571739196777344
0.027143478393554688
0.800730288028717
-0.020357608795166016
-0.1900038719177246
-0.3189350366592407
-0.9126970767974854
-0.7091214656829834
-0.6548346281051636
0.7701941728591919
-1.9695934057235718
-0.6005477905273438
-0.8414456844329834
-0.6887639760971069
-0.2833092212677002
-0.7226932048797607
-0.35965025424957275
-0.08821606636047363
-0.4953671097755432
-0.3935794234275818
-0.03901863098144531
-0.505545973777771
-0.5903690457344055
0.2578623294830322
-0.6582274436950684
-0.5598326921463013
-1.0280565023422241
-1.394492506980896
-1.3096693754196167
-0.8109092712402344
-1.0687716007232666
0.11705613136291504
-0.24768352508544922
-0.10857367515563965
0.6531383991241455
-0.45125913619995117
-0.43768733739852905
-1.5675318241119385
-0.598851203918457
0.26125526428222656
-0.7396578788757324
-1.3758314847946167
-1.1010044813156128
0.4716167449951172
-1.4776190519332886
-1.275740146636963
-0.38509678840637207
-1.3028836250305176
-0.7481400966644287
-0.15268158912658691
0.1560744047164917
1.2112743854522705
-0.7718906402587891
0.29518449306488037
0.4003652334213257
-0.9483227729797363
-0.46822357177734375
0.3358997106552124
-0.0661618709564209
-0.8618029356002808
-0.06785845756530762
-0.7430508136749268
-0.10857367515563965
-0.15946745872497559
0.02375054359436035
-0.7905516624450684
-0.8126058578491211
-0.25955867767333984
0.10178768634796143
-1.0484139919281006
-0.16625332832336426
-0.24768352508544922
0.6480488777160645
-0.5259037017822266
-0.8414454460144043
0.11875247955322266
-0.27821993827819824
-1.1875239610671997
-0.04071521759033203
-1.1281477212905884
-1.1366300582885742
-0.6310840845108032
-0.05767965316772461
-2.280045986175537
-0.37322187423706055
0.36304306983947754
-0.8804643154144287
-0.5428680777549744
-0.8668925762176514
0.3969724178314209
-0.6870676279067993
-0.7159073352813721
-0.45125913619995117
0.037322163581848145
0.5835833549499512
-1.224846363067627
-1.1637736558914185
0.15268170833587646
-0.7990338802337646
0.15946745872497559
0.4376872777938843
-0.08312678337097168
-0.21375417709350586
-0.45974135398864746
0.0848231315612793
-0.2578624486923218
-0.80751633644104
-0.2069683074951172
0.1984860897064209
-0.5496541261672974
-0.4800989627838135
1.4233322143554688
-0.641262948513031
-0.36982882022857666
-0.3291137218475342
0.15946757793426514
-0.6768884658813477
-1.282525897026062
0.1425027847290039
0.48518842458724976
-1.905127763748169
-0.31214940547943115
-0.15437817573547363
-0.4648308753967285
0.08482301235198975
-1.2146673202514648
0.1289311647415161
0.4003652334213257
-0.8414456844329834
-1.0076991319656372
0.11196684837341309
0.7803729772567749
-0.30875635147094727
-0.05089390277862549
-0.5394750833511353
-0.2917916774749756
-0.7854621410369873
-0.6412628889083862
-0.5462610125541687
0.3189350366592407
-1.978075623512268
0.49197423458099365
-0.1323244571685791
-1.1366300582885742
-0.49197423458099365
-0.0950019359588623
-0.3155421018600464
-2.117185592651367
-0.4614378809928894
0.20018267631530762
0.42072272300720215
-0.23071908950805664
0.4546520709991455
-0.20357561111450195
-1.0246634483337402
-0.6616204977035522
-0.13232409954071045
-0.6582276821136475
0.19339680671691895
0.29179155826568604
-0.8787677884101868
-1.3334197998046875
-0.35456085205078125
-1.5369954109191895
-1.1943097114562988
0.04919755458831787
-0.38340049982070923
-0.11875247955322266
-1.0730128288269043
-0.16455674171447754
-0.393579363822937
-0.23750466108322144
-0.7328718304634094
0.003392934799194336
-0.11196655035018921
-0.5089390277862549
-0.0475008487701416
-0.4054546356201172
0.3596501350402832
-1.6828911304473877
-0.05767953395843506
0.0848231315612793
-0.6819779872894287
-0.14250290393829346
-0.5496538877487183
-0.2680412530899048
-0.16286051273345947
-0.8126058578491211
0.7820694446563721
-0.7159073352813721
-1.5692280530929565
-0.8210879564285278
-2.310582160949707
-0.8957325220108032
-1.3741347789764404
0.6005479097366333
-0.8058199882507324
-0.7566224336624146
-0.24768376350402832
-0.22054016590118408
-0.6039407253265381
-1.991647481918335
-0.003392934799194336
0.03392934799194336
-0.7464437484741211
0.4071509838104248
-0.4342944622039795
-0.7905516624450684
-0.8007304668426514
-1.6116396188735962
-0.4546520709991455
-1.6981594562530518
-0.4563485383987427
0.01696455478668213
-0.6989427804946899
-0.8024271726608276
0.39018648862838745
-0.08143019676208496
-0.6209053993225098
-0.2850058078765869
0.16625332832336426
0.2171471118927002
-0.4784024953842163
-0.08143019676208496
-1.4029748439788818
-1.497976541519165
-0.41393691301345825
-0.5530468225479126
-0.6955498456954956
-1.0551998615264893
0.14419937133789062
-0.1900038719177246
0.003392934799194336
-0.5835833549499512
0.3019704818725586
-0.8210879564285278
0.5700114965438843
-0.9364476203918457
0.17982500791549683
0.281612753868103
0.6785852909088135
-0.48179543018341064
-1.1722558736801147
-0.3036670684814453
0.16286051273345947
-1.3317233324050903
-0.25107651948928833
-0.7701942920684814
-0.24429070949554443
-0.33929240703582764
-0.5937620401382446
-0.6310842037200928
1.3351162672042847
-0.44786620140075684
-0.35625720024108887
0.054286837577819824
-1.0585929155349731
-0.46483075618743896
-0.1425027847290039
-1.3198480606079102
0.2782198190689087
-0.2646481990814209
-0.17812871932983398
-0.9093040823936462
-1.4029748439788818
0.6073338985443115
-0.5225105285644531
-0.3308103084564209
-1.07895028591156
1.0585929155349731
-0.054286837577819824
-0.32911384105682373
0.23411202430725098
0.0950019359588623
-0.25107645988464355
0.07125163078308105
-0.5259034633636475
-0.1017877459526062
-0.5089389681816101
-0.07973361015319824
0.2408977746963501
-0.7752835750579834
-1.0993077754974365
0.05767977237701416
1.920396089553833
-0.6480488777160645
-0.7379614114761353
0.17643213272094727
-0.6853710412979126
0.3494713306427002
-0.6107265949249268
-1.3283305168151855
0.33589959144592285
-0.537778377532959
-0.22393321990966797
-1.041628122329712
-0.33250677585601807
-1.6828912496566772
0.281612753868103
0.29518449306488037
1.1807383298873901
-0.6548346281051636
-0.5225106477737427
-0.6022443771362305
-0.8448385000228882
-1.884770393371582
0.2883986234664917
-0.817695140838623
0.0237504243850708
-0.8363564014434814
0.054286837577819824
-0.6650135517120361
0.054286837577819824
-2.2121877670288086
-0.29518455266952515
-0.9432334899902344
-0.5835832357406616
-0.1323239803314209
0.07464432716369629
-0.2917916774749756
-0.7345683574676514
0.1900038719177246
0.3664360046386719
0.5428680181503296
-1.6828911304473877
-0.41732990741729736
-0.7718906402587891
-0.37322187423706055
-0.23411184549331665
-0.2544693946838379
-0.586976170539856
0.46992027759552
0.35625720024108887
-0.5937618017196655
-0.586976170539856
0.027143478393554688
-0.10857361555099487
-0.617512583732605
0.12553822994232178
-0.6887638568878174
-0.7430508136749268
0.8109092712402344
0.06785857677459717
-0.9025182723999023
0.3223280906677246
-0.003392934799194336
-0.827873945236206
-0.9126970767974854
-0.14928877353668213
0.08482301235198975
-0.6175124645233154
-0.9076077938079834
0.19678974151611328
-0.83805251121521
-0.7057285308837891
0.31214916706085205
0.16625332832336426
-0.6276912689208984
-0.3189350366592407
-0.3834006190299988
0.08143019676208496
-0.36982882022857666
-1.302883505821228
-0.23411190509796143
-0.6955499649047852
-1.0806467533111572
-0.44108033180236816
-0.3596501350402832
-0.25107622146606445
-0.11535954475402832
1.2893120050430298
-0.6548346281051636
-0.8923395872116089
0.7600153684616089
-0.6887639760971069
-0.36982887983322144
0.01017904281616211
0.21714723110198975
0.6582276821136475
-1.0653786659240723
-0.3698289394378662
-0.1187523603439331
0.0848231315612793
-0.24089771509170532
-1.5777103900909424
0.685370922088623
-0.393579363822937
-2.1867406368255615
-0.2646481990814209
1.0823432207107544
-0.827873706817627
-0.5818867683410645
0.3884899616241455
-0.4512590169906616
-0.01696455478668213
0.061072587966918945
-0.42072272300720215
1.0246635675430298
-1.3537774085998535
-0.30536335706710815
0.2510765790939331
0.023750483989715576
-0.7362648248672485
-0.3800077438354492
-0.05428671836853027
-0.944929838180542
-1.1552913188934326
0.3087562322616577
-0.27482688426971436
0.43090152740478516
-0.578493595123291
-0.29857754707336426
0.3867936134338379
-0.4071512222290039
0.5259034633636475
0.15607452392578125
-1.2825257778167725
-0.6344770789146423
-0.4817955493927002
0.4105440378189087
0.393579363822937
0.1560746431350708
-0.45125913619995117
-0.2069685459136963
0.15268182754516602
-0.5632256269454956
-0.3358994722366333
0.5360822081565857
-0.12214517593383789
-0.9941272735595703
-0.44786620140075684
1.3419021368026733
-0.6124230623245239
-0.7277826070785522
-1.4165465831756592
-0.3952758312225342
-1.1264512538909912
-0.8244808912277222
-0.6463522911071777
0.3121492862701416
0.8855535984039307
-0.5326893329620361
-0.26804113388061523
-1.221453309059143
-0.8109093308448792
-0.20018267631530762
0.16286039352416992
-1.2282389402389526
0.1696462631225586
-0.24429059028625488
-0.4784024953842163
0.19678974151611328
0.010178804397583008
-0.980555534362793
-0.955108642578125
-0.2883986830711365
-0.6209055185317993
-0.899125337600708
0.0475008487701416
0.10518074035644531
-0.10518074035644531
-0.9873415231704712
-0.09500205516815186
-1.2452038526535034
0.2341119647026062
-0.24429059028625488
-1.4691369533538818
-0.3392925262451172
0.9025182723999023
-0.07803726196289062
-0.16286051273345947
-0.4207228422164917
-0.27821993827819824
-0.06446552276611328
0.3189350366592407
-0.027143478393554688
-0.7328720092773438
-0.13232421875
-1.051807165145874
-0.7125145196914673
0.07803726196289062
-0.3579535484313965
-0.3664360046386719
-0.6310839653015137
-1.2825257778167725
-0.33589959144592285
0.26973795890808105
-0.6463524103164673
-0.5462613105773926
0.08821606636047363
0.352864146232605
-2.027273178100586
-0.45465195178985596
-0.26125550270080566
-0.06446564197540283
-0.08821606636047363
-0.5242069959640503
-1.1366299390792847
-0.25446951389312744
0.10518074035644531
-0.061072587966918945
-1.133237361907959
-1.0195740461349487
-0.475009560585022
-0.1560746431350708
-0.3019702434539795
-1.5539599657058716
-0.48179543018341064
0.5242068767547607
-0.7193002700805664
-0.6565313339233398
-0.6633169651031494
-0.07803726196289062
-1.0636820793151855
-0.551350474357605
-0.4444732666015625
0.21036136150360107
-0.2646481990814209
-0.7226933240890503
-0.8143022060394287
-1.7609283924102783
0.1458958387374878
-0.4987599849700928
-0.6650134325027466
-0.4885812997817993
-0.4563484191894531
-0.24768364429473877
-0.46143782138824463
-0.40375828742980957
0.495367169380188
-0.4648308753967285
-0.8906431198120117
0.36473941802978516
0.751533031463623
0.5869760513305664
-1.2061851024627686
-0.8414455056190491
-0.16286051273345947
-0.35286426544189453
-0.05767977237701416
-0.6684064865112305
0.3460785150527954
0.5326893329620361
-0.2883986234664917
-0.1696462631225586
-0.010178685188293457
0.05767989158630371
-0.013571739196777344
0.3036668300628662
-0.5174211263656616
-0.2459871768951416
-0.909304141998291
0.9228757619857788
-0.49536705017089844
-0.43768739700317383
0.6429593563079834
-0.49197423458099365
-0.8889467716217041
-0.8482314944267273
-1.2180603742599487
-1.3317232131958008
-1.2740435600280762
-0.9466260671615601
0.2782198190689087
0.21036148071289062
-0.6616203784942627
-0.6209053993225098
-2.3368773460388184
-0.06785845756530762
0.18152141571044922
0.08821606636047363
-0.46143782138824463
-0.2035754919052124
-1.4470828771591187
-1.2765882015228271
-0.3766148090362549
0.14589571952819824
-0.3986687660217285
0.4716167449951172
-0.8753748536109924
-0.7701941728591919
-0.46483099460601807
-0.4563484191894531
-0.12553834915161133
-0.09839487075805664
0.04071509838104248
0.044108033180236816
-0.8957324624061584
0.06446564197540283
0.42072272300720215
0.4444732666015625
-0.24768376350402832
-0.3511679172515869
-1.2418110370635986
0.5530468225479126
0.13571703433990479
0.6785850524902344
-0.3664360046386719
-0.843142032623291
-1.333419680595398
-0.49197447299957275
-0.3223279118537903
-1.1875239610671997
-0.3189350366592407
-0.8618032932281494
-0.5734044313430786
-0.7769800424575806
-0.9500192403793335
-0.45804500579833984
-0.4614379405975342
0.13571703433990479
-0.39018648862838745
-0.28500568866729736
0.0848231315612793
0.1798250675201416
-0.6989428997039795
-1.8152152299880981
-0.6853710412979126
0.14589571952819824
-0.11875247955322266
0.01696467399597168
-0.5225106477737427
-0.5326894521713257
-0.15268170833587646
-0.8380527496337891
0.8804640769958496
-0.1696462631225586
-0.30536317825317383
-0.6785852909088135
-0.3596501350402832
0.19678974151611328
-0.8041234016418457
0.41732990741729736
0.18661069869995117
-0.9788590669631958
-0.6717991828918457
0.05089390277862549
-0.3867936134338379
-0.4546520709991455
0.18321794271469116
0.3053634762763977
-0.23411190509796143
-0.3121490478515625
0.006785869598388672
-1.4996731281280518
-0.4173300266265869
-0.29518449306488037
-0.13911008834838867
-1.1111831665039062
-0.17643213272094727
-1.1705596446990967
-1.6370867490768433
-0.14589595794677734
0.40375804901123047
-0.9635908603668213
-0.5191177129745483
0.16286051273345947
-0.10518050193786621
-0.9992165565490723
0.17982494831085205
-0.459741473197937
0.80751633644104
0.5462608337402344
-0.5360821485519409
-1.4453864097595215
0.5530468225479126
-0.6989426612854004
-0.46143805980682373
-0.23411178588867188
0.8957324028015137
0.3800077438354492
-0.9771625995635986
-1.1841309070587158
-0.16625332832336426
-1.2384181022644043
-0.4427769184112549
-0.020357847213745117
-0.9652875065803528
0.044107913970947266
0.0950019359588623
-0.3766147494316101
-1.275740146636963
-0.8244808912277222
-0.7973374724388123
-0.4444732666015625
-1.0653787851333618
-0.4325981140136719
-0.637870192527771
-0.6005477905273438
-0.27143394947052
0.34098899364471436
0.006785869598388672
-0.7905519008636475
-0.40375816822052
-0.19848620891571045
0.027143478393554688
-0.3087564706802368
-0.4546521306037903
-1.2044885158538818
-0.919482946395874
-1.0857362747192383
0.9194828271865845
-1.1043972969055176
-1.2587754726409912
-0.830418586730957
-0.9771625995635986
-0.4987602233886719
-0.10178780555725098
0.19678962230682373
-0.6276912689208984
-1.0806469917297363
-0.6378700733184814
-0.030536353588104248
0.06785845756530762
0.6242984533309937
-1.3011870384216309
-1.414849877357483
0.30536317825317383
-1.21127450466156
-0.8176952600479126
0.41732990741729736
-0.15268158912658691
0.04071509838104248
-0.5835832357406616
-0.7396578192710876
-0.7091217041015625
-0.08482301235198975
0.0237504243850708
-0.5632256269454956
-0.9517154693603516
-0.32911384105682373
-0.5191178321838379
-0.20357561111450195
-0.15607452392578125
-0.4444732666015625
-0.2646482586860657
-1.3995819091796875
-1.7558391094207764
0.2816126346588135
-0.03392922878265381
-0.658227801322937
-0.34098899364471436
-1.1128795146942139
0.027143478393554688
-2.1053104400634766
0.23071885108947754
-0.8041232824325562
-1.2774364948272705
-0.3867936134338379
-0.6768885850906372
-0.2408977746963501
-1.0043059587478638
-0.5683150291442871
-0.393579363822937
-0.5835833549499512
0.495367169380188
0.0
-0.5801901817321777
-0.909304141998291
-0.6005477905273438
-0.9296616315841675
-0.2120579481124878
0.2273259162902832
-0.5632257461547852
-0.29688096046447754
-0.3969724178314209
-1.0246635675430298
-0.7837657928466797
0.17643213272094727
0.04750096797943115
-0.48518848419189453
-0.4054546356201172
0.3426855802536011
0.010178804397583008
-1.1926133632659912
-0.006785869598388672
0.6175124645233154
0.2544693946838379
-0.5767972469329834
-0.43090152740478516
-0.6005479097366333
-0.7057285308837891
-0.4342944622039795
-0.36304306983947754
-0.11535942554473877
-0.1900038719177246
-0.4885812997817993
-0.8092126846313477
-0.9432334303855896
-1.4945838451385498
-0.05428671836853027
0.21036148071289062
-0.08143019676208496
-0.3528643846511841
0.28839874267578125
-0.8923394680023193
-0.8414455056190491
-0.28839874267578125
0.05089378356933594
-0.33589982986450195
-0.3053632974624634
-1.1993992328643799
-0.16286027431488037
-1.7778929471969604
-1.072164535522461
0.22054028511047363
0.010178804397583008
-0.919482946395874
-1.8084293603897095
0.7735869288444519
-0.08312666416168213
-0.5971548557281494
0.29179155826568604
-0.9941272139549255
-0.9962477684020996
-0.39697229862213135
-0.8719818592071533
0.006785750389099121
-0.5089389085769653
-0.2137542963027954
-0.6955498456954956
-0.8414456844329834
-0.7311751842498779
-0.30536341667175293
-0.044107913970947266
-0.3325066566467285
-0.617512583732605
-0.5598326921463013
-2.3165202140808105
-0.817695140838623
-1.297794222831726
0.4156334400177002
-0.4800989627838135
-0.10178780555725098
-0.32232797145843506
-0.797337532043457
-0.08143019676208496
-0.5937620401382446
0.4614379405975342
0.3800077438354492
-1.1960062980651855
-0.8278738260269165
-0.13062763214111328
0.6344770193099976
-0.5530469417572021
-0.18661069869995117
-0.3460785150527954
-1.3317232131958008
-0.142503023147583
1.184131145477295
-1.8440550565719604
0.26125526428222656
-0.7634083032608032
-0.3834007978439331
-0.9432333707809448
-2.4768357276916504
0.037322163581848145
-0.8957324028015137
-0.18321800231933594
-0.20696842670440674
0.7905516624450684
-0.7922481298446655
0.629387617111206
-1.2706507444381714
-0.40375816822052
-1.5081555843353271
-0.1289311647415161
0.67519211769104
0.054286837577819824
-1.3181517124176025
-0.8109092116355896
-0.5089389085769653
-0.3053632974624634
-0.5513503551483154
-1.2502931356430054
-0.15268170833587646
-1.9237887859344482
0.525903582572937
-0.6650134325027466
-0.3571052551269531
-0.7023353576660156
-0.14928877353668213
-0.7328720092773438
0.4546520709991455
-0.06785857677459717
-0.061072707176208496
-0.46143805980682373
-0.9551087617874146
-0.7396578788757324
0.4275086522102356
-0.44108033180236816
-0.027143359184265137
-0.3596501350402832
0.09160888195037842
-0.6378700733184814
0.7294790148735046
-0.9703766107559204
-1.2078813314437866
-1.0551997423171997
-1.4419934749603271
1.1196656227111816
-0.6446558237075806
0.12214541435241699
0.0237504243850708
0.16964638233184814
-0.9093042016029358
-0.30536341667175293
0.7990339994430542
-0.28839874267578125
-0.33589959144592285
-0.4410804510116577
0.16116392612457275
0.13571703433990479
-0.6768887042999268
-1.1264514923095703
-0.10857367515563965
-0.8143022060394287
-0.812605619430542
-1.1027008295059204
-0.8414456844329834
-1.2621681690216064
0.12893152236938477
-0.5292963981628418
-0.7871588468551636
-0.4275085926055908
-0.06446552276611328
-0.41732990741729736
-0.4207228422164917
-0.48179543018341064
-1.6065503358840942
0.7040321826934814
-1.153594732284546
-0.7142109870910645
-0.47500959038734436
-0.7532293796539307
-0.33929264545440674
-1.4080641269683838
0.5801900625228882
-0.4546520709991455
-0.6446558833122253
-0.19678986072540283
-0.8550173044204712
0.7243897914886475
0.052590370178222656
-1.0229671001434326
-0.010178685188293457
-0.7362648844718933
-0.651441752910614
0.20018267631530762
0.17643213272094727
-0.3613467216491699
-1.7846789360046387
0.6412628889083862
-0.3053632974624634
-0.23750460147857666
-1.0738608837127686
-0.4275085926055908
0.13571709394454956
-0.0848231315612793
-0.7430508732795715
-1.3435986042022705
-0.8210879564285278
0.05089390277862549
-0.6361734867095947
-0.822784423828125
-0.787158727645874
-0.7430506944656372
-0.4902777671813965
-0.4071512222290039
-0.006785869598388672
-0.1425027847290039
-1.082343339920044
-0.3969722390174866
-1.584496259689331
-0.26804113388061523
-0.02375054359436035
0.6938533782958984
-0.4105440378189087
-0.9686803817749023
0.261255145072937
-0.8685891628265381
-1.0687716007232666
-0.34607839584350586
-0.1798250675201416
1.2469003200531006
-0.7871588468551636
0.027143478393554688
-0.7956409454345703
0.20696842670440674
-1.379224181175232
-0.6734956502914429
-1.041628122329712
-0.5157246589660645
-0.20357555150985718
0.776979923248291
0.37322187423706055
-0.5462609529495239
-0.5564398765563965
-1.0110918283462524
-0.5751010179519653
0.23411184549331665
-0.12214541435241699
0.37661468982696533
-0.2850058078765869
-0.6242982149124146
-0.24768352508544922
-0.8253293037414551
-0.1560746431350708
0.052590370178222656
0.03392922878265381
-1.2740437984466553
-0.07803726196289062
0.48518848419189453
-0.3494713306427002
-0.3596501350402832
-0.04750096797943115
-0.3562570810317993
-0.5564397573471069
-1.4419934749603271
-0.7837659120559692
0.010178804397583008
-0.563225507736206
-0.6514418125152588
-0.7735869884490967
0.6819781064987183
0.45974159240722656
-1.9695932865142822
-0.020357608795166016
-0.44786614179611206
-0.0950019359588623
0.14589577913284302
0.2917916178703308
-0.2629518508911133
0.7159073352813721
-0.32911384105682373
-0.8075162768363953
1.6370865106582642
-0.6514418125152588
-0.8516242504119873
-0.2816128730773926
0.4071509838104248
-0.8007305264472961
-0.16286063194274902
-1.5251200199127197
-0.566618800163269
-1.0755575895309448
-0.6684063673019409
-0.6853711605072021
-0.09500205516815186
-0.4241156578063965
-0.12553822994232178
0.3664360046386719
-0.4817955493927002
-0.5394752025604248
-0.8668924570083618
-0.7973376512527466
-0.5818867683410645
-0.6310842037200928
0.18661093711853027
-0.8278738260269165
0.6870675086975098
-0.7430505752563477
-0.8804639577865601
-0.3664360046386719
-0.7277824878692627
-1.1773452758789062
1.844054937362671
-1.5641388893127441
0.48179543018341064
-0.9534119963645935
-0.9618945121765137
-0.685370922088623
-1.4487793445587158
-1.5302096605300903
0.24429070949554443
-0.033929288387298584
0.07125139236450195
0.32572078704833984
-0.04241156578063965
-0.2782198190689087
-1.0891292095184326
-1.1111831665039062
-0.9534121751785278
-1.1569876670837402
-1.8135188817977905
-0.44108033180236816
1.2706507444381714
-1.4029749631881714
-0.8719818592071533
0.06785857677459717
-1.143415927886963
-0.3613467216491699
0.5835832357406616
-0.5428681373596191
0.5835832357406616
-0.888946533203125
-0.37661468982696533
-1.250293254852295
-0.5632257461547852
-0.9432333111763
-0.9517159461975098
-0.34098899364471436
-0.2578623294830322
-1.1027008295059204
-0.5564397573471069
-1.302883505821228
-0.6073336601257324
0.06785845756530762
-0.6955498456954956
-0.7277824878692627
-0.6344771385192871
-1.1162724494934082
-0.5123316645622253
-0.3121490478515625
-0.31214916706085205
-0.6107265949249268
-0.3358996510505676
-0.6887639760971069
-1.343598484992981
-0.6242983937263489
-0.40375804901123047
-0.5225105881690979
0.8024269342422485
-0.027143359184265137
-1.143415927886963
-0.14250284433364868
-0.5428681969642639
0.24768364429473877
0.23750483989715576
-0.5292966365814209
-0.16286039352416992
-0.9856451749801636
0.04241156578063965
-0.5700116157531738
0.3426855802536011
-0.12893128395080566
-1.8067330121994019
0.1458958387374878
-0.061072587966918945
-1.2282392978668213
-0.5683151483535767
1.2435072660446167
-1.021270751953125
0.12553822994232178
-0.6242983341217041
-1.5844963788986206
-0.3155421018600464
-0.4427769184112549
0.556439995765686
-0.3766148090362549
-1.4538685083389282
-0.8312667608261108
-0.9669838547706604
-0.6921569108963013
0.15268170833587646
-0.47161686420440674
-0.2782198190689087
0.07125139236450195
-0.5225105285644531
-0.3494713306427002
0.5191177725791931
-1.4165464639663696
-1.5811034440994263
0.02035754919052124
-1.1960062980651855
0.0475008487701416
-0.559832751750946
-1.854233980178833
-0.47161662578582764
-0.19678962230682373
-0.44108033180236816
-0.027143359184265137
-0.09839487075805664
-0.05428671836853027
-1.3843138217926025
-0.3494713306427002
-0.1458958387374878
0.1458958387374878
-0.12214541435241699
-0.35456085205078125
-0.01696467399597168
-0.515724778175354
-0.990734338760376
0.3291137218475342
0.1408061981201172
-0.3698289394378662
-0.2408977746963501
-0.1798250675201416
-0.04750096797943115
-0.42750871181488037
0.11535942554473877
-0.45804500579833984
0.21714723110198975
-0.17303919792175293
0.04750096797943115
-0.4987599849700928
-0.9466263055801392
0.40036535263061523
-0.9228758811950684
0.07464432716369629
-0.8295702934265137
-1.2825260162353516
0.0950019359588623
-0.4207227826118469
-0.3426854610443115
-0.9415370225906372
-0.027143359184265137
-1.0823434591293335
0.15777075290679932
-0.6209053993225098
-0.5038495063781738
-0.23750483989715576
-0.761711835861206
-0.06446552276611328
-0.495367169380188
0.3596501350402832
0.7023357152938843
-0.27143406867980957
0.20018267631530762
-0.7837656736373901
-0.9296616315841675
-1.2960976362228394
-0.48518848419189453
0.29179155826568604
0.03392922878265381
0.07294785976409912
-0.7125144004821777
-0.6548347473144531
-1.285918951034546
-0.9228757619857788
0.24429070949554443
-0.08821606636047363
-0.9788590669631958
-0.3053632974624634
0.6107265949249268
-0.3766148090362549
-0.4393841028213501
-0.05767977237701416
-1.3741347789764404
-0.29857754707336426
-1.1043972969055176
0.037322282791137695
-0.8143022060394287
-0.09500181674957275
-0.0237504243850708
-0.2663447856903076
-0.7159074544906616
0.12723469734191895
-0.6242982149124146
-0.1187523603439331
-0.09839487075805664
0.7125144600868225
0.48858141899108887
-0.2069685459136963
-0.06446558237075806
-0.7871588468551636
0.16625356674194336
-0.6887639760971069
-1.2044885158538818
-0.07464444637298584
-1.316455364227295
1.1603806018829346
-0.7786765098571777
-0.7973375916481018
-0.7939445972442627
0.15946745872497559
0.7159074544906616
-0.5259034633636475
-0.09160900115966797
-1.0212706327438354
-0.5886726379394531
-0.6276912689208984
0.25107645988464355
-0.2375047206878662
-0.13232421875
-0.17303931713104248
0.020357608795166016
-1.0144847631454468
-0.6921569108963013
-0.24259424209594727
-0.43938398361206055
-0.2850058078765869
0.26804113388061523
-0.20187914371490479
-0.6378700137138367
-0.6921567916870117
-0.35286426544189453
0.6785851120948792
-0.5937620401382446
0.3681323528289795
-0.8855535984039307
-0.2951846122741699
0.003392934799194336
0.04071509838104248
-0.5598328113555908
-0.0780373215675354
-0.24768352508544922
-1.092522144317627
-0.8414454460144043
-0.2917914390563965
-0.6242983341217041
-0.5530468225479126
0.21714723110198975
-0.24089789390563965
-0.5428683757781982
0.35625720024108887
0.1391100287437439
-0.4376875162124634
-0.020357608795166016
-0.14928865432739258
-0.11196660995483398
-1.3605631589889526
0.05937623977661133
0.5326896905899048
-0.6650133728981018
-0.23411178588867188
-0.2748270034790039
-0.6378699541091919
0.3766148090362549
0.1289311647415161
0.21375441551208496
-0.3901865482330322
1.0195742845535278
0.20018279552459717
-0.1458958387374878
-0.01696467399597168
-0.39188289642333984
-0.3901864290237427
-1.2044885158538818
-0.06785857677459717
0.2646484375
1.0331459045410156
-0.3867935538291931
-0.4207228422164917
-0.9856448173522949
-0.1509852409362793
-0.8618031740188599
-0.763408362865448
-0.16964638233184814
-0.11875247955322266
-0.4614378809928894
-0.30197036266326904
-1.8728950023651123
-1.4640473127365112
0.20357561111450195
-0.2646481990814209
-1.046717643737793
-1.4606544971466064
0.49876004457473755
-0.34607839584350586
-0.6378698348999023
0.5123318433761597
-0.8974287509918213
-0.006785869598388672
0.08821606636047363
-0.44786620140075684
-0.8346598148345947
-0.14250290393829346
-0.29518455266952515
-1.0161813497543335
-0.00848233699798584
-0.363042950630188
-1.531906008720398
0.05428671836853027
-0.990734338760376
-1.1010046005249023
-0.5734045505523682
-0.037322282791137695
0.8431419134140015
-0.5191177129745483
-1.803339958190918
-0.4784024953842163
0.15607452392578125
0.13571703433990479
-0.19678974151611328
0.020357728004455566
0.3325068950653076
0.6141194105148315
-0.5937619209289551
0.413936972618103
-1.3775280714035034
0.020357608795166016
0.1187523603439331
-0.09839487075805664
-0.09500181674957275
0.1425027847290039
-1.0891289710998535
-0.6209055185317993
-0.26125526428222656
-0.37322187423706055
-0.12553858757019043
-0.5564399361610413
0.12553822994232178
-0.09160900115966797
-0.868588924407959
-0.35286426544189453
-0.4919742941856384
-0.34607839584350586
-1.5997645854949951
-0.373221755027771
-0.4275085926055908
-0.20018267631530762
0.22054022550582886
-0.2985774874687195
-1.051806926727295
0.7905516624450684
-0.11196660995483398
-1.2180603742599487
-0.6972459554672241
-0.27821993827819824
-0.09160900115966797
-1.0959150791168213
-0.27143406867980957
-0.04071509838104248
0.061072587966918945
-0.4546520709991455
-1.1824345588684082
0.1832178831100464
-0.3019702434539795
0.010178804397583008
-0.5157250165939331
-0.5632257461547852
-0.7057285308837891
-0.7803728580474854
-0.4342944622039795
-0.05089390277862549
-0.42072272300720215
-0.6616206169128418
-0.3562573790550232
-0.10518074035644531
-1.1909167766571045
-1.0925220251083374
0.3019702434539795
-1.1773451566696167
-0.6514418125152588
-1.4080638885498047
-0.8109093308448792
-0.41732990741729736
-0.19170045852661133
-0.8753750324249268
0.006785869598388672
-0.4885812997817993
-0.28500568866729736
0.7091214656829834
-0.4275085926055908
0.6073338985443115
-0.20357561111450195
0.18321800231933594
-0.3596501350402832
0.04750096797943115
-0.680281400680542
-0.20018279552459717
-0.3766148090362549
-0.9941273927688599
0.17303919792175293
-0.13910984992980957
-0.22054028511047363
-0.6616204977035522
-0.4105439782142639
-0.2951846122741699
-0.3426854610443115
-0.3053632378578186
-0.5835831165313721
-1.1281477212905884
-1.257079005241394
-0.761711835861206
-0.2646481990814209
-1.3978853225708008
-1.0144848823547363
-0.2748270034790039
-0.31214916706085205
0.3426854610443115
-0.8465348482131958
-0.003392934799194336
-1.369045376777649
-0.12553822994232178
0.4410804510116577
-0.37322163581848145
-0.48518842458724976
-0.7328718900680542
-0.6785851716995239
-0.5225106477737427
0.4987599849700928
-1.0857362747192383
-1.1502017974853516
0.41054415702819824
-0.6717993021011353
0.8007304668426514
-0.5801903009414673
-1.859323263168335
-0.4648308753967285
-0.2035754919052124
0.3189351558685303
-1.1739522218704224
0.13911008834838867
0.39697229862213135
0.7888553142547607
0.0475008487701416
-0.8176950812339783
-0.11196637153625488
-1.0789505243301392
0.888946533203125
-0.18321800231933594
-0.054286956787109375
-0.6514418125152588
-0.2917916774749756
-0.7226932048797607
-0.5394752025604248
0.0950019359588623
-0.08821606636047363
-0.9262685775756836
-0.4953671097755432
-0.3308103084564209
0.17303919792175293
-0.24768352508544922
-0.15268158912658691
-0.8499279022216797
-0.2748270034790039
-0.33420324325561523
-0.17812871932983398
-0.888946533203125
0.0
-0.6209055185317993
0.4614378809928894
-0.1289311647415161
-0.38340067863464355
-1.0043059587478638
0.044107913970947266
-0.3698289394378662
-0.9941272735595703
-0.19339680671691895
0.7057285308837891
-1.0840398073196411
-0.5666185617446899
-0.16625332832336426
-0.22054016590118408
-1.140023112297058
-1.0314494371414185
-0.19678974151611328
0.16286039352416992
-0.5937620401382446
0.5021529793739319
-0.9669837951660156
-0.26804113388061523
-0.9669837355613708
-1.7473567724227905
-0.09839475154876709
-0.45465201139450073
-0.39697229862213135
-0.14250290393829346
-1.935664176940918
-0.037322163581848145
-1.4759225845336914
-0.03392922878265381
0.23411184549331665
-0.9941271543502808
0.05089390277862549
0.8380527496337891
-0.7905517816543579
0.25107645988464355
-0.8041234016418457
-0.6921567916870117
0.5530468225479126
-0.14928877353668213
-0.393579363822937
-1.0755574703216553
-0.43429458141326904
0.39188289642333984
-0.44447338581085205
-0.04071509838104248
-0.2714340090751648
-0.9025183916091919
-0.7023356556892395
0.07803738117218018
-0.48179537057876587
0.2273259162902832
-1.2621681690216064
0.644655704498291
0.9194827675819397
-0.42920494079589844
0.22393310070037842
-0.9635908603668213
-0.5683151483535767
-1.4386005401611328
0.003392934799194336
-0.20018279552459717
-0.8550171852111816
-1.2214531898498535
-0.9512920379638672
-0.25446945428848267
0.2850055694580078
-0.2544693946838379
0.2883986234664917
-1.5386918783187866
-0.8957322835922241
-0.08143019676208496
-0.7803728580474854
0.6412630081176758
-0.4410802125930786
-0.8092126846313477
-0.1798250675201416
-0.15268170833587646
-0.661620557308197
-0.19678962230682373
-0.5496540069580078
0.044108033180236816
-0.8838571310043335
0.6073336601257324
-0.4546521306037903
-0.9330546855926514
0.23750483989715576
-1.2333284616470337
-0.13571703433990479
-0.83805251121521
0.38340067863464355
0.4105440378189087
-0.05089390277862549
-0.4580448865890503
-1.369045615196228
-1.061985731124878
-0.11196649074554443
-0.6989425420761108
-0.48179543018341064
-0.93984055519104
-0.9941272735595703
-0.46483099460601807
0.20018255710601807
-0.3562570810317993
-0.1289311647415161
-2.0289695262908936
0.0237504243850708
0.5106353759765625
-1.0636823177337646
-0.3664360046386719
-1.2350248098373413
0.02375054359436035
0.19339680671691895
-0.7430505752563477
-0.4376875162124634
-0.5123319625854492
-0.776979923248291
0.09839487075805664
-0.6378700137138367
0.03392934799194336
-0.4784024953842163
-0.33589959144592285
-0.7668013572692871
-0.8261773586273193
-0.776979923248291
-0.11535942554473877
-0.027143359184265137
-0.7362647652626038
-0.9177863597869873
0.6887638568878174
0.015268087387084961
0.18321800231933594
0.037322282791137695
0.38000768423080444
0.1458958387374878
-1.1977027654647827
0.4784024953842163
-0.44786614179611206
-0.8719818592071533
0.4546520709991455
-0.6717991828918457
-0.5598326325416565
-0.8821607232093811
-0.9652872085571289
-0.7328718900680542
-0.03392922878265381
-1.3724384307861328
-0.5666186809539795
-0.6633169651031494
0.2578623294830322
-1.0076990127563477
0.6209053993225098
-0.020357489585876465
0.383400559425354
-0.20696836709976196
-1.3334197998046875
-0.8770711421966553
-1.0043060779571533
1.3147587776184082
0.26804113388061523
-0.20018255710601807
-0.3155423402786255
-0.36982882022857666
0.5157245397567749
-0.7854623794555664
-0.6107265949249268
0.11875241994857788
-0.8075164556503296
0.2646481990814209
-0.87367844581604
0.14928865432739258
-0.3800077438354492
-0.49536705017089844
0.12214541435241699
0.2612553834915161
-2.4751393795013428
-0.46992039680480957
-0.13232403993606567
-0.061072468757629395
-0.01696479320526123
-0.6005479097366333
-0.6616204977035522
-0.8685889840126038
-0.6751922369003296
-0.26125526428222656
-0.34607845544815063
-0.7939444780349731
-0.237504780292511
-0.4444732666015625
-0.5564401149749756
-0.7973374128341675
-0.7583187818527222
-0.2069685459136963
0.529296338558197
-0.9873412847518921
0.7701941728591919
0.013571500778198242
-0.5852794647216797
-0.2782198190689087
0.33589959144592285
-0.25107645988464355
-0.40375816822052
-0.13571703433990479
-0.495367169380188
-0.31554198265075684
-0.5123318433761597
0.2646481990814209
-0.1798250675201416
0.11875247955322266
-0.26804113388061523
-1.6421760320663452
-0.17643213272094727
-0.4750097990036011
-0.45804500579833984
-0.4648308753967285
0.25955891609191895
-0.2850058078765869
-1.3419021368026733
-0.317238450050354
-0.05767977237701416
-0.23750483989715576
-0.6005479097366333
0.14928877353668213
-0.6175124645233154
-1.8813773393630981
-0.6310842037200928
0.34607839584350586
-1.0076990127563477
-0.5038495063781738
-0.17303919792175293
-1.3919472694396973
-0.3664360046386719
-0.8346596360206604
0.9194828271865845
-0.8855531215667725
-0.22393321990966797
-0.5598329305648804
-0.3087562322616577
-0.4309016466140747
0.21714723110198975
-1.0840396881103516
-0.2069684863090515
0.1187523603439331
-0.6972460746765137
-0.14589595794677734
0.0712515115737915
-1.5471739768981934
-1.0908255577087402
0.5225104093551636
0.6276912689208984
-0.16286039352416992
-0.485188364982605
-0.8957322239875793
0.1458958387374878
-1.4419934749603271
-0.08143043518066406
0.11875247955322266
0.05767977237701416
-0.26125526428222656
-0.8719819784164429
-0.25107645988464355
-0.03392910957336426
0.60903000831604
-1.0789501667022705
-0.5021529197692871
0.1713428497314453
-1.0026094913482666
-0.5140280723571777
-1.7439639568328857
-0.5225104093551636
-0.46822357177734375
-0.3291137218475342
-1.6319974660873413
0.02375054359436035
0.08143019676208496
-0.28839874267578125
-1.5573530197143555
-0.33250677585601807
-0.9873412847518921
-0.868588924407959
0.11535954475402832
0.006785869598388672
-0.3901865482330322
0.5157247185707092
0.05089390277862549
0.6310843229293823
-0.4614379405975342
-1.5777103900909424
0.37661468982696533
0.408847451210022
0.5751010179519653
-0.19339680671691895
-0.4207228422164917
0.4275085926055908
-0.5564398765563965
0.12553834915161133
0.19170022010803223
0.0950019359588623
-0.2035754919052124
-0.2307189702987671
0.2985774278640747
-0.4682237505912781
-0.2646481990814209
0.32232797145843506
-0.32572096586227417
0.22054016590118408
-0.26125526428222656
-0.27143412828445435
-0.4122406244277954
1.2587753534317017
-0.4071512222290039
-0.4784025549888611
0.01696467399597168
-0.45125913619995117
-0.6717993021011353
-0.4309016466140747
-0.5157246589660645
0.36982882022857666
-0.6344771385192871
0.15268158912658691
-0.2748270034790039
-0.34438204765319824
-0.8414455652236938
-0.11196660995483398
0.33250677585601807
0.21036136150360107
0.08143007755279541
-0.4682237505912781
0.29518449306488037
-0.413936972618103
-1.0399315357208252
-0.33250677585601807
-0.23411178588867188
-0.09500181674957275
-0.2850058078765869
0.25446951389312744
-0.7905516624450684
-0.1187523603439331
0.12893104553222656
-0.20018261671066284
-0.5055458545684814
-0.4648308753967285
-0.44786620140075684
-0.03392922878265381
-0.7829170227050781
-0.27821993827819824
-0.4003652334213257
0.13402056694030762
-0.776979923248291
0.11535954475402832
-0.21375441551208496
-1.3266340494155884
-0.4207228422164917
-0.8312669992446899
-0.12553822994232178
-0.42750871181488037
-0.2578622102737427
0.19339680671691895
0.09160900115966797
0.607333779335022
-0.3121491074562073
-0.8176952004432678
0.11875247955322266
-1.7863754034042358
-0.2748270034790039
-1.1671664714813232
-0.4003649950027466
-0.010178804397583008
-0.4071512222290039
-0.5530470609664917
-0.010178923606872559
-0.1187523603439331
-1.1417195796966553
-1.109486699104309
0.01696467399597168
0.5496538877487183
-1.94075345993042
0.14250290393829346
-0.5700116157531738
-0.1900036334991455
-0.9500192403793335
-0.4258120059967041
0.8126057386398315
-0.8363561630249023
-0.8550172448158264
-0.2985774278640747
-0.6514416933059692
0.7549260854721069
0.5225106477737427
-0.030536293983459473
-0.1696462631225586
0.5038496255874634
-0.44786620140075684
-1.128147840499878
-0.363042950630188
-0.31045258045196533
-0.9992165565490723
-1.0908255577087402
-0.25277280807495117
0.005089282989501953
-1.716820240020752
-0.6582276821136475
-0.2917916774749756
0.10687732696533203
-1.133237361907959
-0.5055460929870605
-0.7277822494506836
-0.08143007755279541
-0.44786620140075684
-0.6276912093162537
-0.6141195297241211
-1.0382351875305176
-0.09839475154876709
-0.5937623977661133
0.16286039352416992
-0.40375816822052
-0.38509702682495117
0.020357370376586914
-0.20018255710601807
-0.11875247955322266
0.09839475154876709
-0.2680412530899048
-0.8414456248283386
-0.6497454643249512
-1.302883505821228
0.6141196489334106
-0.3698289394378662
-0.8109092712402344
-0.10178792476654053
-1.6286042928695679
0.2578623294830322
-1.30797278881073
0.2883986234664917
-0.7091214656829834
0.15268182754516602
0.9059114456176758
0.32232797145843506
-0.7803729772567749
-0.1323239803314209
-0.47161662578582764
-0.0950019359588623
1.4165465831756592
0.003392934799194336
0.03223288059234619
0.6209053993225098
-1.2893117666244507
-0.960197925567627
-0.5055460929870605
0.4410802721977234
-0.9398403167724609
-0.7939445972442627
-0.43090152740478516
-0.8397490978240967
-0.7125144004821777
-0.5751008987426758
0.3087562322616577
0.4054546356201172
-0.485188364982605
-0.6344771385192871
-0.510635256767273
-0.020357608795166016
-0.49197423458099365
0.5394752025604248
0.13571715354919434
0.22054004669189453
0.10178792476654053
-0.5886726379394531
-0.8991254568099976
0.08143019676208496
-0.47840261459350586
-0.7837656736373901
0.21714723110198975
-0.26125526428222656
-0.5598328113555908
-1.228238821029663
0.13232421875
-0.5530468225479126
-0.10518068075180054
0.43429458141326904
-0.33929264545440674
-0.037322163581848145
0.5174211263656616
-0.27482712268829346
-1.184131145477295
0.15777111053466797
0.4309016466140747
-0.05089390277862549
-0.2510765790939331
-0.05767977237701416
-0.797337532043457
-1.6031575202941895
-0.2816126346588135
-0.037322163581848145
-0.1289311647415161
0.26804113388061523
-0.20357537269592285
-0.5326894521713257
0.08143019676208496
-1.1841312646865845
0.1900038719177246
0.07125139236450195
-0.6785850524902344
-0.5225106477737427
-0.2612553834915161
0.31214916706085205
-1.3300268650054932
-0.48688483238220215
-0.33589959144592285
-0.2850058078765869
-0.980555534362793
-1.0076990127563477
-0.1798250675201416
-0.40375816822052
-0.67519211769104
-1.0823434591293335
-0.5428681373596191
-1.0416282415390015
-1.0602891445159912
-1.107790470123291
0.025446414947509766
-0.3935794234275818
0.3240244388580322
0.6175124645233154
-0.6429595947265625
-0.4817955493927002
-1.0026092529296875
-0.06785845756530762
-0.8618032932281494
0.29857754707336426
-0.45125913619995117
-0.03223276138305664
-0.0237504243850708
-1.864412784576416
-0.4648308753967285
-1.450475811958313
-1.5454775094985962
-0.812605619430542
0.1425027847290039
-0.09839475154876709
-0.6073336601257324
-1.7439639568328857
-0.6446558237075806
-1.7609282732009888
-0.8923394680023193
0.83805251121521
-0.429205060005188
-0.5292963981628418
-0.7159073352813721
-0.6785851120948792
-0.30875611305236816
-0.7701941728591919
-0.6565313339233398
-0.03392922878265381
-0.1798250675201416
-0.685370922088623
0.7243897914886475
-0.6734955310821533
-1.3673489093780518
-0.2782200574874878
-0.35286426544189453
-1.0255119800567627
-0.47840261459350586
-0.7464436888694763
-1.1196656227111816
-0.11196672916412354
0.26464831829071045
-0.5767972469329834
-0.22732603549957275
-0.061072707176208496
-0.17303907871246338
-0.3766148090362549
-0.373221755027771
0.2782198190689087
-0.4105440378189087
-0.3664360046386719
0.0848231315612793
0.06785869598388672
-0.5920655727386475
-0.06446552276611328
-0.0475010871887207
-0.5242069959640503
-0.7023355960845947
-0.2646481990814209
-0.644655704498291
0.6684062480926514
-1.163773536682129
-0.5428681373596191
-0.31554222106933594
-0.2578623294830322
0.2646481990814209
-0.3138456344604492
-0.04071521759033203
-0.6480488777160645
-0.9856449365615845
-0.47161662578582764
-0.4003652334213257
-0.037322044372558594
0.13232421875
-1.9678970575332642
-0.8821607232093811
-0.06785845756530762
0.2629516124725342
0.07464420795440674
-0.21036124229431152
-0.413936972618103
-1.3877066373825073
-0.5309927463531494
-0.5157247185707092
0.3019704222679138
-0.8244810104370117
-0.5021529197692871
-0.32911384105682373
-0.3426854610443115
-0.49536705017089844
0.020357608795166016
-0.12553834915161133
0.08482319116592407
-1.9220921993255615
0.01696467399597168
-0.33420324325561523
-1.2027922868728638
-0.8855535984039307
1.000913143157959
0.39188289642333984
-1.2757400274276733
-1.1875238418579102
-0.7159073352813721
-1.9000383615493774
-0.6446558237075806
0.2951846122741699
-0.24768352508544922
-0.12553822994232178
-0.6790084838867188
0.4258122444152832
-0.9262685775756836
-0.22054028511047363
-1.0043060779571533
0.4614379405975342
-0.7159074544906616
0.571708083152771
-0.31214916706085205
-0.8855535984039307
0.7345683574676514
-1.5556564331054688
-0.3189350366592407
0.45125913619995117
0.25107645988464355
-0.6056370735168457
-0.7125142812728882
-0.35286426544189453
-0.1458958387374878
0.08821606636047363
-1.380920648574829
-0.4919743537902832
-0.36134660243988037
0.37491846084594727
-0.4139368534088135
-0.6310840845108032
-0.3308100700378418
-0.4275085926055908
-0.5479576587677002
0.27821993827819824
-0.044108033180236816
-0.6242983341217041
-0.6209055185317993
-0.7600152492523193
-0.6344771385192871
-0.5089387893676758
-0.17303907871246338
-0.5106353759765625
-0.21036124229431152
0.1187523603439331
-0.17303919792175293
-1.3334197998046875
0.04071509838104248
-0.5530469417572021
0.07464432716369629
-1.5302095413208008
-0.15268182754516602
-0.13062763214111328
-0.26125532388687134
-0.6853710412979126
-1.5556564331054688
-0.5191175937652588
-0.2578624486923218
-0.12384200096130371
-1.250293254852295
-0.9330546855926514
-0.2375047206878662
-0.44108033180236816
-1.063681960105896
-0.14928889274597168
-0.6751922369003296
0.027143359184265137
-0.6785852909088135
-0.5225105285644531
0.010178565979003906
-0.8414454460144043
-0.3867936134338379
-0.21036124229431152
0.010178923606872559
-1.0280566215515137
-0.7701941728591919
-0.6887639760971069
-0.32572102546691895
-0.1560746431350708
0.3494710922241211
0.6463521718978882
1.1569877862930298
-1.3571703433990479
-0.07125139236450195
-0.7193002104759216
0.006785750389099121
-0.9839487075805664
-0.27991628646850586
-0.53947514295578
-1.0653786659240723
-0.8567136526107788
-1.5675315856933594
0.01696467399597168
-0.43768739700317383
-1.5471742153167725
-0.22393298149108887
-0.19678962230682373
-0.18321800231933594
-0.3596501350402832
-0.8482313752174377
-0.39357900619506836
-1.2078814506530762
-0.2867022752761841
0.1017877459526062
0.06785845756530762
-0.7430505752563477
0.1798250675201416
0.33250677585601807
-0.31214916706085205
0.4478663206100464
-0.5360823273658752
0.3935794234275818
-0.5801903009414673
-0.01696455478668213
-0.6141195297241211
-0.18661093711853027
-0.413936972618103
-0.45125913619995117
-0.39697229862213135
-0.05767977237701416
-0.7905517816543579
-0.6039408445358276
-0.6717993021011353
-1.8033400774002075
0.19000375270843506
-0.41054415702819824
-0.6242982149124146
-0.8855538368225098
-0.481795072555542
-0.1900038719177246
0.6022442579269409
0.05767977237701416
-0.24089765548706055
0.08143031597137451
0.2917916774749756
0.09839475154876709
0.10178768634796143
-0.6480488777160645
0.6107265949249268
0.10518085956573486
-0.6955498456954956
-0.3189350366592407
-1.087432861328125
-0.1933966875076294
-0.1289311647415161
-0.16286051273345947
-1.3062763214111328
-1.5573530197143555
-1.1502019166946411
0.15268170833587646
0.5394752025604248
0.3053632378578186
0.1458958387374878
-0.9737696647644043
-0.5937619805335999
-1.8932526111602783
0.6701029539108276
0.33420324325561523
-0.044108033180236816
0.5666186809539795
-0.5937619209289551
0.6378700733184814
-0.037322163581848145
-0.4241156578063965
0.13571703433990479
0.03392934799194336
-1.0314494371414185
-0.383400559425354
-0.70572829246521
0.5615291595458984
-0.2578622102737427
-1.219757080078125
-0.827873706817627
-0.44786620140075684
-2.062898635864258
-0.45125913619995117
-1.0076987743377686
-0.3291137218475342
0.5174211263656616
-0.4648308753967285
0.027143359184265137
-0.7769801616668701
-0.0475010871887207
-0.41054391860961914
-0.8499278426170349
-0.14250290393829346
0.4885812997817993
-0.8346596956253052
-0.4817953109741211
0.3392922878265381
-0.6005477905273438
-0.5225105285644531
-0.7532293796539307
-0.9635908603668213
-1.2740435600280762
-1.2010958194732666
-0.7294790744781494
-0.7328717708587646
-0.8278738856315613
-0.5666184425354004
-0.6582275629043579
-0.5292965173721313
-0.6972463130950928
0.9771625399589539
-1.0619858503341675
-0.0848231315612793
0.0950019359588623
-0.5259034633636475
-1.1892205476760864
0.01696467399597168
-0.5666185617446899
-1.0433247089385986
0.04410815238952637
-1.54887056350708
-0.6836745738983154
0.06785857677459717
-0.9228758811950684
-0.3223278522491455
0.04750096797943115
-0.8651959896087646
-1.1196653842926025
-0.020357608795166016
-0.1560744047164917
-1.4996733665466309
1.0755572319030762
-0.9737699031829834
-0.8380526304244995
-0.5869760513305664
0.6158159971237183
-1.2163639068603516
0.6887639760971069
-1.1400229930877686
-0.48518848419189453
0.07803726196289062
-1.063682198524475
-1.4784674644470215
-0.17303919792175293
-0.9228755235671997
-0.34607839584350586
-0.3426854610443115
-0.9398404955863953
-0.47840261459350586
-0.37661468982696533
-1.1705594062805176
0.413936972618103
-0.06785845756530762
0.2799164056777954
0.006785869598388672
0.31554222106933594
-0.9296616315841675
0.631084144115448
-0.6446558833122253
-1.8610197305679321
-1.2197566032409668
-2.057809352874756
-1.706641674041748
-1.604853868484497
0.7786765098571777
-0.04750096797943115
0.15946757793426514
-0.4580448865890503
0.41732990741729736
0.12384176254272461
-0.05089390277862549
-0.1832181215286255
-0.027143478393554688
-0.2408977746963501
-0.22054016590118408
-0.07464432716369629
-0.9737697839736938
-0.5106353759765625
-1.7100343704223633
0.054286956787109375
0.027143478393554688
0.18661081790924072
-0.15607500076293945
-0.27821987867355347
-0.9788591861724854
-0.3986687660217285
0.003392934799194336
-0.4478660821914673
-0.7328717708587646
-0.17643213272094727
-0.16455674171447754
-0.43090152740478516
-0.7023355960845947
0.1289311647415161
-0.061072587966918945
0.2578624486923218
0.3426854610443115
-0.49536705017089844
0.485188364982605
-0.12553834915161133
-0.15607476234436035
-0.6853709816932678
-1.8805291652679443
-1.343598484992981
0.36982887983322144
-0.2697376012802124
0.11535954475402832
-1.0628340244293213
-0.6548346281051636
0.44108009338378906
-0.6022443771362305
-1.436903953552246
-0.20696842670440674
-0.93984055519104
0.03392922878265381
0.1560746431350708
0.12214517593383789
-0.3698289394378662
0.5700116157531738
0.10178780555725098
0.2782200574874878
-0.47840258479118347
-1.1731040477752686
-1.0891292095184326
0.8414454460144043
0.18321800231933594
-0.3664359450340271
-0.8414454460144043
-0.6310842037200928
-0.6276912689208984
-0.525903582572937
0.14589571952819824
-1.14511239528656
-1.1230584383010864
-0.06785833835601807
-0.18152165412902832
-0.7837656736373901
-0.6141196489334106
0.14250290393829346
0.06785857677459717
-1.6947664022445679
-0.3867936134338379
-1.4335110187530518
-0.9975202083587646
-0.48518842458724976
0.13911008834838867
-0.2510765790939331
-0.5462610721588135
0.16964632272720337
-0.5089389085769653
-1.0110918283462524
-0.15268158912658691
0.030536293983459473
-0.037322163581848145
-0.8092129230499268
0.23750483989715576
-0.6005477905273438
-0.5055458545684814
-0.18152165412902832
0.22393321990966797
-0.8041234016418457
-0.617512583732605
-0.28500592708587646
-1.1485055685043335
-0.06785845756530762
-0.8244808912277222
-1.2893117666244507
-1.190916895866394
-0.817695140838623
0.8550171852111816
-0.6717994213104248
-0.4444732069969177
-0.11027002334594727
0.6768887042999268
-0.559832751750946
0.08143019676208496
0.17643225193023682
-0.6192089319229126
0.7600152492523193
-0.01696467399597168
0.08482301235198975
-0.3800077438354492
-0.0950019359588623
0.22393310070037842
-0.7057285308837891
-0.8007304668426514
-0.07125163078308105
-0.29518449306488037
-0.990734338760376
0.07803726196289062
-0.9517155289649963
-0.08143031597137451
-0.8295702934265137
0.1611638069152832
0.061072707176208496
-0.4885812997817993
0.030536293983459473
-0.35286426544189453
-0.7260860204696655
-0.3121492862701416
0.2035757303237915
-0.20527195930480957
-0.1034841537475586
-0.878767728805542
-0.6344769597053528
-0.30197036266326904
-0.3901865482330322
-0.8685890436172485
0.515724778175354
-0.7939445972442627
-0.6276911497116089
-1.209578037261963
-0.31723856925964355
-0.7362650632858276
-0.9262688159942627
-0.1900038719177246
-1.4453864097595215
-0.7091214656829834
-1.876287817955017
-0.31554198265075684
0.3189351558685303
-0.6548347473144531
-0.054286837577819824
0.16964638233184814
-0.5021529197692871
-2.2732605934143066
-1.1043970584869385
-1.2265424728393555
0.8109092712402344
-0.14419913291931152
-0.9237239360809326
-0.003392934799194336
0.7837660312652588
-0.8041234016418457
-0.15607452392578125
-0.4275085926055908
0.3155421018600464
-0.39357948303222656
-0.20018255710601807
0.35625720024108887
-1.0076990127563477
-0.7430506944656372
-0.12214529514312744
-1.2010955810546875
-0.22054016590118408
-0.8516244888305664
-0.4834918975830078
-0.30536335706710815
-0.8380527496337891
-0.45804500579833984
-0.46822381019592285
-1.1688628196716309
0.18661093711853027
0.45804500579833984
-0.5225105285644531
-0.515724778175354
-0.2731304168701172
-0.10518062114715576
-0.14928865432739258
-0.4478663206100464
-0.5700113773345947
-0.5089387893676758
-0.3986690044403076
1.0602892637252808
-0.2358083724975586
-1.4012782573699951
-0.07464456558227539
-1.0653786659240723
-1.097611427307129
-1.2384178638458252
-0.722693145275116
-0.8668925762176514
0.495367169380188
-0.7362648844718933
-0.1832178831100464
-0.549653947353363
-0.6684063673019409
-0.030536293983459473
-0.38509702682495117
-0.9160897731781006
0.006785869598388672
-0.8075162172317505
-0.013571619987487793
-0.1662534475326538
0.08482301235198975
0.2850058078765869
0.0950019359588623
-0.5292962789535522
-0.19678962230682373
0.49536728858947754
-1.0653784275054932
-0.3155421018600464
0.10518062114715576
0.6310842037200928
0.030536413192749023
-0.8618031144142151
-1.1824346780776978
-0.6276912689208984
-0.23411178588867188
-0.7617117166519165
0.4088475704193115
-0.922875702381134
-0.8448386192321777
-1.0416280031204224
0.6158161163330078
-1.6625337600708008
0.26125526428222656
-0.6582275629043579
0.3834007978439331
-1.2842223644256592
0.0475008487701416
-0.5259033441543579
-0.17643213272094727
-0.7837660312652588
0.6005477905273438
0.22054028511047363
-0.06446552276611328
-0.2646481990814209
-0.5700114965438843
-0.9601978063583374
-0.653138279914856
-0.9398404359817505
-0.576797366142273
-1.8169118165969849
-0.35286426544189453
0.4512590169906616
-0.7930965423583984
-0.6650134921073914
-0.030536353588104248
-1.184131145477295
-0.3698289394378662
-1.2214534282684326
0.07464426755905151
-0.35625720024108887
-0.10518062114715576
-0.5564398765563965
-0.7396577596664429
-0.8414455652236938
-1.0484139919281006
-0.9975203275680542
-0.5259034633636475
-0.06446552276611328
0.06785857677459717
0.5191175937652588
-1.1807382106781006
-0.7939444780349731
0.44956278800964355
0.1798250675201416
0.12214529514312744
-0.04071509838104248
0.20696842670440674
-0.4207228422164917
-0.6242982149124146
-0.6853710412979126
0.4716167449951172
-0.35625720024108887
-0.5801903605461121
-1.3181517124176025
-0.14250290393829346
-0.30705976486206055
0.2985774278640747
0.3969724178314209
-0.17982518672943115
-0.8991252183914185
-0.5292962789535522
-0.7057285308837891
0.1187523603439331
-1.1366300582885742
-0.6989426612854004
0.7040320634841919
-0.25446945428848267
-0.23750483989715576
-1.3503844738006592
-0.383400559425354
-1.4725298881530762
0.22562956809997559
-0.4309016466140747
-0.29857754707336426
0.48179543018341064
-1.0959150791168213
-0.2578623294830322
0.6107267141342163
-0.31214916706085205
-0.2171471118927002
-0.15607452392578125
-1.5251200199127197
-1.3181517124176025
-0.7226932048797607
-0.044108033180236816
0.2069683074951172
-1.1145762205123901
-0.17982512712478638
-0.2748270034790039
-0.2307189702987671
-0.13232409954071045
-0.04071509838104248
-0.2816128730773926
-1.1400229930877686
-1.3096692562103271
-0.2917916178703308
-0.010178804397583008
-0.8329633474349976
0.09160900115966797
-0.1458956003189087
-0.5700114965438843
-0.06107282638549805
-0.13571703433990479
-0.7057285308837891
0.25277280807495117
-0.4546520709991455
-0.31214916706085205
-0.24089789390563965
-0.35625720024108887
-0.3884899616241455
-0.5954583883285522
-0.5564398765563965
-0.6192090511322021
-0.14928865432739258
0.40375816822052
-0.9008218050003052
-1.3164551258087158
0.09160912036895752
-0.5971548557281494
0.878767728805542
-0.21205806732177734
-0.5988513231277466
-0.1798250675201416
0.07464432716369629
-1.67610502243042
-0.48518824577331543
0.8312666416168213
-1.143415927886963
-0.4512593746185303
-0.47161662578582764
-0.18661081790924072
-0.6302361488342285
-0.7125142812728882
2.300403594970703
1.099307894706726
-1.1298441886901855
-0.1425027847290039
-0.9941272735595703
0.9432332515716553
-0.37491822242736816
-0.5835832357406616
0.383400559425354
-1.1943098306655884
0.003392815589904785
-0.7057286500930786
-0.5089389085769653
-0.3053632974624634
-0.7226932048797607
-0.5326892733573914
-0.25446951389312744
-0.7820693254470825
0.6039408445358276
-1.0993077754974365
0.26464807987213135
-0.6989425420761108
0.027143478393554688
-0.4478663206100464
-0.3121490478515625
-1.1417195796966553
-0.5801903009414673
-0.4173297882080078
-0.8465348482131958
-0.35625725984573364
-1.1603807210922241
-0.5360822677612305
0.4325981140136719
-0.990734338760376
0.07125139236450195
-0.9568051099777222
-0.10857343673706055
-0.9551084041595459
-0.1696462631225586
-0.7260861396789551
-1.0178776979446411
-0.05089390277862549
-0.6819779872894287
-0.45465201139450073
0.12553822994232178
-0.685370922088623
-0.3189350366592407
-0.12214535474777222
0.33589959144592285
-0.5666183233261108
-0.3392925262451172
0.5360822677612305
-0.020357489585876465
-0.2307189702987671
0.2171473503112793
-0.4071509838104248
0.6378700733184814
-0.2137542963027954
-0.8567137718200684
-0.42750871181488037
-0.11196660995483398
-1.0467174053192139
-0.6429595947265625
-0.13571709394454956
0.4275085926055908
-1.0602891445159912
-0.525903582572937
-0.2748270034790039
0.3358997106552124
-0.09160900115966797
-0.6242982149124146
0.11027026176452637
-1.1417193412780762
0.13911008834838867
-0.2408977746963501
-0.2544693946838379
0.4563485383987427
-0.35625720024108887
0.7922481298446655
0.40206170082092285
-0.9517158269882202
-0.24429059028625488
-1.3198481798171997
-0.6616204977035522
-0.3155421018600464
0.7701941728591919
-1.1298444271087646
0.10518074035644531
-1.68119478225708
-0.4682239294052124
-0.07803726196289062
-0.7871588468551636
-0.20018267631530762
-0.9856449365615845
-0.6616206169128418
-0.722693145275116
-0.31214916706085205
-0.5157246589660645
0.27143406867980957
0.49197399616241455
-0.9737696647644043
-0.485188364982605
-0.1900038719177246
-0.5309927463531494
0.7464437484741211
-0.83805251121521
-0.8414455652236938
0.04071509838104248
-0.07803738117218018
-1.1722559928894043
-0.7803728580474854
-0.06446552276611328
0.1526816487312317
-0.8991254568099976
-0.4750096797943115
-0.2951847314834595
-0.7939447164535522
-0.6141197085380554
-0.36982882022857666
0.013571619987487793
-0.2850058078765869
0.40375816822052
-0.858410120010376
-1.9645037651062012
-0.6209053993225098
-0.934751033782959
-1.2791328430175781
0.5598328113555908
-0.4359910488128662
-1.7524460554122925
-0.7362648844718933
-0.37661468982696533
-0.530992865562439
-0.9449299573898315
-1.808429479598999
0.7854623794555664
-0.3426855802536011
-0.3562570810317993
-1.1281477212905884
-0.013571739196777344
-0.3426855802536011
-0.4173297882080078
-0.25107645988464355
-0.26125532388687134
-0.7701940536499023
0.8414455652236938
-0.3002738952636719
-0.6768887042999268
-0.3596501350402832
-0.7939445972442627
-0.037322163581848145
-0.4546520709991455
-0.21714723110198975
-0.07803750038146973
-0.4614379405975342
-0.7405059337615967
-0.19339680671691895
-0.6412630081176758
-1.1264513731002808
0.12553822994232178
-0.1883072853088379
-0.373221755027771
0.14250290393829346
-0.05428659915924072
0.22054004669189453
-0.3426855802536011
-0.9143933057785034
-0.39357924461364746
0.23411190509796143
0.0475008487701416
0.45804500579833984
0.2663447856903076
-0.19000375270843506
-0.5666185617446899
-0.5530468225479126
0.8092129230499268
0.04071509838104248
-0.18661105632781982
-0.4817954897880554
-0.6751924753189087
-0.5801901817321777
-0.3019702434539795
-0.9534119367599487
0.11196649074554443
0.40375804901123047
0.1560746431350708
-0.7973375916481018
-0.7837658524513245
-0.47840261459350586
0.36982887983322144
-0.31214916706085205
-0.14250290393829346
-0.5818866491317749
-1.950932502746582
-0.010178804397583008
-0.7905517816543579
-0.7752835750579834
-0.9771628379821777
-0.7362649440765381
0.37831127643585205
0.04750096797943115
-0.2578623294830322
-0.7260861396789551
-1.523423671722412
-0.2578623294830322
0.052590370178222656
-0.43768739700317383
-0.485188364982605
-0.46313440799713135
0.35625720024108887
-0.3189350366592407
-0.4885812997817993
-0.04071509838104248
-0.7939446568489075
-0.3664358854293823
-0.054286837577819824
-0.3901864290237427
-1.1671662330627441
-0.24429059028625488
-1.0246634483337402
-0.29518449306488037
0.8855535984039307
-0.06785845756530762
-0.31554216146469116
-0.04241180419921875
-0.8482314348220825
-0.18661093711853027
0.19339680671691895
-0.9296616315841675
0.25446951389312744
-0.7990338802337646
0.07464444637298584
0.13910984992980957
-0.49875974655151367
-1.0026096105575562
-0.8109092712402344
-0.7193002700805664
-0.9703768491744995
-0.5021530389785767
0.06446552276611328
-0.1289311647415161
0.0712515115737915
-0.01696467399597168
0.21036124229431152
-0.33759593963623047
-0.6242982149124146
-0.21205782890319824
0.6310842037200928
-1.4470829963684082
-0.08143031597137451
-0.21036159992218018
-0.5632256269454956
-0.21036136150360107
-0.40036535263061523
-0.3392925262451172
-0.5632257461547852
-0.15268182754516602
0.45125913619995117
-0.39697206020355225
-0.6209053993225098
0.09839487075805664
-0.6378700733184814
-0.30536317825317383
-0.30197036266326904
-1.5963716506958008
-0.1696462631225586
0.8041234016418457
0.9262686967849731
0.07464420795440674
-1.8186081647872925
0.15946757793426514
-0.8711342811584473
-0.8041234016418457
-0.3325066566467285
0.0848231315612793
-0.49197423458099365
-0.965287446975708
0.05089390277862549
0.18321794271469116
0.5920655727386475
-1.8050365447998047
-0.04750096797943115
0.10518062114715576
-1.245203971862793
-0.11875241994857788
-0.25107645988464355
1.3503844738006592
-0.7057285308837891
-1.2418107986450195
-0.3325066566467285
0.14928871393203735
0.31554198265075684
-0.7379612922668457
-0.9890377521514893
0.4105439782142639
0.40715086460113525
-0.2510765790939331
-0.46143782138824463
-0.07803726196289062
-0.3901865482330322
-0.7922484874725342
-0.3426855206489563
-0.04071509838104248
0.1289311647415161
-1.1349337100982666
-0.7193002700805664
-0.2137542963027954
-0.35625720024108887
-1.379224181175232
-0.7668013572692871
-1.3164551258087158
-0.6734956502914429
-1.2078814506530762
-0.6276912689208984
-0.8634994029998779
-0.4919741749763489
-0.5462610721588135
0.24429070949554443
-0.719300389289856
0.6310842037200928
-0.5292963981628418
-0.475009560585022
-1.3741347789764404
-1.0009132623672485
-0.003392934799194336
-0.3698289394378662
0.08143019676208496
0.6921567916870117
-0.13571709394454956
-0.6751923561096191
-1.2248462438583374
-0.5123317241668701
-0.6344770789146423
-0.07973372936248779
-0.21375441551208496
0.40036511421203613
-1.0687716007232666
-0.2510765790939331
-0.06446552276611328
-0.29518449306488037
-0.665013313293457
0.13571703433990479
-0.2069685459136963
-0.20018267631530762
-0.888946533203125
-1.472529649734497
-0.607333779335022
-1.0602895021438599
-0.995823860168457
0.9551085233688354
0.4241156578063965
0.17303919792175293
-1.1366300582885742
-0.5869762897491455
-0.8685890436172485
-1.1671664714813232
0.16286039352416992
-1.2061851024627686
-1.2282390594482422
1.067075252532959
0.1458958387374878
-0.4817955493927002
-1.3639564514160156
-1.245203971862793
-0.1798250675201416
-1.353777289390564
0.3664361238479614
-0.878767728805542
-0.3766148090362549
-0.1628604531288147
0.05428671836853027
-1.163773536682129