0.23071885108947754
0.8414455652236938
-0.0950019359588623
-0.14589571952819824
-0.5055459141731262
0.06446570158004761
-0.3596501350402832
-1.849144697189331
-0.7837657332420349
0.09160888195037842
-0.14928877353668213
0.06785839796066284
-0.7091213464736938
-0.419026255607605
0.7464436292648315
0.3121491074562073
-0.1560746431350708
-0.0950019359588623
-0.22054016590118408
-0.26125526428222656
-0.2850058078765869
-0.5530469417572021
-0.515724778175354
0.44108033180236816
-0.09160900115966797
-0.12384176254272461
1.2214531898498535
0.2883986234664917
-1.1671664714813232
-0.42411571741104126
0.1289311647415161
0.2816128134727478
0.20018267631530762
-0.11535942554473877
-0.6887637376785278
-0.7854622602462769
0.33929258584976196
-0.3291137218475342
-0.5089388489723206
-0.0712512731552124
0.09839487075805664
-0.3494713306427002
-0.4003652334213257
-0.6989426612854004
-0.2578623294830322
-1.3910996913909912
-0.22732603549957275
-0.19339686632156372
1.4063680171966553
0.20018255710601807
-0.23071908950805664
0.31214916706085205
1.7236061096191406
-0.12214529514312744
0.4173297882080078
-0.3223278522491455
0.5666186213493347
0.2171473503112793
0.5598326921463013
0.2714340090751648
-0.43090152740478516
0.37322187423706055
0.2544693946838379
-0.09839487075805664
0.6242983937263489
-0.5784939527511597
-0.7193001508712769
0.6141195893287659
0.14250290393829346
-0.505545973777771
-0.6701029539108276
-0.12553822994232178
-0.39697229862213135
-0.5326893925666809
-0.8550173044204712
1.1468089818954468
-0.9771625995635986
0.7803729772567749
0.2544693946838379
0.515724778175354
-0.35965001583099365
-0.5225104093551636
-0.4207226634025574
-0.5937620401382446
-0.04410815238952637
-1.1705594062805176
2.3546905517578125
0.8685889840126038
-0.15607452392578125
-0.003392934799194336
-0.27821993827819824
0.05767965316772461
0.5869760513305664
0.04071509838104248
0.15607452392578125
0.030536293983459473
-0.7532294988632202
0.413936972618103
0.14589595794677734
0.030536293983459473
-0.48179543018341064
0.6175123453140259
-0.8041234016418457
-1.175648808479309
0.7532294988632202
0.29518449306488037
0.7786763906478882
-0.7701941728591919
-0.6141195893287659
-0.6446559429168701
1.6862839460372925
0.06446552276611328
0.044108033180236816
0.2408977746963501
-0.495367169380188
-0.7939447164535522
-0.7362648844718933
0.01696467399597168
-0.46143776178359985
-0.2985776662826538
-0.0712515115737915
-1.0212706327438354
-0.6989426612854004
0.2714340090751648
0.2748270034790039
0.28500568866729736
-0.29179155826568604
-0.7091215252876282
-0.24768352508544922
-0.6650134921073914
0.12553822994232178
-0.7260861396789551
-0.10857367515563965
-0.8719819784164429
-0.05089390277862549
-0.4342944622039795
-1.8864666223526
0.8550172448158264
1.2197566032409668
-0.04071509838104248
0.4716166853904724
-0.597154974937439
-0.2375047206878662
0.7193003296852112
-0.3426854610443115
-0.33929258584976196
-0.5598326325416565
-0.6548346877098083
0.11196637153625488
-0.061072707176208496
-0.9635909199714661
0.4478660821914673
-0.03392922878265381
-0.1526816487312317
-0.6887639164924622
-0.641262948513031
0.027143478393554688
-0.576797366142273
0.4716167449951172
-0.12214541435241699
0.28839874267578125
-0.003392934799194336
0.6209053993225098
-0.4784024953842163
-0.0237504243850708
0.7532294392585754
-0.4478661119937897
-0.34607863426208496
-0.25107645988464355
0.0
-0.28500574827194214
0.2850058078765869
-0.08143019676208496
-0.23411178588867188
0.07464432716369629
-0.7430510520935059
-0.1458958387374878
-0.8346598148345947
-0.732871949672699
-0.8244810104370117
-0.3358997106552124
0.09500181674957275
-0.5292964577674866
0.1560746431350708
-0.10518074035644531
1.686284065246582
-0.17643213272094727
-0.4105440378189087
-0.037322163581848145
-0.5157246589660645
-0.26125532388687134
0.6310842037200928
0.3189350366592407
-0.6751922965049744
-0.12214529514312744
0.4648308753967285
0.5428681373596191
-0.6785851716995239
-0.6310842037200928
-0.30875611305236816
-0.33929258584976196
-0.11875247955322266
-1.1569875478744507
-1.0399315357208252
-0.6548345685005188
-0.06107264757156372
-0.8855538368225098
-0.33929258584976196
0.7108179330825806
-0.9228757619857788
0.35286426544189453
-0.8855537176132202
-0.1458958387374878
-0.2375047206878662
-0.3121490478515625
-0.22054022550582886
1.0857361555099487
-0.67179936170578
0.722693145275116
-0.3969724178314209
-0.3155421018600464
0.14928865432739258
-0.43429434299468994
-1.2485966682434082
-0.5666185617446899
0.10518074035644531
0.9228757619857788
0.061072587966918945
1.7948577404022217
-0.04071521759033203
-0.4088475704193115
-1.394492506980896
-0.413936972618103
-0.5869760513305664
0.5683150291442871
-0.5428680777549744
-0.7362648248672485
-0.1289312243461609
-0.5157247185707092
-0.26804113388061523
0.07464438676834106
-0.5021530389785767
-1.7490533590316772
0.22393310070037842
-0.24089771509170532
-0.33250677585601807
-0.26804137229919434
-0.2171468734741211
-0.2137542963027954
-0.9364475011825562
-0.4410804510116577
-0.03392934799194336
-0.5157246589660645
-0.6005478501319885
-0.1866108775138855
-0.9296616315841675
-0.2748270630836487
-0.10178756713867188
-0.1798250675201416
-0.48179543018341064
-1.5403882265090942
-0.8651961088180542
1.2689542770385742
-0.36304306983947754
-0.3358997702598572
0.07464432716369629
0.2612552046775818
-0.3596500754356384
-0.22902250289916992
-0.26804113388061523
-0.7362647652626038
1.2960975170135498
-0.5971550941467285
-0.5089389085769653
-0.38000762462615967
-0.31893491744995117
1.0823431015014648
-0.27143383026123047
0.07464432716369629
-0.16625332832336426
-1.2044885158538818
-0.03392922878265381
0.01696455478668213
-0.4139368534088135
-1.0043060779571533
0.020357370376586914
0.1458958387374878
0.3664360046386719
-0.15946745872497559
-0.13571703433990479
-0.42411577701568604
0.1560746431350708
0.44108033180236816
1.475922703742981
-0.010178923606872559
-0.17303913831710815
-0.18661093711853027
-1.1264512538909912
0.19678974151611328
-0.5394752025604248
0.0475008487701416
-0.5089389085769653
-0.6548346281051636
-0.1967896819114685
0.1764320731163025
-0.030536293983459473
0.2578623294830322
-0.03392922878265381
0.44786614179611206
-0.6751921772956848
0.19678986072540283
0.8414455652236938
-0.7193002700805664
-0.6412630081176758
-0.07125139236450195
-0.41054391860961914
0.5225104093551636
0.19000375270843506
-1.1943098306655884
0.7125144004821777
-0.18661093711853027
0.4750096797943115
-0.23071885108947754
0.14250284433364868
-0.4512590765953064
-0.2578623294830322
-0.9839483499526978
-0.5021529197692871
0.39357924461364746
-0.0067858099937438965
0.515724778175354
-0.17643201351165771
-0.04071509838104248
0.08821606636047363
-0.11196655035018921
-0.06446564197540283
-0.020357608795166016
-0.21036136150360107
-1.3300268650054932
-0.5903689861297607
-0.8787678480148315
1.7507498264312744
0.20018267631530762
1.306276559829712
0.42920517921447754
0.054286837577819824
0.7074249982833862
0.5021530389785767
-1.404671311378479
-0.22393321990966797
-1.5539599657058716
-0.97037672996521
0.27482688426971436
-0.20018261671066284
0.003392934799194336
0.10857367515563965
-0.4275085926055908
-0.5700114369392395
-0.33929264545440674
-0.6378698348999023
0.06785857677459717
-0.33589982986450195
-0.20018255710601807
0.010178744792938232
0.13571703433990479
-0.030536293983459473
-0.9059112071990967
-0.9059111475944519
1.031449556350708
0.061072707176208496
-0.36473965644836426
-0.46483081579208374
0.40375816822052
-0.6751922369003296
0.19339680671691895
-0.4410802721977234
-0.18661099672317505
0.3901864290237427
0.9975202083587646
0.35625720024108887
-1.3537774085998535
0.5632257461547852
1.6252113580703735
-0.2408977746963501
-0.549653947353363
-1.1434160470962524
-0.1798250675201416
0.40375816822052
-0.4105440378189087
0.2035754919052124
-0.8516243100166321
-0.8143022060394287
-0.26804113388061523
-0.22562956809997559
-1.0551998615264893
0.3426854908466339
-0.5801903009414673
0.2408977746963501
-0.42411553859710693
-0.26125532388687134
0.027143418788909912
-0.1560746431350708
0.05767977237701416
-0.020357608795166016
-0.04919743537902832
0.16625332832336426
0.40036535263061523
-0.020357489585876465
-0.5326892137527466
0.4275086522102356
0.505545973777771
-0.26804113388061523
0.5734044313430786
0.6242983341217041
1.1502017974853516
0.10178768634796143
-0.4275086522102356
0.06446558237075806
-0.48179537057876587
-0.9500191807746887
-0.010178804397583008
0.4682236909866333
-1.6319972276687622
-0.11535942554473877
-0.6785851716995239
-0.4817953109741211
-0.013571679592132568
-1.0382353067398071
0.010178804397583008
0.36982887983322144
-0.1933966875076294
0.10857361555099487
0.06107282638549805
-0.10518085956573486
-0.42411577701568604
0.7345684766769409
-0.3698289394378662
-0.4478660821914673
-0.8278738856315613
-0.22393310070037842
-1.0043058395385742
-0.1798250675201416
-0.6887637376785278
-0.08143019676208496
0.14250284433364868
0.21714723110198975
0.6548346877098083
-0.003392934799194336
-0.5360822081565857
-0.909304141998291
-0.25107645988464355
0.2578623294830322
-0.8210880160331726
-0.6209053993225098
-0.07803750038146973
1.655747890472412
-0.9975201487541199
-0.7125144004821777
0.12553822994232178
-0.685370922088623
0.14928877353668213
-0.11535942554473877
0.5462610721588135
1.3266339302062988
-0.6785852313041687
0.006785869598388672
0.3291137218475342
-0.3783116340637207
0.01696467399597168
0.3698289394378662
-0.08143019676208496
-0.17303907871246338
-0.1560746431350708
0.044108033180236816
0.2646482586860657
-0.2375047206878662
0.05428671836853027
-0.8719819188117981
-0.363042950630188
-0.10518074035644531
1.163773536682129
-0.33250659704208374
0.2273261547088623
-0.020357608795166016
1.2604719400405884
-0.3935794234275818
0.0712515115737915
0.32232797145843506
-0.32572078704833984
-0.6921568512916565
-0.46143782138824463
-0.7464437484741211
-1.0043060779571533
0.15437793731689453
0.006785869598388672
-1.2350250482559204
-0.24768364429473877
0.40375810861587524
-0.586976170539856
-0.07464444637298584
-0.5292964577674866
0.6378700137138367
-0.3867936134338379
0.14928877353668213
-0.45125913619995117
0.45804500579833984
0.3867936134338379
-0.7193002104759216
-0.7769800424575806
0.38679349422454834
-0.3189351558685303
0.4241156578063965
0.753229558467865
0.21714729070663452
0.515724778175354
-0.16964638233184814
-0.6175123453140259
0.010178804397583008
-0.34607839584350586
0.2035754919052124
0.6005480289459229
-0.4003652334213257
-0.38679349422454834
1.3402056694030762
-0.26125526428222656
-0.4410802125930786
-0.23750483989715576
0.25107651948928833
-0.7260861992835999
-1.0653786659240723
0.3596501350402832
1.1773452758789062
-1.2791330814361572
-0.8278738260269165
0.8007304668426514
-0.04071509838104248
0.12553822994232178
-0.44108033180236816
0.10178780555725098
0.3630431890487671
-0.33929258584976196
-0.4919741153717041
-0.061072587966918945
1.119665503501892
-0.257862389087677
0.09160888195037842
-0.10857367515563965
0.35625725984573364
-0.26125526428222656
-0.9805554747581482
0.13232409954071045
0.8312668204307556
-1.523423671722412
1.0518070459365845
-0.11535942554473877
-0.6310840845108032
-0.26464807987213135
0.23750483989715576
0.28839874267578125
-1.900038480758667
0.013571679592132568
1.562442421913147
0.8855535984039307
0.43090158700942993
0.24429064989089966
-0.24089771509170532
-0.8109091520309448
-0.43090152740478516
0.1526816487312317
-0.6141195893287659
-0.027143478393554688
0.2816128134727478
-0.8007305264472961
-0.9398403763771057
-0.2307189702987671
-1.3232409954071045
-0.5564398765563965
-0.06446576118469238
-0.24429064989089966
0.2951846122741699
-0.8855535387992859
0.15946745872497559
-0.033929288387298584
-0.3834006190299988
-0.4682237505912781
0.31214916706085205
-0.21375435590744019
-0.3053632974624634
0.3698289394378662
-0.21036136150360107
0.3664359450340271
-1.513244867324829
-0.1085737943649292
0.5394750833511353
0.13910984992980957
0.5428681373596191
-0.20018267631530762
-0.36982882022857666
0.1764320731163025
-0.6582275629043579
0.6310842037200928
-0.756622314453125
-0.7057285308837891
-0.5462609529495239
-1.053503394126892
-0.3019704818725586
-0.97037672996521
0.8618031740188599
-0.6310842037200928
-0.7803728580474854
0.41732990741729736
-0.16625332832336426
0.18661081790924072
-1.564138650894165
0.38340067863464355
-0.1187523603439331
-0.4784024953842163
0.4987599849700928
-0.1560746431350708
-0.6684063076972961
-0.47840267419815063
-0.9296616911888123
-0.11535942554473877
-1.4216358661651611
-0.2069685459136963
0.34438180923461914
-0.3358997106552124
-0.2816128730773926
0.6480487585067749
0.12214529514312744
-0.5225105881690979
-1.0178776979446411
0.4987601041793823
-0.30875635147094727
0.7532294988632202
0.3189350366592407
-0.797337532043457
-1.3435986042022705
0.16964638233184814
-0.32911378145217896
-0.3087562322616577
-0.5021530389785767
0.20357543230056763
0.027143478393554688
0.2646481990814209
-0.07125139236450195
0.4851885437965393
-0.21375441551208496
0.2646481990814209
-0.5292965173721313
0.8923394083976746
0.27482712268829346
1.4640474319458008
-0.05089384317398071
-0.4173298478126526
-0.17643213272094727
0.07803726196289062
-0.7939445972442627
0.2816128134727478
-0.27821993827819824
0.07464432716369629
-0.08143019676208496
-0.0237504243850708
-0.5462610125541687
1.2027921676635742
-0.5394752025604248
0.023750483989715576
0.6039407849311829
-0.4682236909866333
-0.6412630081176758
0.5462610721588135
-0.7125144004821777
0.6955497860908508
-0.3901863694190979
-0.3562570810317993
-0.9635909795761108
-1.03653883934021
0.5903689861297607
-0.45125913619995117
0.13910996913909912
-0.4241156578063965
1.4182429313659668
1.2960976362228394
-0.1526816487312317
0.30536335706710815
-0.04750096797943115
-0.20696836709976196
0.05428677797317505
-0.38679349422454834
0.6989427208900452
-0.04410809278488159
0.1526816487312317
0.7600154280662537
-0.5988514423370361
-0.651441752910614
0.2578623294830322
1.689677119255066
-0.19678974151611328
-0.3494713306427002
0.30536341667175293
0.14928865432739258
0.7939447164535522
-0.17982494831085205
-0.6039408445358276
0.6819779872894287
-0.7905516624450684
0.18321800231933594
-1.3198481798171997
-0.41393691301345825
-1.3707419633865356
0.05767965316772461
0.3019704222679138
1.8321800231933594
-0.36304306983947754
-0.48518839478492737
-0.5021529197692871
-0.7057287096977234
-0.6412628889083862
0.8821607828140259
-0.22902262210845947
0.0950019359588623
0.13232421875
-0.25107645988464355
-0.7854623794555664
0.6242983341217041
-1.414849877357483
-0.1628604531288147
-0.6751922369003296
0.3291137218475342
0.3325067162513733
0.49876004457473755
0.09839487075805664
-0.6717995405197144
0.5632257461547852
0.09160876274108887
0.7566225528717041
-1.8050363063812256
-0.14928865432739258
-0.4071510434150696
0.47840261459350586
0.061072707176208496
-0.13910990953445435
-0.7701941728591919
1.1094868183135986
1.323241114616394
-0.3664360046386719
0.04750096797943115
0.07803726196289062
0.24089765548706055
-0.549653947353363
0.23411190509796143
-0.4512590765953064
-0.16286039352416992
0.7498365044593811
-0.21036142110824585
-0.36304301023483276
-0.05767965316772461
-0.02035754919052124
-1.082343339920044
-0.09160900115966797
0.4580448865890503
0.853320837020874
-0.6446558237075806
-0.5801901817321777
1.3232409954071045
-0.5259034037590027
-0.6514416933059692
0.45125913619995117
0.49197423458099365
-0.4207228124141693
-0.15607452392578125
0.31554198265075684
0.17982500791549683
-0.12553811073303223
-0.8380525708198547
0.24768364429473877
-0.3155421018600464
-0.6582276225090027
-0.39697229862213135
0.14250290393829346
0.03732222318649292
-0.7905516624450684
1.0399317741394043
-0.36304301023483276
-0.919482946395874
1.7236061096191406
-0.6378699541091919
0.3664360046386719
0.003392934799194336
1.041628122329712
0.6497453451156616
-1.262168288230896
-0.2816128730773926
-0.11875241994857788
0.576797366142273
-0.0848231315612793
-1.391099452972412
0.6514415740966797
0.30875635147094727
-1.2621684074401855
-0.023750483989715576
0.912696897983551
-0.7498365640640259
-0.7125144004821777
0.5903689861297607
-0.29857754707336426
-0.19339674711227417
0.2408977746963501
-0.3358996510505676
0.5954586267471313
-0.8889464735984802
0.35965025424957275
0.30536335706710815
0.09160900115966797
-0.2951847314834595
0.0950019359588623
0.35286420583724976
-0.5835832953453064
-0.8753747940063477
0.3189350366592407
-0.04071509838104248
0.6344770789146423
-0.20018243789672852
0.19678962230682373
-0.16625332832336426
-0.7464435696601868
0.7803729176521301
0.15946757793426514
-0.6819778680801392
-0.19339680671691895
-0.485188364982605
1.4114571809768677
1.4352076053619385
-0.020357608795166016
0.14589571952819824
-0.10178768634796143
-0.16964632272720337
-0.05767977237701416
0.1017877459526062
1.3232409954071045
-0.27143406867980957
-0.3426854610443115
-0.1696462631225586
1.5505670309066772
-0.22393310070037842
-0.3087562322616577
-0.9211795330047607
0.3257209062576294
-1.140022873878479
-0.8991252183914185
-0.2917916178703308
0.8651961088180542
1.1671664714813232
0.04071509838104248
-0.12214541435241699
-0.5496540069580078
-0.2646481394767761
-0.22732597589492798
-0.4682236909866333
-1.2010955810546875
1.5878894329071045
-0.07125139236450195
-0.11875247955322266
0.5937619209289551
0.2917916774749756
-0.4105439782142639
-1.3402056694030762
0.0848231315612793
-0.5835831761360168
-0.576797366142273
0.26973772048950195
-0.020357489585876465
0.42750853300094604
-0.43090152740478516
0.45125913619995117
0.0016963481903076172
0.5869761109352112
-0.4342944622039795
-0.8719819188117981
0.25107651948928833
2.0357556343078613
0.4139368534088135
-0.3426855206489563
0.13910990953445435
0.19000381231307983
-0.20357561111450195
0.15607452392578125
-0.3664360046386719
-0.23750483989715576
0.14250290393829346
-0.15268158912658691
-1.1875240802764893
0.413936972618103
0.30705976486206055
-0.03392922878265381
-0.576797366142273
-0.057679682970047
-0.2137542963027954
0.04071509838104248
-0.6480488181114197
-0.08143019676208496
0.7430506944656372
-0.09160900115966797
-1.3164552450180054
0.1526816487312317
-0.393579363822937
0.18321794271469116
-0.06446558237075806
0.06446564197540283
-0.6785851716995239
-0.7362648844718933
0.3596501350402832
1.1094865798950195
-0.7871588468551636
-0.22393321990966797
0.054286837577819824
-0.5598328113555908
-0.24089765548706055
-1.2859187126159668
-0.26125526428222656
1.1332372426986694
-0.35625720024108887
-0.8075162768363953
-1.0212706327438354
0.13232403993606567
-0.5055459141731262
0.2917916774749756
-0.21714723110198975
0.5632256865501404
-0.27821987867355347
-0.7939445972442627
-0.5632256269454956
-1.7100343704223633
0.41054391860961914
-0.26804089546203613
-0.6446558833122253
-0.12553822994232178
-0.3562573194503784
-0.27143412828445435
0.24089765548706055
0.2578623294830322
1.3656525611877441
-0.5394752025604248
-1.0585927963256836
0.30197036266326904
0.4580451250076294
0.2578623294830322
-2.429334878921509
-0.6616203784942627
0.38340044021606445
-0.25107645988464355
-0.020357608795166016
-0.4750096797943115
1.4419934749603271
0.797337532043457
-0.40715110301971436
-0.2883985638618469
0.6209055185317993
0.7159072756767273
0.02035742998123169
0.6480487585067749
-0.5428681373596191
-0.5937620401382446
-0.8482313752174377
1.1671664714813232
-0.5767974257469177
-0.15607458353042603
1.4962801933288574
-0.8244808912277222
-0.6209054589271545
0.010178685188293457
-0.5937620401382446
-0.3494713306427002
-0.8889466524124146
-1.6014609336853027
0.2951847314834595
-0.06785833835601807
-0.6717992424964905
0.30197036266326904
-0.5157248973846436
0.380007803440094
0.9805554151535034
0.2171473503112793
-0.23411190509796143
-0.17303931713104248
-1.0993080139160156
-0.6802816390991211
-0.061072707176208496
0.33929258584976196
-0.49197423458099365
0.67519211769104
-0.37661468982696533
-0.4173297882080078
-0.2544693946838379
0.15607452392578125
0.06446564197540283
0.12214529514312744
0.3019704222679138
0.3969722390174866
0.28500568866729736
-0.27482688426971436
1.3300268650054932
1.4623509645462036
0.41732990741729736
0.1967896819114685
-0.5734044313430786
0.8787678480148315
-0.03732222318649292
0.7701941132545471
-0.0950019359588623
-0.11196660995483398
-1.2842223644256592
-1.0450211763381958
1.6387830972671509
-0.6650134921073914
-0.2035754919052124
-0.6989427804946899
-0.10518068075180054
-0.29179155826568604
-0.787158727645874
-0.027143418788909912
-0.20018267631530762
-0.003392934799194336
0.037322163581848145
-0.2408977746963501
-0.5326893925666809
0.7396577596664429
-0.037322044372558594
-1.2791329622268677
0.4682236909866333
0.08482319116592407
-0.044107913970947266
-0.020357608795166016
-0.48858124017715454
-0.9126970171928406
-0.006785869598388672
-0.6802815198898315
1.5454775094985962
0.06446564197540283
0.0848233699798584
-0.7464436292648315
0.01696467399597168
0.6073337197303772
-0.27821993827819824
0.6412628889083862
-0.6175123453140259
-0.14928865432739258
-0.38679349422454834
0.35286426544189453
0.28500592708587646
-0.10518074035644531
0.3291137218475342
0.16964632272720337
0.010178804397583008
-0.3664359450340271
0.13910990953445435
-1.1739522218704224
-0.2646479606628418
-0.3223279118537903
0.3664360046386719
-0.8753749132156372
0.16286051273345947
-1.3978852033615112
-1.2350246906280518
0.1560746431350708
0.9194828271865845
-0.6039407253265381
-0.3867935538291931
0.47161665558815
0.34607839584350586
-0.5360822677612305
0.3528642952442169
-0.26125550270080566
0.44108036160469055
1.201095700263977
-0.23071885108947754
-0.8380526900291443
1.123058557510376
-0.22054016590118408
0.12553822994232178
-0.027143359184265137
0.6175124645233154
0.5089387893676758
-0.3308103084564209
-0.46822381019592285
-0.30197030305862427
-0.5530469417572021
-0.02035754919052124
-0.04071509838104248
-0.9228758215904236
-0.4885813593864441
-0.010178685188293457
0.04071509838104248
-1.1875238418579102
-1.1977028846740723
-0.41732990741729736
-0.030536293983459473
-0.43090152740478516
-0.13571703433990479
-0.6717993021011353
-0.38000786304473877
0.3189350366592407
1.112879753112793
-0.06446564197540283
-0.5937619805335999
-0.4309016466140747
0.3426854610443115
0.597154974937439
-0.2883986830711365
-0.30536341667175293
-0.6921567916870117
-0.7057285904884338
-0.5428680777549744
0.27482688426971436
-1.686284065246582
-0.8041234016418457
0.6972463130950928
-0.922875702381134
0.18661093711853027
-0.061072707176208496
0.21375441551208496
-0.14928871393203735
-0.29857754707336426
0.01696455478668213
0.010178804397583008
0.28839874267578125
0.7498365640640259
-0.27821993827819824
-1.2418107986450195
0.4444732666015625
-1.241810917854309
-0.7226932048797607
0.6785851716995239
0.37322187423706055
-0.43090152740478516
-0.5259035229682922
-0.07464432716369629
-0.1458958387374878
0.20357543230056763
0.9093040227890015
-0.6310842633247375
-1.0619856119155884
0.1560746431350708
1.099307894706726
0.02375054359436035
0.2816128730773926
-0.3053632974624634
-0.24089771509170532
-1.1366300582885742
-0.9364476203918457
0.6107265949249268
-0.3460783362388611
-0.3698289394378662
-0.2069684863090515
-0.29857754707336426
0.09839487075805664
-0.5632256269454956
0.9907342791557312
-0.10518074035644531
-1.4538685083389282
-0.5496538877487183
-0.013571858406066895
-0.5428681373596191
-1.2316322326660156
-0.6751921772956848
0.08143025636672974
-0.17303919792175293
0.6242983341217041
0.8312668204307556
-0.35286426544189453
-0.5259033441543579
-0.08821606636047363
-0.08312678337097168
-0.06785857677459717
0.057679712772369385
-0.5191174745559692
-0.04410815238952637
-0.5326894521713257
-0.8618030548095703
-0.4342944622039795
0.41393691301345825
0.40375816822052
0.13910996913909912
0.2850058078765869
0.32063162326812744
0.5767973065376282
-0.7735872268676758
0.15607458353042603
0.6785852313041687
-0.0237504243850708
-0.6785851120948792
-0.41393691301345825
-0.003392815589904785
-0.15268170833587646
-0.4207228422164917
-0.35625725984573364
0.4275085926055908
0.3494713604450226
-0.7668012380599976
-0.47840261459350586
-0.6751922965049744
-1.0246636867523193
0.24089765548706055
0.5259034633636475
0.8041233420372009
0.18321800231933594
0.6242982745170593
-0.6107268333435059
-1.2587755918502808
-0.0033930540084838867
0.9126970171928406
-0.04071509838104248
-0.030536293983459473
-0.8380526304244995
-0.10857367515563965
0.03392934799194336
-0.11535942554473877
0.5445643663406372
-0.07464432716369629
-1.5539599657058716
-1.3673491477966309
0.5903691053390503
0.2527730464935303
-0.4648308753967285
0.1017877459526062
-0.3291137218475342
-0.23411190509796143
-0.3019704222679138
-0.4309014081954956
0.0848231315612793
0.003392934799194336
0.14928877353668213
-1.2689540386199951
-0.27482694387435913
-0.21375441551208496
-0.3189351558685303
-0.383400559425354
-0.6717991828918457
-0.5937620401382446
-0.44447314739227295
-1.5132447481155396
0.14928865432739258
-0.413936972618103
0.9568050503730774
-0.4936707019805908
0.3664359450340271
0.1289311647415161
-0.4885812997817993
0.40375816822052
0.22393298149108887
0.9093040227890015
0.5988514423370361
-1.2859188318252563
-0.9873414635658264
1.1332372426986694
0.8414455652236938
0.13232403993606567
-0.40036535263061523
-0.23750483989715576
-0.5835831165313721
0.04071509838104248
1.7711071968078613
-0.6412627696990967
1.0348422527313232
-0.45465201139450073
-0.05767965316772461
-0.5326894521713257
-2.432727813720703
0.1798250675201416
-0.5292963981628418
-0.20018267631530762
0.10178780555725098
0.9398404359817505
-0.393579363822937
1.3673491477966309
-0.597154974937439
-0.054286837577819824
-0.6480488777160645
-0.10518074035644531
0.6599241495132446
0.22393310070037842
-1.4962804317474365
-0.5394752025604248
-0.17812848091125488
-0.11875247955322266
0.10687708854675293
-0.5666185617446899
0.07803738117218018
-1.0653786659240723
0.5937619805335999
-0.4716167449951172
-0.1289311647415161
-0.48688507080078125
0.2171473503112793
-0.14928877353668213
0.8685889840126038
0.054286837577819824
0.6480488777160645
0.1662534475326538
0.03392934799194336
-0.08821600675582886
0.36304306983947754
-0.13232421875
-0.25107645988464355
0.027143239974975586
0.47840258479118347
-0.22393310070037842
0.8075162172317505
-0.18321800231933594
-0.8448383808135986
-0.505545973777771
-0.7905517220497131
1.2010955810546875
-0.4885812997817993
0.15946757793426514
0.1425027847290039
0.07803714275360107
0.21375435590744019
0.25107651948928833
1.0653786659240723
-0.14250284433364868
-0.30875635147094727
-0.010178804397583008
0.0
0.2850058078765869
-0.18661093711853027
-0.485188364982605
-0.11027026176452637
-0.43090152740478516
-0.4410802721977234
-0.641262948513031
-0.9703766703605652
-0.9160898327827454
0.413936972618103
-0.40036535263061523
-0.30197036266326904
-0.12214541435241699
-0.13571703433990479
-0.7260860204696655
0.04071509838104248
-0.17473578453063965
-0.9500192403793335
0.6446558237075806
-0.11705589294433594
0.030536353588104248
-0.3392925262451172
0.16625332832336426
-0.12553828954696655
-0.8821606636047363
1.2774364948272705
-0.4614379405975342
-0.2714340090751648
0.2646481394767761
-0.4173298478126526
0.709121584892273
0.06107282638549805
-1.194309949874878
0.3087562918663025
-0.19339680671691895
-0.44786620140075684
0.597154974937439
0.12553822994232178
-1.031449556350708
-1.082343339920044
1.61503267288208
-0.13910996913909912
0.20018255710601807
-0.8584103584289551
0.4342944622039795
0.42750871181488037
0.32911384105682373
-0.15607476234436035
-0.6107265949249268
-0.37322181463241577
0.21714729070663452
-0.43768739700317383
-0.07464432716369629
-0.32232797145843506
-0.38000771403312683
-0.07464444637298584
-0.030536293983459473
0.9025182723999023
-0.1798250675201416
-0.5801903605461121
-0.25107645988464355
-0.8753748536109924
-0.13910996913909912
0.003392934799194336
1.4419934749603271
0.061072587966918945
-1.0484141111373901
0.12384176254272461
-0.4173298478126526
-1.10270094871521
-0.1933966875076294
0.11875241994857788
1.7592319250106812
-0.054286837577819824
-0.37152528762817383
-0.6022443771362305
0.1017877459526062
-0.9262687563896179
0.18661093711853027
-0.7464436292648315
-0.9160898923873901
0.17303919792175293
0.38000768423080444
0.2714341878890991
-0.22054022550582886
-0.2816128134727478
-0.4139368534088135
-0.45804500579833984
0.26804119348526
0.03392922878265381
0.7905517220497131
-0.08143019676208496
-0.30875635147094727
-0.06107264757156372
-1.1400229930877686
0.02035754919052124
-0.12384152412414551
-0.003392934799194336
-0.475009560585022
0.42411577701568604
0.7701942324638367
-0.6819779872894287
-0.20696842670440674
0.027143478393554688
0.48518842458724976
-0.4003652334213257
-0.4580448865890503
-0.7837659120559692
0.1560746431350708
0.030536413192749023
0.11875247955322266
-0.3664360046386719
0.36982882022857666
1.16886305809021
-1.2485966682434082
0.14250290393829346
-0.4139370322227478
0.09839487075805664
0.53947514295578
0.14928865432739258
-0.4207228422164917
1.2893117666244507
-0.4309016466140747
-0.3121492862701416
1.701552391052246
-0.4512590765953064
-0.22902250289916992
-0.07464432716369629
0.5666185617446899
-0.5632257461547852
-0.0033930540084838867
-0.990734338760376
-0.7871588468551636
-0.10687708854675293
-0.08821606636047363
-0.40715110301971436
-0.22054016590118408
-0.6344770789146423
-0.17643213272094727
0.8821604251861572
-0.36304301023483276
-0.10178780555725098
-0.6209054589271545
-0.19678974151611328
-0.19000375270843506
-0.01357179880142212
0.06785845756530762
-1.3096693754196167
0.5666184425354004
-0.2951846122741699
-0.2578623294830322
0.14928880333900452
-0.6616204977035522
-0.485188364982605
1.543781042098999
-1.153594732284546
0.45804500579833984
-0.3969722390174866
-0.4987602233886719
-0.3528643846511841
-0.495367169380188
-1.5488708019256592
-0.35286420583724976
0.3596500754356384
-0.030536353588104248
0.4546520709991455
0.8550171852111816
-0.40375810861587524
-0.40715110301971436
-0.4275085926055908
-0.5801902413368225
-0.4054546356201172
-1.333419919013977
-0.5801902413368225
0.899125337600708
-0.844838559627533
-0.26125526428222656
0.6887637376785278
-0.42072296142578125
-0.14589571952819824
0.7803728580474854
-0.631084144115448
0.7634083032608032
-0.4648309350013733
-0.4003652334213257
-0.8821605443954468
-0.08143019676208496
-0.44786620140075684
-0.6141195297241211
0.41054391860961914
-0.6310842037200928
-1.6116396188735962
-0.5259034633636475
-0.8584102392196655
-0.1662534475326538
0.393579363822937
-0.67179936170578
-0.3766148090362549
-0.6887638568878174
-0.5157247185707092
-0.22393310070037842
1.4216359853744507
-0.14928871393203735
-0.11875247955322266
0.07464432716369629
-0.34607839584350586
-0.3019704818725586
-0.20018267631530762
-0.3053632378578186
-0.1798250675201416
1.594675064086914
-0.42411571741104126
-1.3978855609893799
-0.2578623294830322
-0.47500962018966675
0.53947514295578
1.1502019166946411
-0.3664360046386719
-0.19339680671691895
-0.7820693254470825
-0.38679349422454834
-0.6378700733184814
0.054286837577819824
-0.3257209062576294
-1.3266339302062988
-0.006785869598388672
0.13910996913909912
-0.43429452180862427
-0.11196660995483398
1.2299355268478394
-0.9025181531906128
0.11535942554473877
-0.9398404359817505
-0.5734044313430786
0.18661081790924072
-0.6378700733184814
0.9737696051597595
0.10518062114715576
-1.0246635675430298
-0.2646481990814209
-0.27821993827819824
-0.23750483989715576
0.49536705017089844
-0.46652746200561523
-0.7735869884490967
0.003392934799194336
-0.061072707176208496
0.08143019676208496
1.0144848823547363
-0.9364475011825562
-1.3028833866119385
0.02714359760284424
-0.3901866674423218
0.775283694267273
-0.21375423669815063
-1.2282390594482422
-0.7159073352813721
0.9160898923873901
-0.5564397573471069
0.22054028511047363
1.2010958194732666
-0.14928877353668213
-0.26804113388061523
0.05767977237701416
0.0
0.7735870480537415
0.21036136150360107
0.22732603549957275
0.4444732666015625
-0.35965001583099365
-0.39697229862213135
0.3189350366592407
0.5089389085769653
-0.5632256865501404
-0.3596501350402832
-0.16286039352416992
0.4885812997817993
-0.25107645988464355
0.2544693946838379
0.6005477905273438
0.2578623294830322
-0.04750096797943115
0.14928871393203735
0.08143019676208496
-0.7328718900680542
0.5530468225479126
-0.7735870480537415
0.6819779872894287
-0.45804500579833984
-0.24089765548706055
0.23750483989715576
0.13910996913909912
0.3358997106552124
-0.6887639164924622
1.5777103900909424
-0.6480487585067749
-0.15946745872497559
-0.5360821485519409
-0.13571691513061523
0.24768340587615967
-0.5428680181503296
-0.2985774278640747
0.07464432716369629
1.0178778171539307
0.6480488181114197
-0.1289311647415161
0.42072272300720215
-0.3834006190299988
-1.7202134132385254
-0.9398404359817505
0.030536293983459473
0.6175124049186707
0.07125145196914673
0.3494712710380554
-0.4173297882080078
-0.20357555150985718
-1.7846788167953491
-0.7226932048797607
0.07125139236450195
0.6548346281051636
-0.9873415231704712
0.0950019359588623
0.7057285904884338
-0.2578623294830322
-0.3053632974624634
-0.09839487075805664
-1.0840399265289307
-0.2273259162902832
-0.0848228931427002
0.9805552959442139
-0.4546520709991455
0.17303913831710815
0.6717993021011353
-0.22393310070037842
-0.08143019676208496
0.8244809508323669
-0.3308103084564209
0.061072587966918945
0.5700116157531738
0.24429070949554443
0.9873412847518921
0.16625356674194336
-0.08821600675582886
-0.10178768634796143
0.4919743537902832
-0.5326894521713257
-0.044107913970947266
-0.010178804397583008
-0.2748270034790039
0.4088475704193115
-0.6344770193099976
-0.2578623294830322
-0.13232421875
0.7091215252876282
0.7837657928466797
-0.570011556148529
-0.5530468225479126
-0.6650135517120361
-0.7600153684616089
-0.5530469417572021
0.7905516624450684
0.5700114965438843
0.11535942554473877
0.39357930421829224
-0.5835831165313721
-0.8007303476333618
-0.3087562322616577
-0.3358996510505676
-0.5259034633636475
-0.2646481990814209
0.21714723110198975
-0.33589959144592285
-0.08821612596511841
-0.22054028511047363
-0.006785869598388672
0.7600154876708984
-0.5835831761360168
0.5038495063781738
-0.5530468821525574
-0.44786620140075684
0.3358997106552124
0.3155421018600464
-0.3664359450340271
0.5801903009414673
-0.6141195297241211
-0.6446558237075806
-0.28839850425720215
-0.01696467399597168
-0.16286039352416992
-0.020357728004455566
0.6853710412979126
0.1560746431350708
-0.3460783362388611
0.25446945428848267
0.6310840249061584
0.13232409954071045
0.13910996913909912
-0.21714723110198975
0.6073336601257324
-0.9228758215904236
0.5174212455749512
-0.10178768634796143
-0.4003652334213257
-0.278219997882843
-0.061072587966918945
-0.4207228422164917
0.4750096797943115
0.1662534475326538
0.29518455266952515
0.037322163581848145
1.4793155193328857
0.4444732666015625
0.04071509838104248
0.2307189702987671
1.2282390594482422
-0.25446945428848267
-0.586976170539856
0.037322282791137695
0.08143019676208496
1.1875240802764893
-0.20018267631530762
-0.10178780555725098
-0.21884369850158691
0.23071902990341187
-0.24768352508544922
-0.30536335706710815
0.28839874267578125
-0.2544693946838379
-0.08143007755279541
-0.2850058078765869
-1.2740436792373657
-0.13062763214111328
0.43090152740478516
-0.15777087211608887
-1.5760139226913452
-0.5428681373596191
0.7091214060783386
-0.09839487075805664
-0.47500962018966675
0.7362648844718933
-0.20357561111450195
0.35286426544189453
-0.3596500754356384
0.6480488777160645
-0.817695140838623
0.03732210397720337
-0.006785750389099121
-0.6684063673019409
0.2408977746963501
-0.40715116262435913
-0.5394749641418457
0.2408977746963501
-0.8753748536109924
-1.0755573511123657
-0.3257208466529846
0.14928871393203735
0.3019702434539795
-0.16286051273345947
-1.3266339302062988
-0.19678974151611328
0.5903690457344055
0.14250284433364868
-0.09160900115966797
0.3291137218475342
1.3775277137756348
0.8346598148345947
-0.38679349422454834
0.47161662578582764
-1.0043058395385742
-0.5801903009414673
0.24429064989089966
0.05428677797317505
0.3664358854293823
0.6650134921073914
-0.3291137218475342
-0.2646481990814209
-0.41732990741729736
-0.1967896819114685
-0.02375054359436035
-0.5835831165313721
1.7032487392425537
0.35116779804229736
-0.8584101796150208
-0.044108033180236816
-0.47161662578582764
-0.0033928751945495605
-1.016181468963623
0.07125145196914673
-0.12893104553222656
0.4750094413757324
0.5055458545684814
0.27821987867355347
-0.776979923248291
0.5496540069580078
-0.2035754919052124
-0.8244809508323669
-0.01696467399597168
-0.18321800231933594
0.4376875162124634
-0.1662534475326538
-0.26804107427597046
0.05089390277862549
0.5734044909477234
-0.13571715354919434
-0.9975200295448303
-0.3426854610443115
-0.0475008487701416
0.06446558237075806
-0.327417254447937
-1.1196653842926025
-0.2544693946838379
-0.7159072160720825
-0.5462610721588135
0.22393310070037842
0.6039407849311829
-0.6887638568878174
0.037322163581848145
-0.10857361555099487
-0.5055459141731262
-0.44786614179611206
0.5089390277862549
-0.5021530389785767
-0.6005479097366333
-0.8024269342422485
-0.6276912093162537
-0.4919741153717041
-0.010178685188293457
-0.7803729176521301
0.3189351558685303
-0.38000762462615967
0.393579363822937
0.6276912689208984
-0.16625332832336426
0.8346595764160156
0.4309016466140747
0.5089389085769653
0.15268170833587646
-0.352864146232605
-0.7023355960845947
-0.20357543230056763
-0.3155421018600464
-0.45804500579833984
-0.2578623294830322
0.41732990741729736
-0.1832180619239807
-0.14250290393829346
-0.05089390277862549
-0.21375435590744019
-0.32232803106307983
-0.1187523603439331
-0.23071891069412231
-0.45804500579833984
-1.604853868484497
-0.776979923248291
-0.19339680671691895
-0.6616204977035522
-0.5632256865501404
0.5394750833511353
-0.2578623294830322
0.5157246589660645
-0.41732990741729736
-0.19339656829833984
-0.4987601041793823
-0.12214529514312744
0.7328717708587646
-0.5734046101570129
-0.2748270034790039
-0.16794991493225098
-0.5903690457344055
-0.125538170337677
1.2418107986450195
-0.8448386192321777
-0.7294789552688599
0.32572078704833984
-0.5937619209289551
1.2791328430175781
-0.5598326921463013
-1.6116397380828857
-0.030536532402038574
-0.2917916774749756
-0.02035754919052124
-1.0314494371414185
0.09839475154876709
0.3358996510505676
0.5632257461547852
0.5021530985832214
-0.0950019359588623
0.21205782890319824
-0.485188364982605
1.942449927330017
-0.33929264545440674
0.06785845756530762
-0.8923394083976746
0.28500574827194214
-0.33929258584976196
-0.6480488777160645
0.2748270034790039
0.05089378356933594
-0.7566226124763489
0.11875247955322266
-0.04071497917175293
0.3257208466529846
-0.09160900115966797
-0.2748270630836487
-0.8736782073974609
-0.0237504243850708
-0.6005477905273438
0.25446951389312744
-0.6209053993225098
0.040715157985687256
-0.7803729772567749
0.4376875162124634
0.2544693946838379
-0.25107645988464355
-0.8041234016418457
-0.023750483989715576
-0.11196649074554443
-0.47500962018966675
0.05428671836853027
0.33929258584976196
-0.13232409954071045
-0.037322163581848145
0.0475010871887207
0.45804500579833984
-0.38170409202575684
-0.7226933240890503
0.10857367515563965
0.3155421018600464
-0.11535942554473877
0.8889466524124146
-0.21714723110198975
0.581886887550354
-0.5360822677612305
-1.1841310262680054
0.04071509838104248
-0.08482301235198975
-0.07464444637298584
0.5428681373596191
-0.8855536580085754
0.3358996510505676
-1.1230584383010864
0.3562571704387665
0.7566224336624146
-0.6684062480926514
-0.003392934799194336
0.5564398765563965
-0.6989427208900452
0.0950019359588623
-0.27821993827819824
-0.36982882022857666
0.5801902413368225
-0.1730392575263977
-0.2544693946838379
-0.47161662578582764
-0.28500574827194214
0.709121584892273
-0.5428681373596191
0.570011556148529
0.1289311647415161
-0.6548346281051636
-0.7362648248672485
0.5055458545684814
-0.3053632974624634
0.2748270034790039
-0.7532296180725098
1.2146674394607544
1.7100346088409424
-0.3257209062576294
1.0484139919281006
-1.0959150791168213
0.17643213272094727
-0.4682236909866333
0.31214916706085205
0.19339686632156372
-0.12214517593383789
-1.3062763214111328
0.07125139236450195
0.37661463022232056
0.363042950630188
-0.27821993827819824
-0.08482325077056885
-0.7769800424575806
-0.8278738260269165
0.45804494619369507
-0.09839481115341187
0.8855534791946411
-0.45125913619995117
-0.5242071151733398
-0.4207228422164917
0.4410804510116577
-0.21375435590744019
1.2146674394607544
0.010178744792938232
-0.5225104093551636
-0.2137542963027954
0.9737696647644043
-0.17982512712478638
-0.6548346281051636
0.7074249982833862
-0.5734045505523682
0.08821606636047363
-0.3189348578453064
0.49876004457473755
0.48349201679229736
-0.07464438676834106
-0.383400559425354
-0.3121492266654968
-0.8414456248283386
0.15268170833587646
-0.45465195178985596
-0.4478660821914673
-0.18491458892822266
-0.3766147494316101
0.0712512731552124
0.0067858099937438965
-0.12553822994232178
0.33929240703582764
-2.1714725494384766
0.3562573194503784
0.27821993827819824
-0.6344770193099976
-0.5903689861297607
-1.752446174621582
0.47840267419815063
0.0950019359588623
-0.2748270034790039
0.03392922878265381
0.551350474357605
-0.7159072756767273
0.44786620140075684
-0.3189350366592407
0.037322044372558594
-0.020357489585876465
-0.373221755027771
0.13571703433990479
-0.597154974937439
-0.23411190509796143
0.46822381019592285
-0.061072707176208496
-0.495367169380188
-0.4733130931854248
1.1943098306655884
0.02375054359436035
0.07125139236450195
0.41393691301345825
0.9500192999839783
0.5937620997428894
-0.7803729176521301
1.2723472118377686
-0.003392934799194336
-0.7769799828529358
0.6514416933059692
0.04750096797943115
0.16625338792800903
-0.600547730922699
-1.1128795146942139
-0.6548346877098083
-0.31214916706085205
-1.092522144317627
-0.26125526428222656
-0.2985774278640747
-0.06107252836227417
-0.844838559627533
0.01696455478668213
0.25107651948928833
0.34607839584350586
0.23750466108322144
-0.5530470013618469
-0.6921568512916565
-0.40375816822052
1.2859188318252563
0.27143394947052
-0.3121491074562073
0.5021529197692871
0.05767965316772461
0.787158727645874
-0.4716167449951172
-0.46143782138824463
0.09839487075805664
-0.7023355960845947
-0.3325067162513733
-0.4885812997817993
-0.1017877459526062
0.17303931713104248
-0.2850058078765869
1.1162724494934082
0.5869762301445007
-1.828786849975586
-0.4241158366203308
0.10857367515563965
0.054286837577819824
0.3460783362388611
0.15268158912658691
-0.0237504243850708
-0.3494713306427002
0.1085735559463501
-0.2663447856903076
-0.003392934799194336
-0.8618031740188599
-0.40715110301971436
-0.0033928751945495605
-1.2350249290466309
-0.027143359184265137
-0.37661463022232056
0.04919743537902832
0.49536705017089844
-1.011091947555542
1.1502015590667725
0.6276912689208984
-0.12553822994232178
-0.17303919792175293
0.4580451250076294
0.5259035229682922
-0.1425027847290039
0.06785857677459717
-0.43090152740478516
-0.23411190509796143
-0.08482319116592407
0.30536341667175293
0.05428671836853027
-0.09160900115966797
-0.16625332832336426
-0.787158727645874
-0.010178685188293457
-0.13232409954071045
-0.016964614391326904
-0.3189350366592407
0.6005479097366333
-0.4716167449951172
-0.22562956809997559
-0.27821993827819824
0.14928889274597168
-0.05428671836853027
-0.15946745872497559
0.8448383808135986
-0.8414456844329834
-2.0493271350860596
-0.40715110301971436
0.9228758215904236
-0.7091214060783386
-0.25107645988464355
0.09500187635421753
-0.9194828271865845
0.5360822677612305
-0.6514416933059692
1.1162725687026978
-0.5903691053390503
-0.037322163581848145
-0.5903691053390503
0.44786620140075684
-1.072164535522461
1.3368127346038818
-0.753229558467865
0.12893128395080566
0.7498366236686707
-0.8685889840126038
0.14589571952819824
0.3189350366592407
-1.072164535522461
-0.34947139024734497
0.5055459141731262
1.3571703433990479
0.43768739700317383
-0.4105440378189087
-0.6073337197303772
0.003392934799194336
-0.9568050503730774
-0.3325066566467285
0.6616204977035522
0.010178923606872559
-0.2917916774749756
-0.7362648844718933
-0.11875241994857788
0.12893110513687134
0.4885812997817993
-1.1518982648849487
-0.6480487585067749
0.2951846122741699
-0.37831103801727295
-0.16625332832336426
-1.5556565523147583
-0.16286051273345947
-0.30197036266326904
0.013571739196777344
-0.5360821485519409
-0.1900038719177246
0.6242982745170593
-0.13910996913909912
-1.1094868183135986
-0.11875241994857788
-0.9228758811950684
-0.6412630081176758
0.16625332832336426
0.9262687563896179
-0.09500187635421753
0.651441752910614
-0.03392934799194336
1.0450210571289062
-0.32232779264450073
-0.9093040227890015
-0.3664360046386719
0.4733130931854248
0.776979923248291
-0.03392934799194336
-0.5326894521713257
0.7396578788757324
-0.6209053993225098
0.6209054589271545
0.31893491744995117
0.45804500579833984
-0.10178780555725098
-0.3257208466529846
0.4275086522102356
-0.35625720024108887
0.2883986234664917
-0.31214916706085205
0.02035754919052124
0.30197036266326904
0.0
-0.2510765790939331
0.2171473503112793
1.577710509300232
0.03392922878265381
-0.2748270630836487
0.2748270034790039
-0.4682236909866333
-0.08482301235198975
-0.044108033180236816
-0.20018255710601807
0.10857367515563965
-0.5835832357406616
-0.2578624486923218
0.247683584690094
-0.45804500579833984
-0.7939445972442627
0.07125139236450195
0.21036142110824585
-0.17303907871246338
-0.020357489585876465
0.33250653743743896
0.97037672996521
-0.17982494831085205
-0.7226933240890503
-0.5632257461547852
0.1034841537475586
0.04750096797943115
0.037322163581848145
0.3325067162513733
0.01696467399597168
0.3901864290237427
0.21036142110824585
0.1017877459526062
0.28839874267578125
-0.14928877353668213
0.11535942554473877
0.7396578192710876
-0.9568050503730774
0.10518074035644531
-0.21375423669815063
0.28500568866729736
-0.8109092712402344
0.6073336601257324
-0.24429070949554443
-0.8957323431968689
-0.1017877459526062
-1.0382354259490967
-0.35625720024108887
-0.15607452392578125
-0.39697226881980896
0.29179179668426514
0.4376875162124634
0.6955498456954956
-0.07464438676834106
-0.3562570810317993
0.15607452392578125
-1.2893116474151611
-0.33929258584976196
-0.6446559429168701
-0.7769800424575806
0.2748270034790039
-0.4173297882080078
-0.8380526304244995
0.3494713306427002
-0.06107282638549805
-0.21714723110198975
-0.26125526428222656
-0.003392934799194336
1.9831650257110596
-1.1077903509140015
0.5937620401382446
-0.43090152740478516
-0.3392925262451172
-0.5292963981628418
0.2646481990814209
0.7939445972442627
-0.8601068258285522
-0.5292963981628418
-0.43090152740478516
-0.26804113388061523
0.6514418125152588
0.39697229862213135
0.020357489585876465
-0.2307189702987671
0.5700116157531738
-0.38679349422454834
0.030536293983459473
-0.35625720024108887
1.1909167766571045
-0.6650134921073914
-0.8550171852111816
0.01696467399597168
0.46483075618743896
-1.306276559829712
-0.11196643114089966
0.33589959144592285
0.12214541435241699
-1.143415927886963
-0.4987601041793823
0.010178804397583008
0.9737696051597595
-0.363042950630188
-0.09839487075805664
-0.37661468982696533
-0.2375047206878662
0.21036136150360107
0.04750096797943115
0.4512590169906616
0.1628604531288147
-0.18661099672317505
-0.040715157985687256
0.4207227826118469
0.12893104553222656
0.4563484191894531
0.2035754919052124
-0.4173298478126526
-0.2748270034790039
-0.4088475704193115
0.352864146232605
0.14250284433364868
-0.4275086522102356
0.13910996913909912
-1.4148499965667725
0.27482688426971436
-0.5835832357406616
0.2069685459136963
-0.27821993827819824
0.29518455266952515
0.6378699541091919
0.6412628889083862
-0.08482307195663452
-0.23411166667938232
0.10178780555725098
0.10178792476654053
1.681194543838501
0.4444732666015625
0.003392934799194336
0.6785851716995239
-0.888946533203125
-0.6582275629043579
0.2307189702987671
0.7668012380599976
-1.2418107986450195
-0.39697229862213135
-0.3426854610443115
-0.3867936134338379
-0.45125919580459595
-0.1289311647415161
0.39018648862838745
0.753229558467865
-0.19339674711227417
-0.3800077438354492
0.10178780555725098
-0.3087562918663025
0.07803714275360107
0.5292965173721313
0.6921568512916565
0.24938011169433594
-0.14250290393829346
-0.15268158912658691
-1.0687716007232666
0.9330546259880066
-0.1289311647415161
-0.4716166853904724
0.5259035229682922
-0.28161269426345825
0.0
-0.36982887983322144
0.417329877614975
-0.413936972618103
0.4512590765953064
0.7362648248672485
-0.18661093711853027
-0.44786614179611206
1.450475811958313
-0.4919741153717041
-0.7396578788757324
0.7057285308837891
0.5225105285644531
-0.13741350173950195
0.505545973777771
0.1425027847290039
-0.3155421018600464
-0.32232797145843506
0.3087562322616577
0.4716167449951172
-0.23071902990341187
0.919482946395874
0.5598326921463013
-0.12214529514312744
0.43429452180862427
-1.000913143157959
-0.0542868971824646
0.16286027431488037
-0.3766147494316101
-0.43429452180862427
-0.247683584690094
0.33589959144592285
-1.153594732284546
-0.18321800231933594
0.2171473503112793
-0.3325066566467285
-0.9432333707809448
-0.4207226037979126
-0.0033928751945495605
0.30875635147094727
-0.6344770789146423
-0.30536341667175293
0.016964435577392578
-0.8109092712402344
-0.2917916774749756
-0.7125144004821777
0.4173295497894287
-0.06785857677459717
0.20357555150985718
-0.010178864002227783
-0.4105440378189087
-0.3901863098144531
-0.8889465928077698
0.24429070949554443
-0.8244810104370117
1.2078815698623657
-0.7769799828529358
-0.07125139236450195
0.19678974151611328
-1.0450211763381958
-0.36304306983947754
-1.1603806018829346
-0.6480487585067749
-0.6412630081176758
0.3257209062576294
-0.1458958387374878
-0.2578623294830322
-1.0246636867523193
-0.0950019359588623
-1.1230583190917969
-0.8261773586273193
1.6218185424804688
0.47840261459350586
-0.14589595794677734
-0.9025182723999023
-0.5869761109352112
-0.027143478393554688
-1.2587754726409912
0.17643210291862488
0.47840258479118347
-0.09839487075805664
-0.20357555150985718
-0.15607452392578125
-0.0950019359588623
-0.9873414039611816
0.23071885108947754
0.20018261671066284
-0.5615293979644775
-0.26125526428222656
-0.3901864290237427
-0.6378700733184814
0.22393310070037842
1.0178775787353516
-0.9534122347831726
0.5225106477737427
0.2137542963027954
0.2816128730773926
-0.3053632974624634
0.3664359450340271
0.4851885437965393
0.04071509838104248
0.6480488777160645
0.08821606636047363
-0.11535954475402832
-0.4275086522102356
0.34607839584350586
0.22054016590118408
0.14250290393829346
-0.3121492266654968
0.7430506944656372
-0.1900038719177246
1.0280566215515137
-1.1943098306655884
0.06446564197540283
-0.27821993827819824
0.3189350366592407
0.24429064989089966
-0.2646481990814209
0.010178804397583008
-0.6887638568878174
-1.6523547172546387
-0.42072272300720215
-0.07464432716369629
0.247683584690094
0.8109092712402344
-0.6412627696990967
-0.34607839584350586
-0.1798250675201416
0.19678974151611328
0.33929258584976196
0.29518449306488037
-0.0661618709564209
-1.1094868183135986
-0.44786620140075684
-0.13232409954071045
1.251989483833313
-0.9568049907684326
-0.29518455266952515
-0.14928865432739258
-0.1832181215286255
-0.18321800231933594
0.25107651948928833
0.21714723110198975
0.17643201351165771
-0.9788590669631958
0.23750483989715576
0.010178744792938232
-0.01696455478668213
-0.4614378809928894
1.3554738759994507
-0.2985774874687195
-0.3732216954231262
-0.6853709816932678
-0.413936972618103
-0.822784423828125
-0.5937620401382446
0.8278738260269165
0.10518074035644531
-0.16964638233184814
-0.4207228422164917
0.7294788360595703
-0.5055459141731262
-0.33250677585601807
-1.2655613422393799
0.17473578453063965
-0.16625338792800903
0.36982882022857666
0.01696467399597168
-0.6242983937263489
1.3028836250305176
-2.001826286315918
-0.7328720092773438
0.22054004669189453
0.2850058078765869
-0.2934880256652832
-0.4919741749763489
0.48179543018341064
0.11196652054786682
0.3783111572265625
-0.9398403167724609
-0.3019704818725586
0.2137542963027954
0.09839475154876709
0.04071509838104248
-0.6582276225090027
0.1798250675201416
0.3223279118537903
-0.3969722390174866
0.4953674077987671
0.16286039352416992
0.15437793731689453
-0.9059112071990967
-0.7091214656829834
-0.3342031240463257
-0.37322187423706055
-0.34607839584350586
-0.6446560025215149
0.43768736720085144
0.07464438676834106
-0.0848231315612793
-0.610726535320282
0.3901864290237427
-0.1458958387374878
0.5801901817321777
-0.9941273927688599
0.04750096797943115
0.6751921772956848
-0.06107264757156372
-0.2578623294830322
-1.521727204322815
-0.12553822994232178
-0.1662534475326538
0.3511679172515869
-1.2927048206329346
-0.40036535263061523
0.1696462631225586
-0.044107913970947266
-0.9059112071990967
-0.31554216146469116
-0.44786620140075684
0.4003652334213257
-0.6242984533309937
-0.38000762462615967
0.11196655035018921
-1.3809207677841187
0.2035754919052124
0.9432333707809448
0.18661093711853027
-0.31214916706085205
-0.4241156578063965
-0.6650135517120361
-0.46143782138824463
0.06785845756530762
0.7328718900680542
0.7532293796539307
2.230848789215088
-0.5428682565689087
0.5903691053390503
-0.03392922878265381
0.3715254068374634
-0.8210880160331726
0.020357608795166016
-0.3935794234275818
-0.5564398169517517
-0.7718906402587891
-0.8278738856315613
0.40375810861587524
-0.11535954475402832
-1.2418107986450195
-0.13571703433990479
0.31893497705459595
-0.27482688426971436
-0.1458958387374878
-0.10518074035644531
-0.8923394680023193
-1.4589580297470093
-0.13232409954071045
1.1909170150756836
-0.24089765548706055
0.20018255710601807
0.6616204380989075
1.37413489818573
0.21036136150360107
0.627691388130188
-0.4614379405975342
0.13571703433990479
-0.044107913970947266
0.10857367515563965
-0.5462610721588135
0.30536335706710815
-0.35625720024108887
0.0
0.0848231315612793
-0.15268170833587646
-0.8312668204307556
-0.15946757793426514
-0.37322181463241577
-1.379224181175232
0.6684063673019409
-0.19339674711227417
-0.4071512222290039
-0.4207227826118469
-0.3325066566467285
0.5666185617446899
0.5547434091567993
0.26804113388061523
-0.21714717149734497
0.1798250675201416
0.6412630081176758
0.413936972618103
-0.43768739700317383
-0.363042950630188
0.7888551950454712
-0.1866108775138855
-0.3698289394378662
-0.247683584690094
0.45804500579833984
-0.36304301023483276
-0.2307189702987671
0.38340044021606445
-0.8923394680023193
-1.981468677520752
0.0848231315612793
0.11535942554473877
0.42750871181488037
0.3358996510505676
0.02375054359436035
-0.8414456844329834
-0.14589577913284302
-1.4386005401611328
0.8109092712402344
0.24429064989089966
-0.27821993827819824
0.4817955493927002
-0.47500959038734436
0.581886887550354
-0.023750483989715576
-0.12214541435241699
0.4648308753967285
0.5157247185707092
-0.6853709816932678
0.01696455478668213
-0.8618029952049255
0.5106353759765625
-0.26125532388687134
-0.6989425420761108
-0.2273261547088623
0.6480488777160645
-1.3826172351837158
-0.27482688426971436
-0.5903691053390503
-0.061072707176208496
0.38000768423080444
0.01696467399597168
0.6175124645233154
-0.4444732666015625
0.06446564197540283
-0.21375435590744019
-0.5360822081565857
0.28161293268203735
0.4987601041793823
-0.6853710412979126
0.07973361015319824
1.706641674041748
-0.21375441551208496
-0.5598326921463013
-1.10270094871521
-0.5462609529495239
-1.173952341079712
-1.384313702583313
-0.38000762462615967
-0.5734044313430786
-0.6141195893287659
-0.1458958387374878
-0.41393691301345825
0.18661081790924072
-0.48518842458724976
0.4953671395778656
-0.33250677585601807
0.4716166853904724
0.04071509838104248
-0.16964632272720337
-1.0246636867523193
0.3189350366592407
-0.38679349422454834
-0.5089388489723206
0.14250290393829346
-0.6497454643249512
-0.505545973777771
0.013571739196777344
-0.7668012380599976
0.2239331603050232
0.7464436292648315
-0.0950019359588623
-0.5937621593475342
0.2273259162902832
-0.39697229862213135
-0.732871949672699
0.8380526900291443
-0.8210879564285278
-0.6276913285255432
-0.21036136150360107
0.2680412530899048
-0.6276912689208984
0.6989427208900452
-0.1458958387374878
-1.1230584383010864
0.33929258584976196
-0.7566224336624146
-0.09160900115966797
0.050893962383270264
-0.4003652334213257
-0.9941272735595703
-0.7294790744781494
-0.15268158912658691
-0.26804113388061523
-0.7837658524513245
-0.41732990741729736
0.5394752025604248
-0.26125526428222656
1.1264512538909912
1.6896770000457764
0.6209055185317993
-0.8991253972053528
1.2927048206329346
-0.9194828271865845
-1.7948577404022217
-0.8787679076194763
-0.9839487075805664
-1.148505449295044
-0.5089388489723206
0.02375054359436035
0.9126970767974854
0.38000768423080444
-0.7532294392585754
0.9466263055801392
0.3596501350402832
-0.15268170833587646
0.46822381019592285
-0.26804113388061523
0.11196660995483398
0.030536353588104248
-0.13232409954071045
-0.5734044909477234
-0.6175124645233154
-0.9975200891494751
-0.5360821485519409
0.13232409954071045
0.09839487075805664
0.09839481115341187
0.5598326921463013
-1.089129090309143
-0.1560746431350708
0.33589982986450195
-0.4919742941856384
-0.22393304109573364
-0.11535954475402832
0.2069684863090515
-0.17643213272094727
-0.44786614179611206
0.5157246589660645
-0.7023355960845947
0.36982887983322144
0.4834918975830078
-0.054286837577819824
1.0755573511123657
-0.4512590765953064
-0.29518449306488037
-0.373221755027771
-0.581886887550354
-1.4012782573699951
0.3562570810317993
0.04750096797943115
0.16625332832336426
-0.6276912689208984
-0.08482307195663452
0.1221456527709961
0.0780373215675354
-0.41732990741729736
-0.06446558237075806
-0.35286426544189453
0.16625332832336426
0.2816128730773926
0.31214916706085205
-0.06446564197540283
0.7668013572692871
0.28839874267578125
0.40036529302597046
-0.261255145072937
-0.41732972860336304
-0.8041234016418457
2.383530378341675
0.373221755027771
-0.023750483989715576
-0.11196660995483398
-0.5462609529495239
-1.0755574703216553
-0.3053632974624634
0.16625338792800903
-0.6005477905273438
-0.33929264545440674
0.03392934799194336
-0.07803714275360107
-0.22732603549957275
-0.5394753217697144
0.5767974853515625
0.6107264757156372
-1.1196656227111816
-0.33081042766571045
-1.0636820793151855
-0.4784025549888611
0.037322163581848145
0.054286956787109375
-0.010178804397583008
-0.6242982745170593
0.1798250675201416
0.3358996510505676
-0.8516244888305664
0.020357370376586914
0.4919741153717041
0.19339680671691895
-0.40375816822052
0.03392922878265381
-0.8041232824325562
-0.7057286500930786
0.5530469417572021
0.7328720092773438
-0.5666185617446899
-0.26125526428222656
-0.4173298478126526
-1.3639562129974365
-0.033929288387298584
-0.6989426612854004
-0.515724778175354
-1.194309949874878
-0.4444732666015625
0.4851883053779602
0.4003652334213257
0.0916089415550232
0.627691388130188
0.581886887550354
-0.5598326921463013
-0.08143019676208496
-0.15607458353042603
-0.8346595764160156
1.0026096105575562
1.1094868183135986
0.30197036266326904
-0.2985774278640747
0.26125526428222656
0.5937620401382446
-0.23750483989715576
-0.43429452180862427
0.3766147494316101
-0.2408977746963501
-0.45804494619369507
0.44108033180236816
-0.33250653743743896
0.20866501331329346
-1.082343339920044
0.5326894521713257
0.14928877353668213
-0.4546520709991455
0.2137542963027954
0.013571739196777344
-0.8651959896087646
-0.22393310070037842
-0.15268182754516602
1.021270751953125
-0.12893110513687134
-0.6582275629043579
-0.33589959144592285
0.027143418788909912
-0.11196649074554443
-0.1764320731163025
0.43429452180862427
-0.8516243696212769
-0.383400559425354
-0.6751922369003296
0.18152165412902832
-0.40715116262435913
-0.6005479097366333
-0.1526816487312317
-1.2316319942474365
-0.40715110301971436
-1.3656525611877441
-0.07464432716369629
1.011091947555542
-0.22393310070037842
0.0780373215675354
0.5225105881690979
-0.17303919792175293
-1.2604718208312988
-0.43429458141326904
-1.3232409954071045
0.7379612922668457
-0.0848231315612793
-0.27143406867980957
0.4003652334213257
0.9669837951660156
0.5208139419555664
0.3155421018600464
-0.0780373215675354
0.8312667608261108
-0.07125139236450195
-0.044108033180236816
0.3426855206489563
-0.6209053993225098
-0.2816128134727478
0.08821606636047363
-1.3707420825958252
-0.21714729070663452
-0.6378701329231262
-0.030536174774169922
0.04750102758407593
-0.5767974853515625
-0.08821618556976318
-0.1900038719177246
-0.8719818592071533
0.7769801020622253
0.5937620401382446
-0.27143406867980957
0.04750096797943115
-0.11875247955322266
-0.19000381231307983
0.3494713306427002
-0.010178804397583008
-0.030536293983459473
-0.3155421018600464
-0.061072707176208496
0.7617119550704956
-0.0780373215675354
-0.844838559627533
0.449562668800354
-0.22054016590118408
-1.2248461246490479
-0.5021530389785767
-0.8584102392196655
-0.21036136150360107
0.5835831761360168
-0.6887640357017517
0.027143359184265137
-0.13910984992980957
-0.0950019359588623
0.9296616315841675
-0.1696462631225586
-1.0246635675430298
-0.08143031597137451
-0.04750096797943115
0.4546520709991455
-0.09839487075805664
0.15268158912658691
-0.1085735559463501
0.9941272735595703
-0.5123317837715149
0.3630431294441223
0.787158727645874
-1.2282390594482422
0.21714723110198975
0.1696462631225586
0.8075163960456848
-0.16625332832336426
-0.4750095009803772
-0.4241156578063965
-1.099307894706726
-0.34268540143966675
-0.4648308753967285
1.1875240802764893
-0.40715110301971436
-0.41054391860961914
-0.8787677884101868
1.2129709720611572
-0.1696462631225586
0.3426854610443115
0.07125139236450195
1.5997644662857056
-0.761711835861206
0.6446559429168701
-0.525903582572937
-0.6819780468940735
-0.5394754409790039
0.5191177129745483
0.7294790744781494
0.0542868971824646
0.003392934799194336
-0.15946745872497559
-0.7600154280662537
-0.3426855206489563
-0.2985774278640747
-0.32911378145217896
-0.8516242504119873
-0.10178780555725098
1.4436897039413452
-0.037322163581848145
-0.1560746431350708
0.17303907871246338
-1.2553824186325073
-0.4444733262062073
-0.5123319625854492
0.26125526428222656
-0.08143019676208496
0.07125139236450195
-0.41054394841194153
-1.201095700263977
-0.47161662578582764
-0.5666186809539795
-0.5292965173721313
0.34607839584350586
-0.09839487075805664
0.3800077438354492
0.09160900115966797
-1.2265427112579346
-0.5225105881690979
0.5700116157531738
0.2137542963027954
0.08143019676208496
0.19678974151611328
1.0076990127563477
-0.27143406867980957
-0.2307189702987671
-0.5292964577674866
0.2816128134727478
-0.006785750389099121
-0.24429064989089966
-0.4987601041793823
0.5835832357406616
-0.3528643846511841
0.9194830060005188
1.2027921676635742
0.40715110301971436
-0.5835832357406616
-0.7057284712791443
-0.2408977746963501
0.6548346281051636
-0.3867936134338379
-0.19000393152236938
1.2197567224502563
0.8584102392196655
-0.24089771509170532
-0.485188364982605
-0.3596500754356384
-1.000913143157959
0.0475008487701416
-0.17303919792175293
0.495367169380188
0.6717993021011353
-0.6344771385192871
-0.576797366142273
1.112879753112793
-0.5157246589660645
0.7464436888694763
0.15946745872497559
-0.6582276225090027
-0.736264705657959
-0.6887639760971069
0.6209053993225098
0.31214919686317444
-0.5292963981628418
0.3494713306427002
-0.18661093711853027
-0.06107264757156372
0.003392934799194336
-0.04750102758407593
-0.0780373215675354
-0.495367169380188
-1.000913143157959
-0.11196649074554443
0.570011556148529
-0.42411577701568604
0.34607839584350586
0.3664360046386719
-0.5496540069580078
-0.6819779872894287
-0.10518074035644531
-0.3358997106552124
0.6242982149124146
-0.027143478393554688
0.22732597589492798
-0.2985774278640747
-0.15268158912658691
0.10178780555725098
-0.37322187423706055
-0.06785845756530762
0.21036148071289062
-0.29857730865478516
1.4284217357635498
-0.23750483989715576
-0.8787676095962524
0.43768739700317383
0.13571703433990479
1.3503843545913696
-0.0475008487701416
-0.05767977237701416
-0.48858141899108887
0.30536317825317383
-1.7812860012054443
-0.288398802280426
0.5937620401382446
-0.8448385000228882
0.14250290393829346
-0.15607452392578125
-0.1662534475326538
0.030536293983459473
-0.5801901817321777
1.8372690677642822
1.2282392978668213
-1.0551998615264893
0.2578623294830322
-1.0619856119155884
2.341118812561035
-0.34947139024734497
0.5191175937652588
0.3969722390174866
-0.8346598744392395
-0.36982887983322144
-0.3766147494316101
-0.33250659704208374
0.11875230073928833
-0.5801903009414673
-0.20357555150985718
-0.4546520411968231
-0.6616203784942627
0.7803729772567749
-0.6751921772956848
0.23750483989715576
-0.2850058078765869
0.020357489585876465
0.11875247955322266
-0.044108033180236816
-1.384313702583313
-0.5700114965438843
0.11535942554473877
-0.010178804397583008
-0.003392934799194336
-0.6684064269065857
-0.39018645882606506
0.373221755027771
-0.7769800424575806
0.08143031597137451
-0.6684063673019409
0.06446552276611328
-0.5326893329620361
-0.1458958387374878
-0.651441752910614
-0.7362649440765381
0.3189350962638855
-0.0712515115737915
-0.027143418788909912
0.5903689861297607
-0.6276913285255432
-0.4444732666015625
0.0950019359588623
0.26973772048950195
-0.35965001583099365
0.32572078704833984
1.0976115465164185
0.11875247955322266
-0.061072707176208496
0.5428680777549744
0.20018255710601807
0.2646481990814209
-0.09160900115966797
-0.3257208466529846
-0.08143019676208496
0.3562573194503784
-0.5751010179519653
-0.5598328113555908
0.16625332832336426
0.13232409954071045
-0.9568051099777222
-0.01696467399597168
0.06107264757156372
0.7634082436561584
0.6819781064987183
-1.0144848823547363
0.6073336601257324
-0.03392934799194336
0.7328720092773438
0.7701941132545471
-0.0763406753540039
0.8193917274475098
-0.3867936134338379
1.072164535522461
1.2927048206329346
-0.48179543018341064
-0.15268158912658691
-0.9262687563896179
-1.0076990127563477
-0.08821606636047363
0.6005477905273438
-0.19000381231307983
0.6616203784942627
-1.5539599657058716
-0.7464436292648315
-0.27143406867980957
-0.22732603549957275
-0.19000381231307983
-0.8787677884101868
-0.6650133728981018
-0.6344770789146423
-0.1526816487312317
-0.3935794234275818
0.030536293983459473
0.3053632974624634
-0.5259035229682922
0.19678974151611328
-0.44108033180236816
-0.38679349422454834
0.5259034633636475
-0.48518842458724976
-0.49197423458099365
0.7328718304634094
-0.01696467399597168
-1.2927048206329346
-0.2408977746963501
0.32911384105682373
1.3130621910095215
-1.1027008295059204
-0.11196655035018921
-0.10518062114715576
-0.5751008987426758
-0.3426855206489563
-0.31214916706085205
0.495367169380188
0.12553822994232178
0.15268170833587646
-0.6853709816932678
-1.0891293287277222
-0.3291139006614685
-0.7023357152938843
-0.6989427208900452
0.7260862588882446
0.0848231315612793
-0.797337532043457
-0.1696462631225586
-0.4173298478126526
-0.3291139006614685
-1.0416282415390015
-1.4419934749603271
1.3673490285873413
-0.09839487075805664
-0.044108033180236816
-1.3096694946289062
0.17303931713104248
-0.06785845756530762
-0.24089765548706055
-0.11196649074554443
0.6446558237075806
-0.5360822081565857
2.682107925415039
-0.4733130931854248
-0.10518074035644531
0.1289311647415161
-1.0246634483337402
0.07803726196289062
0.07803726196289062
0.2307189702987671
-0.09669852256774902
-0.6616204977035522
-0.3579537868499756
-0.14250290393829346
-0.19339680671691895
-0.9466263651847839
0.06107264757156372
-0.21375417709350586
0.07125145196914673
-0.2510765790939331
-0.11535948514938354
0.0950019359588623
-0.27143394947052
-0.5835833549499512
0.1187523603439331
0.6582275629043579
1.380920648574829
0.7566224932670593
1.021270513534546
-0.11535942554473877
-0.2985774874687195
-0.34947139024734497
0.5734044313430786
0.4003652036190033
0.37661468982696533
-0.3053632974624634
-0.1730392575263977
-0.5869760513305664
-0.010178804397583008
-0.6514415740966797
-0.17303919792175293
0.6310842037200928
1.0416282415390015
-0.5326893329620361
-0.7668011784553528
0.41732990741729736
0.40715110301971436
-0.2646481990814209
-0.34607845544815063
0.1458958387374878
-1.6896770000457764
0.22054016590118408
-0.7091214656829834
-0.12553822994232178
-0.6412631273269653
-0.551350474357605
0.054286837577819824
0.505545973777771
0.05767953395843506
-0.5055460333824158
-0.6785851120948792
-0.09160900115966797
0.31214916706085205
-0.2375049591064453
-0.6310842037200928
-0.6209053993225098
0.10518062114715576
-0.23411184549331665
-0.23750483989715576
0.8109093904495239
-0.53608238697052
-0.14928877353668213
-0.04750096797943115
-0.044108033180236816
-0.4919745922088623
0.027143359184265137
-0.9873413443565369
0.23411190509796143
0.4139368534088135
-0.006785869598388672
-0.11535942554473877
0.8109092712402344
-0.9975202083587646
0.29179155826568604
0.9160898923873901
-0.7905516028404236
0.7193002700805664
-0.10857367515563965
-0.044108033180236816
-0.013571739196777344
-0.2408977746963501
-0.9296615719795227
-0.24089765548706055
-0.7498365640640259
-1.1993993520736694
0.08143007755279541
0.06785857677459717
0.3901864290237427
-0.10518074035644531
-0.40036529302597046
0.34098899364471436
-0.1289311647415161
-0.49197423458099365
0.2510765790939331
0.4512590765953064
-0.8685889840126038
-0.5903690457344055
-0.13910996913909912
-0.30536317825317383
-0.25786250829696655
-0.01696467399597168
-0.36304306983947754
-0.15268170833587646
-0.030536413192749023
1.1468089818954468
-0.16286039352416992
-0.054286837577819824
0.33589968085289
-0.3325067162513733
-0.04071509838104248
-0.12553822994232178
-1.0450211763381958
0.05089390277862549
1.2825257778167725
1.2282390594482422
0.12553822994232178
-0.9568049907684326
0.05767965316772461
-0.38340067863464355
-0.5666185617446899
0.0475008487701416
0.030536293983459473
-0.14928871393203735
-0.8753748536109924
-0.01696467399597168
0.4919741153717041
0.4546520709991455
-1.0585930347442627
-0.03392934799194336
0.48858118057250977
-0.5801903009414673
0.07803726196289062
0.13571703433990479
1.6184256076812744
-0.14928871393203735
-0.4054546356201172
-0.40715110301971436
0.2985774874687195
0.5123318433761597
-0.5428681373596191
-0.5835831761360168
0.610726535320282
0.80751633644104
0.1289311647415161
-0.030536174774169922
-0.3867936134338379
-0.753229558467865
-0.8618030548095703
0.1187523603439331
0.09839487075805664
-0.14419937133789062
-0.641262948513031
-0.3358997106552124
-0.24089759588241577
-0.797337532043457
-1.082343339920044
-0.5564398169517517
-0.8719819188117981
-0.21036136150360107
-0.45804500579833984
-0.5089388489723206
-1.1128795146942139
-0.35286426544189453
-0.40036511421203613
0.8821606636047363
-0.9059112071990967
0.7091214656829834
0.1187523603439331
-0.32911378145217896
-0.09160900115966797
-1.503066062927246
0.7600154280662537
-0.37152528762817383
-0.02375054359436035
0.549653947353363
0.32232797145843506
0.21375441551208496
-0.5835831761360168
-0.07803726196289062
-0.5191175937652588
0.2612553834915161
0.13571709394454956
-0.013571619987487793
-0.363042950630188
0.061072587966918945
0.15946751832962036
-0.27143406867980957
-0.06107276678085327
0.47161662578582764
-0.11875247955322266
0.03732210397720337
-0.18152141571044922
-0.9093040823936462
-0.0475008487701416
-0.4275085926055908
-1.097611427307129
1.1977028846740723
0.6073337197303772
0.23071885108947754
-1.0076990127563477
-0.2782198190689087
-0.7193002700805664
-0.7328718900680542
0.13910996913909912
-1.523423671722412
-0.5700114965438843
1.5064589977264404
0.3494712710380554
-0.10857367515563965
-1.3113658428192139
-0.5801903009414673
0.2137542963027954
-0.7362649440765381
0.7091213464736938
-0.6717992424964905
0.3901863694190979
0.26125526428222656
0.24429070949554443
-0.8312666416168213