-0.10009133815765381
0.7091214656829834
0.6870675086975098
-0.09160900115966797
-0.43090152740478516
-0.14928889274597168
0.18661081790924072
-0.8923394680023193
-0.6446558237075806
0.07464456558227539
-0.010178804397583008
0.7091215252876282
-0.22902250289916992
-0.7091214656829834
1.0229671001434326
0.08482325077056885
-0.1662534475326538
0.2748270034790039
-0.11535930633544922
0.13910996913909912
0.1730392575263977
-0.18152141571044922
-0.07973384857177734
0.00848233699798584
0.10518062114715576
-0.18321800231933594
1.3571703433990479
0.4800989627838135
-0.6904604434967041
-1.0467175245285034
0.11196660995483398
-0.4682239294052124
0.4614378809928894
0.018661022186279297
-0.8227845430374146
-0.9754661321640015
0.47161662578582764
-0.42072272300720215
-0.1560746431350708
0.14250290393829346
-0.06446564197540283
-0.07803726196289062
-0.22054022550582886
-0.0712515115737915
-0.5717078447341919
-1.3588666915893555
-0.3121492862701416
-0.13232403993606567
1.3113657236099243
0.07973372936248779
-0.5547434091567993
0.3766147494316101
1.569228172302246
-0.12384176254272461
0.26973748207092285
-0.05937623977661133
0.7277825474739075
0.7515329122543335
1.4012783765792847
0.505545973777771
-0.5462609529495239
0.25107645988464355
1.2231496572494507
0.5225105285644531
0.6005479097366333
-0.4444732666015625
-0.31045258045196533
0.7973376512527466
-0.14759230613708496
-0.26804113388061523
-0.2544693946838379
0.5259034633636475
0.3850972652435303
0.45465195178985596
-0.6684063673019409
0.7159072756767273
-0.3664358854293823
0.2612553834915161
0.5021529793739319
0.3257209062576294
-0.44277679920196533
-0.030536174774169922
-0.20696860551834106
-0.3155421018600464
0.347774863243103
-0.7634081840515137
1.251989722251892
0.8007303476333618
-0.006785750389099121
-0.23071885108947754
0.010178804397583008
-0.20527195930480957
1.1892204284667969
0.22902250289916992
-0.030536293983459473
0.24259424209594727
-0.9483227729797363
0.2968810796737671
0.5072425603866577
0.27821969985961914
-0.5784938335418701
0.9262686967849731
-0.597154974937439
-1.4911906719207764
0.5360823273658752
0.48349183797836304
0.42072296142578125
-0.27143394947052
-0.03392922878265381
-0.46992027759552
1.808429479598999
0.2646481990814209
0.8024269342422485
0.3545607328414917
-0.054286837577819824
-0.18661093711853027
-0.10518079996109009
-0.34607839584350586
0.10518062114715576
-0.29518449306488037
0.17643213272094727
-0.7752835750579834
-0.006785869598388672
0.6955498456954956
0.6751922369003296
0.40375804901123047
-0.05598330497741699
-0.6158158779144287
0.03392934799194336
-0.6734956502914429
-0.030536293983459473
-0.5801902413368225
0.05089390277862549
-0.1560746431350708
0.373221755027771
0.0033930540084838867
-1.686284065246582
1.4046711921691895
0.8668924570083618
0.020357489585876465
0.47331321239471436
-0.7481400966644287
-0.3698289394378662
0.9771628379821777
-0.17643213272094727
0.3392925262451172
-0.09839487075805664
-0.5225107669830322
0.33250677585601807
0.5784938335418701
-1.3724384307861328
0.13910996913909912
-0.4682236909866333
-0.013571739196777344
-0.1289311647415161
-0.20357561111450195
0.030536413192749023
0.21036148071289062
-0.07294797897338867
-0.20187902450561523
1.007698893547058
0.11196649074554443
0.4851883053779602
0.047501325607299805
0.11875247955322266
0.8380527496337891
0.19678974151611328
0.005089402198791504
0.18661081790924072
-0.17643201351165771
0.43090152740478516
0.30705952644348145
0.04750096797943115
0.6344771385192871
-0.4342944622039795
-0.9279651641845703
-0.008482217788696289
-0.37152552604675293
-0.12214529514312744
-0.5225104689598083
0.045804500579833984
0.13741350173950195
-0.4376874566078186
0.1475919485092163
0.14759230613708496
1.2265427112579346
-0.12893104553222656
0.1187523603439331
-0.12214529514312744
-0.5784939527511597
0.6446558237075806
0.5123319625854492
0.1900038719177246
-0.054286837577819824
0.061072707176208496
1.0619856119155884
0.8634995222091675
-0.3138456344604492
-1.3486881256103516
0.07464456558227539
-0.010178804397583008
0.5530468225479126
-0.863499641418457
-0.26804113388061523
-0.4173298478126526
0.09160900115966797
-0.5038495063781738
0.030536353588104248
0.9864931106567383
-0.20696842670440674
0.33250677585601807
-1.0653786659240723
0.36473941802978516
0.25107645988464355
-0.2069685459136963
0.1798250675201416
0.5055459141731262
-0.05089390277862549
0.5157246589660645
-0.26464807987213135
-0.04241156578063965
-0.07803726196289062
-0.2578623294830322
-1.0704681873321533
-0.5801903009414673
0.08143019676208496
0.7328721284866333
-0.3189351558685303
1.9865577220916748
0.052590370178222656
-0.46652722358703613
-0.8414455056190491
-0.45295560359954834
-0.41054391860961914
-0.4750096797943115
-0.15268170833587646
-0.894035816192627
-0.21714723110198975
0.26125532388687134
-0.06446576118469238
0.3019704818725586
0.13910984992980957
-1.864412546157837
0.4546520709991455
0.03392922878265381
-0.3104526996612549
-0.22054004669189453
0.18152141571044922
0.2273259162902832
-0.23920130729675293
0.12384176254272461
-0.2646481990814209
-0.5734044909477234
-0.5462610125541687
0.15098512172698975
-0.010178685188293457
0.29518449306488037
0.11196660995483398
0.061072707176208496
0.18661099672317505
-0.7464436292648315
0.03223288059234619
0.919482946395874
-0.5343856811523438
0.02375054359436035
1.0568962097167969
0.5360822677612305
0.1187523603439331
-0.4885812997817993
-0.3969724178314209
-0.5191176533699036
1.5624423027038574
-0.4105437994003296
-0.2408977746963501
-0.15607452392578125
-0.6039407253265381
1.8711985349655151
-0.43768739700317383
0.0712515115737915
0.12553822994232178
-1.5709247589111328
0.01696467399597168
-0.05767977237701416
-0.2137542963027954
-0.20018255710601807
0.41902613639831543
0.1849144697189331
1.092522144317627
-0.1798250675201416
0.38000762462615967
-0.3019704818725586
0.8465349674224854
0.8312667608261108
2.178258180618286
-0.24768364429473877
0.24429059028625488
0.4580451250076294
-1.0178775787353516
0.08143043518066406
-0.48179566860198975
-0.1289311647415161
-0.48179543018341064
-0.30197030305862427
0.6768888235092163
0.5462610125541687
-0.0475010871887207
0.2968810796737671
0.413936972618103
0.2680410146713257
-1.2553826570510864
0.2951843738555908
0.475009560585022
-0.6395663022994995
-0.7379614114761353
-0.044107913970947266
-0.0848231315612793
0.6276912689208984
0.5462610721588135
-1.2859188318252563
0.629387617111206
0.11705589294433594
0.6259946823120117
-0.7108180522918701
0.13910996913909912
-0.3104526996612549
0.17303919792175293
-0.2408977746963501
-0.16625332832336426
-0.31893491744995117
0.32911384105682373
0.40036535263061523
0.010178804397583008
0.3358994722366333
-0.12384164333343506
0.5225105881690979
0.22393304109573364
0.06955504417419434
-0.15268158912658691
-1.0314496755599976
-0.47840237617492676
-0.6921568512916565
1.930574655532837
0.5021531581878662
1.1400232315063477
0.20696842670440674
0.1611640453338623
0.7006391286849976
0.888946533203125
-1.1569877862930298
0.11196660995483398
-0.817695140838623
-0.4987601041793823
0.4173300266265869
-0.28161299228668213
0.037322163581848145
0.13062751293182373
0.6870676279067993
-0.16286039352416992
-0.4275085926055908
-0.2561657428741455
0.24089765548706055
-0.47670602798461914
-0.07464432716369629
0.29518455266952515
0.5496538877487183
0.35965001583099365
-0.3901863694190979
-0.6175124645233154
0.5276000499725342
0.29857754707336426
0.04750096797943115
0.3189350366592407
0.9686803817749023
-0.26804113388061523
0.15607452392578125
-0.2069685459136963
0.27821993827819824
0.480099081993103
0.9703768491744995
0.4003652334213257
-0.5292965173721313
0.6582276821136475
1.1773452758789062
-0.08482325077056885
0.33929264545440674
-0.7498366832733154
0.30197036266326904
0.24938011169433594
-0.08143019676208496
0.3596501350402832
0.13910996913909912
-0.29857754707336426
0.2646481990814209
-0.5072424411773682
-0.4834918975830078
0.8855535387992859
-0.32572102546691895
0.6463522911071777
-0.42581212520599365
0.3698289394378662
-0.383400559425354
0.22902250289916992
0.6073336601257324
0.10687720775604248
-0.7549258470535278
0.13741350173950195
-0.18661093711853027
0.2035754919052124
-0.05428671836853027
0.475009560585022
0.26295173168182373
0.2807645797729492
0.4665273427963257
0.8855537176132202
1.3096693754196167
0.1798250675201416
-0.14928865432739258
0.6039407253265381
-0.09500181674957275
-0.3189350366592407
0.393579363822937
0.5479575395584106
-1.2129710912704468
-0.3121490478515625
0.17303919792175293
-0.36134660243988037
0.4003652334213257
-0.7701942324638367
0.3986687660217285
0.7498366236686707
-0.027143359184265137
0.3426856994628906
-0.23750483989715576
-0.22054016590118408
-0.07803738117218018
0.7701941728591919
-0.016964435577392578
-0.08312678337097168
-0.40545451641082764
-0.6514414548873901
-0.33759617805480957
0.22732603549957275
-0.13910996913909912
-0.03392934799194336
0.3155421018600464
0.3511679172515869
0.32911384105682373
0.35116779804229736
-0.28839874267578125
-0.7752835750579834
-0.17982494831085205
0.6276912689208984
-0.3817042112350464
-0.8159986734390259
-0.7735869884490967
2.005218982696533
-0.3189350366592407
-0.3104526996612549
-0.001696467399597168
-0.27821993827819824
0.42241930961608887
-0.1900038719177246
0.7973374724388123
0.6497452259063721
-0.11196660995483398
0.13062787055969238
0.12553822994232178
-0.07803726196289062
0.0899125337600708
0.44108033180236816
-0.24259424209594727
0.001696467399597168
0.2951846122741699
-0.20187902450561523
0.8312668204307556
0.2985774278640747
0.41732990741729736
-0.44616973400115967
-0.15607452392578125
-0.03562569618225098
0.9500194787979126
0.05767977237701416
0.42920517921447754
-0.1425025463104248
0.419026255607605
0.19678974151611328
0.709121584892273
0.5784937143325806
0.07125139236450195
-0.7396578788757324
0.1560744047164917
0.6717992424964905
-0.2137542963027954
-0.4784024953842163
0.19678974151611328
-2.1511149406433105
0.12214529514312744
0.5649219751358032
-0.5360822677612305
-0.3104526996612549
-0.11875253915786743
1.1705594062805176
-0.052590370178222656
0.4359908103942871
-0.5072423219680786
1.138326644897461
0.07464432716369629
-0.5259035229682922
-0.3206315040588379
0.6853710412979126
-0.22223687171936035
0.36304301023483276
1.1569876670837402
0.17134273052215576
1.0144846439361572
-0.1696462631225586
-0.037322163581848145
-0.04919755458831787
-0.07464444637298584
0.6446558237075806
0.950019359588623
-0.19678974151611328
0.40375816822052
1.7507497072219849
-0.3952758312225342
0.7583190202713013
-0.28500568866729736
0.3087562322616577
-0.3223278522491455
-0.7769801020622253
0.19678986072540283
1.2960976362228394
-0.9364474415779114
-0.27143406867980957
1.2672576904296875
0.3121490478515625
0.20866477489471436
-0.8804640769958496
0.2578623294830322
0.9839484691619873
-0.3155421018600464
0.06616199016571045
0.21714723110198975
0.4325978755950928
-0.1900038719177246
0.24768352508544922
0.03732222318649292
-0.020357370376586914
0.013571739196777344
-0.751533031463623
0.0
0.6921568512916565
-1.4996730089187622
1.3554737567901611
0.3036665916442871
-1.0093953609466553
0.03392922878265381
0.4105440378189087
0.20696842670440674
-1.7914646863937378
0.05767977237701416
1.2095777988433838
0.8109092116355896
0.6684064269065857
0.22054016590118408
0.22902250289916992
0.05089390277862549
-0.5700114965438843
0.44108009338378906
-0.14759230613708496
0.04241156578063965
1.3877065181732178
-0.33250677585601807
-0.27821993827819824
0.7566225528717041
-0.5564398765563965
-0.14759230613708496
0.09585022926330566
-0.0848231315612793
0.4919743537902832
-0.4173297882080078
-0.4427769184112549
0.13571715354919434
-0.5123318433761597
-0.02375054359436035
0.38170409202575684
0.33589959144592285
-0.18830740451812744
0.7193002700805664
-0.13062751293182373
0.15607452392578125
-1.0755574703216553
0.359650194644928
1.1315405368804932
0.18321800231933594
0.20018255710601807
0.31554198265075684
-0.30366718769073486
0.34947139024734497
-0.2883986830711365
0.6005478501319885
-0.07803738117218018
-0.9025181531906128
-0.6802815198898315
-1.426725149154663
0.09839487075805664
-0.592065691947937
0.7125144600868225
-0.26804107427597046
-0.5343858003616333
0.3817042112350464
0.044108033180236816
-0.14589595794677734
-0.1747356653213501
0.74135422706604
-1.1264512538909912
-0.46313440799713135
0.7413542866706848
-0.17134273052215576
-0.003392934799194336
-0.23071885108947754
-0.6073336601257324
0.18152153491973877
-0.975466251373291
0.240897536277771
0.09669828414916992
-0.1662532091140747
0.033929288387298584
0.1950932741165161
1.0433247089385986
-0.30875635147094727
-0.4919743537902832
0.4631342887878418
0.003392934799194336
1.3062763214111328
-0.1933966875076294
-0.6514416933059692
-0.6175124645233154
0.21884369850158691
-0.4919741153717041
-0.2561659812927246
-0.510635495185852
-0.0848231315612793
-0.48688483238220215
0.4648308753967285
0.3426855802536011
1.0450211763381958
-0.1272348165512085
0.944929838180542
0.04750096797943115
1.2282390594482422
0.022054076194763184
-0.21375435590744019
0.9839483499526978
-0.21205782890319824
0.5852795839309692
0.1611640453338623
-0.2867022752761841
0.4241156578063965
-0.500456690788269
0.2782198190689087
-0.09669828414916992
0.2273259162902832
0.19339674711227417
0.955108642578125
-0.46822381019592285
0.23411190509796143
0.5632256269454956
-0.5666186809539795
-0.14589571952819824
1.0263599157333374
-0.7532293796539307
0.8041234016418457
-0.2646481990814209
0.03392934799194336
-0.6989427208900452
-1.3215445280075073
0.5275999307632446
-0.2629516124725342
0.515724778175354
-0.09839487075805664
1.2774367332458496
1.2180602550506592
-0.0950019359588623
0.46822381019592285
0.14419937133789062
0.010178804397583008
0.3019702434539795
-0.1747356653213501
0.29009509086608887
0.02544689178466797
0.7023357152938843
1.3351162672042847
-0.8465349674224854
-0.5428681373596191
0.0712515115737915
1.4928871393203735
0.06785845756530762
-0.5971549153327942
0.21036136150360107
-0.13741350173950195
0.6209055185317993
0.26634466648101807
-0.6921567916870117
0.4784024953842163
-0.18661081790924072
0.4139368534088135
0.12553822994232178
0.1289311647415161
-0.24429059028625488
0.3189350366592407
0.3053632974624634
1.3673490285873413
0.08143019676208496
-0.03392922878265381
-0.49197399616241455
-0.36304306983947754
-1.6235148906707764
1.097611427307129
0.12723469734191895
0.2544693946838379
-0.044107913970947266
0.13571703433990479
-0.32572102546691895
0.23411190509796143
-2.205401659011841
-0.05428671836853027
0.17812848091125488
-0.11366307735443115
0.4342944622039795
0.3664358854293823
-0.006785869598388672
-0.7142109870910645
-0.020357489585876465
0.7854622602462769
0.24768364429473877
-1.6387829780578613
-0.09839475154876709
-0.0848231315612793
0.888946533203125
0.16286039352416992
0.0950019359588623
-0.7803729772567749
0.9364473819732666
0.9873415231704712
-0.5055458545684814
0.42072272300720215
0.30366694927215576
0.05767977237701416
-0.05767977237701416
0.2510765790939331
-0.32063162326812744
0.044108033180236816
0.6887638568878174
0.2307189702987671
-0.17643213272094727
-0.037322163581848145
0.1085735559463501
-0.5326892137527466
0.1900038719177246
0.23750483989715576
0.35795366764068604
-0.33589959144592285
-0.5818870067596436
1.0076987743377686
0.0848231315612793
-0.4682236909866333
0.47331321239471436
-0.0712515115737915
0.29179155826568604
0.04241156578063965
0.14759230613708496
0.37491822242736816
0.2663447856903076
-1.0043060779571533
0.16116392612457275
-0.16286051273345947
-0.6802816390991211
-0.2578624486923218
0.240897536277771
0.15946757793426514
0.06955492496490479
0.7939447164535522
-0.6717993021011353
-0.38000768423080444
1.569228172302246
-0.6344771385192871
0.45125913619995117
0.34947139024734497
0.7362648248672485
0.46992015838623047
0.38679349422454834
-0.12044870853424072
-0.018661022186279297
0.32911360263824463
-0.10518074035644531
-1.513244867324829
1.0433247089385986
0.7294789552688599
-0.5920655727386475
0.22562956809997559
0.6972460746765137
-0.6921569108963013
-0.22732603549957275
1.6218186616897583
0.27482688426971436
0.09839498996734619
0.18152153491973877
-0.1933966875076294
0.3664360046386719
-0.16625332832336426
0.4410804510116577
0.3545607328414917
0.1408064365386963
-0.3138456344604492
0.20018267631530762
0.34947121143341064
-0.5598326921463013
-0.3392925262451172
0.5445646047592163
0.3325067162513733
1.0246636867523193
0.0848231315612793
0.29179155826568604
-0.4919741153717041
0.15946745872497559
1.3096693754196167
0.5496540069580078
-0.16964632272720337
-0.2816128730773926
0.07294785976409912
0.7209967374801636
1.369045615196228
0.5360823273658752
0.5462609529495239
0.2069684863090515
-0.03392922878265381
-0.5309929847717285
0.6955497860908508
1.285918951034546
0.11705589294433594
0.12553834915161133
0.4444732666015625
1.158684253692627
0.10518074035644531
0.556439995765686
-0.6870675086975098
1.3334197998046875
-0.8516243696212769
-0.6412628889083862
0.09160888195037842
0.18321800231933594
1.0959150791168213
0.413936972618103
0.2629518508911133
-0.2578624486923218
-0.3223279118537903
0.3800077438354492
0.7498365640640259
-0.2069683074951172
0.7854621410369873
0.2883986234664917
-0.17643213272094727
1.0602893829345703
0.5903692245483398
-0.12214529514312744
-0.5428682565689087
0.3087562322616577
-0.18661093711853027
-0.46483075618743896
0.2459874153137207
0.2833094596862793
0.7481402158737183
-0.010178804397583008
0.8651961088180542
-0.14589571952819824
0.5326893329620361
-0.3206315040588379
-0.39018648862838745
0.26804113388061523
0.894036054611206
0.20696842670440674
-0.43429452180862427
0.14250290393829346
0.5632256865501404
0.006785869598388672
0.3189350366592407
-0.19170022010803223
-0.2816128730773926
0.429205060005188
0.14928865432739258
-0.7226930856704712
0.020357489585876465
0.3350515365600586
0.05598306655883789
-0.11535954475402832
0.6039407849311829
-0.29518449306488037
0.10178780555725098
-0.18321800231933594
0.31723856925964355
0.7566224932670593
-0.485188364982605
-0.8346596956253052
0.20357561111450195
-0.16286051273345947
0.14250290393829346
-0.1798250675201416
-0.13910996913909912
-0.2697376012802124
-0.2850056290626526
0.20696842670440674
0.413936972618103
-0.29518455266952515
-0.022053956985473633
0.6853709816932678
-0.4716167449951172
-0.03562569618225098
-0.7430509328842163
0.14250290393829346
0.6768887042999268
-0.44786620140075684
-1.061985731124878
-0.359650194644928
0.26804119348526
-0.4834918975830078
0.16286027431488037
-0.3952758312225342
0.6616204380989075
0.35625720024108887
-0.393579363822937
-0.6242984533309937
-1.7863754034042358
0.15777111053466797
-0.31723856925964355
-0.16286051273345947
0.3681323528289795
0.9432333111763
0.10009121894836426
0.6090301275253296
0.3240244388580322
1.0891292095184326
-0.2137542963027954
-0.5937619805335999
0.7108180522918701
0.6259948015213013
0.1849144697189331
-2.692286491394043
-0.4325981140136719
-0.10687732696533203
-0.32232797145843506
0.10518074035644531
-0.29857754707336426
1.3639559745788574
0.7498365640640259
-0.5479576587677002
-0.4241156578063965
0.42920494079589844
0.7905516624450684
0.09500181674957275
0.4800989627838135
-0.3918830156326294
-0.2850058078765869
-0.10857361555099487
0.9856449961662292
-0.7142107486724854
0.43429452180862427
1.007698893547058
-0.5886727571487427
-0.5496538877487183
0.14759230613708496
-0.13062751293182373
-0.2595587968826294
0.037322163581848145
-0.7464436292648315
0.04919767379760742
0.31723856925964355
-0.2782198190689087
0.5462608337402344
-1.0212706327438354
0.22902250289916992
1.1162726879119873
0.4427769184112549
-0.19170010089874268
0.12723469734191895
-0.2544693946838379
-0.48518824577331543
0.08312690258026123
0.530992865562439
-0.0712515115737915
1.128147840499878
-0.2035754919052124
0.013571739196777344
0.4817955493927002
-0.5530468225479126
0.4580448865890503
-0.06785845756530762
0.4800989627838135
0.21036142110824585
0.045804500579833984
-0.030536293983459473
1.1756489276885986
1.5251201391220093
0.3817042112350464
0.020357489585876465
-0.13910984992980957
1.2061851024627686
0.9856448769569397
0.6327806711196899
0.037322163581848145
0.29009509086608887
-0.6310842037200928
-0.5920654535293579
1.21127450466156
-0.15946745872497559
0.2137542963027954
-0.016964614391326904
-0.003392815589904785
-0.2408977746963501
-0.549653947353363
-0.16116392612457275
0.027143359184265137
0.495367169380188
-0.030536293983459473
-0.05089390277862549
-0.5903692245483398
0.9568051099777222
0.29688096046447754
-1.2994904518127441
0.3426854610443115
0.05767977237701416
0.6446560621261597
0.06446552276611328
-0.5055458545684814
-1.3368128538131714
-0.495367169380188
-0.6259951591491699
1.419939398765564
0.1696462631225586
0.05598330497741699
-0.39697229862213135
-0.06446564197540283
0.6616204380989075
0.08143007755279541
0.4003652334213257
-0.03392934799194336
-0.5547434091567993
-0.08143019676208496
0.17303931713104248
0.4139367341995239
-0.12214541435241699
0.28839874267578125
0.07464432716369629
0.1085735559463501
0.373221755027771
0.8176952600479126
-0.5683150291442871
-0.15268158912658691
-0.3562573194503784
0.6565312147140503
-0.8957322835922241
0.3715251684188843
-0.6921569108963013
-0.9262688159942627
0.16116416454315186
0.6785852909088135
-0.5547432899475098
0.15946757793426514
0.4919741749763489
0.4512590765953064
-0.46652722358703613
0.6378700733184814
-0.24937987327575684
0.3850972652435303
0.3969721794128418
0.5123317241668701
-1.2027921676635742
1.3622595071792603
0.3477747440338135
0.3019704818725586
0.3291137218475342
1.0764057636260986
0.5954583883285522
-0.3206315040588379
-0.14928877353668213
0.32232797145843506
-0.1798250675201416
0.17982494831085205
0.2561657428741455
-0.0848231315612793
0.2069683074951172
-0.08143007755279541
-0.07125139236450195
-1.594675064086914
-0.8618031740188599
-0.003392934799194336
0.037322282791137695
-0.06276905536651611
-0.05089390277862549
-0.1289311647415161
-0.4224189519882202
0.631084144115448
1.3927961587905884
-0.2731306552886963
-0.363042950630188
-0.35625720024108887
1.1502017974853516
1.0297528505325317
0.011875152587890625
0.020357608795166016
-0.6887638568878174
-0.6836744546890259
-0.13232409954071045
1.006002426147461
-1.4521721601486206
-0.5547431707382202
-0.1509850025177002
-1.1977026462554932
0.14759230613708496
-0.3884899616241455
-0.21036142110824585
0.3460782766342163
-0.6005478501319885
0.09330534934997559
0.17643213272094727
0.18321800231933594
0.4139368534088135
-1.1977028846740723
-0.8024269342422485
0.37491846084594727
-1.072164535522461
-0.5021529197692871
0.7566224336624146
0.9805556535720825
-0.15268182754516602
-0.2816128730773926
-0.3087562322616577
0.32741737365722656
-0.12384200096130371
1.063682198524475
-0.14589571952819824
-0.5140281915664673
0.34607845544815063
0.10009145736694336
0.47331297397613525
0.6361736059188843
-0.19678950309753418
-0.07294785976409912
-0.5530468821525574
-1.2977941036224365
0.35965001583099365
-0.28500574827194214
-0.3155421018600464
-0.9686803221702576
0.6124229431152344
0.19678974151611328
-0.80751633644104
0.9585015773773193
0.25107645988464355
-0.5225105285644531
-0.5598328113555908
-0.05089390277862549
-0.18661081790924072
-0.5632257461547852
-0.2968810796737671
0.061072707176208496
0.13910984992980957
0.6989426612854004
0.8940359354019165
-0.3766148090362549
-0.3189350366592407
0.20018261671066284
0.3579535484313965
0.0
0.41054391860961914
-0.21375417709350586
0.07294821739196777
-0.3409891128540039
-0.33589959144592285
-0.48179543018341064
0.7396578192710876
0.5089389681816101
-0.015268206596374512
0.3613464832305908
0.5479576587677002
0.15777111053466797
-0.7023357152938843
0.6633169651031494
0.5886725187301636
0.2816128730773926
-0.2782198190689087
-0.6276912093162537
-0.001696467399597168
-0.2510765790939331
-0.020357489585876465
-0.24768352508544922
0.3104526996612549
1.061985731124878
-0.9110006093978882
-0.29009509086608887
-0.26804113388061523
-0.9160898923873901
0.24429070949554443
0.9890379905700684
0.7498366236686707
-0.03901863098144531
0.3291137218475342
-0.43938398361206055
-0.6548346877098083
0.29179155826568604
0.38000762462615967
0.2985774278640747
-0.09669840335845947
-0.7125142812728882
-0.028839826583862305
-0.5462610721588135
-0.1849144697189331
-0.3375958204269409
0.0950019359588623
-1.2960976362228394
-1.671015977859497
0.363042950630188
0.5649222135543823
0.061072707176208496
0.03223276138305664
-0.2544693946838379
-0.1832178831100464
0.30197036266326904
-0.29857754707336426
0.2883986234664917
-0.10009145736694336
0.1900038719177246
-0.21884369850158691
-0.08821606636047363
-0.34438204765319824
-0.8889464139938354
-0.5225106477737427
-0.44447338581085205
-0.41902637481689453
-0.05089390277862549
-0.9737697839736938
-0.5191175937652588
-0.40036529302597046
0.6463522911071777
-0.2375047206878662
0.5326893925666809
-0.4376872777938843
-0.2408977746963501
0.912696897983551
0.16455674171447754
0.9143935441970825
0.21545076370239258
-0.8889466524124146
-0.7091214656829834
2.179954767227173
0.7854622602462769
0.797337532043457
-0.030536532402038574
0.47331321239471436
-0.7990337610244751
0.5462610721588135
1.523423671722412
-1.0161809921264648
0.23241543769836426
-0.43090152740478516
-0.08312666416168213
-0.559832751750946
-2.900951385498047
0.10178768634796143
-0.10687720775604248
-0.10348427295684814
0.3800077438354492
1.0602893829345703
-0.21545088291168213
1.179041862487793
-0.1458958387374878
0.21036148071289062
-0.44786620140075684
-0.10178768634796143
0.9534120559692383
0.2035754919052124
-1.4182429313659668
-0.29857754707336426
-0.4936707019805908
0.09330534934997559
0.14589571952819824
0.8143020868301392
-0.02205371856689453
-0.6548346281051636
0.7752836346626282
0.1900038719177246
-0.05937612056732178
-0.018661022186279297
0.3002737760543823
-0.15607476234436035
1.2723472118377686
0.13571703433990479
0.5394753217697144
0.11535942554473877
0.05598330497741699
0.31723856925964355
0.45804500579833984
-0.07464432716369629
-0.1289311647415161
-0.04071521759033203
1.3062763214111328
0.2951846122741699
1.3419020175933838
0.32911384105682373
-0.5818867683410645
-0.22393298149108887
-0.35795366764068604
0.5666186809539795
0.21036136150360107
0.43599069118499756
1.0076987743377686
0.32232797145843506
-0.02375054359436035
0.22732603549957275
1.61503267288208
0.16625332832336426
-0.006785869598388672
0.49197423458099365
0.5123317241668701
0.8227845430374146
0.20187926292419434
0.37322187423706055
-0.1374133825302124
-0.01696455478668213
-0.030536293983459473
0.08143031597137451
-0.5343859195709229
-0.9652873277664185
0.11027002334594727
-0.13232403993606567
-0.07464420795440674
-0.1289311647415161
-0.525903582572937
-0.6802818775177002
0.6158159971237183
-0.731175422668457
-1.1213619709014893
0.7464436888694763
-0.9941272735595703
0.4342944622039795
-0.07464438676834106
0.8278738856315613
-0.14928865432739258
-0.4987602233886719
0.7125142812728882
0.21036136150360107
0.08143019676208496
0.2137542963027954
0.08821606636047363
0.7193002700805664
-0.12893128395080566
-0.7057286500930786
0.5123317241668701
-0.13232409954071045
0.01696467399597168
-0.07294797897338867
0.5123318433761597
-1.0857361555099487
-0.6819781064987183
1.275740146636963
0.15437805652618408
0.3766148090362549
-0.8041233420372009
0.7956409454345703
0.7023356556892395
0.30197036266326904
0.06276917457580566
-0.3342031240463257
-0.24429059028625488
0.5038493871688843
-0.33250677585601807
0.21884381771087646
-0.1645568609237671
-0.29518455266952515
-0.05598330497741699
-0.30197036266326904
0.8753749132156372
-0.07464444637298584
-0.732871949672699
0.06616199016571045
-0.4309016466140747
0.20018267631530762
0.11196649074554443
1.772803783416748
-0.2646481990814209
-0.5717079639434814
0.5818867683410645
-0.12214529514312744
-1.1926133632659912
-0.23920130729675293
0.5191175937652588
2.088345766067505
0.38170409202575684
0.07464444637298584
-0.3426854610443115
0.2985774278640747
-0.3291139602661133
-0.13910984992980957
-0.7837657928466797
-0.5530469417572021
0.21375423669815063
0.5106353759765625
0.5259034633636475
0.037322282791137695
-0.027143359184265137
-0.3426854610443115
-0.495367169380188
0.15437817573547363
0.5276000499725342
1.2418107986450195
-0.06955504417419434
-0.013571858406066895
0.020357608795166016
-0.4817957878112793
0.8821606636047363
-0.03562569618225098
-0.015268087387084961
-0.4614379405975342
0.5377787351608276
0.9296616911888123
-0.5191177129745483
-0.18152141571044922
0.23071908950805664
0.8957324028015137
0.1136629581451416
-0.09669852256774902
0.11535954475402832
-0.11535948514938354
-0.13062763214111328
0.31893491744995117
0.028839826583862305
0.8533210754394531
0.5564396381378174
-1.0263599157333374
0.061072707176208496
0.16964632272720337
0.6005479097366333
0.6344771385192871
-0.16286039352416992
0.1832178831100464
0.7040320634841919
-0.5462610125541687
-0.23411190509796143
0.9398403167724609
-0.44277679920196533
-0.3358997106552124
0.10178768634796143
0.39357924461364746
-0.5292963981628418
-0.17643225193023682
-1.0806468725204468
-0.8058198094367981
-0.19170033931732178
0.37661468982696533
-0.09160900115966797
0.07464444637298584
-0.2069685459136963
0.14759230613708496
0.7583189010620117
-0.19848620891571045
0.4750094413757324
-0.16286039352416992
-0.27821993827819824
0.7396577596664429
0.3104526996612549
0.35286426544189453
-0.3223279118537903
0.6548348665237427
-0.21884381771087646
-0.15268158912658691
0.1187523603439331
-0.25955867767333984
-0.4784024953842163
0.576797366142273
-0.7752834558486938
0.5649219751358032
-0.5598328113555908
-0.4784025549888611
-0.3850972652435303
-0.027143239974975586
-1.6319971084594727
0.5479574203491211
0.15437805652618408
0.24429059028625488
0.2765234708786011
0.695549726486206
-0.006785869598388672
-0.44108033180236816
-1.0585930347442627
-0.47500962018966675
0.11875247955322266
-1.0416282415390015
-0.4037579894065857
0.5072424411773682
-0.26804113388061523
0.013571619987487793
0.6514415740966797
-0.24259412288665771
-0.19170033931732178
0.8261774778366089
-0.08312666416168213
0.5767974257469177
-0.19678974151611328
-0.33420324325561523
-0.23920118808746338
-0.38170409202575684
-0.5801901817321777
0.11875247955322266
0.5496540069580078
-0.5292963981628418
-1.389403223991394
-0.06276905536651611
0.26804113388061523
0.40375810861587524
0.022054195404052734
-0.35116779804229736
-0.0848231315612793
-1.3096694946289062
-0.38848984241485596
-0.06785845756530762
0.32911384105682373
-0.04919767379760742
0.2934880256652832
-0.08143031597137451
-0.3901865482330322
0.27143430709838867
0.015268206596374512
-0.20018243789672852
-0.003392934799194336
1.7711073160171509
-0.12553811073303223
-1.3741350173950195
0.005089402198791504
0.10009133815765381
0.44786620140075684
1.2231498956680298
0.1900038719177246
-0.16625332832336426
-0.19678974151611328
0.1323239803314209
-0.42072272300720215
-0.05937612056732178
-0.03392922878265381
-0.9126969575881958
0.46483075618743896
0.06785845756530762
0.08143019676208496
-0.01696467399597168
0.7905517816543579
-0.8889464735984802
0.2985774278640747
0.24768352508544922
-0.2951846122741699
0.11535954475402832
0.01696455478668213
1.287615418434143
-0.2544693946838379
-1.2485966682434082
-0.383400559425354
-0.3036668300628662
-0.3766148090362549
0.3494713306427002
-0.30705976486206055
-0.14928877353668213
-0.13910996913909912
0.30875635147094727
0.3867933750152588
0.18661081790924072
-0.9992164969444275
-1.6167290210723877
-0.054286837577819824
-0.7379612922668457
0.5700116157531738
-0.06785845756530762
-0.7362648248672485
-0.597154974937439
0.5191175937652588
-0.4003652334213257
0.3087562918663025
0.776979923248291
-0.013571739196777344
-0.39188289642333984
0.003392934799194336
0.586976170539856
0.19170033931732178
0.3783113956451416
0.10348427295684814
0.5055457353591919
-0.06785845756530762
-0.35286426544189453
0.061072587966918945
0.48349201679229736
-0.2069685459136963
0.0
-0.03223276138305664
0.45465195178985596
-0.36473941802978516
-0.13910996913909912
0.9228757619857788
0.36304306983947754
0.08143007755279541
0.44447338581085205
0.3426855206489563
-0.5292964577674866
0.3426854610443115
-0.16625338792800903
0.8685890436172485
0.010178804397583008
0.18321800231933594
0.4139368534088135
0.46992027759552
0.1747356653213501
-0.576797366142273
1.180738091468811
-1.5726209878921509
0.3189350366592407
-0.8601067066192627
0.5598326921463013
0.8516244888305664
-0.15437817573547363
-0.1560746431350708
0.5666185617446899
1.0653786659240723
0.7701941132545471
0.14250290393829346
0.06785869598388672
-0.010178685188293457
-0.7617119550704956
-0.3901864290237427
0.11705589294433594
0.7701941132545471
0.0848231315612793
0.7159072160720825
0.2493799924850464
0.20018267631530762
-1.5064588785171509
-0.5835833549499512
-0.044107913970947266
0.3325067162513733
-1.8118221759796143
0.33759605884552
0.15607458353042603
0.12893104553222656
0.3596500754356384
-0.2765234708786011
-0.6701028347015381
-0.21714723110198975
-0.28670215606689453
0.0950019359588623
-0.532689094543457
0.4784025549888611
0.8007304668426514
-0.2273259162902832
0.44786620140075684
0.5445647239685059
-0.33081018924713135
0.23750483989715576
0.510635256767273
0.6989425420761108
1.1111830472946167
0.3002738952636719
0.2883986234664917
0.1289311647415161
0.429205060005188
-0.06785869598388672
0.15607452392578125
0.46992027759552
-0.7176038026809692
0.12893128395080566
-0.34607839584350586
-0.0237504243850708
-0.33929240703582764
0.8533207178115845
0.7634082436561584
-0.7091214060783386
-0.05089390277862549
-0.5632256269454956
0.027143478393554688
-0.1560746431350708
1.1841310262680054
0.4342944622039795
0.18321800231933594
0.3901864290237427
0.030536413192749023
-0.5598326921463013
0.5123317241668701
-0.1425027847290039
-0.11535954475402832
0.19170033931732178
0.5428681373596191
0.03223276138305664
0.05089390277862549
0.2408977746963501
-0.008482575416564941
0.5411717891693115
-0.16286051273345947
0.11875247955322266
-0.35456085205078125
-0.19509315490722656
0.037322282791137695
0.47670602798461914
-0.06785845756530762
0.2985774278640747
-0.2985774278640747
-0.26125526428222656
-0.576797366142273
0.3800077438354492
0.11196660995483398
-0.16286039352416992
0.373221755027771
-0.36813247203826904
-0.015268206596374512
0.281612753868103
0.642959475517273
-0.0237504243850708
0.09160912036895752
-0.003392815589904785
0.7939444780349731
0.5937619805335999
0.31045258045196533
0.44956254959106445
-0.419026255607605
0.11196660995483398
0.97037672996521
-0.36304306983947754
0.4444732666015625
0.32911384105682373
0.8550171256065369
0.13741350173950195
1.4436900615692139
0.2578624486923218
0.19678974151611328
0.8397491574287415
0.7023355960845947
-0.32911378145217896
-0.5309929847717285
0.25107645988464355
0.2680410146713257
1.5166376829147339
-0.09839487075805664
0.1560746431350708
-0.24938011169433594
0.3426855802536011
-0.7668012380599976
-0.030536293983459473
0.05767977237701416
-0.020357370376586914
-0.38000762462615967
0.5394753217697144
-0.9008218050003052
-0.6836745738983154
0.2035754919052124
0.3206315040588379
-0.7837656736373901
0.006785869598388672
0.8736782670021057
-0.09839487075805664
-0.43768739700317383
0.6599239110946655
0.0763406753540039
-0.03223276138305664
-0.13062775135040283
0.20018255710601807
0.3494713306427002
-0.27143406867980957
-0.020357608795166016
-0.8244808912277222
0.15777111053466797
0.044108033180236816
-2.274956703186035
0.25107645988464355
-0.10178780555725098
-0.5377787351608276
-0.10857361555099487
0.5394750833511353
-0.08312678337097168
-0.2086648941040039
-0.5937619805335999
0.13910996913909912
0.797337532043457
0.9466263055801392
-0.15268170833587646
0.061072587966918945
0.832963228225708
0.6497452855110168
0.033929288387298584
0.4614379405975342
-0.6887638568878174
-0.08821594715118408
0.8719819784164429
0.22054028511047363
0.28330910205841064
0.8397490978240967
0.14928865432739258
0.2765233516693115
-0.3121491074562073
0.2646481394767761
0.1832181215286255
-0.27482688426971436
1.2638646364212036
0.4139368534088135
-0.6819780468940735
0.6005478501319885
0.14250290393829346
0.32741737365722656
-0.8143022060394287
0.1136629581451416
-0.4512590169906616
0.003392934799194336
0.6209053993225098
0.28330934047698975
-0.8651961088180542
0.34607839584350586
-0.22562956809997559
-0.6887639760971069
0.20187914371490479
-0.1696462631225586
0.7566223740577698
-0.7379614114761353
0.22393310070037842
0.5869761109352112
1.0348424911499023
0.2748270034790039
-0.8465349674224854
-0.24089789390563965
0.3087562322616577
0.03392922878265381
-0.3019702434539795
-0.45125913619995117
-0.2951846122741699
-0.459741473197937
-0.12553828954696655
-0.2917916774749756
0.6650134325027466
-0.06955492496490479
0.2951846122741699
0.3426855802536011
-0.28330934047698975
0.27821987867355347
0.541171669960022
-0.46143782138824463
-0.26125532388687134
-0.027143359184265137
-0.15777111053466797
-0.1323239803314209
0.851624608039856
-0.2850058078765869
0.6209053993225098
-0.27313053607940674
0.480099081993103
0.48179543018341064
-0.2408977746963501
0.9228757619857788
0.1713426113128662
0.9330545663833618
0.052590370178222656
-0.5157246589660645
-0.04750096797943115
0.2375047206878662
-0.38340067863464355
-0.7057286500930786
-0.19000375270843506
0.36813247203826904
0.20696842670440674
-0.408847451210022
0.01696479320526123
-0.061072587966918945
-0.10518050193786621
-0.20018267631530762
0.7464436888694763
-0.4817955493927002
-1.380920648574829
-0.4563485383987427
-0.13571703433990479
-0.14928877353668213
0.08821606636047363
0.8618031740188599
-0.09839487075805664
0.6616204977035522
-0.11366307735443115
0.04071521759033203
0.005089163780212402
0.1713428497314453
0.6310843229293823
-0.6276912689208984
0.20018261671066284
-0.5852797031402588
-0.31214916706085205
-0.3392925262451172
0.4733130931854248
-1.0687716007232666
0.3867936134338379
0.2816128730773926
-0.1747356653213501
0.6022440195083618
-0.7905516624450684
-0.6480486989021301
-0.12384152412414551
0.188307523727417
0.22223663330078125
-0.7990339994430542
0.475009560585022
0.500456690788269
0.9194827079772949
0.5157248973846436
-0.22902250289916992
-0.16794991493225098
-0.42920517921447754
0.9534119963645935
-0.05089390277862549
0.2867022752761841
-0.7091215252876282
0.38000762462615967
-0.015268087387084961
-0.7260862588882446
0.35286426544189453
0.2900952100753784
-0.25107645988464355
0.037322282791137695
-0.1900038719177246
-0.013571739196777344
-0.10009133815765381
0.13232409954071045
-0.485188364982605
0.16116392612457275
-0.00848233699798584
0.4750096797943115
-0.3104526996612549
0.4071510434150696
-0.2850058078765869
0.31045281887054443
0.581886887550354
-0.010178804397583008
-0.39527595043182373
0.16625332832336426
0.10518068075180054
-0.03562569618225098
0.21545076370239258
0.22562956809997559
0.32572102546691895
0.26295173168182373
0.7447471618652344
0.5988514423370361
-0.6124230623245239
-0.09330534934997559
0.23750460147857666
0.475009560585022
0.5191175937652588
0.6039407849311829
-0.06446564197540283
0.6819781064987183
-0.09330546855926514
-0.4750094413757324
0.10518074035644531
0.42411577701568604
0.05937623977661133
0.20018255710601807
-1.0348422527313232
0.44786620140075684
-0.7260860800743103
0.22902250289916992
0.7260861396789551
0.2510765790939331
0.013571619987487793
0.5547434091567993
-0.4648308753967285
-0.1136631965637207
-0.5530469417572021
-0.4784027338027954
0.3901863098144531
0.07803726196289062
0.36304306983947754
-0.6819781064987183
0.09839498996734619
0.6378700733184814
-0.16964638233184814
0.6395665407180786
0.22732603549957275
0.13402032852172852
-0.10857367515563965
0.45974135398864746
-0.19000375270843506
-0.19000375270843506
-0.11196660995483398
1.3334197998046875
0.6870673894882202
-0.7498366832733154
-0.23071908950805664
-0.5751005411148071
0.2646482586860657
-0.5767972469329834
0.20527207851409912
0.45974141359329224
-0.09160900115966797
-1.1586840152740479
-0.12553834915161133
0.4682236909866333
0.5835831165313721
0.5547431707382202
-0.15268158912658691
-0.5292964577674866
-0.011875271797180176
0.39697229862213135
-0.1933966875076294
0.7871588468551636
-0.11875247955322266
-0.43090152740478516
0.08821606636047363
0.3817042112350464
-0.17982494831085205
1.1332371234893799
0.3884899616241455
-0.8923394680023193
-0.030536413192749023
0.6819779872894287
-0.0237504243850708
-0.26634466648101807
0.3291137218475342
0.13232409954071045
0.10009121894836426
-0.28839874267578125
0.4410804510116577
0.3002738952636719
0.15268158912658691
0.13062739372253418
-0.33929264545440674
-0.11705601215362549
0.16455698013305664
-0.6802815198898315
0.1458958387374878
-0.9601980447769165
-0.34607845544815063
0.0950019359588623
0.3155421018600464
0.32232797145843506
0.3681323528289795
-1.4402968883514404
0.5123318433761597
0.030536413192749023
0.2646481990814209
-0.9890378713607788
-1.5658352375030518
0.5445646047592163
0.2765234708786011
0.2375047206878662
0.19678962230682373
0.9398404359817505
-0.05937623977661133
0.541171669960022
-0.3392925262451172
0.08312654495239258
0.044108033180236816
-0.07803726196289062
0.21205782890319824
-0.2527730464935303
0.3138456344604492
0.541171669960022
0.40375804901123047
-0.22054028511047363
-0.4207228422164917
1.1603806018829346
0.04071521759033203
0.001696467399597168
0.3664360046386719
0.7939445972442627
1.4674403667449951
-0.5089388489723206
1.0348422527313232
0.0033928751945495605
-0.16625332832336426
0.3257208466529846
0.16455674171447754
0.5360822081565857
-0.0950019359588623
-0.627691388130188
-0.1289311647415161
0.13571703433990479
-0.7718905210494995
0.09839487075805664
-0.08651959896087646
0.383400559425354
-0.3002738952636719
-0.0016963481903076172
0.10518074035644531
0.36304306983947754
-0.05937612056732178
-1.7541425228118896
0.2137542963027954
-0.19170022010803223
1.170559287071228
0.24259400367736816
-0.36134660243988037
0.09669840335845947
0.11196660995483398
0.851624608039856
0.08143019676208496
-0.373221755027771
0.07294797897338867
-0.01696467399597168
-0.04071509838104248
-0.4834918975830078
-0.20018255710601807
-0.35286426544189453
-0.12214541435241699
0.7820694446563721
0.7820693254470825
-2.0951316356658936
-0.20357561111450195
0.24768352508544922
-0.13910984992980957
0.36304306983947754
0.3850971460342407
-0.2137542963027954
-0.9534120559692383
-0.06785857677459717
0.29348814487457275
-0.06446564197540283
-0.4139368534088135
0.4919741153717041
0.2646481990814209
-0.5055460929870605
-0.11196660995483398
-0.6548346877098083
-0.6073336601257324
0.7820694446563721
-0.7260861396789551
1.5743176937103271
0.9160898923873901
-0.037322282791137695
0.42072272300720215
0.6480488181114197
0.5683150291442871
0.3155421018600464
0.23920130729675293
0.06446558237075806
0.16286039352416992
0.48179543018341064
0.5920653343200684
0.26634466648101807
-0.19339680671691895
0.37661468982696533
-0.41054415702819824
-0.08651959896087646
0.09160900115966797
0.9059112668037415
-0.20018267631530762
0.8244809508323669
0.04750096797943115
-0.5021530389785767
-0.0237504243850708
0.5208139419555664
-0.2731304168701172
0.4105439782142639
0.5886726379394531
-0.6582276225090027
-2.0493271350860596
-0.19509315490722656
1.2519896030426025
-0.7091214656829834
-0.1085735559463501
0.44108033180236816
-0.3036668300628662
1.03653883934021
-0.5496540069580078
0.4784024953842163
-0.5734045505523682
0.09330534934997559
-0.5191177129745483
0.2171473503112793
-0.6565310955047607
0.7108179330825806
-0.576797366142273
0.22902262210845947
1.099307894706726
-0.1900038719177246
0.04241156578063965
0.7752835750579834
-1.7745001316070557
-0.1662534475326538
1.170559287071228
1.007698893547058
0.7277826070785522
0.07464432716369629
-0.2035754919052124
0.24429070949554443
-0.4784024953842163
-0.10518074035644531
1.0721644163131714
-0.1458958387374878
0.1187523603439331
-0.5598328113555908
0.6785851716995239
0.4648309350013733
0.42750871181488037
-0.6022443771362305
-0.28839850425720215
0.16794991493225098
-0.2816128730773926
-0.6158161163330078
-1.3113658428192139
-0.04750096797943115
0.2239331603050232
0.5462610125541687
-0.8719817996025085
0.5123318433761597
0.17473578453063965
-0.027143239974975586
-0.7600153088569641
-0.07634079456329346
-0.35456061363220215
-0.06276917457580566
0.6310842037200928
1.1010043621063232
-0.1136629581451416
0.5259034633636475
0.41732990741729736
0.8075164556503296
-0.475009560585022
-1.0619856119155884
-0.6276915073394775
0.16625356674194336
0.26125526428222656
-0.08991265296936035
0.3426854610443115
1.2910082340240479
-0.695549726486206
0.990734338760376
0.6717993021011353
0.8923394680023193
0.1458958387374878
0.35286426544189453
0.709121584892273
-0.22393310070037842
0.25107645988464355
0.37152552604675293
0.28161299228668213
0.35286426544189453
0.1289311647415161
-0.19678974151611328
-0.19339680671691895
1.5437812805175781
-0.01696455478668213
-0.09160900115966797
0.46483075618743896
-0.1696462631225586
0.07464432716369629
0.06785845756530762
0.12553822994232178
0.1458958387374878
-0.32063138484954834
-0.281612753868103
0.35625720024108887
0.19000375270843506
-0.6972463130950928
0.31554198265075684
0.485188364982605
0.044108033180236816
0.30366694927215576
0.3189350366592407
0.9568051695823669
0.09839487075805664
-0.12214541435241699
-0.06785845756530762
0.02375054359436035
0.31723856925964355
0.28839874267578125
0.35965025424957275
0.14928889274597168
0.8109092116355896
0.06446564197540283
0.20357537269592285
-0.12044882774353027
-0.14589577913284302
0.27143406867980957
0.5869762301445007
-0.3884899616241455
0.20527195930480957
0.027143359184265137
0.28330934047698975
-0.4325979948043823
0.8092126846313477
-0.4682236909866333
-0.5377787351608276
-0.6989426612854004
-0.06785857677459717
0.34607839584350586
-0.04919743537902832
0.1900038719177246
-0.19000375270843506
0.2069683074951172
0.7040320634841919
0.3087562322616577
-0.19848620891571045
0.3511676788330078
-1.2893120050430298
-0.11535954475402832
-0.17303931713104248
-0.8719819784164429
0.42241930961608887
-0.2883986234664917
-0.36982882022857666
-0.03392922878265381
0.08991265296936035
0.6209054589271545
0.24768364429473877
-0.24937987327575684
1.9526288509368896
-0.6361736059188843
0.8668925762176514
-0.28500568866729736
0.07125139236450195
-0.08821606636047363
0.1187523603439331
1.3486878871917725
-0.1798250675201416
-0.022053956985473633
-0.30536341667175293
0.5801903009414673
1.2333285808563232
0.4376872777938843
0.11196637153625488
-0.3138456344604492
0.6904604434967041
0.3901864290237427
-0.695549726486206
-0.1747356653213501
1.2944011688232422
0.013571739196777344
-0.3053632974624634
0.09669840335845947
0.45804500579833984
-1.5013697147369385
-0.1136629581451416
0.2680410146713257
0.3800077438354492
-0.2273259162902832
-0.11196660995483398
-0.2527730464935303
0.7159074544906616
-0.3511676788330078
0.23920130729675293
-0.5089389085769653
-0.7396578788757324
0.24089765548706055
0.500456690788269
0.18321800231933594
0.4987601041793823
0.475009560585022
0.8312668204307556
0.9126970767974854
0.08651959896087646
-0.08651971817016602
0.003392934799194336
-0.393579363822937
0.10518062114715576
-0.45295560359954834
-0.03223288059234619
0.05937635898590088
-0.2612553834915161
0.3494713306427002
-0.6141195297241211
0.2833094596862793
-0.4682236313819885
0.26464831829071045
-0.14928889274597168
1.0382351875305176
0.3240244388580322
0.5530468821525574
0.47500962018966675
-0.28330934047698975
0.307059645652771
0.0950019359588623
1.577710509300232
0.7345683574676514
-0.21036136150360107
0.7668011784553528
-0.24768376350402832
-0.1900038719177246
0.13571703433990479
1.0280563831329346
-0.5292964577674866
0.2408977746963501
-0.21205782890319824
-0.3800075054168701
-0.2375047206878662
0.23411166667938232
0.7464438080787659
1.3283305168151855
-0.2883986234664917
-0.20018255710601807
0.5292963981628418
-0.3155421018600464
0.27822017669677734
-0.013571619987487793
0.9279651641845703
-0.20527195930480957
0.07803726196289062
-0.3545607328414917
-0.4614377021789551
0.6616206169128418
0.4003652334213257
0.4088475704193115
1.2893117666244507
-0.17303919792175293
-0.7820694446563721
0.12553822994232178
0.3189350366592407
-0.4665273427963257
0.21545076370239258
0.8092129230499268
-0.03223264217376709
-0.006785869598388672
1.2231497764587402
-0.429205060005188
-0.2985776662826538
0.3901865482330322
0.719300389289856
-0.13910984992980957
0.5360822677612305
-0.21036148071289062
-0.2324153184890747
-0.38679349422454834
0.637870192527771
0.10687720775604248
0.5801903605461121
0.7413543462753296
0.7532296180725098
0.1849144697189331
1.0297527313232422
-1.0704680681228638
0.5581363439559937
0.7193001508712769
-0.22732597589492798
-0.05767977237701416
-0.03732210397720337
0.5191177129745483
-1.0450210571289062
0.3867936134338379
0.11535954475402832
0.2934880256652832
-1.0551998615264893
-1.1010043621063232
0.14589571952819824
0.05428671836853027
-0.3562571406364441
-0.6616204977035522
0.05089378356933594
-0.2544693946838379
-0.17643213272094727
-0.6395665407180786
-0.20018267631530762
0.34607839584350586
0.5700114965438843
0.21714723110198975
-0.08821606636047363
-0.061072587966918945
-0.10518068075180054
-0.015268206596374512
-0.6531381607055664
1.4708333015441895
-0.47161662578582764
-0.6175124645233154
-0.28839874267578125
-0.13232409954071045
0.09500205516815186
-0.2307189702987671
0.044108033180236816
-0.7668013572692871
1.1060938835144043
0.08821606636047363
-0.1832181215286255
-0.9381438493728638
0.4987599849700928
-1.1705594062805176
-1.0484142303466797
1.8101259469985962
0.6310839653015137
-0.3019702434539795
-0.5428681373596191
-0.020357489585876465
0.7023355960845947
-0.7905516624450684
-0.05598330497741699
0.9262688159942627
-0.13911008834838867
0.6446559429168701
-0.15946757793426514
0.08821606636047363
-0.894035816192627
-0.10009133815765381
0.6514419317245483
-0.26125526428222656
-0.05598318576812744
-0.11535954475402832
-0.6141196489334106
-0.11705589294433594
0.8159986138343811
-0.8210880756378174
0.46483081579208374
0.45465219020843506
-0.02544689178466797
-0.1136631965637207
0.7701941728591919
1.4233324527740479
0.06276917457580566
0.05598330497741699
-0.15268158912658691
0.142503023147583
-0.07125139236450195
0.4275085926055908
1.5149414539337158
0.41224050521850586
-0.18661093711853027
0.7735872268676758
-0.1798250675201416
0.8210879564285278
-0.35286426544189453
0.24429059028625488
-0.15946757793426514
0.17643219232559204
0.43768739700317383
-0.06785845756530762
0.3664361238479614
-0.20357561111450195
-0.909304141998291
-0.5666185617446899
0.3867936134338379
0.5496538877487183
0.9313580989837646
-0.7142107486724854
-0.05089390277862549
0.5089390277862549
0.9160899519920349
0.9839484691619873
0.281612753868103
-0.5971550941467285
-1.119665503501892
0.044107913970947266
-0.34947144985198975
0.030536413192749023
-0.35965001583099365
-0.1900038719177246
0.15946745872497559
0.0712512731552124
-0.006785869598388672
0.7243896126747131
0.6192089319229126
0.15607452392578125
-1.128147840499878
0.5225105285644531
-0.37322181463241577
0.10857367515563965
-0.4410804510116577
0.8346596956253052
0.18152165412902832
-0.14928865432739258
-0.3817042112350464
-0.4105440378189087
-0.7193005084991455
-0.6344771385192871
0.9110006093978882
0.5225105285644531
-0.037322163581848145
-0.35625720024108887
0.5734044313430786
-0.003392934799194336
-0.429205060005188
-0.67179936170578
0.4054546356201172
0.07973372936248779
0.7142108678817749
-0.45974135398864746
-0.3647395372390747
1.1977030038833618
-1.2910082340240479
-0.5394752025604248
0.050893545150756836
0.3698289394378662
-0.5598325729370117
-0.29179155826568604
-0.030536174774169922
0.7396578192710876
0.3511679172515869
-0.980555534362793
-0.5869760513305664
-0.05089402198791504
0.3308103084564209
0.7769799828529358
-1.4419935941696167
-0.07803702354431152
0.8923394680023193
-0.1560744047164917
-0.274827241897583
0.33929264545440674
-0.1408064365386963
-0.2985774278640747
-0.43768739700317383
-0.11535942554473877
-0.28330934047698975
0.4309016466140747
-0.4885812997817993
0.43090152740478516
0.9194828271865845
-0.6310839653015137
-0.061072468757629395
0.7193003296852112
-0.13571703433990479
0.8007304668426514
-0.8431419134140015
0.08821606636047363
0.6158161163330078
0.14928877353668213
-0.15607476234436035
-2.1205782890319824
0.05428671836853027
0.10009133815765381
0.18661081790924072
-0.6446560025215149
-0.12214529514312744
0.17643213272094727
0.5700114369392395
-0.2137542963027954
-0.10518074035644531
-0.10518074035644531
0.627691388130188
-0.26464831829071045
0.45125913619995117
0.24768352508544922
-0.5598326921463013
0.4885812997817993
1.3605631589889526
0.827873945236206
0.23411178588867188
-0.16794979572296143
-0.413936972618103
-0.2375047206878662
0.09160900115966797
1.1824346780776978
0.4800989627838135
0.6684062480926514
-1.1993992328643799
1.0840398073196411
0.5530469417572021
0.4648308753967285
-0.24768352508544922
-0.13741350173950195
-0.2544693946838379
-0.2850058078765869
-0.7209968566894531
-0.6565310955047607
0.4275085926055908
0.5598326921463013
-0.982251763343811
0.3036668300628662
0.26634466648101807
-0.520814061164856
0.23411178588867188
0.4512590169906616
-0.7684977054595947
-1.2163640260696411
-0.018661141395568848
0.620905339717865
0.2629513740539551
-0.08312666416168213
0.15946745872497559
1.3385090827941895
0.3087562322616577
0.49197423458099365
-0.5530468225479126
0.5988514423370361
-0.09160900115966797
0.10178780555725098
-0.3070598840713501
0.40545451641082764
-0.10178780555725098
-0.08821606636047363
0.3036668300628662
0.23411178588867188
-0.7549260854721069
-0.28500568866729736
0.2035754919052124
-0.7396578788757324
0.7430506944656372
-0.06785851716995239
-0.2578623294830322
-0.42750847339630127
-0.07464432716369629
0.6429595947265625
0.4071512222290039
0.3766148090362549
-0.1662534475326538
0.04750096797943115
0.4767061471939087
0.709121584892273
0.2917916774749756
-0.13571697473526
0.5326893329620361
-0.03392922878265381
-0.06955492496490479
0.43090158700942993
0.03901875019073486
0.11027014255523682
0.09330546855926514
-0.10687732696533203
-0.67519211769104
-0.7074251174926758
-0.1187523603439331
0.26295173168182373
0.8855535984039307
0.3087562322616577
0.19339680671691895
-0.36473941802978516
-0.26973748207092285
-0.6107266545295715
0.5123318433761597
0.5801902413368225
0.4682236909866333
0.7023357152938843
-0.18321800231933594
0.2459871768951416
0.027143478393554688
0.26295173168182373
0.6005477905273438
0.4614379405975342
0.02375054359436035
-0.1425027847290039
-0.6310840845108032
0.22223663330078125
-0.21714723110198975
0.003392815589904785
-0.09160900115966797
0.20018255710601807
-1.2859187126159668
-0.05089390277862549
-0.11535948514938354
0.06446564197540283
0.4309014081954956
-0.00848233699798584
0.9160897731781006
-0.2171471118927002
0.011875271797180176
0.09500181674957275
-0.8499279022216797
0.23071908950805664
0.49536728858947754
-0.2307189702987671
0.018661022186279297
1.2333285808563232
0.3613467216491699
-0.15946745872497559
-0.6989427208900452
-0.13232409954071045
-0.037322163581848145
-0.14928865432739258
-0.2375047206878662
-0.2561659812927246
-0.7769798040390015
-0.15946745872497559
0.003392934799194336
0.3087562322616577
0.7125144600868225
0.43768739700317383
-0.3545607328414917
0.475009560585022
0.4003652334213257
0.0950019359588623
-0.25107651948928833
-0.05767977237701416
-0.10518062114715576
0.16286039352416992
0.4105439782142639
-0.42750871181488037
-0.10009133815765381
0.4325979948043823
-0.827873945236206
0.45804500579833984
0.5988514423370361
-0.5191175937652588
-0.13741350173950195
0.4936709403991699
-0.5038495063781738
-0.22223663330078125
0.9635909795761108
-0.561529278755188
-0.07125139236450195
0.06446564197540283
-0.005089521408081055
-0.35625725984573364
0.899125337600708
-0.6429593563079834
-0.7294789552688599
0.32572078704833984
-0.5140283107757568
-0.1408064365386963
0.17643201351165771
0.1662534475326538
-0.6175124049186707
-1.163773536682129
-0.858410120010376
-0.11705601215362549
-0.38170409202575684
0.27143406867980957
0.8601068258285522
0.3426854610443115
0.700639009475708
2.5311224460601807
0.37152528762817383
0.620905339717865
1.7609283924102783
-0.4648308753967285
-1.175648808479309
-0.5140283107757568
-1.1535948514938354
-1.0263599157333374
-0.9839484095573425
0.9228760004043579
0.4376874566078186
0.3019702434539795
-0.27143406867980957
0.8787678480148315
0.29518449306488037
-0.2867022752761841
0.2917916774749756
-0.09669840335845947
0.013571619987487793
-0.006785869598388672
0.08821606636047363
-0.02375054359436035
-0.10687720775604248
-1.0687716007232666
0.1933966875076294
0.07464444637298584
0.31214916706085205
0.35625720024108887
-0.010178804397583008
-0.15946745872497559
-0.11875247955322266
0.39866888523101807
0.061072707176208496
0.0950019359588623
0.49876004457473755
0.22393298149108887
-0.4885812997817993
-0.09839487075805664
0.2375047206878662
-0.3969724178314209
0.495367169380188
0.11027002334594727
0.22732603549957275
0.8719819784164429
0.013571739196777344
0.17643213272094727
-0.07464432716369629
-0.4631342887878418
-1.1909170150756836
0.29179155826568604
0.4919742941856384
0.11366307735443115
-0.33759593963623047
0.1849144697189331
-0.4054546356201172
0.5598328113555908
-0.0950019359588623
0.6463522911071777
-0.23920130729675293
0.1798250675201416
0.30536341667175293
0.5123318433761597
0.15607452392578125
1.226542592048645
0.6005477905273438
0.3596501350402832
-0.4105440378189087
-0.5717078447341919
-0.9228756427764893
1.087432622909546
0.2748270630836487
0.10178780555725098
-0.1085735559463501
-0.1289311647415161
-0.4241156578063965
0.06276941299438477
0.7837658524513245
-0.2816128730773926
-0.5835833549499512
0.1560746431350708
-0.08312666416168213
-0.49706363677978516
0.08312654495239258
0.7243895530700684
0.6141196489334106
-1.341902256011963
-0.3952758312225342
-0.5326893329620361
-0.24429070949554443
0.013571619987487793
0.18491435050964355
0.23411190509796143
-0.037322163581848145
0.281612753868103
0.1458958387374878
-0.6734957695007324
0.1289311647415161
0.6582275629043579
0.42581212520599365
-0.29688119888305664
0.3036668300628662
-0.817695140838623
-0.4784025549888611
0.722693145275116
0.6073335409164429
-0.6616206169128418
0.35286420583724976
-0.4919741749763489
-0.9466263055801392
0.33589959144592285
-0.6107266545295715
0.1967896819114685
-0.8380526900291443
-0.5734043121337891
0.7939445972442627
0.48688483238220215
-0.07464444637298584
0.8482314348220825
0.7684975862503052
0.15268158912658691
0.27143394947052
0.7973374128341675
0.07634079456329346
0.6073338985443115
1.4267252683639526
0.03562581539154053
0.3257209062576294
-0.22054016590118408
0.7481402158737183
0.32232797145843506
-0.5225105285644531
0.6005479097366333
-0.05089390277862549
0.3155421018600464
0.43429458141326904
-0.663317084312439
0.3053632974624634
-0.6446558237075806
0.581886887550354
0.1713426113128662
-0.44786620140075684
0.29688096046447754
0.40375816822052
-1.1688629388809204
-0.21545088291168213
-0.11535942554473877
0.97037672996521
0.505545973777771
-0.7074246406555176
-0.1458958387374878
0.14589571952819824
0.21714723110198975
0.32232779264450073
0.16794979572296143
-0.8109093308448792
-0.22054016590118408
0.1662534475326538
-0.09160900115966797
0.6005479097366333
-0.5225106477737427
0.03392934799194336
-1.8118224143981934
-0.027143478393554688
-1.9170030355453491
0.35795366764068604
0.7193002700805664
0.11196660995483398
0.37831127643585205
0.6039407253265381
0.19000375270843506
-2.266474485397339
-0.5377788543701172
-1.061985731124878
0.8278738260269165
-0.09160900115966797
-0.07973372936248779
0.3358997106552124
1.2672576904296875
-0.0950019359588623
0.21884381771087646
0.06446558237075806
1.0212706327438354
0.40545451641082764
0.12893128395080566
0.32232797145843506
-0.2137542963027954
0.17303919792175293
0.5615291595458984
-0.9076076745986938
-0.18321794271469116
-0.16286039352416992
-0.12384188175201416
0.20018267631530762
0.31554216146469116
0.05089402198791504
-0.12553822994232178
-0.6548347473144531
0.6005477905273438
0.968680202960968
-0.04071521759033203
0.5174211263656616
-0.0237504243850708
-0.8482314348220825
0.04750096797943115
-0.7328718900680542
0.19339680671691895
-0.013571739196777344
0.2578623294830322
0.9958236217498779
0.22393310070037842
-0.45804494619369507
0.7176039218902588
0.15777087211608887
-0.45804500579833984
-0.02035754919052124
0.19678962230682373
-0.480099081993103
0.933054506778717
-0.8143022060394287
0.23241543769836426
-0.28330934047698975
-0.006785869598388672
0.2663445472717285
-0.3749183416366577
-1.143416166305542
0.28330934047698975
0.33589959144592285
0.26125526428222656
-0.03901875019073486
0.4461696147918701
-0.022054076194763184
0.9771627187728882
0.5835832357406616
0.26125526428222656
1.0585929155349731
-0.9822520017623901
0.13571691513061523
0.31723856925964355
0.7769799828529358
0.5089387893676758
-0.3969722390174866
-0.475009560585022
-0.9500192403793335
-0.22054004669189453
0.13232409954071045
0.6785850524902344
-0.5496540069580078
-0.8414456844329834
-0.610726535320282
0.42241930961608887
-0.2731304168701172
0.7718905806541443
0.720996618270874
1.9899507761001587
-0.36473941802978516
0.8380526304244995
-0.1187523603439331
-0.12384176254272461
-0.41902613639831543
0.9330545663833618
1.007698893547058
0.43090152740478516
0.41732990741729736
-0.4207228422164917
-0.4885812997817993
0.14250290393829346
-0.6395666599273682
0.1187523603439331
-1.5098518133163452
0.23071902990341187
0.6751922369003296
-0.4733133316040039
0.0
0.21036136150360107
-1.063682198524475
0.02035754919052124
-0.9890378713607788
-0.04919731616973877
0.3392925262451172
0.6107267141342163
-0.20527219772338867
-0.5734045505523682
0.6819780468940735
-0.5174211263656616
-0.5140281915664673
0.5259034633636475
0.2544693946838379
0.21884369850158691
1.48270845413208
-0.5072424411773682
-0.352864146232605
0.3969724178314209
-0.12384176254272461
0.37152552604675293
-0.07464444637298584
1.394492268562317
-0.14419925212860107
-0.23750466108322144
-0.1798250675201416
0.36304306983947754
-0.327417254447937
-0.15946745872497559
-1.0178778171539307
0.2951846122741699
-0.05767977237701416
0.7905519008636475
1.2197569608688354
0.4173298478126526
0.2917916178703308
0.061072707176208496
-0.5021529197692871
0.8431419134140015
-0.04071521759033203
-0.030536293983459473
1.1824346780776978
0.980555534362793
0.2646481990814209
-0.4444732666015625
-0.363042950630188
-0.6582275032997131
0.08143019676208496
-0.027143359184265137
1.0467175245285034
0.1034841537475586
-0.9194827675819397
-0.23071885108947754
0.6056374311447144
0.05089390277862549
0.3392925262451172
0.21036148071289062
-0.8261773586273193
-0.4173297882080078
-0.5615291595458984
1.2689542770385742
0.8702853918075562
-0.6242983341217041
0.42411577701568604
-0.586976170539856
0.31554198265075684
-0.037322163581848145
0.33929264545440674
-0.07125139236450195
-0.6039407849311829
-0.7515331506729126
-0.11875247955322266
0.8041233420372009
0.07803726196289062
0.505545973777771
0.6480487585067749
-0.2544693946838379
-0.1085735559463501
-0.12214529514312744
0.38679349422454834
0.44956278800964355
0.3545607328414917
0.2375047206878662
-0.08143031597137451
0.33420324325561523
0.44616973400115967
0.1136629581451416
0.6141195297241211
-0.37661468982696533
-0.1883072853088379
1.2825257778167725
-0.3325068950653076
-0.868588924407959
0.67179936170578
0.6310842037200928
1.4301183223724365
-0.14419913291931152
-0.24429059028625488
-0.2782200574874878
-0.1560746431350708
-0.853320837020874
-0.10687720775604248
1.716820478439331
0.34607839584350586
-0.04750096797943115
0.10178780555725098
-0.03562569618225098
-0.06276905536651611
-0.06785851716995239
1.0585929155349731
0.960197925567627
-1.1875240802764893
0.2968810796737671
-0.5462610721588135
2.6023740768432617
-0.3138456344604492
0.35286426544189453
0.9754660725593567
-0.4139368534088135
0.17303931713104248
-0.05089378356933594
-0.037322163581848145
0.010178804397583008
-0.13062763214111328
-0.3325067162513733
-0.15268170833587646
-0.3477747440338135
0.9568050503730774
-0.6548347473144531
0.17643213272094727
-0.6226018667221069
0.33759605884552
-0.13910996913909912
0.3664360046386719
-1.4216357469558716
-0.5140280723571777
0.0848231315612793
0.027143478393554688
0.2985774278640747
-0.010178804397583008
0.3257208466529846
0.2408977746963501
-0.41902637481689453
-0.011875391006469727
-0.40715110301971436
-0.1425027847290039
-0.4902777671813965
0.40036529302597046
0.05767965316772461
-0.2833092212677002
0.4376875162124634
-0.3460785150527954
0.010178804397583008
1.6727123260498047
0.03392934799194336
0.0
0.14250290393829346
-0.0763406753540039
-0.3901865482330322
0.3087562322616577
0.1289311647415161
0.21714723110198975
0.04410815238952637
0.14250290393829346
0.25107645988464355
0.5530469417572021
0.08143019676208496
0.21375417709350586
0.037322163581848145
0.19678974151611328
-1.3741347789764404
0.018661022186279297
-0.061072707176208496
1.4080642461776733
-0.7023356556892395
-0.06446564197540283
0.3426854610443115
1.068771481513977
0.4682236909866333
-0.5225105285644531
0.18152165412902832
0.7990339994430542
0.7176038026809692
0.3358997106552124
-0.25616586208343506
0.9008216857910156
-0.030536413192749023
0.827873945236206
0.4563485383987427
-0.4376875162124634
-0.1645568609237671
-0.49536722898483276
-0.48179543018341064
-0.8109093904495239
0.6565309762954712
0.01696467399597168
0.7159073352813721
-1.5302093029022217
-1.0043059587478638
-0.3019702434539795
-0.052590370178222656
0.25107645988464355
-1.3266339302062988
-0.3647395372390747
0.14419937133789062
-0.013571739196777344
0.08821606636047363
0.6989427804946899
0.408847451210022
-0.4784024953842163
0.3698291778564453
-0.2578623294830322
-0.003392934799194336
-0.0016963481903076172
-0.3969721794128418
0.061072707176208496
0.2985774278640747
0.33589959144592285
-1.1111830472946167
-0.18491435050964355
0.32232797145843506
0.868588924407959
-0.570011556148529
0.4478662610054016
0.15268170833587646
-0.11535954475402832
-0.09160900115966797
-0.15268158912658691
0.731175422668457
-0.29518455266952515
0.4902777671813965
-0.061072707176208496
-1.3995819091796875
-0.42072296142578125
-0.2765233516693115
-0.08991241455078125
0.6751922369003296
0.15437817573547363
-0.17303919792175293
-0.34947144985198975
-0.5649220943450928
0.20357561111450195
-0.27143388986587524
0.18321800231933594
1.4352076053619385
0.14419937133789062
-0.044108033180236816
-0.41732990741729736
0.5462610721588135
0.4902777671813965
-0.3477749824523926
0.3613467216491699
0.419026255607605
0.24089789390563965
1.791464924812317
-0.35625743865966797
0.286702036857605
0.09500181674957275
-0.475009560585022
0.8753747344017029
-0.02714359760284424
0.34098899364471436
-0.3223280906677246
0.006785869598388672
0.3596501350402832
-0.07634079456329346
-0.006785988807678223
-1.1027008295059204
0.5971549153327942
-0.00848233699798584
0.1136629581451416
0.3002738952636719
0.01696467399597168
0.4784024953842163
0.3392925262451172
-0.4444732666015625
0.19678962230682373
0.936447262763977
0.8804641962051392
0.9364476203918457
0.5225105285644531
-0.11196660995483398
-0.25955867767333984
-0.010178923606872559
0.4258122444152832
0.3257209062576294
0.5021530985832214
-0.29179155826568604
0.11027014255523682
-0.43768739700317383
0.07464444637298584
-0.48858141899108887
0.052590370178222656
0.6005477905273438
1.063682198524475
0.10518085956573486
-0.35286426544189453
0.792248010635376
0.2459871768951416
-0.4173300266265869
-0.13911008834838867
0.19848620891571045
-1.3300268650054932
0.09839487075805664
-0.36473941802978516
0.16116392612457275
-0.14250290393829346
-0.8448384404182434
0.06955492496490479
0.5581364035606384
0.41732990741729736
-0.3969721794128418
-0.037322163581848145
0.0712515115737915
0.31214916706085205
0.41224050521850586
-0.030536413192749023
-0.5937621593475342
0.1900038719177246
0.1458958387374878
-0.1611640453338623
0.592065691947937
-0.2748270034790039
-0.30366694927215576
0.4139368534088135
0.5835831761360168
-0.48518824577331543
0.6751922965049744
-0.5123318433761597
-1.021270513534546
0.10178780555725098
-0.2816128730773926
-0.003392934799194336
-0.0016965866088867188
-0.12893128395080566
0.261255145072937
-0.0016963481903076172
-0.3986687660217285
0.26804113388061523
0.1475921869277954
0.19339662790298462
0.16964638233184814
0.1323239803314209
-0.6276911497116089
0.23920130729675293
-0.32232797145843506
-0.4919741153717041
0.41054391860961914
0.07973372936248779
-0.00848245620727539
0.11705613136291504
0.07803726196289062
0.408847451210022
0.24259424209594727
0.35625720024108887
0.10518074035644531
-0.16286033391952515
0.11196649074554443
-0.34607845544815063
0.15268170833587646
0.2544693946838379
0.1900038719177246
-0.13402056694030762
0.307059645652771
0.16286063194274902
0.4139370918273926
1.1739522218704224
0.5801903009414673
0.5326892137527466
1.4131537675857544
0.027143478393554688
0.015268087387084961
0.27821993827819824
-0.5259034633636475
-0.34607839584350586
0.651441752910614
1.1671664714813232
-0.07464444637298584
-1.2553826570510864
0.2646481990814209
-0.22223663330078125
-0.6616206169128418
0.16625338792800903
0.0950019359588623
-0.2850058078765869
-0.8736783266067505
0.20357561111450195
0.5225106477737427
0.0712515115737915
-0.6921569108963013
-0.07125139236450195
-0.3223278522491455
0.3698289394378662
0.040715038776397705
0.42241930961608887
2.2529025077819824
0.23750483989715576
-0.5276000499725342
-0.7973376512527466
0.6005479097366333
0.013571619987487793
-0.08143019676208496
-0.12893110513687134
0.9669839143753052
0.7905517220497131
0.2137542963027954
0.30536341667175293
-0.32911378145217896
-0.28161269426345825
-0.8109092712402344
0.03562581539154053
-0.020357489585876465
-0.38170409202575684
-0.13571691513061523
-0.7447473406791687
0.07125139236450195
-0.7396578788757324
-0.7803728580474854
-0.317238450050354
-0.5937619805335999
0.03901863098144531
-0.20527195930480957
-0.3426854610443115
-0.9126970767974854
-0.21036136150360107
-0.5632256269454956
0.8906430006027222
-0.3257209062576294
0.753229558467865
0.09160900115966797
-0.26125526428222656
-0.23920142650604248
-0.7600154280662537
0.719300389289856
-0.2578623294830322
0.19170010089874268
0.8634995222091675
0.45125913619995117
0.5581363439559937
-0.1085735559463501
0.2408977746963501
-0.6378699541091919
0.2680412530899048
0.34607839584350586
0.06446552276611328
-0.6480488777160645
0.04750096797943115
0.7396578788757324
0.11535954475402832
0.03392922878265381
0.5428681373596191
0.3325066566467285
0.5174212455749512
-0.853320837020874
-0.5292963981628418
0.027143239974975586
-0.07125139236450195
-1.1417194604873657
1.338509202003479
0.6480487585067749
0.33759605884552
-0.8109093904495239
-0.01696467399597168
-0.25446945428848267
-0.07294797897338867
0.1611640453338623
-1.2910082340240479
0.19678974151611328
1.1162725687026978
0.28500592708587646
-0.08312666416168213
-1.6523547172546387
0.3698289394378662
0.6056370735168457
-0.44786620140075684
0.4122403860092163
-0.2307189702987671
0.8397491574287415
0.3325066566467285
0.44108033180236816
-0.18321800231933594