-0.36304306983947754
-0.6446558237075806
-0.9177864789962769
-0.0950019359588623
-0.7701942324638367
-1.1535946130752563
0.02544701099395752
-1.2027921676635742
-1.4623510837554932
-0.1798250675201416
-0.4105439782142639
0.39357948303222656
-0.3409891128540039
-1.379224181175232
0.20527184009552002
-0.32741737365722656
-0.3901864290237427
-0.651441752910614
-1.2452037334442139
-0.8482314944267273
-0.35625720024108887
-0.3460785150527954
-0.46143782138824463
-0.22054016590118408
-0.530992865562439
-0.1136629581451416
0.6497451066970825
0.0899125337600708
-1.854233980178833
-0.7566224932670593
-0.29857754707336426
-1.3639562129974365
0.023750483989715576
-0.4105440378189087
-0.9618943333625793
-1.6913734674453735
0.1289311647415161
-1.1671664714813232
-0.5801903009414673
-0.6717993021011353
-0.49197423458099365
-0.18321800231933594
-0.45804500579833984
-0.5700116157531738
-1.3011870384216309
-1.604853868484497
-0.2307189702987671
-0.7379612922668457
0.9347509145736694
0.07125139236450195
-0.6836745142936707
0.07634091377258301
-0.044108033180236816
-0.3325067162513733
-0.31214916706085205
-1.3334197998046875
-0.2544693946838379
-0.20018267631530762
0.9381440877914429
-1.2214531898498535
-1.112879753112793
-0.2646481990814209
0.08651959896087646
-0.09839487075805664
-0.3766148090362549
-0.8991252183914185
-0.6887638568878174
0.5326893925666809
-0.5869761109352112
-1.1722557544708252
-0.22393310070037842
-0.8041234016418457
-0.4784024953842163
-0.10178780555725098
-1.6862841844558716
-0.237504780292511
-0.9262686371803284
-0.7922482490539551
-0.1933966875076294
-0.2171471118927002
-0.6344770193099976
-0.5072423219680786
-0.9686803817749023
-0.6344770789146423
-0.7159073352813721
-0.1696462631225586
0.7294790744781494
0.13402056694030762
-0.46822381019592285
-0.8380526900291443
-1.0467174053192139
-0.6887639164924622
0.0237504243850708
-0.44108033180236816
-0.4173298478126526
-0.8041233420372009
-2.4615676403045654
-0.6158159971237183
0.15946751832962036
-0.48179543018341064
-1.0365387201309204
0.3257209062576294
-1.5675315856933594
-1.6574441194534302
-0.5632256865501404
-0.2375047206878662
0.13741350173950195
-0.7193002700805664
-0.8516243696212769
-1.343598484992981
0.39188289642333984
-0.06107264757156372
0.4750096797943115
-0.2222367525100708
-1.592978596687317
-0.8109092712402344
-0.5666185617446899
-1.3096692562103271
-0.475009560585022
-1.0789504051208496
-0.25107645988464355
-1.4589581489562988
-0.80751633644104
-0.4444732666015625
-0.3867936134338379
0.027143478393554688
-1.1417194604873657
-1.8406622409820557
-0.7345684170722961
-1.0535035133361816
-0.6226018667221069
-0.9568049907684326
-0.4614378809928894
-0.5292963981628418
0.20018261671066284
-0.2646481990814209
-2.6651430130004883
-0.5632257461547852
0.4902777671813965
-0.04750096797943115
-0.36982905864715576
-1.2180602550506592
-0.6514416933059692
0.5581363439559937
-0.6887638568878174
0.3155421018600464
-0.8957324028015137
-0.5292964577674866
-0.1085735559463501
-0.7396577596664429
-1.1485053300857544
-0.44786620140075684
-1.1586841344833374
-0.5157248377799988
-0.8041234016418457
-1.0653786659240723
-0.3969722390174866
-0.23411190509796143
0.054286837577819824
-0.541171669960022
-0.383400559425354
-0.26125526428222656
-1.1128796339035034
-1.143415927886963
-0.13232409954071045
0.10518062114715576
-0.3019704222679138
-0.347774863243103
-0.8448385000228882
-0.15607458353042603
-0.8227844834327698
0.01696455478668213
-0.44447338581085205
-0.7294790744781494
-0.5937619805335999
-1.6107914447784424
-0.5844316482543945
-0.7532293796539307
-0.883857250213623
-1.701552152633667
-0.5666186213493347
-0.36982882022857666
-0.7871587872505188
-0.40375816822052
-0.01696479320526123
0.5835832953453064
-1.3571703433990479
-0.45804500579833984
0.06785857677459717
-0.9432334899902344
-0.5276000499725342
0.1425027847290039
-0.5513503551483154
-0.7023356556892395
-0.9381440281867981
-0.006785869598388672
-0.546261191368103
-1.7643214464187622
-1.7269994020462036
-1.0806468725204468
-0.2578623294830322
0.018661022186279297
-1.5505671501159668
-1.1196653842926025
-0.9839485883712769
-0.5055459141731262
-1.2469000816345215
-0.1696462631225586
0.3562573194503784
-0.559832751750946
-0.14250290393829346
-0.8719819784164429
-0.4130885601043701
0.02544701099395752
-0.8872500658035278
-0.7294790744781494
-0.2748270034790039
-0.5564398765563965
-0.7447472810745239
-1.0026097297668457
-0.5394753217697144
-0.6751922369003296
-1.3775279521942139
-1.6811946630477905
-1.1620773077011108
-0.40206170082092285
-0.25107645988464355
-0.546261191368103
0.14928865432739258
-0.018661141395568848
-0.8261774778366089
-1.0874327421188354
-1.6693195104599
-0.5632256269454956
-1.0857362747192383
-1.4097607135772705
-1.267257809638977
-0.6717993021011353
-0.1866108775138855
-0.3036668300628662
-0.541171669960022
-0.23750483989715576
-2.6804111003875732
-0.09500199556350708
-0.45125913619995117
-0.7498365640640259
-0.12214529514312744
-0.3952758312225342
-0.6548346281051636
-1.2333285808563232
-0.9228757619857788
-1.0127882957458496
-1.2774364948272705
-0.9635909199714661
-0.22223663330078125
-1.3096692562103271
-0.4173297882080078
0.028840065002441406
-0.6836743354797363
-0.6175124645233154
-1.3368127346038818
-1.5844961404800415
0.3121491074562073
-1.0178776979446411
-0.5055458545684814
-1.0993080139160156
0.14589577913284302
-0.495367169380188
-1.2129710912704468
-0.8244809508323669
-0.5903689861297607
0.4987601041793823
-0.8685889840126038
-0.4003652334213257
0.003392815589904785
-1.5336024761199951
2.22406268119812
-0.8838571310043335
-0.0916089415550232
-0.3291137218475342
-1.4776190519332886
0.37322181463241577
-0.495367169380188
-0.7583190202713013
-0.9534121751785278
-0.027143359184265137
-0.42072296142578125
0.21375441551208496
-0.7362648844718933
-0.03392916917800903
-0.45465201139450073
0.09160912036895752
-0.12214541435241699
0.27821993827819824
-1.5878891944885254
-0.0848231315612793
-0.22054016590118408
-1.153594732284546
0.1984860897064209
-1.1824346780776978
-0.7379611730575562
-1.2553825378417969
-1.0043059587478638
0.3460785150527954
-0.13571703433990479
-0.30536335706710815
0.1187523603439331
-0.02375054359436035
-1.0619858503341675
-1.587889313697815
-0.0950019359588623
0.12553822994232178
-0.7260861396789551
-0.9296616315841675
-0.39697229862213135
-1.2078816890716553
-0.01696455478668213
-0.07294785976409912
-1.097611665725708
0.5326893925666809
-0.720996618270874
0.4868849515914917
-1.119665503501892
-0.12214541435241699
-1.0551998615264893
-1.0195742845535278
-0.8702853918075562
-0.2035754919052124
0.3104526996612549
-0.21036142110824585
-0.2748270034790039
-0.14250290393829346
-0.3969722390174866
-0.43768739700317383
-0.20018261671066284
-0.7600153684616089
-0.6548347473144531
-0.5191178321838379
-1.3045799732208252
-1.370741844177246
-0.5869762897491455
-0.054286837577819824
-0.07125139236450195
-0.3087562322616577
-0.01696455478668213
-0.5903691053390503
0.3918830156326294
-0.2850058078765869
-2.5837128162384033
-0.7769799828529358
-1.6014610528945923
-1.9916473627090454
0.5632257461547852
-0.9788590669631958
-0.1696462631225586
0.2765234708786011
0.09839487075805664
-1.0959150791168213
-0.9568050503730774
-1.7083380222320557
-0.3155421018600464
-1.2044885158538818
-0.7057286500930786
-0.32572078704833984
0.36304306983947754
-0.2697376012802124
-0.53947514295578
-1.163773536682129
0.2646481990814209
-0.5784939527511597
-0.4923982620239258
-0.6480488777160645
0.2697376012802124
-0.8109093308448792
-0.33929264545440674
-0.9466262459754944
-0.6887639760971069
0.475009560585022
-0.044108033180236816
-0.6582275629043579
-1.5471739768981934
-0.3426854610443115
0.01696479320526123
-0.5513503551483154
-0.515724778175354
-1.5336024761199951
-0.12214529514312744
-0.44108033180236816
-0.8176950216293335
0.36982882022857666
-0.3664360046386719
-0.7260860800743103
0.045804381370544434
-0.14419937133789062
-1.4564135074615479
-0.17303919792175293
-1.4572616815567017
-0.4529557228088379
-0.3426854610443115
-0.5479574203491211
-1.452172040939331
-0.12553822994232178
-0.19170033931732178
-0.42920517921447754
-1.2536860704421997
-0.26125526428222656
0.44786620140075684
-0.776979923248291
-0.530992865562439
-0.027143478393554688
-0.32232797145843506
-2.032362461090088
-1.2655613422393799
-0.5937619209289551
0.9143933057785034
0.4037582278251648
-0.8855535984039307
-0.6480487585067749
-0.8244810700416565
-0.520814061164856
-0.10518074035644531
0.6938532590866089
-1.4097604751586914
-0.8380526304244995
0.010178685188293457
-0.5462610721588135
-0.7447471618652344
-1.745660424232483
-0.5326893329620361
0.4105439782142639
-0.570011556148529
0.07464432716369629
-0.9262686967849731
-0.7396577596664429
-0.5666185617446899
0.066162109375
-0.29179155826568604
-0.9466263055801392
-1.4284218549728394
-1.3334197998046875
-0.8448383808135986
-0.09839487075805664
-0.1611640453338623
-0.3867936134338379
-0.2375047206878662
-0.5496538877487183
0.2137542963027954
-0.12893128395080566
-0.6107267141342163
-0.8753750324249268
-1.0501108169555664
0.09839487075805664
-0.9177863597869873
-1.4945837259292603
-1.3011868000030518
-0.5292963981628418
-1.1298441886901855
-0.8312668800354004
-0.850776195526123
-0.651441752910614
-0.5072423219680786
-0.2646481990814209
0.5530468821525574
-0.061072707176208496
-0.5394750833511353
0.1289311647415161
-0.3189350366592407
-0.5038493871688843
-0.3053632378578186
-0.08991265296936035
-0.1085737943649292
-0.28839850425720215
-0.003392815589904785
-0.373221755027771
-0.13910984992980957
-0.576797366142273
0.5038493871688843
-1.251989722251892
-0.48518848419189453
-0.5971550941467285
-0.4716165065765381
-0.6921569108963013
-0.439383864402771
-0.26804113388061523
0.27821993827819824
-0.683674693107605
-1.6269078254699707
-0.15268158912658691
-0.3630428910255432
-1.0043060779571533
-0.18321800231933594
-1.160380482673645
-0.8584101796150208
-1.2044885158538818
-0.07803738117218018
-2.0238802433013916
-0.2900949716567993
-0.7718907594680786
-1.1892205476760864
-0.6819781064987183
-0.6344770789146423
0.15946745872497559
-0.495367169380188
-0.8465349674224854
-0.4275086522102356
-0.02544689178466797
-0.05598318576812744
-1.0297529697418213
-0.6717994213104248
-0.4275085926055908
-0.9703764915466309
-0.4207228422164917
0.25107645988464355
-0.5564396381378174
-0.23920118808746338
-0.6684062480926514
0.07464432716369629
-0.4003652334213257
-0.5242071151733398
-0.07125139236450195
-0.030536174774169922
-1.1875238418579102
-0.1984860897064209
0.6616204977035522
-0.5937619805335999
-0.3189351558685303
-0.22732603549957275
0.09160900115966797
-0.8804643154144287
-1.206184983253479
-0.6276913285255432
0.7193002700805664
-1.1790417432785034
-1.1603806018829346
-0.37322187423706055
0.11196649074554443
-0.38509702682495117
-0.9568050503730774
0.05767977237701416
0.342685341835022
-1.0840399265289307
-0.7566224932670593
-0.5598326921463013
0.04750096797943115
-0.7396578192710876
-0.11196660995483398
-0.7057284712791443
-0.3392925262451172
-0.5801901817321777
-0.9483228325843811
-0.1832180619239807
0.17303919792175293
-1.6472655534744263
0.74135422706604
-0.1798250675201416
-1.1298444271087646
-0.878767728805542
-0.11196660995483398
0.061072587966918945
-1.484405279159546
-0.7057284712791443
-0.29857754707336426
-0.2917916774749756
0.015268206596374512
0.11196649074554443
-0.066162109375
-0.7023355960845947
-0.6531381607055664
-0.12214523553848267
-0.6005477905273438
-1.2231497764587402
0.08143019676208496
-0.4614379405975342
-0.4682237505912781
-0.6650134325027466
-0.9364473819732666
-1.5726211071014404
0.7837660312652588
-0.33589982986450195
-0.23411190509796143
-1.163773536682129
-0.7939447164535522
-0.22054022550582886
-1.1824345588684082
-0.29857754707336426
0.028839945793151855
0.01696467399597168
-0.9211792945861816
-0.45465219020843506
-0.685370922088623
-0.25446945428848267
-1.930574655532837
-0.3596501350402832
-0.2459871768951416
-0.8567136526107788
0.0848231315612793
-0.14250290393829346
-1.2248462438583374
-0.5394752025604248
-1.3452949523925781
-0.3800077438354492
-0.9720731973648071
-1.153594732284546
-1.6235151290893555
-1.762624979019165
-0.2035755217075348
-2.144329071044922
0.21036136150360107
-0.41393691301345825
-1.1977027654647827
-0.26804113388061523
-0.010178804397583008
-0.3053632974624634
-1.7846790552139282
0.05428677797317505
-1.2010958194732666
-0.934751033782959
0.899125337600708
-0.4784024953842163
-0.8685890436172485
-0.6446558833122253
-1.4911909103393555
-0.11875247955322266
-1.7541427612304688
-0.7549260854721069
-0.10857367515563965
-0.9432333707809448
-0.5869762301445007
0.12553822994232178
0.4784025549888611
-1.2180603742599487
-0.27143394947052
0.003392934799194336
-0.47670602798461914
-0.05767977237701416
-0.4546520709991455
-1.2723472118377686
-1.3300268650054932
-0.027143418788909912
-0.6955496668815613
-1.021270513534546
-1.2078816890716553
-0.9635909795761108
-0.5581362247467041
-0.5360822677612305
-1.051806926727295
0.8618031740188599
-0.45974135398864746
0.37831127643585205
-0.9551084041595459
0.46822381019592285
0.3019704818725586
-0.8210880756378174
-0.7905516624450684
-0.7379612922668457
-0.9093039035797119
0.2222365140914917
-0.6175125241279602
0.13571703433990479
-1.2859188318252563
0.020357608795166016
-0.7159072756767273
-1.623515009880066
-1.0382351875305176
0.5326893329620361
-0.6310842037200928
-0.057679712772369385
0.010178685188293457
-0.7125144600868225
-1.1603806018829346
-0.32911384105682373
-1.4029748439788818
0.044108033180236816
-0.5445644855499268
0.08143031597137451
-1.0993080139160156
-1.0959150791168213
0.7905516028404236
-1.8898595571517944
-1.2519896030426025
-1.163773536682129
0.6073336601257324
-0.22393310070037842
-0.16625332832336426
-0.03392934799194336
0.3138456344604492
-0.44786620140075684
-0.5123317241668701
-1.0450211763381958
-0.06107264757156372
-0.237504780292511
0.020357489585876465
0.1628604531288147
-1.0450212955474854
-1.3537774085998535
0.07803726196289062
1.196006178855896
-0.07125115394592285
-1.0806468725204468
-0.21714723110198975
-0.3257209062576294
-0.15268158912658691
-0.06785851716995239
-1.0144848823547363
0.2748270034790039
-1.1027008295059204
0.013571739196777344
-1.1043972969055176
-0.7040320634841919
-0.7803729176521301
0.17303907871246338
-0.3409891128540039
0.8007305860519409
-0.19339680671691895
-0.6276912689208984
-0.8380527496337891
-0.8380527496337891
-2.29022479057312
0.42072296142578125
-0.3036668300628662
-0.06955492496490479
-0.33420300483703613
0.2307189702987671
-1.092522144317627
-0.0237504243850708
-2.944211483001709
0.037322282791137695
-1.1264512538909912
-0.34438180923461914
-0.6310843229293823
-0.5021530389785767
-0.761711835861206
-0.6090301275253296
-0.23920130729675293
0.6565312147140503
-0.6039407253265381
-1.3724384307861328
-1.148505449295044
-1.2570788860321045
-0.13232427835464478
-0.6955497860908508
-0.4478662610054016
-1.3469914197921753
-0.11535942554473877
0.7193002700805664
-0.5700114965438843
0.4207228422164917
0.23920118808746338
-0.19000381231307983
-1.0144846439361572
-0.040715157985687256
-1.6574441194534302
-0.6276912689208984
0.5021530389785767
0.2714340090751648
-0.3494713306427002
0.2544693946838379
-0.4987601041793823
-0.9669838547706604
-0.5004565715789795
0.26464831829071045
0.09839481115341187
-0.5326892137527466
-1.2782847881317139
0.02035754919052124
-0.7735869884490967
-1.2621684074401855
-0.3053632974624634
0.0950019359588623
-1.2435072660446167
-0.15268152952194214
-0.30536341667175293
-0.5530469417572021
-0.4054546356201172
-0.9279652237892151
-0.47840243577957153
-0.5428681969642639
-0.8974289298057556
-0.43768739700317383
-0.23580825328826904
-0.19678962230682373
-1.1502019166946411
0.5428682565689087
-0.6242983341217041
-0.8634997606277466
-0.044108033180236816
-0.6751922965049744
0.11535948514938354
-1.35038423538208
-0.14928877353668213
0.8753749132156372
0.02375030517578125
-0.4800989627838135
-0.12384176254272461
0.05428671836853027
-0.13910996913909912
-2.07307767868042
0.6955498456954956
-0.06446552276611328
-1.3826169967651367
0.0237504243850708
0.520814061164856
-1.4877978563308716
-0.7345683574676514
0.7447471618652344
-0.449562668800354
-0.38679349422454834
-0.641262948513031
-0.3053632974624634
-0.19678962230682373
-0.7871587872505188
-0.21375441551208496
-0.40036529302597046
-0.1662532091140747
-0.878767728805542
-0.42750871181488037
0.05767977237701416
-0.70233553647995
-1.0382351875305176
0.6667098999023438
-0.11535948514938354
0.1187523603439331
-0.7294788360595703
-1.0585927963256836
-1.3758313655853271
-0.17643213272094727
0.35795366764068604
0.13062751293182373
-1.0212706327438354
-0.6242982149124146
-0.22054022550582886
0.09669828414916992
0.04071521759033203
-0.061072707176208496
-0.6514416933059692
-0.7566224336624146
-1.4470828771591187
-0.7803729772567749
-0.553046703338623
0.4275085926055908
-0.09160900115966797
-1.0110918283462524
-0.21205782890319824
0.9754663705825806
-0.7905516624450684
-0.42072272300720215
-1.8423587083816528
-0.13232409954071045
-1.209578037261963
-1.3622596263885498
-0.9601979851722717
-0.7142108678817749
0.6378699541091919
0.01696467399597168
0.27821993827819824
-0.9500191807746887
-0.6853710412979126
-0.756622314453125
-0.4342944622039795
-0.6446558833122253
-0.4987601041793823
-0.6751922369003296
-0.6853709816932678
-0.4207228422164917
0.1662534475326538
-0.5767974853515625
-1.582800030708313
-0.32232797145843506
-0.5394752025604248
-0.9686803817749023
0.27991628646850586
-0.20357555150985718
0.11196649074554443
-2.0798633098602295
-0.9296616315841675
0.10857367515563965
0.19678974151611328
-0.6684063673019409
-1.6506582498550415
-0.04750102758407593
0.1696462631225586
0.22054022550582886
-1.2689541578292847
-0.39018648862838745
-0.14589571952819824
-0.26125526428222656
0.32232797145843506
-0.4648308753967285
-0.6378700733184814
0.24938011169433594
-0.1628604531288147
-1.2010958194732666
0.027143478393554688
-1.3927960395812988
-0.4258122444152832
-0.7159073352813721
-1.592978596687317
-1.0026094913482666
-0.30705976486206055
-1.051806926727295
-0.8346595764160156
-0.04750096797943115
-1.0789505243301392
-1.757535457611084
-0.45125913619995117
-1.460654616355896
-0.3800077438354492
-0.04241156578063965
-0.44786620140075684
-0.40036529302597046
-0.9228758215904236
0.0950019359588623
-0.3392925560474396
-0.5530468225479126
-0.5242069959640503
0.1085735559463501
-1.0857362747192383
-0.48179537057876587
-1.3961890935897827
-0.3664358854293823
0.19170045852661133
-0.597154974937439
-1.2180601358413696
-1.3877067565917969
-0.8855535984039307
-0.7871588468551636
-0.4546520709991455
-0.9839483499526978
-0.05089390277862549
-1.077253818511963
-0.8414455652236938
-1.0076990127563477
-1.9186996221542358
0.003392934799194336
-0.6667100191116333
-0.7990339398384094
-0.3511676788330078
0.24768364429473877
-0.14589571952819824
-0.6090301871299744
-0.7939447164535522
0.4614378809928894
-0.960198163986206
-1.2621684074401855
-0.3053632974624634
0.6853710412979126
-0.0950019359588623
-2.661750316619873
-0.6853709816932678
-0.413936972618103
-0.7600153088569641
-0.9635908603668213
-0.9601980447769165
-0.0950019359588623
0.22223663330078125
-0.5751010179519653
-0.663317084312439
0.06785833835601807
0.5326894521713257
-0.8041234016418457
-0.06276905536651611
-0.5903691649436951
-0.617512583732605
-0.7905517220497131
0.7549259662628174
-0.7498366236686707
-0.8414455652236938
-0.24768352508544922
-0.8889464139938354
-1.8762879371643066
-0.5751010179519653
-0.7243896126747131
-1.8389657735824585
-0.9466261863708496
-1.8016436100006104
-0.08991241455078125
0.04071509838104248
-1.153594732284546
-0.6887640953063965
-2.447995662689209
-0.7549259662628174
-0.6921567916870117
0.06785857677459717
-0.4936707019805908
-0.7515330910682678
-0.6565312147140503
-0.8550173044204712
-0.18830740451812744
-0.9652873277664185
-0.8567136526107788
0.31214916706085205
-0.7803730368614197
-0.3155421018600464
-0.8244810104370117
-0.8719818592071533
0.15607470273971558
-0.2883986234664917
0.29857736825942993
-0.04750096797943115
-0.413936972618103
-0.37322187423706055
0.8007304668426514
-0.17643213272094727
-0.26804113388061523
-1.3741350173950195
-1.2248461246490479
-0.04071509838104248
-0.4750096797943115
0.15268170833587646
-0.27482688426971436
-0.15946745872497559
-1.3317233324050903
-0.9941272139549255
0.044108033180236816
-0.8753747940063477
-0.4224191904067993
-0.5801902413368225
-0.6751922369003296
-0.41393691301345825
-0.6751921772956848
-0.3596500754356384
-0.3494713306427002
-0.5326893329620361
-0.6785851716995239
-0.5954585075378418
-1.4844049215316772
0.2816128730773926
-0.3715251684188843
-2.066291570663452
0.07464432716369629
-0.6785851716995239
-0.044108033180236816
-0.24429064989089966
-1.1162724494934082
-1.2010955810546875
-0.4682236909866333
-0.2799161672592163
-0.3664361238479614
0.054286837577819824
-1.0450212955474854
-1.094218373298645
-0.8634995818138123
-0.6514416933059692
-0.5700114965438843
-0.5225104093551636
-0.631084144115448
-1.1943098306655884
-2.2274558544158936
0.3206315040588379
-0.5564398169517517
-0.17303919792175293
0.3189350366592407
0.10518074035644531
-0.16286057233810425
-0.2900949716567993
-0.8584102392196655
-1.2180601358413696
-0.7684977054595947
-0.7413541078567505
0.30536341667175293
-0.6446559429168701
-0.6090301275253296
-1.073861002922058
-1.0993080139160156
-0.03223288059234619
-0.17643213272094727
-0.8261773586273193
-0.6819781064987183
0.1289311647415161
-0.013571739196777344
-1.4148497581481934
-0.6650133728981018
-0.11196649074554443
0.4987601041793823
0.15946757793426514
-0.6751921772956848
-1.3571703433990479
1.4284216165542603
-0.7769800424575806
-0.44616973400115967
0.10518074035644531
1.3385090827941895
0.515724778175354
-0.617512583732605
-1.1366300582885742
-0.5326893925666809
-1.3486878871917725
-0.8159985542297363
-0.4987599849700928
-0.29179155826568604
-0.19170033931732178
-0.05767977237701416
-0.5666186213493347
-1.7083380222320557
-1.0043060779571533
-0.5700116157531738
-0.5055459141731262
-1.0942184925079346
-0.6616203784942627
-0.549653947353363
-0.6412628889083862
-0.8075162768363953
0.45465195178985596
-0.30705976486206055
-0.44786620140075684
-0.97037672996521
-0.39527595043182373
-0.47161686420440674
-0.4546521306037903
-0.16286039352416992
-1.1824346780776978
-1.6065504550933838
-0.7023355960845947
0.8295704126358032
-1.8253939151763916
-0.5394752025604248
-0.31554198265075684
-1.2078816890716553
-0.3698289394378662
-0.3800077438354492
-0.281612753868103
-0.5225106477737427
-0.8821606636047363
-0.5835831165313721
-0.003392934799194336
-0.1425027847290039
-0.7125142812728882
-1.282525897026062
-1.046717643737793
0.06785857677459717
-2.376744508743286
-0.5632257461547852
0.31384551525115967
-0.6395664215087891
0.09839475154876709
-1.067075252532959
-1.1332371234893799
-0.28500568866729736
-0.9517154693603516
0.2748270034790039
-0.7057285308837891
-1.3520809412002563
-0.1628604531288147
-0.14759206771850586
0.1933966875076294
-1.0144847631454468
-0.9025183320045471
-0.3325066566467285
-0.9398404955863953
-1.609943151473999
-0.8109092712402344
-0.37322187423706055
-0.7752835154533386
-1.3385093212127686
-0.20357561111450195
-0.32911384105682373
-1.8270902633666992
-0.5089389085769653
-0.6141196489334106
-0.3291137218475342
-1.1043975353240967
-0.7634083032608032
-0.843142032623291
-0.8753747940063477
-0.8346595764160156
-0.6582275629043579
-0.8058198690414429
0.4546518325805664
-0.18661093711853027
-1.1892204284667969
-1.1773453950881958
-0.2850058078765869
-0.5564398765563965
-0.5903689861297607
-0.352864146232605
-0.663317084312439
-0.9008218050003052
-1.3775278329849243
-1.2485966682434082
-0.7922481298446655
-0.0950019359588623
-0.24429064989089966
-0.7990339994430542
-0.3749183416366577
0.09500181674957275
-0.2273259162902832
-1.6574442386627197
-0.23411190509796143
-0.05598318576812744
-0.38000768423080444
-0.3494712710380554
-1.10270094871521
-0.586976170539856
-0.4885812997817993
-0.6412628889083862
-0.5123317837715149
0.05767977237701416
-0.5700116157531738
-1.1468088626861572
-1.1281479597091675
-1.1145761013031006
-1.4216359853744507
-0.006785869598388672
0.257862389087677
-0.31214916706085205
-1.0178779363632202
-0.39188289642333984
-1.4521723985671997
-1.3622596263885498
-0.4546520709991455
-0.3494713306427002
-0.8159985542297363
-0.6242983341217041
-0.8787679672241211
-0.49367058277130127
-1.3300267457962036
-0.11027002334594727
-0.30197036266326904
-0.7040319442749023
-2.244420289993286
-1.9628074169158936
-0.11875241994857788
-0.37491822242736816
-0.17303931713104248
-0.3426854610443115
-0.5055459141731262
-0.850776195526123
-0.6107265949249268
-0.9669837951660156
-0.31045258045196533
-0.20018255710601807
-0.1085735559463501
-0.42920517921447754
-1.1620771884918213
-1.2197569608688354
-1.1993993520736694
-0.8075160980224609
-1.0060025453567505
-0.8007304072380066
-1.0585927963256836
-1.757535457611084
-1.0908257961273193
-0.6921567916870117
-0.1289311647415161
-0.7854622602462769
-0.3596501350402832
-1.4589580297470093
-0.53947514295578
-0.2748270034790039
-0.9160898923873901
0.21036148071289062
-0.7193000316619873
-1.1010043621063232
-1.4861016273498535
0.045804500579833984
0.06785851716995239
-0.18321800231933594
-1.0653786659240723
0.0475010871887207
-1.323240876197815
-0.33929264545440674
0.7125144004821777
-1.9712899923324585
-0.7735870480537415
-0.9873414635658264
-0.6022443771362305
-1.119665503501892
-2.06120228767395
-0.413936972618103
-1.2485966682434082
-0.27143394947052
0.005089282989501953
0.4682236909866333
-0.5394750833511353
0.6938531398773193
-0.9466263055801392
-0.4614379405975342
-1.3011870384216309
-0.42072272300720215
0.9279652833938599
-0.06785845756530762
-2.215580463409424
-0.6684062480926514
-0.7718905210494995
-0.43768733739852905
-0.843142032623291
-0.5089388489723206
-0.15777111053466797
-1.2553825378417969
-0.10178780555725098
-0.40206170082092285
-0.929661750793457
-0.7430506944656372
-0.26804113388061523
-0.5632256269454956
0.5106351375579834
-0.30705976486206055
0.29179155826568604
-0.2748270630836487
-0.5106353759765625
-0.42072296142578125
-0.6175124645233154
-1.5234239101409912
-0.475009560585022
-0.09839487075805664
0.475009560585022
-0.6819779872894287
-0.05767965316772461
-0.2527729272842407
-0.5632256269454956
-1.0959148406982422
-1.7168207168579102
0.23071885108947754
-0.4037582278251648
0.43429458141326904
0.5615293979644775
-0.7498365640640259
-0.6344770789146423
-0.4529557228088379
0.7294790148735046
-0.3036668300628662
-0.3426854610443115
0.013571619987487793
-0.12214541435241699
0.38340067863464355
-0.6488971710205078
-0.7362648844718933
-0.41054391860961914
-1.0144850015640259
-0.327417254447937
-1.0484142303466797
-1.2044885158538818
-1.2452037334442139
0.3223278522491455
-0.40375828742980957
-1.1264513731002808
-1.1960065364837646
-0.7260861992835999
-0.26804113388061523
-0.08143019676208496
-1.134933590888977
-2.1409363746643066
0.36134660243988037
-2.142632484436035
-1.4827085733413696
-0.7193002700805664
-0.35286426544189453
-0.8957322835922241
-0.9771625995635986
-0.5632257461547852
-0.7362648248672485
-0.4173297882080078
-0.04750090837478638
-0.45125913619995117
0.7226930856704712
-0.17303931713104248
-0.743050754070282
-0.6717994213104248
-0.8753747344017029
-0.8702852725982666
-0.020357489585876465
-0.4139368534088135
-0.9093040823936462
-1.1790416240692139
0.08482325077056885
-0.2510765790939331
-0.42750871181488037
-1.3011870384216309
-0.2985774874687195
0.03392922878265381
-0.06446558237075806
-0.7193001508712769
-1.1366300582885742
-0.6819780468940735
-0.07464432716369629
-1.2604718208312988
-1.3571704626083374
-0.3189351558685303
-1.4012782573699951
-0.7074248790740967
-0.4614378809928894
-0.10178780555725098
-0.17643213272094727
-1.0653787851333618
-0.28500568866729736
-1.4623510837554932
-0.6005479097366333
-0.16286033391952515
-0.38679349422454834
-0.42411571741104126
-0.9771625995635986
0.49706363677978516
-0.7566224336624146
-1.2146673202514648
-1.267257809638977
0.46822381019592285
1.9170032739639282
-0.7701941132545471
-0.17303919792175293
-1.2689541578292847
-0.6904603242874146
-1.587889313697815
-0.38000762462615967
-1.3503843545913696
-0.9042148590087891
-0.037322163581848145
-0.2867022752761841
-0.07803726196289062
-0.6938533782958984
-0.46822381019592285
-0.8584102392196655
-0.6378700733184814
0.261255145072937
-0.6361734867095947
0.08143019676208496
-1.1892203092575073
-0.19339680671691895
-0.4410804510116577
-1.9899508953094482
-0.1560746431350708
-0.6701028347015381
-0.40715110301971436
-0.6938532590866089
0.037322163581848145
0.20018255710601807
-1.1993991136550903
-0.5462609529495239
0.061072707176208496
-0.29857754707336426
-0.45804500579833984
-1.241810917854309
-0.529296338558197
-0.3392925262451172
-0.4750094413757324
-0.3494713306427002
-0.9381440281867981
1.0687717199325562
0.601395845413208
-1.673560619354248
-0.39357948303222656
-0.4105440378189087
0.11875241994857788
-0.05089390277862549
-0.37661468982696533
-0.6310843229293823
-0.5106353759765625
-1.4250288009643555
-0.3358996510505676
0.919482946395874
-0.38000762462615967
-0.022053956985473633
-0.6582275629043579
-0.19339680671691895
-0.7498366236686707
-0.5123319029808044
-2.256295680999756
-1.1637734174728394
-0.7396578192710876
-0.5462610125541687
-1.4555652141571045
-0.40375816822052
-0.9466263651847839
-0.15607452392578125
-0.4444732666015625
-0.7040321826934814
-0.4275085926055908
-0.7735870480537415
-0.6548346877098083
-0.7362648248672485
-0.6853710412979126
0.13232403993606567
-1.6353901624679565
0.419026255607605
-0.9076080322265625
-0.8193917274475098
-0.9228758811950684
-0.553046703338623
-0.909304141998291
0.7803726196289062
-1.7100343704223633
0.15777122974395752
-0.8957324028015137
-1.0959149599075317
-0.83805251121521
-0.8126057386398315
-2.101917266845703
-0.003392815589904785
-0.19000399112701416
-0.0848231315612793
-0.04071509838104248
-0.27143406867980957
-0.237504780292511
-0.9839484095573425
-1.5386916399002075
-0.8584101796150208
-0.6429593563079834
-2.7720203399658203
-0.8431419134140015
0.9245723485946655
-1.0653786659240723
-0.788855254650116
0.08821594715118408
-1.5454776287078857
-0.9228758811950684
0.5734043717384338
-0.9788591265678406
0.013571739196777344
-0.6751921772956848
-1.2180603742599487
-1.0484139919281006
-1.0450211763381958
-1.4538687467575073
-0.2646481990814209
-0.45974135398864746
-2.057809352874756
-1.7846789360046387
-0.520814061164856
-0.5411717891693115
-0.3834006190299988
-0.788855254650116
-0.9466263055801392
-0.4885812997817993
-1.6794984340667725
-1.0297530889511108
-0.5734044909477234
-0.7837657928466797
-0.44108033180236816
-0.18321800231933594
-0.09839487075805664
-1.1213619709014893
-1.4691369533538818
-0.9551085829734802
-1.1977026462554932
-0.38509702682495117
0.5615291595458984
-0.45804500579833984
-1.2655612230300903
-0.12553834915161133
-0.45974159240722656
-0.010178685188293457
0.23411178588867188
-0.3053632974624634
-0.978859007358551
-0.4376872777938843
-0.18152141571044922
-1.7507498264312744
-0.04750096797943115
-0.12553834915161133
-1.8050364255905151
-0.23411178588867188
-0.36982887983322144
0.0950019359588623
-1.2706507444381714
0.5835833549499512
-1.2350249290466309
0.475009560585022
-0.11366307735443115
-1.676105260848999
-0.8618031144142151
-0.43768739700317383
0.40545451641082764
-0.8618031144142151
-1.194309949874878
-1.1671664714813232
-0.6717993021011353
-0.559832751750946
-0.010178804397583008
-0.9601980447769165
-0.6039407253265381
-0.7600153088569641
-0.8736783266067505
-0.13232409954071045
-0.1153596043586731
-1.5454778671264648
-1.511548399925232
-0.44786614179611206
-0.8397489786148071
-0.327417254447937
-0.33929258584976196
-1.1705594062805176
-1.3707419633865356
-0.5903690457344055
-1.0348422527313232
0.023750483989715576
-0.4987601041793823
0.15437817573547363
-0.6650134325027466
-0.6616204977035522
0.13910996913909912
-0.10857373476028442
0.15268170833587646
-0.7023357152938843
0.5852797031402588
-0.4648308753967285
-0.844838559627533
0.3901865482330322
0.2307189702987671
-0.525903582572937
-0.7888553142547607
-0.19678986072540283
0.22054028511047363
-0.7464436888694763
-0.6446559429168701
-0.49536722898483276
0.3664361238479614
-0.10178792476654053
-0.4275085926055908
-0.19678962230682373
-1.6981594562530518
-0.14250296354293823
-0.822784423828125
0.2680410146713257
-0.41054391860961914
-0.7735871076583862
0.16625332832336426
-0.35625720024108887
-0.8007304668426514
-1.1230583190917969
-0.23071891069412231
-1.9848616123199463
0.24259412288665771
-2.168079376220703
-0.9568049907684326
0.03392922878265381
-1.1196653842926025
-0.23750483989715576
-0.6955496668815613
-0.29857754707336426
-0.08821606636047363
0.003392934799194336
-0.5784937143325806
-0.20018279552459717
-1.3402056694030762
-1.7456600666046143
-0.08821606636047363
-0.1933966875076294
-1.0585927963256836
-0.4478660821914673
-0.5767974257469177
-0.393579363822937
-1.2027921676635742
-1.6286040544509888
-0.8482315540313721
-0.7532293796539307
-0.9771627187728882
0.07803726196289062
0.1458958387374878
-1.2469003200531006
-0.8058198690414429
-0.47670602798461914
-1.343598484992981
-0.9534121751785278
-0.612423300743103
-1.2485965490341187
-1.1111830472946167
0.027143359184265137
0.05428671836853027
-2.366565704345703
-0.6378701329231262
-0.3138456344604492
-0.950019121170044
0.11196649074554443
-0.028839945793151855
-0.003392815589904785
0.14928865432739258
-1.1620769500732422
-0.3257209062576294
-0.46992039680480957
-0.0763406753540039
-0.2171471118927002
-0.3002738952636719
0.23411184549331665
-1.1145763397216797
0.10009133815765381
-1.6778018474578857
-0.42411577701568604
-1.1790416240692139
-0.1289311647415161
0.45804500579833984
-1.1264513731002808
-0.15777111053466797
-0.8109092116355896
-0.8855534791946411
-0.8024271130561829
0.061072587966918945
-0.16625332832336426
-0.42750871181488037
-0.393579363822937
-0.4224194288253784
-1.123058557510376
-1.1230584383010864
-1.1569876670837402
-0.17473554611206055
-0.9805555939674377
0.1475921869277954
-0.43599092960357666
-0.4716166853904724
-0.7871587872505188
-0.5767973065376282
0.29518449306488037
-0.641262948513031
-0.49536705017089844
-0.5275999307632446
-0.6005480289459229
-0.10518074035644531
-0.13232409954071045
-0.9466262459754944
-0.22054016590118408
-0.5089390277862549
-1.117969036102295
-1.4674403667449951
-0.011875152587890625
-0.7430506944656372
-0.4444732069969177
-0.023750483989715576
-2.1562044620513916
-0.4003652334213257
-0.09160900115966797
-0.14928877353668213
-0.18661081790924072
-0.8974289894104004
-0.4546520709991455
-0.5394753217697144
-0.3087562322616577
0.11196660995483398
0.28500568866729736
-1.021270513534546
-0.2527729272842407
0.10178768634796143
-0.8278738856315613
-0.010178804397583008
-0.29179155826568604
0.2510765790939331
-0.21375441551208496
0.3901864290237427
-0.05937623977661133
-0.04750096797943115
-0.013571619987487793
-0.44447314739227295
-0.6276913285255432
-1.5505670309066772
-0.5903691053390503
0.4207228422164917
1.3520809412002563
-0.14928877353668213
-0.743050754070282
-0.7328720092773438
-0.2883986234664917
-1.3062764406204224
-0.8465350270271301
-0.3409891128540039
-0.690460205078125
-0.5259034633636475
-0.12553822994232178
-1.3385093212127686
-1.430118203163147
-0.6259948015213013
0.1034841537475586
-1.7303919792175293
-1.2994908094406128
0.5259034633636475
-0.576797366142273
-1.3741350173950195
-0.19000375270843506
-0.7345684766769409
-0.19000381231307983
-0.8651961088180542
-0.7803730368614197
-0.9262687563896179
-1.143415927886963
-0.19000381231307983
-0.8821607232093811
-0.439383864402771
-0.9364475607872009
-1.950932264328003
-1.3011868000030518
-1.3792243003845215
-0.929661750793457
-0.6684063673019409
-0.8109092116355896
0.2595587968826294
-0.5292962789535522
-1.4419934749603271
-0.1187523603439331
0.44108039140701294
-0.13571715354919434
-1.0518070459365845
0.23411190509796143
-0.44786620140075684
-0.14589571952819824
-0.38679349422454834
0.3545607328414917
-1.1824346780776978
-1.1128796339035034
-0.3121490478515625
-0.09839481115341187
-0.04071509838104248
-0.6209053993225098
-1.538691759109497
-0.393579363822937
-0.7718906402587891
0.010178744792938232
-0.6463522911071777
-1.0043060779571533
-0.17303919792175293
0.08143031597137451
-1.1298441886901855
-0.5089389085769653
-0.33589959144592285
-0.08143025636672974
-0.7430508136749268
-0.29179155826568604
-0.5259034633636475
-1.8270906209945679
-0.1560746431350708
-0.10518079996109009
-1.6625335216522217
-0.09839487075805664
-0.6972463130950928
-1.2502931356430054
-0.04750096797943115
-0.5428680777549744
0.01696467399597168
-1.3944923877716064
-0.5835832357406616
0.22054028511047363
0.3596501350402832
-1.1298441886901855
-1.2655613422393799
0.03223276138305664
-0.5123319625854492
-0.9330545663833618
-0.4207229018211365
-1.2078815698623657
-1.5369954109191895
-0.8550173044204712
-0.7956410646438599
-0.722693145275116
0.2578623294830322
-0.42411577701568604
-0.09500181674957275
-0.8550170660018921
-1.2316319942474365
-0.6785851716995239
0.3426854610443115
-1.0501103401184082
-0.5021530389785767
-1.0467175245285034
-0.49536722898483276
-0.8278740048408508
-0.2765237092971802
-0.6039407849311829
-0.04071497917175293
-1.007698893547058
-0.10518050193786621
0.4410802125930786
-0.7803729176521301
0.6921567916870117
-0.19339680671691895
-0.13741350173950195
-0.3257209062576294
-0.6667098999023438
-0.3664360046386719
-0.495367169380188
-0.529296338558197
-1.1756486892700195
-0.31893491744995117
0.38000762462615967
-0.40715110301971436
-1.3537774085998535
-0.26804119348526
-0.6684064269065857
-1.061985731124878
-0.4275085926055908
0.4071509838104248
-0.8482314348220825
-0.9449298977851868
-1.2604718208312988
-0.46483081579208374
-1.1366302967071533
-0.5971550345420837
-0.2951846122741699
-0.576797366142273
-0.3019702434539795
-1.1162726879119873
-0.23411202430725098
-0.9686802625656128
-0.07803726196289062
0.04071509838104248
-0.5309929847717285
-0.3834006190299988
-1.4131535291671753
-1.3419020175933838
-1.2180602550506592
0.18661093711853027
-1.879680871963501
-1.0959150791168213
-0.020357608795166016
-0.8550172448158264
0.06955480575561523
-1.2638647556304932
-1.1111831665039062
-0.6667099595069885
0.2171471118927002
-0.5666186809539795
-1.082343339920044
0.13741350173950195
-0.0848231315612793
1.133237361907959
-0.3325066566467285
-0.6463524103164673
-0.22223663330078125
-1.3164551258087158
-0.5598328113555908
-0.7125145792961121
-0.3664358854293823
-0.6887638568878174
-0.20357555150985718
-0.6751922965049744
-1.689677119255066
-0.2646481990814209
0.003392934799194336
-0.9025182127952576
-0.21884381771087646
-0.2731304168701172
-0.5988515615463257
-0.15607452392578125
-0.32572078704833984
-0.9059111475944519
-0.4784025549888611
-0.5496540069580078
-0.2544693946838379
-0.4258120059967041
0.0712515115737915
-0.6989427208900452
0.04071509838104248
0.3019704818725586
-0.7735870480537415
-1.5183345079421997
-0.6480488777160645
-1.1671664714813232
-0.390186607837677
-0.22732597589492798
0.030536413192749023
-1.8050365447998047
-0.5021530985832214
-0.12553834915161133
0.3901864290237427
-0.9432333707809448
-0.40375828742980957
-0.5462610721588135
-0.21036136150360107
-0.45125916600227356
0.19678962230682373
-0.787158727645874
-0.5089389085769653
-0.3664358854293823
-1.2248461246490479
-0.24259412288665771
0.3121490776538849
-0.12214529514312744
0.0848231315612793
-1.370741844177246
-0.5886725187301636
-1.4962801933288574
-0.14250290393829346
0.3562573194503784
-0.3358996510505676
-0.5242069959640503
0.33929240703582764
-0.6887639164924622
-0.2595587968826294
-0.8092129230499268
-0.7074249982833862
1.1960060596466064
-0.4325979948043823
-0.2578624486923218
-0.8482315540313721
-0.2883986830711365
-0.5411717891693115
-0.36982882022857666
-0.05767977237701416
-0.2985774278640747
-0.7634084224700928
-0.5157245993614197
-0.18321800231933594
-0.2069684863090515
-0.2578624486923218
-1.0017611980438232
0.1187523603439331
-0.04750096797943115
-0.7820695638656616
-1.1977027654647827
-0.9177864789962769
-0.3223278522491455
-1.5352985858917236
0.43768733739852905
-0.43090158700942993
-1.2910081148147583
-2.122274875640869
-1.229935646057129
-0.06446540355682373
-0.2731304168701172
-0.38679349422454834
-0.8143020868301392
-1.553959846496582
-0.4325982332229614
-0.23920130729675293
-1.2435073852539062
0.061072707176208496
-0.7532296180725098
-1.173952579498291
-0.413936972618103
-0.003392934799194336
-0.7464435696601868
-0.4139368534088135
-0.67519211769104
-0.12723469734191895
-0.5615293979644775
0.6242983341217041
-0.8906431198120117
-0.5801903009414673
-0.4580450654029846
-1.0280565023422241
-0.14759230613708496
-0.525903582572937
-0.2273261547088623
0.22902250289916992
-0.3766148090362549
-0.899125337600708
-0.9805554151535034
-0.5734043121337891
-0.020357489585876465
-0.7549259662628174
-0.9160899519920349
-1.5624423027038574
-1.0382354259490967
-0.38000768423080444
-0.15946757793426514
-0.5903689861297607
-0.33250677585601807
-2.06120228767395
-0.45804500579833984
0.44108033180236816
-0.749836802482605
-0.3817042112350464
-1.6778018474578857
-0.4970637559890747
-0.24768352508544922
-0.05767977237701416
-0.3766147494316101
0.06785845756530762
-0.6989426612854004
-0.510635256767273
-0.878767728805542
0.08821606636047363
-0.2680410146713257
-0.7040321826934814
-0.9466263055801392
-0.7057285308837891
-0.16286063194274902
-0.09160900115966797
0.16286039352416992
-0.7668012976646423
-0.4834918975830078
-0.13571709394454956
-0.11196649074554443
-0.11196660995483398
-0.0950019359588623
0.5360822677612305
-0.0237504243850708
-0.5259034633636475
-0.07125139236450195
-0.6242983341217041
-0.8991252183914185
-0.2951846122741699
-1.1603806018829346
-0.1289311647415161
-0.3528643250465393
-2.5429978370666504
-0.3189350366592407
-0.5292963981628418
-1.0602891445159912
-0.9703768491744995
-0.5988514423370361
-0.2239331603050232
-1.1960062980651855
0.2358083724975586
-0.30705976486206055
0.32911384105682373
-0.11875241994857788
-1.7456603050231934
-0.7549260854721069
-0.7023356556892395
0.7108180522918701
-0.0950019359588623
-0.9500192403793335
0.01696467399597168
-0.08821618556976318
0.4648308753967285
-1.1951582431793213
-0.7837657928466797
0.06446552276611328
-0.31554198265075684
-0.26125526428222656
-1.1502017974853516
-0.7735870480537415
-1.6082468032836914
-0.8804640769958496
-0.4275086522102356
0.044108033180236816
-2.9755959510803223
-0.5055458545684814
-0.11196655035018921
-1.0433244705200195
-0.22393304109573364
0.0
-0.709121584892273
-1.0450211763381958
-0.6175125241279602
-0.36134660243988037
-0.3528643250465393
-1.3096693754196167
-0.27143394947052
-0.19000381231307983
-2.5429978370666504
-1.2350248098373413
-1.000913143157959
-0.8210881948471069
0.8007305264472961
-0.8329632878303528
0.47500962018966675
0.32232797145843506
-0.5191177129745483
-0.3800077438354492
0.13571715354919434
-0.26804113388061523
-0.08821618556976318
-0.5954585075378418
-0.475009560585022
-0.5157246589660645
-0.26125526428222656
0.5700113773345947
-0.15946757793426514
-0.3596501350402832
-0.2917916178703308
-0.7006391286849976
-0.8685889840126038
-0.39697229862213135
0.03392922878265381
-0.6650134921073914
-0.03392934799194336
-0.6276912093162537
-1.0687716007232666
-0.5852795839309692
-0.06446558237075806
-1.1468088626861572
-0.4410804510116577
0.4071510434150696
-1.206185221672058
-2.057809591293335
-0.9805557727813721
-0.054286837577819824
-0.8991252779960632
-1.0450211763381958
-0.19678962230682373
-0.7566225528717041
-0.281612753868103
-1.2078816890716553
-0.5360823273658752
-1.148505449295044
-0.36304306983947754
-0.6667098999023438
-0.4512590765953064
-0.7209967374801636
0.17303919792175293
-1.1468088626861572
-0.3223279118537903
0.26125526428222656
-0.990734338760376
-0.22054016590118408
0.45465195178985596
-1.8406621217727661
-0.6819780468940735
0.15268170833587646
-0.12214529514312744
-0.37661468982696533
-0.43768733739852905
-1.6184254884719849
0.6039408445358276
-0.8923395276069641
-0.06446552276611328
-0.40375828742980957
-0.11705589294433594
-0.8092126846313477
-1.0653789043426514
-0.20696842670440674
-0.13571709394454956
0.0712515115737915
-0.7057285308837891
-1.475922703742981
-0.2883986234664917
-1.3096692562103271
-0.5835832357406616
-1.8499927520751953
-0.7260861396789551
-0.6259948015213013
-0.46143782138824463
-1.0484139919281006
0.07803738117218018
-0.247683584690094
-0.23411184549331665
-0.844838559627533
-0.5106353163719177
-1.3792243003845215
-0.24089765548706055
0.37491822242736816
-0.5259035229682922
-0.39357924461364746
-0.12553828954696655
0.4750096797943115
0.863499641418457
-1.475922703742981
-1.5403881072998047
-0.31554222106933594
0.6141195297241211
0.12893104553222656
-0.15777111053466797
-0.8821607828140259
0.5292963981628418
-1.129844307899475
-0.505545973777771
0.23411190509796143
-0.19000375270843506
-0.3596501350402832
-0.14589577913284302
0.04071521759033203
-0.13571709394454956
0.040715157985687256
-0.6090301275253296
-0.5072424411773682
0.044108033180236816
-0.0237504243850708
-0.6989427208900452
-0.413936972618103
0.9686803221702576
-0.4173298478126526
-0.34098899364471436
-0.475009560585022
-0.10857367515563965
-0.5632256269454956
-0.4037582278251648
-0.5191175937652588
-0.11027014255523682
-1.0348422527313232
-0.5598325729370117
-0.13910996913909912
-0.5021530389785767
-1.209578037261963
-0.44108033180236816
-0.0950019359588623
-0.08821600675582886
0.42750871181488037
-0.08143019676208496
0.44786620140075684
-0.33250677585601807
-0.3800077438354492
-0.38000762462615967
-0.4156334400177002
0.35795366764068604
-0.4139370918273926
-0.990734338760376
-0.2816128730773926
-0.08143019676208496
-0.4325981140136719
0.03562569618225098
-0.31214940547943115
-0.2069685459136963
-0.42750871181488037
0.2544693946838379
-1.358018398284912
-0.15946757793426514
-0.5259034633636475
-0.39697229862213135
-0.21205782890319824
0.006785869598388672
-0.5937620401382446
-0.9517155885696411
-1.134933590888977
-1.767714262008667
0.35286426544189453
-0.14250290393829346
-0.720996618270874
-0.11196660995483398
-0.35795366764068604
0.2646481394767761
-0.413936972618103
-0.8465349674224854
0.24768352508544922
-0.9771625995635986
-1.1739522218704224
-1.4267253875732422
-1.516637921333313
-0.6378699541091919
-1.011091947555542
-0.6717992424964905
-1.163773536682129
-0.43938398361206055
-1.1637734174728394
-1.206184983253479
-0.17643213272094727
0.576797366142273
-1.1010044813156128
-0.07464432716369629
-0.7226932644844055
-0.5530468821525574
-1.073861002922058
-0.8295705318450928
0.47670602798461914
-0.40375828742980957
-0.5801902413368225
-0.5666186213493347
-0.08482325077056885
0.5852798223495483
0.5801904201507568
-0.1662532091140747
-1.007698893547058
0.551350474357605
-0.827873945236206
-1.1569876670837402
-0.7786763906478882
-0.22393310070037842
-0.6090302467346191
-0.9601978659629822
-0.520814061164856
-0.6565310955047607
-1.6065504550933838
-0.6141195893287659
-0.3664358854293823
-0.1662534475326538
-1.4877980947494507
-0.5666186213493347
-0.9440817832946777
-0.037322163581848145
-0.5021529793739319
-0.34607839584350586
-0.7651046514511108
-1.0144847631454468
-0.21036136150360107
-1.2553825378417969
-0.20527195930480957
-0.13910996913909912
-0.7362649440765381
0.3189350366592407
-0.19339680671691895
-0.24768352508544922
-0.3426855802536011
-0.05767977237701416
-0.6175125241279602
-0.6582276821136475
-0.8244809508323669
0.19339680671691895
-0.5564397573471069
-0.4207227826118469
-0.17643213272094727
-0.9958236813545227
-0.6276911497116089
-0.8753749132156372
0.28500568866729736
-0.7498365640640259
-0.2646481990814209
0.6870673894882202
-0.044108033180236816
-0.19000384211540222
-0.1458958387374878
-0.14250290393829346
-0.2646481990814209
1.2774364948272705
-0.08821606636047363
-0.3155421018600464
0.5259035229682922
-0.9398403763771057
-0.33929264545440674
-0.5462610125541687
-0.7125142812728882
-0.37322187423706055
-0.5157246589660645
-0.6480486392974854
-0.8872501850128174
-1.547174096107483
-0.9059110879898071
0.3409891128540039
0.044108033180236816
-0.6989427208900452
-0.6853710412979126
-0.07634091377258301
-2.1324539184570312
-0.3155421018600464
-0.6141195893287659
0.06955492496490479
0.03901863098144531
-0.01696479320526123
-0.3715254068374634
-0.9126970767974854
-0.3901864290237427
-0.13571703433990479
-0.7735869884490967
0.17303919792175293
-1.0653786659240723
-1.74735689163208
-0.8482315540313721
-0.8855537176132202
-0.7939446568489075
-0.3087562322616577
0.48349201679229736
-0.5089389085769653
-0.6039407253265381
-0.3613467216491699
-0.7735869884490967
-0.7837657928466797
-0.003392934799194336
0.21545088291168213
-0.14419937133789062
-0.3596500754356384
-0.8618030548095703
-0.9313580393791199
-1.1858277320861816
-0.013571619987487793
-0.0475010871887207
0.3155421018600464
-0.5326893925666809
-0.08143019676208496
-1.0891292095184326
0.5801903009414673
-0.7583189606666565
0.0712515115737915
0.7617117166519165
-0.8295702934265137
-0.393579363822937
-0.8109093308448792
0.4512590765953064
-1.2859188318252563
-0.1798250675201416
-0.18830740451812744
-0.022054076194763184
-1.881377100944519
-1.4962801933288574
-0.2748270034790039
-0.44786620140075684
-0.7362648844718933
-0.9432333707809448
-0.7108180522918701
-0.5937619805335999
-1.3894028663635254
-1.4335110187530518
0.35031938552856445
-0.30197036266326904
-0.003392934799194336
-0.6684062480926514
-0.3257209062576294
-1.2876150608062744
-0.7159073352813721
-0.17303919792175293
-1.0127882957458496
-0.3426854610443115
-1.1552913188934326
-1.170559287071228
-0.6344770789146423
-1.1671664714813232
-0.10518062114715576
-0.9330545663833618
-0.6378700733184814
-0.8109093904495239
-0.24259424209594727
-0.7668012976646423
-1.0093953609466553
-1.4419933557510376
-0.37661468982696533
-2.3207614421844482
-1.0806467533111572
0.4376874566078186
-0.327417254447937
-0.6599240303039551
-1.3554737567901611
-0.6870673894882202
-0.01696467399597168
-1.190916895866394
-0.6717991828918457
-0.8855537176132202
-0.6819780468940735
-0.6344771385192871
-0.12723469734191895
-0.9432334899902344
-1.3147587776184082
-0.36304306983947754
-0.24429064989089966
-1.1858274936676025
-0.2408977746963501
-0.559832751750946
-1.4894944429397583
0.04241156578063965
0.16286051273345947
-1.6625335216522217
-0.3155421018600464
0.14589571952819824
-0.010178864002227783
-1.4301183223724365
-0.2035754919052124
0.5292963981628418
-0.3358996510505676
-0.42241930961608887
-0.28500568866729736
0.08651971817016602
-0.8516243696212769
0.33081018924713135
0.868588924407959
-0.15946745872497559
-0.773587167263031
-0.4546520709991455
-0.3087562918663025
0.5326892733573914
-1.48270845413208
-0.188307523727417
-0.5123318433761597
-0.19678974151611328
-0.6378699541091919
-0.15437829494476318
-0.36304306983947754
-0.6242983341217041
-0.44277679920196533
-1.0636820793151855
-1.006002426147461
-0.0950019359588623
-0.4410802721977234
-1.472529649734497
-0.6650133728981018
-0.7023356556892395
0.08651959896087646
0.25107645988464355
-0.061072587966918945
-0.5767974257469177
-0.7600153088569641
-0.44277679920196533
-0.21036142110824585
-1.41654634475708
-1.3113658428192139
-1.2927048206329346
-0.2578623294830322
-0.20018261671066284
-0.24259412288665771
0.04750096797943115
-0.7617117166519165
-0.04071521759033203
-1.4589580297470093
0.20696842670440674
-0.5428680181503296
-1.272347092628479
-1.9662004709243774
0.2307189702987671
-0.066162109375
-0.797337532043457
-1.1027007102966309
-0.5191175937652588
-1.7269994020462036
-1.7185168266296387
0.1747356653213501
0.20018255710601807
-0.4173298478126526
-0.881312370300293
0.13232421875
-0.7871588468551636
-0.8855536580085754
-1.2655611038208008
0.3664360046386719
-0.3935794234275818
0.29348814487457275
-0.576797366142273
-0.5157246589660645
-0.17643201351165771
-1.8423588275909424
-0.8753747940063477
0.14419925212860107
0.20696842670440674
-0.6599240303039551
-1.031449556350708
-0.3935794234275818
-0.003392934799194336
-0.045804500579833984
-1.3605631589889526
-0.9398404359817505
-0.3087562322616577
-0.15607452392578125
-0.5937620401382446
-1.4640476703643799
-0.7209967374801636
-0.26804107427597046
-1.067075252532959
-0.8431419730186462
-0.028839945793151855
-0.4258120059967041
-1.3435983657836914
-0.9093040823936462
0.19339656829833984
-1.1111831665039062
-0.14589571952819824
-0.8278738260269165
-0.6141194105148315
0.0712515115737915
-0.3002738952636719
-1.0823432207107544
0.15777099132537842
-0.37661468982696533
0.498759925365448
-1.2248462438583374
-0.17303919792175293
-0.607333779335022
-0.22054016590118408
-1.1027008295059204
-2.151962995529175
-0.17303913831710815
-0.33250677585601807
-0.08143019676208496
-1.2994904518127441
-0.7701940536499023
0.0
-0.013571739196777344
-0.7362649440765381
-0.34607839584350586
-0.7226932048797607
-0.17303919792175293
-1.0857361555099487
-0.4784024953842163
-0.36304306983947754
-1.0908256769180298
-0.5428681373596191
-0.960198163986206
0.5089388489723206
-0.1696462631225586
-0.8007305264472961
-0.9669838547706604
-0.3986687660217285
-0.1458958387374878
0.06446564197540283
0.607333779335022
0.7600153684616089
-2.5379085540771484
0.04071509838104248
-0.5937620401382446
-0.28330934047698975
-0.4665273427963257
-0.7600152492523193
-0.8075162768363953
-0.495367169380188
-0.782069206237793
-1.4911909103393555
-0.061072587966918945
-0.41902637481689453
-1.7575355768203735
-0.4105439782142639
-0.21884369850158691
-0.9076076149940491
0.027143418788909912
-0.6514416933059692
-0.48518848419189453
-1.608246922492981
-0.1509852409362793
0.21714723110198975
-0.06785845756530762
-1.1807382106781006
-1.338509202003479
-0.1560746431350708
-0.061072707176208496
0.40206170082092285
-1.48270845413208
0.08482307195663452
-0.6039407849311829
-0.03392922878265381
-0.6785851120948792
-0.3342033624649048
-0.47161662578582764
-0.5292964577674866
-0.559832751750946
0.4173298478126526
-1.1824345588684082
-0.7057285904884338
-0.21375441551208496
-1.1162723302841187
-0.9805555939674377
-0.8007304668426514
-0.753229558467865
-1.4131534099578857
-0.6107267141342163
-1.0009130239486694
0.7600154876708984
-0.1933966875076294
-0.46143800020217896
-0.13232409954071045
-0.3867935538291931
-0.2951846122741699
-0.43768739700317383
-1.30797278881073
0.6039407253265381
-0.7532294988632202
-0.20018255710601807
-0.5445646047592163
-0.9924308061599731
-0.5140283107757568
-0.566618800163269
-0.413936972618103
-1.117969036102295
-1.0280563831329346
-0.6209053993225098
-0.4580448865890503
-0.1900038719177246
0.010178685188293457
-0.2646481990814209
-0.6921566724777222
-0.5496540069580078
-1.3317234516143799
-0.09160900115966797
-0.5292962789535522
0.0
0.4478663206100464
-0.9958237409591675
0.5089387893676758
-0.44447314739227295
-0.12214541435241699
0.35795366764068604
0.20018261671066284
-0.2120579481124878
-0.6751922369003296
-0.32572102546691895
-0.2748270034790039
-0.7718906402587891
-1.1298444271087646
-0.5751007795333862
-0.7803730368614197
-1.772803544998169
-1.0891292095184326
-0.7091215252876282
-0.40715116262435913
-0.4258122444152832
-0.04071521759033203
-0.38679349422454834
-0.13402056694030762
-0.24768364429473877
-0.2748270630836487
-1.5437811613082886
-0.1798250675201416
0.19678980112075806
-1.3266340494155884
-0.4733130931854248
0.11196649074554443
-1.450475811958313
-0.46483078598976135
-1.0195742845535278
-0.883857250213623
-0.8244811296463013
-1.0144847631454468
-0.695549726486206
-0.4631342887878418
-2.107006788253784
-0.9771627187728882
-0.7243896722793579
-0.16964638233184814
-1.1552913188934326
0.5259034633636475
-0.7956409454345703
-0.5734045505523682
0.057679712772369385
-0.4716167449951172
-0.7193002700805664
-0.40375810861587524
-0.41393691301345825
-0.8906428813934326
-0.003392934799194336
-0.8346598148345947
-1.6879806518554688
-0.3019704818725586
-0.8618031740188599
-0.3358997106552124
0.21036148071289062
-0.720996618270874
-1.772803544998169
-0.26804113388061523
-0.5937620401382446
-0.8685890436172485
0.4563485383987427
-0.90421462059021
-0.1289312243461609
-0.3969722390174866
0.10518062114715576
-0.7735871076583862
0.6005479097366333
-1.0263601541519165
-1.2757399082183838
-0.2816128134727478
-1.068771481513977
-0.9941270351409912
-0.288398802280426
-1.053503394126892
-0.8821607828140259
-0.5530468225479126
-1.0246634483337402
-0.39697229862213135
-1.0178776979446411
-0.5869760513305664
0.5734044313430786
-0.1900038719177246
0.02544689178466797
-0.4309016466140747
0.6887638568878174
-0.5903690457344055
0.5700114965438843
-1.1162725687026978
-1.9068243503570557
-1.2163639068603516
-1.7320886850357056
-1.1518983840942383
-1.559049367904663
0.3579537868499756
-0.10518074035644531
-0.15268146991729736
-0.5801904201507568
-0.3766148090362549
-0.10348427295684814
-0.061072587966918945
-0.39697229862213135
-0.3291134834289551
-0.4953671097755432
-0.04750096797943115
-0.5021530389785767
-1.0246636867523193
-0.9839483499526978
-2.185044288635254
-0.1187523603439331
0.03392922878265381
-0.3528643250465393
-0.797337532043457
-0.023750483989715576
-1.2452037334442139
-0.6989426612854004
-0.20866477489471436
-0.2069684863090515
-0.07464432716369629
-0.15946751832962036
-0.8855535984039307
-0.9839486479759216
-0.6667098999023438
-0.327417254447937
-0.3850971460342407
-0.6582276225090027
-0.3240244388580322
-0.03392922878265381
0.2816128730773926
-0.3698289394378662
-0.9805556535720825
-0.4342944025993347
-1.3987336158752441
-2.118882179260254
0.3325066566467285
0.23411190509796143
-0.22732609510421753
-1.074709177017212
-0.4716166853904724
-0.2527730464935303
-0.5394752025604248
-0.5530469417572021
-0.09160888195037842
-1.0043059587478638
0.16625338792800903
0.11366307735443115
0.4207228422164917
-0.3494713306427002
-0.052590131759643555
0.32232797145843506
-0.04071509838104248
-0.8651961088180542
-1.1086387634277344
-1.2706506252288818
0.4478663206100464
-0.006785869598388672
-0.26804113388061523
-0.449562668800354
-1.1688629388809204
-0.5394750833511353
-1.3486878871917725
-0.3494713306427002
-0.6717991828918457
-2.017094612121582
-0.5157246589660645
-1.0535035133361816
-1.087432622909546
-0.4784024953842163
0.35625720024108887
0.052590250968933105
-2.061202049255371
-1.267257809638977
-0.9737696647644043
-0.4529557228088379
-0.31214916706085205
-0.06446564197540283
-0.827873945236206
-0.38679349422454834
0.1187523603439331
-0.5123318433761597
-0.7566223740577698
-0.6904604434967041
0.18321800231933594
-0.7837657332420349
-0.3392922878265381
0.06785857677459717
-1.2689540386199951
-0.944929838180542
-0.685370922088623
0.4071509838104248
-1.5641388893127441
-1.0263599157333374
-1.194309949874878
-1.742267370223999
-0.1900038719177246
-1.5777103900909424
-0.24768364429473877
-1.4386005401611328
-0.49197423458099365
1.0331456661224365
-0.5326893925666809
-0.23750489950180054
-0.20018267631530762
0.6853711605072021
-0.4800989627838135
0.044108033180236816
-0.13062775135040283
-0.34607839584350586
0.7532294988632202
-0.02544701099395752
-0.0950019359588623
0.02035754919052124
-0.3460785150527954
0.1798250675201416
-0.4817954897880554
-1.3300268650054932
-0.5818866491317749
-0.4817954897880554
-0.6158161163330078
-0.07464444637298584
-0.8991252779960632
-0.23071891069412231
-1.1824346780776978
0.12553834915161133
0.09839487075805664
-0.899125337600708
-0.40375804901123047
-0.09500181674957275
-0.7701941132545471
-1.4318146705627441
-0.7498364448547363
-0.3189350366592407
0.1560746431350708
-1.0611371994018555
-0.3867936134338379
-0.4953671097755432
-0.6378698348999023
-0.03392922878265381
0.1187523603439331
-1.2316322326660156
-1.4928873777389526
-0.21714723110198975
-0.6701029539108276
-0.22054016590118408
-0.7464432716369629
-0.36304306983947754
-1.7812860012054443
-0.5564397573471069
-2.3954055309295654
-0.5734044313430786
-0.10178780555725098
-0.4970635175704956
0.06616199016571045
-0.1866108775138855
-1.3300269842147827
-2.412370204925537
-0.8448386192321777
-2.383530616760254
0.10857367515563965
-0.8024269342422485
-1.2859184741973877
0.1458956003189087
0.7498366236686707
-0.6056373119354248
-0.3019702434539795
-0.9703766107559204
0.4546521306037903
-0.3800077438354492
0.003392934799194336
0.18661081790924072
-0.2646481394767761
-0.16964632272720337
-0.7956410646438599
-1.294400930404663
-0.359650194644928
-0.7532296180725098
-0.7142108678817749
-0.16964638233184814
-0.2917916774749756
-0.20357561111450195
-0.7668011784553528
-0.822784423828125
-0.1017877459526062
-0.08482301235198975
-1.1247549057006836
-0.7769799828529358
-0.46652722358703613
-0.9160899519920349
-0.38340067863464355
-0.787158727645874
-0.5326893329620361
-0.6209053993225098
-0.010178685188293457
0.7600153684616089
-0.586976170539856
-0.6751922965049744
0.030536293983459473
-0.5123317837715149
-1.0450211763381958
-0.5021529793739319
-0.45804494619369507
-0.7362648248672485
0.24768352508544922
-0.9635908603668213
-0.044108033180236816
-0.7583189010620117
-0.3867935538291931
-0.419026255607605
-0.7057285308837891
-1.2706507444381714
-0.14080655574798584
-0.4325977563858032
-0.24259424209594727
-0.04750090837478638
0.003392934799194336
-0.3426855802536011
-0.5801903009414673
-0.2748270034790039
-0.19678974151611328
0.10518074035644531
-1.275740146636963
-0.9025183916091919
0.15607452392578125
0.11535954475402832
-0.07803726196289062
-0.8753748536109924
-1.0280563831329346
-1.3452951908111572
-0.9330544471740723
-0.8380527496337891
-0.037322163581848145
-0.7769800424575806
-0.5513503551483154
-1.2027921676635742
0.0475010871887207
-1.2621684074401855
0.25107645988464355
-0.2307189702987671
0.36982882022857666
-0.878767728805542
0.027143359184265137
-0.475009560585022
-1.2825260162353516
-0.6293877363204956
0.4241156578063965
-0.19170010089874268
0.07803726196289062
-0.8143022060394287
-1.1773452758789062
-0.9211793541908264
-0.4139368534088135
-0.6480488181114197
-0.6582276821136475
-1.5946751832962036
-0.30875641107559204
0.08143019676208496
-0.9864928722381592
-0.25616586208343506
-0.28500574827194214
-1.6625337600708008
-0.7939446568489075
-0.6904604434967041
-0.4207228422164917
-0.0237504243850708
-0.33250677585601807
-1.077254056930542
-1.041628122329712
-0.5428681373596191
-0.7769798040390015
-0.8787676095962524
-0.08143031597137451
-0.26804107427597046
0.11535942554473877
0.7617117166519165
-0.707425057888031
-1.2553824186325073
-0.013571739196777344
-0.2527730464935303
-0.2629518508911133
-0.6514418125152588
0.4919743537902832
-0.7396578192710876
-0.33929264545440674
-1.6879805326461792
0.24768364429473877
-0.6141195893287659
-0.47161662578582764
-1.3486878871917725
-0.9059112668037415
-0.12044882774353027
-0.11196660995483398
0.013571619987487793
-0.3901864290237427
-0.44108039140701294
-0.7786765098571777
-0.7701942324638367
0.7447470426559448
-1.1043972969055176
-0.3562573194503784
-0.29688096046447754
-0.06785845756530762
-1.061985731124878
-0.6819781064987183
-1.072164535522461
-1.5811034440994263
0.18152141571044922
-0.6853709816932678
0.24938011169433594
-0.2646481990814209
-1.4844050407409668
-1.231632113456726
0.15946757793426514
-0.09500181674957275
-0.8923393487930298
-0.3121492266654968
-1.6778017282485962
-0.5903691053390503
-0.7125144004821777
0.45465201139450073
-0.8244810104370117
-1.1434158086776733
0.14250290393829346
-0.28839874267578125
-0.7566224336624146
-0.05767965316772461
-0.21714717149734497
-0.44786614179611206
-0.6446558833122253
-1.6387829780578613
-0.5598326921463013
0.15268170833587646
-0.7956412434577942
0.3121490478515625
0.11875247955322266
-0.6073337197303772
-1.2350249290466309
-0.3494713306427002
-0.1933966875076294
-0.5530469417572021
-0.23411178588867188
-0.817695140838623
-0.37322163581848145
-0.5666186809539795
-0.4359908103942871
-0.8024270534515381
-0.1187523603439331
-0.6107265949249268
-0.34947144985198975
0.15268170833587646
-1.2435071468353271
-2.001826047897339
-0.3766147494316101
-0.26125526428222656
0.38340049982070923
-0.0950019359588623
-0.8143020868301392
-1.1535948514938354
-0.29348790645599365
-1.0127882957458496
-0.2307189702987671
0.5564397573471069
-0.20696842670440674
-1.1060937643051147
-0.7939445376396179
-0.3800077438354492
-1.1951582431793213
-1.061985731124878
1.1315405368804932
-0.16625332832336426
-1.1315407752990723
-0.010178685188293457
-1.140023112297058
0.2951847314834595
-0.4767061471939087
-0.14250284433364868
0.3698289394378662
-0.6955498456954956
-0.3715254068374634
-0.475009560585022
-1.287615180015564
-0.4207227826118469
-0.8702853918075562
-0.6344771385192871
-0.7735871076583862
-1.1909170150756836
0.2273259162902832
-1.2960976362228394
-0.22393310070037842
-0.8550173044204712
0.2273261547088623
-0.2680410146713257
-0.7091214656829834
-1.8864666223526
-1.03653883934021
-0.4767061471939087
-1.03653883934021
-1.021270751953125
-1.3860100507736206
-0.08143019676208496
-0.18321800231933594
-0.7769800424575806
-0.41732990741729736
-1.0399317741394043
-0.44616973400115967
-1.2418107986450195
-0.1798250675201416
-0.8685891032218933
-1.3266339302062988
0.044108033180236816
-0.3019704222679138
-0.40375834703445435
0.515724778175354
-0.525903582572937
-0.7905516624450684
-0.3053632974624634
0.028839826583862305
-0.5292962789535522
-0.13232409954071045
-0.43768739700317383
0.13741350173950195
-0.5971550345420837
-0.8363561630249023
-0.36982905864715576
-0.09669828414916992
-0.4207227826118469
-1.0280566215515137
0.1458958387374878
-0.5700114965438843
-1.574317455291748
-0.018661022186279297
-0.9330546259880066
0.1984860897064209
-1.6133359670639038
-0.2765235900878906
-1.8779842853546143
-0.20018255710601807
-0.22223663330078125
-1.4250288009643555
-1.4080642461776733
-0.373221755027771
-0.31214916706085205
0.05428671836853027
-0.1323239803314209
0.18661093711853027
-0.34098899364471436
0.8906432390213013
-0.10687708854675293
-0.7294790744781494
-0.061072587966918945
-1.9186995029449463
-1.1010044813156128
-1.2418107986450195
0.4342944622039795
-1.0738608837127686
0.6192089319229126
-2.5921950340270996
-1.2214531898498535
-0.597154974937439
-0.6921570301055908
-0.1458958387374878
-1.4945837259292603
-1.5166376829147339
-0.7023355960845947
-0.5157248377799988
-0.5903689861297607
-0.7888553142547607
0.5157246589660645
-1.089129090309143
-0.6650135517120361
-0.8719820380210876
-1.567531704902649
0.5581363439559937
-0.19678962230682373
-0.7447472214698792
-0.1730392575263977
-0.14250284433364868
-1.236721396446228
-0.899125337600708
-0.17303913831710815
0.0712515115737915
-1.1060937643051147
-0.2171471118927002
-0.4207228422164917
-0.6717993021011353
-0.3426855206489563
-0.5801903009414673
0.006785869598388672
-0.5292963981628418
0.5988514423370361
-1.0738608837127686
-2.0187909603118896
-0.9177864789962769
-0.8126053810119629
-0.894036054611206
0.10178792476654053
-1.0127884149551392
-0.6650134921073914
-1.3435986042022705
-0.9364474415779114
-0.6192089915275574
-0.5225105285644531
-0.2544693946838379
0.6412627696990967
-1.0755574703216553
-0.485188364982605
-1.3317232131958008
0.010178565979003906
1.3826172351837158
-0.4716166853904724
-0.21714723110198975
0.07464438676834106
-0.11196649074554443
0.8770713806152344
-0.6650134325027466
-0.5598328113555908
-0.29518449306488037
-1.5573530197143555
0.3698289394378662
-0.5496540069580078
0.028839826583862305
-0.33759617805480957
-0.9635908603668213
-0.7311756610870361
-0.6480489373207092
-0.9534121751785278
-1.3079726696014404
-1.3011870384216309
-0.3817039728164673
-0.29179155826568604
0.22393310070037842
-0.2985774278640747
-0.1798248291015625
-0.13571703433990479
-1.1586840152740479
-0.29518455266952515
-0.5784938335418701
-0.3494713306427002
0.5751008987426758
-0.7532293796539307
-0.878767728805542
-1.000913143157959
-1.3096693754196167
0.47161662578582764
-0.2527730464935303
-0.4342944622039795
-0.7498366236686707
-0.7379612922668457
-1.1739524602890015
-0.5021531581878662
-0.8482313752174377
-0.2086648941040039
0.14589577913284302
-0.2782200574874878
-0.22732603549957275
-0.8380526304244995
-0.9737699031829834
-0.010178685188293457
-0.41902637481689453
-0.38849008083343506
-0.5343859195709229
-2.5022826194763184
-0.6650134325027466
-0.6633170247077942
-1.0619856119155884
-1.0076987743377686
-0.8007304668426514
-0.12384176254272461
0.1289311647415161
-0.38679349422454834
-0.7634082436561584
-0.1696462631225586
-0.5496540665626526
-1.1909171342849731
-0.37831127643585205
-0.7549258470535278
-0.3494713306427002
0.11196649074554443
-0.6175124645233154
-0.40715110301971436
-0.020357608795166016
-0.6887638568878174
-0.46483075618743896
-0.18152153491973877
-0.19339674711227417
-0.33759605884552
-0.10178780555725098
-1.1620769500732422
-1.9034312963485718
0.5343856811523438
-1.4996732473373413
-0.5326893925666809
-0.6599240303039551
-1.528512954711914
0.06446564197540283
0.12384176254272461
-0.7464436292648315
-0.027143359184265137
0.16794991493225098
-0.47670602798461914
-0.7566224336624146
-0.30705976486206055
-1.2299355268478394
-0.6005479097366333
-0.7803729772567749
-0.6768888235092163
-0.24089765548706055
-0.2985774874687195
-0.15268158912658691
0.14419937133789062
-0.6819781064987183
0.21375417709350586
-0.12553811073303223
-0.29518455266952515
-0.2934880256652832
-0.17303919792175293
-1.022966980934143
-0.7464437484741211
-0.1933966875076294
-0.7294789552688599
-0.6429593563079834
-1.1162726879119873
-0.40206170082092285
-0.6073337197303772
0.23750483989715576
0.317238450050354
0.06785857677459717
-0.006785750389099121
-0.05089402198791504
-0.45804494619369507
-0.6785851716995239
-0.6921569108963013
-0.6107266545295715
-0.7023356556892395
0.06446558237075806
0.5564396381378174
-0.8007304668426514
-1.4487793445587158
0.10518062114715576
-1.3643803596496582
-1.5641388893127441
-0.4767061471939087
-0.06616199016571045
-1.092522144317627
-1.4453864097595215
0.13402068614959717
-0.31214916706085205
-0.5445644855499268
-1.3028833866119385
-0.5801902413368225
-1.2994904518127441
-0.8957322835922241
-0.45465195178985596
0.03562569618225098
1.91021728515625
-0.42411577701568604
-0.9686801433563232
-1.7269991636276245
0.1085735559463501
-0.3867936134338379
-1.4029748439788818
-0.83465975522995
0.6751922965049744
-0.4241156578063965
-1.2536859512329102
-0.8855536580085754
-1.5844961404800415
-1.1739521026611328
-1.5285131931304932
-0.3392925262451172
-0.16286027431488037
-0.40715110301971436
-0.9160897731781006
-1.1468088626861572
-0.6853709816932678
-1.087432622909546
-0.9415370225906372
-0.8465349674224854
-1.119665503501892
-0.27482688426971436
-1.828786849975586
-0.9720733165740967
-1.4742261171340942
-0.7193002104759216
-0.5937620401382446
-0.3528643250465393
-1.2316322326660156
0.4275085926055908
-0.6039407253265381
-0.8787677884101868
-1.3100934028625488
-1.4725297689437866
-0.08143019676208496
-0.5801904201507568
-0.14928877353668213
-0.10178768634796143
-0.2816128730773926
-0.3308103084564209
-1.061985731124878
0.16286063194274902
-1.2078814506530762
0.1933966875076294
-0.28500574827194214
-0.4885813593864441
-1.0484141111373901
-0.510635256767273
0.030536353588104248
-0.24768364429473877
-0.40375810861587524
-0.4003652334213257
-0.18321800231933594
-0.6921567916870117
-1.3215446472167969
-0.7159073352813721
-0.27482688426971436
-0.6412630081176758
-1.0501104593276978
0.36304306983947754
0.18321800231933594
0.3274173140525818
-1.3130621910095215
-0.33759617805480957
-0.9737696051597595
-0.894035816192627
-0.36304306983947754
-2.164686679840088
-0.3223278522491455
-0.18830740451812744
-0.3426855206489563
-0.10518074035644531
-2.547238826751709
-0.8957322835922241
-0.2578623294830322
-1.214667558670044
0.027143359184265137
-1.7236063480377197
-0.7566225528717041
-0.2375047504901886
0.4800989627838135
-0.4071510434150696