-0.142503023147583
0.1798250675201416
-0.1696462631225586
-0.21036148071289062
-0.2951846122741699
-0.19000399112701416
-0.010178685188293457
-0.7498367428779602
-0.2646481990814209
0.037322163581848145
0.2850055694580078
0.35286426544189453
-0.3291137218475342
-0.8821607828140259
0.15946757793426514
0.17982494831085205
0.1289311647415161
0.15607452392578125
-0.6141195893287659
-0.13571691513061523
-0.34607845544815063
0.04071509838104248
-0.3596501350402832
0.24089765548706055
-0.17134273052215576
0.1323239803314209
0.3562573194503784
0.10857367515563965
-0.6242983341217041
-0.27482688426971436
0.06446552276611328
-0.2578623294830322
0.0950019359588623
-0.12214541435241699
-0.3901864290237427
-1.3571702241897583
0.11535942554473877
-0.2375047206878662
-0.32232797145843506
-0.41732990741729736
0.36982882022857666
-0.21375435590744019
-0.44108039140701294
-0.6480487585067749
-0.7328718900680542
-0.6192089319229126
0.04750096797943115
-0.07464456558227539
0.7549259662628174
-0.0475008487701416
-0.15607452392578125
0.2171473503112793
0.21714723110198975
0.13571703433990479
0.27821993827819824
-0.2493799924850464
0.22732603549957275
0.15946757793426514
0.3155421018600464
0.04750096797943115
-0.18321800231933594
0.0
0.21375417709350586
0.030536413192749023
-0.03392934799194336
-0.4902777671813965
-0.5835831165313721
0.5666187405586243
0.044108033180236816
-0.5343859195709229
-0.13910984992980957
0.1187523603439331
0.26634466648101807
0.05767953395843506
-0.48688459396362305
0.2714341878890991
-0.6073336601257324
0.003392934799194336
0.19339680671691895
0.743050754070282
-0.30875635147094727
-0.13571691513061523
-0.3121492862701416
-0.06107264757156372
-0.13910990953445435
-0.24768352508544922
0.44786620140075684
0.43429434299468994
-0.07464432716369629
0.003392815589904785
-0.20696842670440674
-0.3901865482330322
0.393579363822937
0.05767977237701416
0.31214916706085205
0.05428671836853027
-0.6921569108963013
0.06785857677459717
0.09160888195037842
0.07464444637298584
-0.894035816192627
0.0712515115737915
0.0712515115737915
-1.073861002922058
0.2714340090751648
-0.044108033180236816
0.3392925262451172
-0.28500592708587646
-0.45465195178985596
-0.776979923248291
0.3494713306427002
0.13910990953445435
0.14250290393829346
0.5242069959640503
-0.4156334400177002
-0.5123317837715149
-0.07803726196289062
-0.3257209062576294
-0.03392934799194336
-0.49876004457473755
-0.281612753868103
0.04071509838104248
-0.4342944622039795
0.37322187423706055
-0.1187523603439331
0.2850058078765869
0.01696455478668213
-0.39188289642333984
-0.14250290393829346
-0.3002740144729614
0.044108033180236816
-0.20018255710601807
-0.09160912036895752
-0.15946757793426514
-0.23411178588867188
-0.1798250675201416
-1.2859188318252563
0.2917916774749756
0.5564398765563965
0.054286837577819824
0.11875247955322266
0.05767953395843506
-0.29857754707336426
0.5123317241668701
-0.3291137218475342
0.18661093711853027
-0.6242982745170593
-0.5191175937652588
0.18321800231933594
-0.2646481990814209
-0.5394750833511353
0.20357561111450195
-0.20018267631530762
-0.3223278522491455
-0.40715110301971436
-0.43768739700317383
0.19339674711227417
-0.4580448865890503
0.5598326921463013
-0.37661468982696533
0.2307189702987671
0.054286956787109375
0.1645568609237671
-0.7430506944656372
0.23411178588867188
0.06446564197540283
0.05089390277862549
0.03392922878265381
-0.16964638233184814
0.013571619987487793
-0.010178685188293457
0.4750096797943115
-0.2510765790939331
0.08143031597137451
0.29857754707336426
-0.6226018667221069
-0.6616208553314209
-0.2663445472717285
-0.3155421018600464
-0.35286426544189453
-0.07803726196289062
-0.18661105632781982
-0.27821993827819824
-0.2510765790939331
-0.1696462631225586
0.44786620140075684
-0.4342944622039795
0.037322282791137695
0.10518074035644531
-0.41732990741729736
0.09500181674957275
0.6684063673019409
-0.013571739196777344
-0.3087562322616577
-0.09839463233947754
-0.08821606636047363
-0.02375054359436035
-0.6616204977035522
-1.2893116474151611
-0.5649222135543823
0.22732603549957275
-0.06616222858428955
-0.24429070949554443
-0.6005479097366333
-0.6310840845108032
0.05089378356933594
-1.3028833866119385
-0.2069685459136963
0.23750483989715576
-0.3291137218475342
-0.00848245620727539
-0.5242068767547607
-0.7023355960845947
0.0
-0.25616586208343506
-0.13741350173950195
0.12553811073303223
-0.11535942554473877
0.26973772048950195
-0.4546520709991455
-0.19678962230682373
-0.2731304168701172
0.030536293983459473
-1.1213618516921997
-0.6667100191116333
0.027143239974975586
0.25107645988464355
-0.13232409954071045
0.43938398361206055
-0.020357489585876465
-0.7701941728591919
-0.4461696147918701
-0.3087562322616577
-0.45125913619995117
-0.46822381019592285
-0.31214916706085205
-0.5903689861297607
-0.17643213272094727
0.3867935538291931
-0.037322163581848145
-0.26804113388061523
-0.2850058078765869
-1.3045798540115356
0.013571739196777344
-0.13232409954071045
-0.16286027431488037
-0.04071509838104248
-0.09330534934997559
-0.23411202430725098
-0.10178780555725098
-0.3155421018600464
-0.30536317825317383
-0.32232797145843506
-0.363042950630188
0.18661093711853027
-0.22732603549957275
-0.30197036266326904
0.11196649074554443
-0.3596501350402832
-0.030536293983459473
-0.7871586084365845
-0.3053632974624634
0.17303931713104248
-0.3698289394378662
-0.10518074035644531
0.037322282791137695
0.14928865432739258
-0.2137542963027954
-0.5937619209289551
-0.40715110301971436
-0.6904603242874146
0.373221755027771
-0.006785869598388672
-0.13232421875
-0.013571739196777344
-0.1289311647415161
0.541171669960022
-0.6497452259063721
0.3053632974624634
-0.2612552046775818
-1.123058557510376
0.3155421018600464
-0.013571619987487793
-0.3901865482330322
-0.32572102546691895
0.1272348165512085
-0.066162109375
0.6242983341217041
-0.27143383026123047
0.13910996913909912
-0.21375435590744019
0.15607452392578125
0.23411178588867188
0.4682236909866333
-0.2324155569076538
0.1696462631225586
-0.3325067162513733
-0.7498365640640259
0.21375417709350586
-0.05598342418670654
-0.14589571952819824
-0.09160888195037842
-0.6514419317245483
-0.09839475154876709
0.1560746431350708
0.11196660995483398
0.2578623294830322
0.1187523603439331
-0.3867936134338379
-0.5496538877487183
0.13571703433990479
0.13910996913909912
-0.11875247955322266
-0.6582275629043579
-0.32232797145843506
-0.3223279118537903
0.2816128730773926
0.2578623294830322
-0.7040320634841919
0.5326893329620361
-0.2120579481124878
0.16286051273345947
0.05428671836853027
-0.20018267631530762
-0.04750096797943115
0.05089390277862549
-0.5038495063781738
-0.26804113388061523
0.7040321826934814
0.08821606636047363
0.04071509838104248
-0.13571703433990479
-0.2646481990814209
-0.31045258045196533
0.13571715354919434
-0.3698289394378662
-0.3308103084564209
-0.23580849170684814
-0.9517157077789307
-0.7583189010620117
-0.3901864290237427
0.4003652334213257
0.07464432716369629
0.1900038719177246
0.23411202430725098
0.16625332832336426
0.5157246589660645
-0.010178685188293457
-1.063682198524475
-0.16964632272720337
-0.7651048898696899
-0.22732603549957275
0.24429070949554443
0.21714723110198975
0.4987602233886719
0.23411190509796143
-0.17303931713104248
-0.26804113388061523
-0.6039407849311829
-0.42411577701568604
-0.08143019676208496
-0.4309016466140747
-0.1560746431350708
-0.1933966875076294
0.2578623294830322
0.010178685188293457
-0.5360822677612305
-0.5394753217697144
0.532689094543457
-0.40715110301971436
-0.6701028347015381
0.11535942554473877
0.28839874267578125
-0.3257209062576294
0.2985774278640747
-0.4648308753967285
-0.05089378356933594
0.2765233516693115
0.4987599849700928
0.22393310070037842
-1.1315406560897827
0.23071885108947754
0.515724778175354
-0.21714717149734497
-0.07803726196289062
-0.5479575395584106
-0.12553822994232178
-0.14928877353668213
-0.030536293983459473
0.43768739700317383
-0.3766148090362549
-0.4105439782142639
-0.1085735559463501
-0.12893104553222656
-0.8550171852111816
0.25107645988464355
-0.33929264545440674
-0.33589959144592285
-0.24768352508544922
-0.09500181674957275
-0.09839475154876709
-0.02375054359436035
0.08312642574310303
-0.19339680671691895
-0.0950019359588623
0.46483099460601807
0.2358083724975586
0.10178780555725098
-0.3460785150527954
0.2137542963027954
0.3867936134338379
-0.35965025424957275
0.13571703433990479
0.28500568866729736
0.9669837951660156
0.14928877353668213
-0.06446552276611328
-0.26804113388061523
-0.1866108775138855
-0.3409888744354248
-0.2544693946838379
0.363042950630188
-0.9415369033813477
-0.20018255710601807
-0.2850058078765869
-0.22732603549957275
0.05089390277862549
-0.5021529197692871
0.02375030517578125
0.07464432716369629
0.3494712710380554
0.11535954475402832
0.044108033180236816
-0.061072707176208496
-0.07803726196289062
0.3664358854293823
-0.22054016590118408
-0.09500205516815186
-0.13910996913909912
-0.6701027154922485
-0.5835831165313721
-0.19000399112701416
-0.827873945236206
-0.1900038719177246
0.25446951389312744
0.09839487075805664
0.42072272300720215
-0.20696842670440674
-0.485188364982605
-0.446169376373291
-0.15607452392578125
0.35625720024108887
-0.14928889274597168
-0.7735869884490967
-0.40375810861587524
0.4105440378189087
-0.4512590765953064
-0.49197423458099365
-0.4088473320007324
-0.7396578788757324
-0.3053632974624634
0.006785869598388672
0.505545973777771
0.5021530389785767
-0.21375441551208496
0.6175124645233154
0.21036148071289062
-0.5751008987426758
-0.05089390277862549
0.09839487075805664
0.3104526996612549
-0.24429047107696533
0.006785750389099121
-0.3291139602661133
0.1289311647415161
0.09160900115966797
0.4885812997817993
-0.9211792945861816
-0.04750096797943115
0.022053956985473633
0.1798250675201416
-0.4546520709991455
-0.15268170833587646
0.1475921869277954
0.6819781064987183
0.0
-0.24089765548706055
0.26125526428222656
0.020357608795166016
-0.7600154876708984
0.010178804397583008
-0.2578623294830322
-0.4987599849700928
-0.40375816822052
-0.0475008487701416
-1.119665503501892
-0.006785750389099121
0.24598705768585205
-0.06276905536651611
-0.3664359450340271
-0.41054415702819824
0.24429047107696533
-0.2883986234664917
-0.23411202430725098
0.13232409954071045
0.10348427295684814
0.20527207851409912
-0.3325066566467285
-0.7023355960845947
0.09160900115966797
-0.25107645988464355
0.12553822994232178
0.3969721794128418
0.06955492496490479
0.06785845756530762
-0.1713428497314453
-0.3969721794128418
0.020357608795166016
-0.3596501350402832
-0.07803726196289062
0.19678986072540283
-0.19848620891571045
-0.18321800231933594
0.5598326921463013
-0.44108033180236816
-0.18321800231933594
-0.31214916706085205
0.05767965316772461
-0.48688507080078125
-0.9703768491744995
-0.005089402198791504
0.6141196489334106
-1.0857360363006592
-0.2358083724975586
0.20018267631530762
0.06785857677459717
0.0848231315612793
-0.3155421018600464
0.5089389085769653
0.3766148090362549
-0.35625720024108887
-0.4784024953842163
0.1798250675201416
0.35795366764068604
-0.07464444637298584
0.0848231315612793
-0.37322181463241577
0.07803726196289062
-0.10178780555725098
-0.22732603549957275
-0.20018267631530762
0.2408977746963501
-1.1654698848724365
0.4325981140136719
0.2069685459136963
-0.8770714998245239
-0.05089390277862549
0.07125139236450195
0.08821606636047363
-1.306276559829712
-0.21714740991592407
0.33420324325561523
0.49197423458099365
-0.027143239974975586
0.44108033180236816
-0.12214529514312744
-0.2883986234664917
-0.4003652334213257
0.18661093711853027
-0.16964638233184814
0.07464444637298584
0.5496540069580078
-0.7362648248672485
-0.5801904201507568
-0.0950019359588623
-0.9873415231704712
-0.9025182723999023
0.5326893329620361
-0.10857367515563965
0.0712515115737915
-0.4716167449951172
0.013571739196777344
-0.10857367515563965
-0.1289311647415161
-0.2850058078765869
0.23411190509796143
0.1526816487312317
-0.16286027431488037
0.037322163581848145
-0.23411178588867188
0.05767977237701416
-0.7600152492523193
0.11535954475402832
0.20187902450561523
-0.19000375270843506
-0.05089390277862549
-0.20018267631530762
-0.09160900115966797
-0.12214529514312744
-0.49706339836120605
0.11535942554473877
-0.2137542963027954
-0.776979923248291
-0.5123319625854492
-1.7592319250106812
-0.3257208466529846
-0.47840261459350586
0.6056371927261353
-0.4207228422164917
-0.26634466648101807
0.2307189702987671
0.26804113388061523
0.07125139236450195
-0.6276911497116089
0.19678962230682373
-0.07464432716369629
-0.5394750833511353
0.30536341667175293
-0.11535930633544922
-0.25446951389312744
-0.18661099672317505
-0.720996618270874
-0.2578624486923218
-1.0501105785369873
-0.4342944622039795
0.19000375270843506
-0.6480488181114197
-0.261255145072937
0.6446559429168701
-0.07803738117218018
-0.24768340587615967
0.06785845756530762
0.383400559425354
-0.03392922878265381
0.22054004669189453
0.05767977237701416
-0.5954585075378418
-0.6582275629043579
-0.04750102758407593
-0.08821606636047363
-0.09160888195037842
-0.10518062114715576
-0.24429070949554443
-0.10178780555725098
-0.030536293983459473
-0.22393310070037842
0.2035754919052124
0.281612753868103
0.3053632974624634
-0.3613464832305908
0.17643213272094727
0.28839874267578125
0.27143406867980957
-0.1560746431350708
-0.6310842037200928
0.1900038719177246
0.10518074035644531
-0.46483075618743896
0.14250290393829346
-0.21714723110198975
0.2069685459136963
-0.1560746431350708
-0.4342944622039795
-0.3053632974624634
0.5462610125541687
0.10178768634796143
-0.20018255710601807
0.1289311647415161
-0.3562573194503784
0.07125139236450195
0.01696467399597168
-0.4784024953842163
0.25446951389312744
-0.09160900115966797
-0.142503023147583
-0.3155421018600464
-0.9381439685821533
0.5225106477737427
0.08143031597137451
0.11196649074554443
-0.6582275629043579
0.8261774778366089
0.14928865432739258
-0.07125139236450195
0.2035754919052124
0.0848231315612793
-0.2307189702987671
0.18661093711853027
-0.24768364429473877
0.11196649074554443
-0.05089378356933594
0.14928865432739258
0.383400559425354
-0.5903692245483398
-0.7837656736373901
0.21036148071289062
0.8702853918075562
-0.12553822994232178
-0.35286426544189453
0.2375047206878662
-0.08821606636047363
0.42750871181488037
-0.2748270034790039
-0.7362649440765381
0.35965001583099365
-0.49367082118988037
-0.08821606636047363
-0.6921566724777222
-0.09160900115966797
-0.6242984533309937
0.3223280906677246
0.04071509838104248
0.35286426544189453
-0.30536341667175293
-0.20357561111450195
-0.653138279914856
-0.20018255710601807
-0.7040319442749023
0.24768352508544922
0.04071509838104248
0.054286956787109375
0.02375054359436035
0.26804119348526
0.06276905536651611
0.37322187423706055
-1.4402967691421509
-0.010178685188293457
-0.3358997106552124
-0.2137542963027954
-0.08482325077056885
0.13910996913909912
0.05767977237701416
-0.2646481990814209
0.09160888195037842
0.4309016466140747
0.2985774278640747
-1.2265427112579346
-0.1696462631225586
-0.3053632378578186
-0.3698287010192871
0.037322163581848145
-0.2069685459136963
0.09160900115966797
0.31893491744995117
0.5157246589660645
-0.16964614391326904
-0.22732603549957275
0.4580451250076294
0.0
-0.36304306983947754
0.27143394947052
-0.1933966875076294
-0.26804113388061523
0.4716167449951172
0.07125139236450195
-0.6412630081176758
0.2748270034790039
-0.06446552276611328
-0.29179155826568604
-0.07464432716369629
0.17643213272094727
0.27143406867980957
-0.3291137218475342
-0.5818867683410645
0.07125163078308105
-0.49536722898483276
-0.26125526428222656
0.15268170833587646
0.5496540069580078
-0.01696467399597168
-0.06446564197540283
0.10518074035644531
0.04750096797943115
0.15946757793426514
-0.7600153684616089
-0.006785750389099121
-0.2137542963027954
-0.7973372936248779
-0.3698289394378662
-0.027143478393554688
-0.1425027847290039
-0.16625332832336426
0.3901865482330322
-0.2578623294830322
-0.4342944622039795
0.21714723110198975
-0.3257209062576294
0.281612753868103
-0.13571703433990479
-0.006785869598388672
0.5751008987426758
-0.15268182754516602
-0.15268170833587646
-0.11535942554473877
0.1458958387374878
0.09160900115966797
-1.000913143157959
0.4750096797943115
0.1289311647415161
-0.45125913619995117
0.03392922878265381
0.6819778680801392
-0.6124229431152344
-0.22732603549957275
0.3901863098144531
-0.06785857677459717
0.01696455478668213
-0.12553822994232178
0.05089372396469116
-0.010178804397583008
-0.6344771385192871
0.21036148071289062
0.12214529514312744
0.2917916774749756
-0.44108033180236816
0.5157246589660645
0.01696455478668213
-0.5666186213493347
-0.6616204977035522
0.4682236909866333
-0.3053632974624634
0.4105440378189087
-0.010178804397583008
-0.23920130729675293
0.1187523603439331
-0.14928865432739258
0.47161662578582764
0.22732603549957275
-0.5666186213493347
-0.27821993827819824
-0.12214529514312744
0.054286837577819824
0.18661081790924072
0.32232797145843506
0.020357489585876465
-0.0475008487701416
0.14250290393829346
-0.2408977746963501
-0.09160912036895752
0.20018255710601807
0.22054016590118408
-0.3392925262451172
-0.003392934799194336
1.2791330814361572
-0.17303907871246338
-0.29688096046447754
-0.7362649440765381
0.013571739196777344
-0.6480488777160645
-0.19339680671691895
0.0
0.04750096797943115
0.9076076745986938
0.11535966396331787
0.037322163581848145
-0.8244808912277222
-0.5089389085769653
0.037322044372558594
-0.6192089319229126
-0.7260861396789551
0.42072272300720215
-0.26464831829071045
-0.28839874267578125
0.2307189702987671
0.12214529514312744
-0.31554222106933594
-0.7277827262878418
-0.21036148071289062
-0.2307189702987671
-0.5581362247467041
0.6107265949249268
0.16286027431488037
0.3715254068374634
-0.4342944622039795
-0.003392934799194336
-0.11196660995483398
0.030536413192749023
-0.13910984992980957
-0.5988513231277466
-0.061072587966918945
0.4953671097755432
0.10857367515563965
-0.26125526428222656
0.22054016590118408
0.0848231315612793
-0.005089402198791504
0.3867936134338379
0.16286051273345947
-0.1425027847290039
0.20357561111450195
-0.4376872777938843
-0.07464444637298584
0.19339656829833984
-0.2883986234664917
0.11196649074554443
-0.3834007978439331
-0.36982882022857666
-0.2578622102737427
-0.030536293983459473
-0.23071885108947754
-0.08482301235198975
0.13232421875
0.20527195930480957
-0.9228757619857788
0.10857367515563965
-0.1187523603439331
0.23411178588867188
-0.1662534475326538
-0.0712515115737915
-0.40715110301971436
-0.037322163581848145
0.24768352508544922
-0.28839874267578125
-0.48858141899108887
-0.878767728805542
-0.11535954475402832
0.21036136150360107
-0.5462610721588135
-0.7260860204696655
-0.08482325077056885
0.8176950216293335
-0.26125526428222656
-0.4733130931854248
-0.16286051273345947
0.0475008487701416
-0.6514415740966797
-0.17643213272094727
-0.29179155826568604
0.15607452392578125
0.07803726196289062
-0.42750871181488037
-0.26125526428222656
-1.0060023069381714
0.23580825328826904
0.01696455478668213
-0.16964638233184814
0.10857367515563965
0.04071521759033203
-0.06446564197540283
0.061072468757629395
0.10518074035644531
0.45125913619995117
-0.24429070949554443
-0.34947144985198975
0.14250290393829346
0.6107264757156372
0.5123319625854492
-0.8787678480148315
-0.2951846122741699
0.373221755027771
0.07464444637298584
0.061072707176208496
-0.4648308753967285
0.10518074035644531
0.4750096797943115
-0.08821606636047363
-0.21545076370239258
0.0
0.10857367515563965
0.10178768634796143
0.16286039352416992
-0.3664361238479614
-0.030536413192749023
-0.5801901817321777
0.11535954475402832
-0.5123317837715149
0.0848231315612793
0.27821993827819824
-0.36304306983947754
-0.43768739700317383
-0.13571703433990479
-0.6684063673019409
-0.9924309253692627
-0.5903689861297607
-0.1933966875076294
0.24089789390563965
0.4987598657608032
-0.18321800231933594
-0.5835831165313721
-1.3571704626083374
-0.20357537269592285
0.11535966396331787
0.3019704818725586
-0.16964638233184814
-0.48858118057250977
-1.006002426147461
-0.6836743354797363
0.15946757793426514
-0.18152141571044922
0.0237504243850708
0.3155421018600464
-0.38340067863464355
-0.17982518672943115
-0.17643213272094727
-0.18661069869995117
0.15268146991729736
-0.0475008487701416
0.30197036266326904
-0.04071509838104248
-0.24429070949554443
0.13571703433990479
0.40715110301971436
0.4173297882080078
0.2307189702987671
-0.04919743537902832
-0.36304306983947754
0.3494713306427002
0.06785857677459717
0.2782200574874878
0.06446564197540283
-0.393579363822937
-0.919482946395874
-0.23071885108947754
-0.2646481990814209
-0.3223278522491455
-0.054286837577819824
-0.3426854610443115
-0.12214529514312744
-0.25107645988464355
-0.43090152740478516
-0.15607452392578125
-0.22732603549957275
0.05767977237701416
-0.09839475154876709
-0.34098899364471436
0.0950019359588623
0.013571739196777344
-0.030536413192749023
-1.5963715314865112
0.05767977237701416
0.11535954475402832
0.4410804510116577
0.03392922878265381
-0.33589959144592285
-0.3426854610443115
-0.18661093711853027
-0.38340044021606445
0.4767061471939087
0.30875611305236816
-0.05089402198791504
-0.12553822994232178
-0.26125526428222656
0.10178780555725098
-0.061072707176208496
0.1798250675201416
0.0475010871887207
-0.3443819284439087
-0.13232409954071045
0.19339680671691895
-0.05089390277862549
-0.0848231315612793
0.6480488181114197
0.13910996913909912
0.1187523603439331
-0.14250290393829346
0.037322163581848145
-0.8092126846313477
-0.36304306983947754
-0.010178685188293457
0.2748270034790039
-0.6836744546890259
0.03392922878265381
-0.5496540069580078
-0.8295702934265137
0.10178768634796143
0.2375047206878662
-0.6887639760971069
0.03392922878265381
-0.04410815238952637
0.08143019676208496
-0.42920517921447754
-0.044108033180236816
-0.027143478393554688
0.3664361238479614
0.4376875162124634
-0.03392922878265381
-0.8923395276069641
0.4241156578063965
-0.3121490478515625
-0.08821594715118408
0.09839487075805664
0.6073337197303772
0.4580448865890503
-0.48688483238220215
-0.33759617805480957
0.08482301235198975
-0.17982494831085205
-0.44616973400115967
0.18661093711853027
-0.32232803106307983
-0.037322163581848145
-0.27482688426971436
0.020357608795166016
-0.6090301275253296
-0.6005479097366333
-0.2578623294830322
-0.1289311647415161
-0.27143406867980957
-0.23750483989715576
-0.38000768423080444
-0.4750096797943115
0.04071509838104248
-0.0712515115737915
-0.05937623977661133
-0.37322187423706055
-0.010178804397583008
-0.011875152587890625
0.20018267631530762
0.030536293983459473
-0.18661093711853027
-0.5225106477737427
-0.4919741153717041
-0.3901863098144531
0.6141195297241211
-0.5666185617446899
-0.5259034633636475
-0.11535942554473877
-0.9737697839736938
-0.1425027847290039
0.1085735559463501
0.3562570810317993
-0.42750847339630127
-0.6005479097366333
-0.5089387893676758
0.13910996913909912
0.5649219751358032
0.32232797145843506
-0.9534121751785278
-0.9415370225906372
0.27482688426971436
-0.8991250991821289
-0.3257208466529846
0.3901864290237427
0.2968810796737671
0.2578623294830322
-0.16286039352416992
-0.5428680181503296
0.020357608795166016
0.18321800231933594
0.2035754919052124
-0.1187523603439331
-0.6667100191116333
0.02375054359436035
0.16286039352416992
-0.02375054359436035
0.11875247955322266
-0.03392922878265381
-0.061072587966918945
-0.6310843229293823
-0.9483227729797363
0.05089390277862549
-0.037322282791137695
-0.3155421018600464
-0.16286039352416992
-0.44108033180236816
-0.27143394947052
-0.9856449365615845
0.24429059028625488
-0.5089387893676758
-0.4987599849700928
-0.2578623294830322
-0.24768364429473877
-0.4173297882080078
-0.6548347473144531
-0.43429458141326904
0.03392922878265381
0.10178768634796143
0.027143359184265137
0.3019704818725586
-0.2883986234664917
-0.42750871181488037
-0.27143406867980957
-0.43599092960357666
0.10857367515563965
0.14250290393829346
-0.4750096797943115
-0.2561659812927246
0.08143019676208496
-0.5326893925666809
-0.24768352508544922
0.08312678337097168
0.09839498996734619
-0.2273259162902832
-0.13910996913909912
0.6531381607055664
0.11196649074554443
-0.4258120059967041
-0.12553822994232178
0.525903582572937
-0.12553822994232178
-0.1187523603439331
-0.13571691513061523
-0.15268158912658691
-0.14928877353668213
-0.19000381231307983
-0.2883986234664917
0.030536293983459473
0.11875247955322266
-0.383400559425354
-0.4342944622039795
-0.4614379405975342
-0.8261774778366089
0.1085735559463501
0.37661492824554443
0.32232797145843506
-0.33589959144592285
0.061072587966918945
-0.4309014081954956
-0.3257208466529846
0.054286837577819824
0.30197036266326904
-0.08143019676208496
0.04750096797943115
-0.2561659812927246
-0.2951846122741699
-0.7379612922668457
-0.1187523603439331
0.22732603549957275
-0.46822381019592285
-0.12553834915161133
-1.4369040727615356
0.3800077438354492
0.1085735559463501
-0.383400559425354
0.2951846122741699
-0.5191175937652588
-0.9177865982055664
-0.1900038719177246
-0.3901863098144531
0.12553822994232178
-0.11535942554473877
0.15946745872497559
-0.10518074035644531
-0.21714723110198975
-0.24937987327575684
0.25955891609191895
-0.14928877353668213
-0.10178768634796143
-0.12214529514312744
-0.22393310070037842
-1.2180602550506592
-0.4631342887878418
-0.4275085926055908
0.42920517921447754
-0.5445646047592163
0.22732603549957275
-0.18661093711853027
-0.19678962230682373
-0.027143359184265137
-0.08482301235198975
0.3698289394378662
0.010178804397583008
-0.7600154876708984
-0.2917914390563965
0.09330534934997559
0.3358996510505676
-0.16625338792800903
0.006785869598388672
-0.07125139236450195
-0.6836745738983154
0.010178804397583008
0.6276911497116089
-1.1162724494934082
0.2408977746963501
-0.281612753868103
-0.12214529514312744
-0.651441752910614
-1.3198480606079102
-0.08821606636047363
-0.39697229862213135
0.1187523603439331
0.09160900115966797
0.5123318433761597
-0.142503023147583
0.393579363822937
-0.5852797031402588
-0.29179155826568604
-1.0382351875305176
0.16286039352416992
1.0127882957458496
0.19678950309753418
-0.607333779335022
-0.2748270034790039
-0.20696842670440674
-0.037322163581848145
0.11535942554473877
-0.281612753868103
0.2544693946838379
-0.7837657928466797
0.4987599849700928
-0.3952758312225342
-0.7345683574676514
-0.5615291595458984
0.003392934799194336
-0.2816128730773926
0.525903582572937
-0.08143031597137451
0.19678974151611328
-0.23750483989715576
-0.25107645988464355
-0.25446927547454834
0.1323239803314209
-0.23411190509796143
-0.11196649074554443
0.3460782766342163
0.500456690788269
-0.06785845756530762
0.3698289394378662
-0.3189350366592407
-0.5801901817321777
-0.6548347473144531
-0.19170022010803223
0.45465195178985596
-0.24768352508544922
0.2408977746963501
0.0950019359588623
-0.23241543769836426
-0.48179543018341064
0.037322163581848145
0.5428680181503296
-0.11535942554473877
-0.1289311647415161
0.11875247955322266
0.22732603549957275
0.1798250675201416
-0.21375417709350586
-0.46143782138824463
-0.1900038719177246
-0.3070598840713501
-0.15268170833587646
-0.2883986234664917
-0.26464807987213135
-0.7464436292648315
0.45465219020843506
-0.07803738117218018
-0.5666186809539795
0.08143019676208496
0.027143359184265137
0.04750096797943115
-0.281612753868103
-0.2578624486923218
-0.7447471618652344
0.5462610721588135
-0.5157246589660645
0.013571619987487793
-0.2748270034790039
0.49197423458099365
-0.03392910957336426
-0.597154974937439
0.2035754919052124
-0.10178780555725098
-0.3189350962638855
0.1187523603439331
-0.3426855802536011
0.1475924253463745
0.18661093711853027
-0.3155421018600464
0.22732603549957275
-0.1560746431350708
-0.2646481990814209
0.29857754707336426
0.08143007755279541
-0.3257209062576294
-0.9635908603668213
0.5428680181503296
-0.2307189702987671
-0.044107913970947266
-0.3901864290237427
-0.01696467399597168
0.15946745872497559
0.09839498996734619
-0.24768364429473877
-0.6039408445358276
-0.22732603549957275
0.08821606636047363
-0.3579537868499756
-0.5818866491317749
-0.16286039352416992
-0.14928877353668213
-0.4563485383987427
0.003392934799194336
0.12214541435241699
0.17643213272094727
-0.42072272300720215
-0.06785845756530762
-0.67519211769104
-0.34947121143341064
0.05089390277862549
0.5276000499725342
-0.17303919792175293
-0.2578623294830322
0.47161662578582764
0.0712515115737915
-0.48518848419189453
0.0
0.10518074035644531
0.5089386701583862
-0.281612753868103
0.1458958387374878
-0.7888551950454712
0.0475008487701416
-0.754926323890686
-0.2578623294830322
-0.4309016466140747
-0.6446559429168701
0.09839487075805664
0.30197036266326904
0.6582275629043579
-0.21375441551208496
-0.10178768634796143
-0.6717991828918457
-0.20018255710601807
0.15946757793426514
0.20527195930480957
-0.03392934799194336
0.030536293983459473
-0.13910984992980957
-0.23411190509796143
-0.8601067066192627
0.0712515115737915
0.027143478393554688
-0.10518068075180054
-0.7786765098571777
0.19678974151611328
0.40375816822052
-0.25446951389312744
0.1187523603439331
-0.06785845756530762
0.1798250675201416
-0.24768364429473877
-0.47331321239471436
-0.32572078704833984
0.11196649074554443
-0.29857754707336426
-0.24089765548706055
-0.4800989627838135
0.17303919792175293
0.005089521408081055
-0.80751633644104
0.11535942554473877
-0.09160900115966797
-0.05089402198791504
0.1458958387374878
0.02375054359436035
0.35286426544189453
0.22393298149108887
-0.22393310070037842
-0.2307189702987671
1.1417195796966553
-0.19000375270843506
-0.10518074035644531
0.05089378356933594
0.20018267631530762
-0.2646481990814209
0.003392934799194336
-1.1977028846740723
-0.6073336601257324
-0.4750097990036011
-0.17303919792175293
-0.3817042112350464
0.020357608795166016
-0.22562944889068604
0.1900038719177246
0.15607452392578125
-0.027143359184265137
-0.17643225193023682
-0.2307189702987671
-0.2646481990814209
-0.16286039352416992
0.020357489585876465
0.3867935538291931
-0.240897536277771
0.3969724178314209
-0.7142109870910645
-0.15946757793426514
-0.0848231315612793
-0.0950019359588623
-0.09839487075805664
0.6599240303039551
-0.797337532043457
0.17303931713104248
-0.3596501350402832
0.2578623294830322
-0.5021530389785767
-0.3308103084564209
-1.414850115776062
0.14928877353668213
0.14250290393829346
-0.010178804397583008
0.24089765548706055
-0.013571739196777344
-0.08143019676208496
-0.3121490478515625
-0.4342942237854004
-0.5496538877487183
-0.8024270534515381
-0.38340049982070923
-0.35625720024108887
0.83805251121521
-0.43090152740478516
-0.3325066566467285
0.3019704818725586
-0.0899125337600708
-0.9160895347595215
0.44786620140075684
-0.003392934799194336
0.5055458545684814
-0.6344770193099976
0.010178804397583008
-0.17643213272094727
-0.1900038719177246
-0.40715116262435913
-0.061072587966918945
0.22393310070037842
-0.24768352508544922
-0.8974288702011108
-0.2307189702987671
-0.43429458141326904
-0.142503023147583
-0.15268158912658691
-0.33589959144592285
-0.17643213272094727
-0.776979923248291
-0.7091214656829834
-0.373221755027771
0.07464444637298584
-0.1458958387374878
-0.20018255710601807
0.04410815238952637
-0.3596501350402832
-0.6327807903289795
-0.11535954475402832
-0.10857367515563965
0.12553822994232178
0.32232797145843506
0.020357370376586914
-0.5700113773345947
-0.18321800231933594
-0.037322163581848145
0.05767977237701416
0.40375816822052
-0.08143019676208496
-0.1832178831100464
-0.4834918975830078
0.33929264545440674
0.06785845756530762
0.24768352508544922
-0.2544693946838379
-0.9992166757583618
-0.05428671836853027
-0.010178804397583008
-0.31214916706085205
-0.003392934799194336
0.8007305860519409
-0.6989428400993347
-0.010178685188293457
-0.1900038719177246
-0.41902637481689453
-0.061072707176208496
-0.3494713306427002
0.475009560585022
-0.2544693946838379
-0.7413543462753296
-0.5326894521713257
-0.38000762462615967
-0.15607476234436035
0.12214553356170654
-0.2985774278640747
-0.1374136209487915
-0.0237504243850708
-0.142503023147583
-0.03392922878265381
0.4546520709991455
-0.6463522911071777
-0.7735871076583862
0.3698289394378662
-0.6616204977035522
0.06785845756530762
-0.1832178831100464
-1.0212708711624146
-0.11196649074554443
-0.04750096797943115
-0.3087562918663025
0.40375816822052
0.29179155826568604
0.22393310070037842
-0.3901865482330322
0.04750096797943115
0.05089390277862549
0.3087562322616577
0.21714723110198975
-0.27313053607940674
0.35965001583099365
-0.21375417709350586
-0.3392925262451172
0.07464432716369629
0.22054004669189453
0.006785869598388672
-0.2714341878890991
0.0950019359588623
0.18321800231933594
-0.14928877353668213
0.17643213272094727
-0.06785857677459717
0.46483075618743896
0.18661081790924072
0.061072587966918945
-0.2273259162902832
-0.563225507736206
0.4987601041793823
-0.19339680671691895
0.4716166853904724
-0.2951847314834595
-0.2595590353012085
0.2137542963027954
-0.09500205516815186
-0.03392922878265381
-0.4342944025993347
0.21036148071289062
-0.5649220943450928
0.3223278522491455
-0.8923393487930298
-0.3596501350402832
-0.010178804397583008
-0.413936972618103
0.2985774278640747
-0.6989425420761108
0.36304306983947754
0.693853497505188
0.13232421875
0.5021529793739319
-0.31554198265075684
-0.7023355960845947
-0.013571739196777344
-0.0848231315612793
0.19678974151611328
0.13910996913909912
0.35625720024108887
-0.41732990741729736
-0.3494713306427002
-0.9415369033813477
-0.28161299228668213
0.22054016590118408
0.25107645988464355
-0.09160900115966797
-0.07125139236450195
0.35286426544189453
-0.15946745872497559
-0.1662534475326538
0.0237504243850708
-0.7040321826934814
-0.29857754707336426
-0.7498365640640259
-0.1798250675201416
-0.7447471618652344
0.17303907871246338
0.14250290393829346
-0.12893128395080566
-0.5835832357406616
0.07803726196289062
-0.2375047206878662
0.06785845756530762
0.2578623294830322
0.3291137218475342
0.3087562322616577
-0.04750096797943115
0.006785869598388672
-0.34098899364471436
0.4750096797943115
-0.18321800231933594
-0.41224050521850586
0.13232421875
-0.9025181531906128
0.5191175937652588
-0.25107645988464355
-0.3053632974624634
-0.24429059028625488
0.21375417709350586
0.20018255710601807
-0.020357489585876465
0.10348427295684814
-0.53608238697052
-0.04071509838104248
-0.49197423458099365
0.07803726196289062
-0.14928877353668213
0.2035757303237915
-0.013571619987487793
-0.17303919792175293
-0.1933966875076294
-0.23411178588867188
-0.17812860012054443
-0.25107645988464355
-0.15268158912658691
0.35625720024108887
0.05767977237701416
-0.05767977237701416
-0.24429064989089966
-0.3358994722366333
0.8872501850128174
-0.17303919792175293
0.1560746431350708
-0.10518074035644531
0.1136629581451416
0.10518074035644531
0.20357561111450195
-0.05767977237701416
0.08821606636047363
0.13910996913909912
-0.16964620351791382
-0.6870673894882202
0.2171473503112793
-0.2578623294830322
-0.16286051273345947
0.24768364429473877
-0.5479575395584106
-0.18661093711853027
0.003392934799194336
0.3358997106552124
0.005089402198791504
0.09160900115966797
-0.1696460247039795
0.27482688426971436
-0.4614379405975342
0.19339656829833984
0.3053632974624634
-0.3901865482330322
-0.14250290393829346
-0.08821618556976318
-0.23411178588867188
0.38679349422454834
0.2816128730773926
0.24768364429473877
-0.1289311647415161
0.12553822994232178
-0.03392934799194336
-0.3087562322616577
0.16625332832336426
0.3087562322616577
-0.20018255710601807
-0.49876004457473755
0.19339680671691895
0.2578623294830322
0.3325066566467285
0.15946745872497559
-0.38679349422454834
-0.4054546356201172
0.0237504243850708
-0.1085735559463501
-0.14589571952819824
0.07803726196289062
-0.17303931713104248
-0.1458958387374878
0.04071497917175293
-0.7803729176521301
-0.7091214656829834
0.21375441551208496
-0.1034841537475586
-0.5767972469329834
-0.49027788639068604
0.4478660821914673
-0.003392934799194336
-0.14928865432739258
0.010178804397583008
-0.38000786304473877
0.30197060108184814
-0.1187523603439331
-0.061072707176208496
-0.3800077438354492
-0.18321800231933594
-0.17643201351165771
-0.5835833549499512
-0.12553834915161133
-0.38000762462615967
-0.6972460746765137
0.11196649074554443
-0.6989427804946899
-0.8465349674224854
-0.2680410146713257
-0.044108033180236816
0.4800989627838135
-0.14928877353668213
-0.8346595764160156
-0.10857367515563965
0.20018255710601807
-0.07803714275360107
0.06446552276611328
0.19678950309753418
0.20357537269592285
0.3901864290237427
-0.16964638233184814
0.4275085926055908
-0.597154974937439
-0.02375054359436035
0.27143406867980957
0.061072707176208496
0.4241156578063965
0.07803738117218018
-0.4376872777938843
-0.2171473503112793
-0.016964435577392578
0.027143359184265137
-0.08142995834350586
-0.2578624486923218
0.39357924461364746
0.2748270034790039
-0.38679349422454834
-0.010178804397583008
-0.054286837577819824
0.057679712772369385
-1.0009130239486694
0.05767977237701416
-0.054286837577819824
-0.24089765548706055
0.21036159992218018
0.013571739196777344
-0.33250677585601807
0.23071885108947754
-0.7311755418777466
-0.31214916706085205
-0.12553822994232178
-0.08143031597137451
0.22393310070037842
-0.35625720024108887
0.12214529514312744
0.15946757793426514
0.15268158912658691
-0.20696842670440674
-0.3969721794128418
0.05767965316772461
-0.13910996913909912
0.06107282638549805
-0.08143019676208496
-0.5326893329620361
-0.04750096797943115
-0.6446559429168701
-0.281612753868103
-0.0237504243850708
0.12893104553222656
-0.24429059028625488
0.10518062114715576
-0.027143478393554688
-0.7260861396789551
-0.5428680181503296
0.393579363822937
-0.7040320634841919
-0.35625720024108887
-0.5767971277236938
-0.38679349422454834
-0.29857754707336426
-0.1798253059387207
-0.15946745872497559
0.3392925262451172
-0.20018261671066284
0.06955504417419434
0.5259034633636475
-0.44786620140075684
0.44447338581085205
-0.09160900115966797
0.26125526428222656
0.0
0.25107645988464355
-0.44786614179611206
-0.5055460929870605
-0.05089390277862549
-0.17303931713104248
0.23411190509796143
0.03392934799194336
-0.08143019676208496
-0.21714723110198975
-0.2951846122741699
-0.027143359184265137
-0.013571619987487793
-0.07464432716369629
-0.44447314739227295
-0.4631342887878418
-0.3596501350402832
0.07803738117218018
-0.09839487075805664
-0.2273259162902832
-0.3325066566467285
0.2816128730773926
-0.20018255710601807
0.3358997106552124
-0.26125526428222656
0.27143406867980957
-0.39357948303222656
0.17643213272094727
0.6259948015213013
0.07464432716369629
0.2544693946838379
-0.627691388130188
-0.4682236909866333
0.03392934799194336
0.4885812997817993
-0.4105440378189087
-0.6073337197303772
0.6073336601257324
-0.3426855802536011
0.2646481990814209
-0.26125526428222656
-1.2638648748397827
-0.030536353588104248
0.10009121894836426
0.1798250675201416
-0.6548347473144531
0.3189350366592407
0.15268158912658691
0.541171669960022
0.08821594715118408
-0.24768352508544922
0.2816128730773926
-0.7617120742797852
0.3155421018600464
-0.037322163581848145
0.10518074035644531
-0.39697229862213135
-0.030536174774169922
-0.15946733951568604
-0.20018267631530762
0.35625720024108887
-0.006785750389099121
-0.29518449306488037
-0.19678962230682373
-0.03392922878265381
0.061072707176208496
0.19000375270843506
0.13910984992980957
-0.4546520709991455
0.19678974151611328
0.04071497917175293
0.34607839584350586
-0.39188313484191895
0.04750096797943115
0.08143019676208496
0.33589982986450195
0.15946757793426514
-0.030536293983459473
-0.46992015838623047
0.15268158912658691
-0.26125526428222656
-0.5225105285644531
0.21036136150360107
0.41732990741729736
-0.25446927547454834
-0.0712515115737915
-0.003392934799194336
0.2578623294830322
-0.5445646047592163
-0.4987601041793823
-0.14928877353668213
0.08143031597137451
0.38679349422454834
0.5462610125541687
-0.5326893329620361
-0.4529554843902588
-0.4309016466140747
-0.7159073352813721
-0.030536413192749023
0.02375030517578125
-0.19000375270843506
-0.05089390277862549
-1.2519896030426025
0.0950019359588623
-0.1967896819114685
0.16625332832336426
0.24768364429473877
-0.4003652334213257
0.04071509838104248
0.8380526304244995
-0.37322187423706055
0.29688096046447754
-0.46483075618743896
-0.31554198265075684
0.3189350366592407
-0.0712515115737915
-0.03392910957336426
-0.5225106477737427
-0.1289312243461609
0.5734045505523682
-0.10178768634796143
0.08143019676208496
0.020357489585876465
-0.2850058078765869
-0.2239331603050232
0.19339680671691895
-0.12214529514312744
-0.006785869598388672
-0.4614379405975342
0.4885812997817993
0.27821993827819824
-0.3053632974624634
0.16625332832336426
-0.6802816390991211
-0.12214529514312744
-0.4834918975830078
0.32572078704833984
0.003392934799194336
-0.5360822677612305
-0.8465349674224854
-0.5547432899475098
-0.006785869598388672
0.06107282638549805
0.22393310070037842
-0.08821594715118408
-0.8007304668426514
-0.28839874267578125
-0.07803726196289062
-0.2408977746963501
0.24429059028625488
-0.11535942554473877
-0.6090304851531982
0.0
0.09160900115966797
-0.48518842458724976
0.32232797145843506
-0.5072424411773682
-0.07803738117218018
-0.45974135398864746
0.617512583732605
-0.10178768634796143
-0.4207228422164917
-0.11196660995483398
-0.1900038719177246
-0.04071509838104248
-0.14928865432739258
0.2358083724975586
0.2985774278640747
-0.04750096797943115
-0.25107645988464355
-0.8210880756378174
-0.7532293796539307
-0.010178804397583008
-0.6480487585067749
-0.0950019359588623
-0.848231315612793
-0.18321800231933594
0.006785869598388672
0.47840261459350586
0.05767965316772461
0.15607452392578125
-1.2740434408187866
0.013571739196777344
0.045804500579833984
0.0
-0.12214529514312744
-0.5089389085769653
0.1187523603439331
-0.0848231315612793
-0.1085735559463501
0.027143478393554688
-0.3189347982406616
-0.4139368534088135
0.2069685459136963
-0.2951846122741699
0.2459871768951416
-0.05767977237701416
0.15946745872497559
-0.054286837577819824
-0.500456690788269
-0.2069685459136963
0.15268170833587646
0.17303931713104248
-0.19339674711227417
-0.6378700733184814
0.4885812997817993
0.08991241455078125
0.20018255710601807
0.14250290393829346
0.39357948303222656
0.31554222106933594
-0.4716167449951172
0.31214916706085205
-0.09160900115966797
-0.4105440378189087
0.22393310070037842
-0.2680412530899048
0.02375054359436035
-0.14589595794677734
-0.5394752025604248
-0.3494713306427002
-0.03392922878265381
-0.7260860800743103
-0.2799164056777954
-0.04071509838104248
0.16625332832336426
-0.3596501350402832
0.3867936134338379
-0.08821594715118408
0.4342944622039795
0.08821606636047363
-0.6887638568878174
-0.5326895713806152
-0.2612553834915161
0.817695140838623
0.2358083724975586
-0.11535954475402832
0.04750096797943115
0.10178780555725098
0.505545973777771
-0.12044882774353027
-0.37322187423706055
0.11196649074554443
-0.2748270034790039
0.030536413192749023
-0.38340067863464355
0.01696455478668213
-0.1713428497314453
-0.11875247955322266
0.0712515115737915
0.4309016466140747
-1.2435073852539062
-0.44108033180236816
0.11875247955322266
0.06107282638549805
0.2171471118927002
0.08821606636047363
-0.15607452392578125
-0.31214916706085205
-0.08821606636047363
0.045804500579833984
-0.27482712268829346
-0.363042950630188
-0.07125139236450195
0.030536293983459473
-0.3426854610443115
-0.2324153184890747
-0.4275088310241699
0.01696455478668213
0.5496538877487183
-0.4817953109741211
0.2578624486923218
0.12553846836090088
-0.29857754707336426
-0.13910984992980957
0.5242071151733398
0.10178768634796143
0.15268170833587646
-0.3138456344604492
-0.10178780555725098
-0.0848231315612793
-0.02375054359436035
0.1933966875076294
0.13571691513061523
0.12553822994232178
0.037322163581848145
-0.2273259162902832
-0.10178768634796143
0.006785869598388672
-0.15268158912658691
-0.01696467399597168
0.2375047206878662
-0.257862389087677
-0.6514415740966797
0.054286837577819824
0.12553822994232178
-0.027143359184265137
-0.1662534475326538
0.2510765790939331
-0.7379612922668457
-0.8193916082382202
-0.1662534475326538
0.06446552276611328
-0.6039408445358276
-0.4817953109741211
0.06446552276611328
-0.1696462631225586
0.3257209062576294
-0.4512590169906616
0.8499277830123901
-0.4936707019805908
0.08821606636047363
-0.08821606636047363
0.17643213272094727
-0.04071509838104248
0.19678962230682373
-0.46483075618743896
0.1696462631225586
0.17643213272094727
-0.5428681373596191
-0.15268158912658691
0.26804113388061523
-0.43768739700317383
-0.43090158700942993
0.37661468982696533
0.27143406867980957
0.3325066566467285
-0.20357555150985718
-0.34607839584350586
0.4139370918273926
-0.6921567916870117
0.21375417709350586
0.07803726196289062
0.1560746431350708
0.013571739196777344
-0.3053632974624634
-0.26804119348526
0.0848231315612793
0.8601067066192627
-0.4970637559890747
-0.09160900115966797
0.22562956809997559
-0.40375816822052
0.04241156578063965
-1.21127450466156
-0.13571703433990479
-0.3867936134338379
-0.015268206596374512
-1.0093953609466553
0.3664360046386719
0.19678974151611328
0.027143359184265137
-0.5632256269454956
-0.16964638233184814
-0.2985774278640747
-0.5377786159515381
0.43768739700317383
0.07125139236450195
-0.03392934799194336
0.46822381019592285
0.11196637153625488
0.8448386192321777
-0.21714723110198975
-1.231631875038147
0.054286837577819824
0.3613467216491699
0.53608238697052
0.08821606636047363
-0.29179179668426514
0.586976170539856
-0.27821993827819824
0.31554198265075684
0.2985774278640747
0.20357561111450195
-0.0950019359588623
0.05428671836853027
0.40375816822052
0.04071509838104248
-0.037322282791137695
-0.04750096797943115
0.01696467399597168
0.28839874267578125
0.10178768634796143
-0.09500181674957275
-0.13910996913909912
0.6667100191116333
0.054286837577819824
0.01696467399597168
0.17643213272094727
-0.07803726196289062
-0.14250284433364868
-0.1458958387374878
-0.25446927547454834
0.22562956809997559
-0.787158727645874
-0.11196637153625488
0.030536413192749023
-0.08312666416168213
-0.5632256269454956
0.02544701099395752
0.04071509838104248
0.3087562322616577
0.37661468982696533
0.09160900115966797
0.14928865432739258
0.006785988807678223
-0.14928877353668213
0.010178923606872559
0.24768364429473877
0.36304306983947754
0.07803726196289062
0.2171473503112793
-0.14928877353668213
0.07803714275360107
0.14250290393829346
0.010178923606872559
-0.018661141395568848
-0.21714723110198975
0.14928889274597168
0.17303931713104248
-0.6938533782958984
0.08821606636047363
-0.05767965316772461
0.5292962789535522
0.17643225193023682
0.30197036266326904
0.13062775135040283
-0.6887639760971069
-0.13571703433990479
-0.22054028511047363
0.43768733739852905
0.19339680671691895
0.04750096797943115
0.5326893329620361
0.3460782766342163
0.6175124645233154
0.24429059028625488
-0.29518455266952515
0.4750096797943115
-0.5734045505523682
-0.2273259162902832
-0.5106353759765625
-0.35286426544189453
0.13910984992980957
-0.33589959144592285
-0.5089390277862549
0.15268158912658691
0.0712515115737915
-0.3460785150527954
-0.42920494079589844
0.030536532402038574
0.33589959144592285
-0.4987601041793823
0.15268158912658691
-0.12553822994232178
0.0848231315612793
-0.4648308753967285
-0.2527730464935303
0.3867936134338379
-0.9194827079772949
-0.42750871181488037
0.15946757793426514
-0.3257209062576294
0.5581362247467041
0.3766145706176758
0.32911384105682373
0.030536293983459473
0.10857367515563965
-0.1458958387374878
-0.5496537685394287
-0.21375441551208496
0.27313053607940674
-0.495367169380188
-0.6853710412979126
-0.0950019359588623
0.20018279552459717
-1.2129712104797363
-0.30197036266326904
-0.044108033180236816
0.11875224113464355
-0.3867936134338379
-0.10857367515563965
-0.15777111053466797
0.23750483989715576
-0.17303919792175293
-0.18661093711853027
-0.2850058078765869
-0.6904604434967041
0.17643213272094727
-0.22054028511047363
0.35116779804229736
0.010178804397583008
-0.027143478393554688
0.2375047206878662
0.20018243789672852
0.17303931713104248
0.32911360263824463
0.013571858406066895
-0.5021529793739319
0.03223299980163574
-0.6853711605072021
0.6090301275253296
0.04071521759033203
-0.3053632974624634
0.17643213272094727
-0.8109092116355896
0.3155421018600464
-0.5666185617446899
0.3800075054168701
-0.4003652334213257
0.2985776662826538
0.858410120010376
0.43768739700317383
-0.11875247955322266
0.15607458353042603
-0.1289311647415161
0.08821606636047363
0.8957325220108032
0.12893128395080566
0.05089390277862549
0.5734045505523682
-0.475009560585022
-0.3426854610443115
-0.19678974151611328
0.12553834915161133
-0.22054016590118408
-0.07464432716369629
-0.04919743537902832
0.0
-0.43090176582336426
-0.09160900115966797
-0.0950019359588623
0.3087562322616577
-0.2748270034790039
-0.16964638233184814
-0.12214541435241699
-0.1713426113128662
-0.13232409954071045
0.15607452392578125
0.17643225193023682
0.36473941802978516
0.3189350366592407
-0.44108033180236816
-0.4750094413757324
0.11535942554473877
-0.10178780555725098
-0.26125526428222656
0.2883986234664917
-0.39697229862213135
-0.14250284433364868
-0.40036535263061523
0.22732603549957275
-0.19000375270843506
0.2069685459136963
0.40375816822052
-0.02375054359436035
-0.04750102758407593
0.4800989627838135
-0.12214541435241699
-0.9601980447769165
0.01696467399597168
0.37661468982696533
0.022053956985473633
0.35456061363220215
-0.1628604531288147
-0.10857343673706055
-0.5089389085769653
0.35625720024108887
0.17643225193023682
-0.010178804397583008
0.23411190509796143
-0.08143007755279541
-0.08821606636047363
0.3155421018600464
-0.32911384105682373
0.27821993827819824
0.5191176533699036
-0.2917916774749756
-0.0848231315612793
-0.3291137218475342
0.38679349422454834
-0.7430508136749268
-0.13062775135040283
0.010178804397583008
-0.36304306983947754
-0.6785850524902344
-0.5360822677612305
0.13571703433990479
0.003392934799194336
-0.3223278522491455
-0.6412630081176758
-0.2782200574874878
-0.4546520709991455
-0.8058199882507324
-0.8550171852111816
0.02375054359436035
-0.044108033180236816
0.24768352508544922
-0.22732603549957275
-0.2799164056777954
-0.2748270034790039
-0.6090302467346191
0.09160900115966797
-0.44108033180236816
0.2307189702987671
-0.3426854610443115
-0.2629516124725342
0.09160900115966797
-0.505545973777771
-0.24089771509170532
-1.0738611221313477
-0.7057286500930786
-0.4563484191894531
0.13232409954071045
-0.09839469194412231
-0.4071509838104248
-1.1739524602890015
-0.15607476234436035
-0.5869760513305664
-0.39357924461364746
0.42411577701568604
0.12553822994232178
-0.0186612606048584
-0.607333779335022
-0.2544693946838379
0.4410804510116577
-0.3596501350402832
-0.36982905864715576
0.13232409954071045
0.05089390277862549
0.12893128395080566
0.3002740144729614
-0.26804113388061523
-0.2748270034790039
-0.142503023147583
0.027143359184265137
-0.7159074544906616
0.07464432716369629
-0.2816128730773926
-0.485188364982605
0.1832181215286255
0.35625720024108887
-0.1933969259262085
0.044108033180236816
0.037322163581848145
-0.16964614391326904
-0.22902262210845947
-0.17643213272094727
0.28500568866729736
-0.14589571952819824
-0.04410815238952637
0.0848231315612793
0.2171473503112793
-0.14928877353668213
0.3901865482330322
0.11535942554473877
-0.24429070949554443
-0.44786620140075684
-0.003392934799194336
-0.24768376350402832
0.5360822677612305
-0.23411202430725098
-0.31214916706085205
0.13232409954071045
-0.29179155826568604
0.21714723110198975
-0.2035754919052124
0.13911008834838867
-0.3155421018600464
-0.8143020868301392
-0.26125526428222656
0.0950019359588623
0.22732603549957275
0.30197036266326904
-1.2333284616470337
-0.35286426544189453
0.0950019359588623
0.1560746431350708
-0.006785869598388672
0.003392934799194336
-0.16625332832336426
-0.5700114965438843
-0.2900952100753784
-0.0237504243850708
0.19339680671691895
-0.383400559425354
-0.35286426544189453
0.09500181674957275
0.020357489585876465
-0.3392925262451172
0.030536532402038574
0.2900952100753784
0.0950019359588623
-0.7888553142547607
0.3732219934463501
-0.08143031597137451
-0.44786620140075684
-0.576797366142273
0.43768739700317383
0.2544693946838379
-0.43429434299468994
-0.5394752025604248
-0.13910996913909912
-1.134933590888977
-0.4376875162124634
0.3494713306427002
-0.013571739196777344
0.2782198190689087
-0.6565313339233398
0.38679349422454834
-0.6819779872894287
-0.27143406867980957
-0.373221755027771
0.7905516624450684
-0.12214541435241699
0.7396578192710876
-0.24089765548706055
-0.2816128730773926
0.439383864402771
-0.9754663705825806
-0.2883986234664917
0.2680412530899048
0.40375816822052
-0.39357948303222656
-0.3460782766342163
-0.20018255710601807
0.04750096797943115
0.4682236909866333
-0.5649220943450928
-0.3766148090362549
-0.013571739196777344
0.07464444637298584
0.15946745872497559
-0.35286426544189453
-0.3681323528289795
-0.03392922878265381
-0.4241156578063965
0.23411178588867188
0.10518074035644531
-0.21375441551208496
-0.6192089319229126
-0.24429070949554443
-0.1696462631225586
-0.8753747940063477
-0.29179155826568604
-0.5072423219680786
0.030536413192749023
0.08821606636047363
0.0237504243850708
-0.5106353759765625
0.28500568866729736
-0.09160900115966797
0.2816128730773926
-0.7634081840515137
0.30536341667175293
0.2459871768951416
-0.030536293983459473
-0.4750096797943115
-1.3062764406204224
0.0848231315612793
-0.07464444637298584
0.037322282791137695
-0.40715116262435913
-0.20696842670440674
0.05428671836853027
0.19339680671691895
-0.6887639760971069
0.07125139236450195
-0.41732996702194214
0.15268170833587646
-0.18321800231933594
-0.11535954475402832
0.0950019359588623
-0.37322163581848145
0.11196660995483398
0.08143019676208496
0.6667098999023438
-0.15946733951568604
-0.3087562322616577
-0.6005477905273438
-0.22054016590118408
0.030536413192749023
0.13232409954071045
0.5174212455749512
0.46143782138824463
-0.8058197498321533
-0.037322282791137695
-0.16625332832336426
0.5394752025604248
-0.4071509838104248
0.22393298149108887
-0.22054028511047363
-0.5598326921463013
-0.12553822994232178
-0.9975199699401855
0.29857730865478516
-0.22054016590118408
-1.2180603742599487
0.26804107427597046
-0.12893128395080566
-0.05089390277862549
0.033929288387298584
-0.010178744792938232
-0.2765233516693115
-0.5428681373596191
-0.12214529514312744
0.016964614391326904
0.15946757793426514
-0.3426855802536011
-0.18661093711853027
-0.003392934799194336
-0.08821606636047363
0.475009560585022
-0.33589959144592285
0.20696842670440674
-0.36304306983947754
0.20018243789672852
-0.11196649074554443
0.4309014678001404
-0.22054016590118408
0.010178923606872559
-0.2748270034790039
0.13571703433990479
-0.5666184425354004
-0.2578624486923218
-0.25107645988464355
-0.546261191368103
0.08821606636047363
-0.18661093711853027
-0.06785845756530762
-0.37152528762817383
0.15946757793426514
0.09160900115966797
0.3053632974624634
0.06446552276611328
-0.16286039352416992
0.3494713306427002
0.24429070949554443
0.21375441551208496
-0.0848231315612793
-0.4767059087753296
0.45295560359954834
-0.3443819284439087
-0.4139368534088135
-0.030536293983459473
-0.4054546356201172
-0.2069685459136963
-0.11196660995483398
0.373221755027771
-0.5377786159515381
-1.041628122329712
-0.4868849515914917
0.09160912036895752
0.2137542963027954
0.3053632974624634
0.20018267631530762
-0.15268170833587646
-0.13910996913909912
-0.7362648248672485
0.18661093711853027
0.0
0.281612753868103
0.7023355960845947
-0.3867936134338379
0.8584102392196655
-0.1560746431350708
-0.037322163581848145
0.25446951389312744
0.41732990741729736
-0.2307189702987671
0.07464444637298584
-0.2273261547088623
0.15777099132537842
-0.13571703433990479
-0.5072423219680786
-0.06785845756530762
-0.061072707176208496
-1.092522144317627
-0.08821606636047363
-0.6310842037200928
0.04071509838104248
0.20187890529632568
-0.2917916774749756
0.22393298149108887
-0.3240244388580322
0.06785857677459717
0.08143031597137451
-0.37661468982696533
0.2646481990814209
0.4207228422164917
-0.1730392575263977
-0.2833094596862793
0.28839850425720215
-0.20696842670440674
-0.1323239803314209
-0.6887639760971069
-0.7260861396789551
-0.5700114965438843
-0.4088475704193115
-0.505545973777771
-0.40375828742980957
-0.5157247185707092
-0.3053632974624634
-0.327417254447937
0.061072707176208496
-0.08143019676208496
0.383400559425354
-0.495367169380188
0.061072587966918945
0.10178768634796143
-0.30197036266326904
-0.38000762462615967
0.36982882022857666
-0.13232409954071045
-0.18321800231933594
0.31554198265075684
-0.6327806711196899
-0.347774863243103
-0.14928877353668213
-0.4580448865890503
-0.02375054359436035
0.15946745872497559
-0.05089390277862549
-0.663317084312439
-0.08143031597137451
-0.1900038719177246
-0.7464437484741211
0.7854623794555664
-0.5242069959640503
-0.2985774278640747
-0.2137542963027954
0.5632257461547852
-0.38000762462615967
0.5564398765563965
-0.4325981140136719
-0.33929264545440674
0.15268170833587646
-0.5530468821525574
-0.3426854610443115
-0.13910996913909912
-0.18321800231933594
-0.32063138484954834
-0.03392922878265381
-0.6650134325027466
0.15946751832962036
-0.19339680671691895
-0.33759641647338867
0.3613468408584595
-0.0950019359588623
0.4173297882080078
0.3291137218475342
0.22054016590118408
-0.4987601637840271
0.44786620140075684
-0.41393691301345825
-1.0670751333236694
-0.8651959896087646
-1.1162725687026978
-0.9805554151535034
-0.21714723110198975
0.05767977237701416
0.17643225193023682
0.2578623294830322
-0.26804113388061523
-0.07803738117218018
0.037322163581848145
0.08143007755279541
0.20018267631530762
0.13910984992980957
0.03392922878265381
-0.24089765548706055
0.0237504243850708
-0.11535942554473877
0.06446564197540283
-0.4444732666015625
0.1798250675201416
0.1798250675201416
0.2171471118927002
-0.11875247955322266
-0.05428671836853027
-0.4750096797943115
-0.10857367515563965
0.027143359184265137
-0.1458958387374878
0.013571739196777344
0.1289311647415161
0.05089390277862549
-0.1289311647415161
-0.8075165748596191
0.1289311647415161
0.03392922878265381
0.3358997106552124
0.22393298149108887
-0.05089390277862549
0.39697229862213135
-0.030536353588104248
-0.020357489585876465
-0.2850055694580078
-0.7023357152938843
-0.5869762301445007
0.3155421018600464
0.07803726196289062
0.2578623294830322
-0.3477747440338135
-0.23750483989715576
0.7091217041015625
-0.09839487075805664
-0.5055457949638367
0.2035754919052124
-0.5496538877487183
0.25107651948928833
0.24429059028625488
0.5886726379394531
-0.08821606636047363
0.21714723110198975
0.42072272300720215
0.23750483989715576
-0.07464432716369629
-0.9941275119781494
-0.3800077438354492
0.7447470426559448
0.33929264545440674
-0.08821606636047363
-0.3545607328414917
-0.2307189702987671
-0.1798250675201416
-0.06446564197540283
0.2137542963027954
-0.8855534791946411
-0.7108180522918701
-0.003392934799194336
-0.3613467216491699
-0.3460785150527954
-0.26464831829071045
0.33420324325561523
0.13910996913909912
-0.6819779872894287
-0.18661105632781982
-0.48518848419189453
-0.40715110301971436
0.061072707176208496
0.23750483989715576
-0.03392922878265381
-0.17643213272094727
0.29857760667800903
-0.30536341667175293
-0.6887638568878174
-0.1458958387374878
0.13910984992980957
-0.006785750389099121
0.027143359184265137
0.3901864290237427
-0.5564398765563965
-0.5462610721588135
-0.044108033180236816
0.3002740144729614
-0.3664360046386719
-0.013571858406066895
-0.1085735559463501
-0.26804113388061523
0.21036148071289062
-0.6039408445358276
-0.35625720024108887
-0.7159072160720825
-0.3189350366592407
1.0026096105575562
-0.0712515115737915
0.010178804397583008
0.2493799924850464
0.04071509838104248
-0.17643213272094727
0.27482688426971436
0.10178768634796143
-0.3800077438354492
0.34947144985198975
0.43429434299468994
0.27821993827819824
0.05089390277862549
-0.003392934799194336
0.2307189702987671
-0.20696866512298584
-0.5326893925666809
0.12553834915161133
-0.027143359184265137
0.11196649074554443
0.03392922878265381
-0.342685341835022
0.25107645988464355
-0.7040321826934814
0.30197036266326904
0.33759593963623047
-0.061072707176208496
-0.006785869598388672
-0.2578623294830322
-0.6955497860908508
0.07125139236450195
0.4784024953842163
0.2307189702987671
0.07464432716369629
-0.520814061164856
-0.0950019359588623
-0.24429070949554443
0.003392934799194336
-0.3223279118537903
0.3291137218475342
-0.29518449306488037
-0.45804500579833984
-0.5326892137527466
-0.19000375270843506
-0.04071497917175293
-0.2612553834915161
-0.05767977237701416
-0.5292965173721313
-0.5276000499725342
-1.0602893829345703
0.044108033180236816
0.3901865482330322
-0.3087562322616577
0.08143007755279541
0.281612753868103
-0.013571500778198242
-1.635390281677246
-0.5683150291442871
-0.43090152740478516
0.24768352508544922
0.03901863098144531
-0.891491174697876
0.23750483989715576
0.5971548557281494
-0.6599240303039551
-0.006785869598388672
-0.41054415702819824
0.20018267631530762
0.1560746431350708
0.14250290393829346
0.6107267141342163
-0.35286426544189453
-0.17643213272094727
0.01696479320526123
-0.5869762897491455
0.020357608795166016
-0.6785850524902344
-0.03901863098144531
-0.11535948514938354
-0.21714723110198975
-0.07464444637298584
-0.2850058078765869
-0.4936707019805908
0.01696467399597168
0.12214541435241699
-0.23750483989715576
-0.2307189702987671
-0.0950019359588623
0.17303919792175293
0.07803726196289062
-0.15946757793426514
-0.05089390277862549
-0.31554198265075684
-0.27143394947052
0.8618032932281494
-0.12723469734191895
-0.7566224932670593
0.0237504243850708
-0.32911384105682373
-0.4275085926055908
-0.4071509838104248
-0.36982882022857666
-0.2578623294830322
0.5089389085769653
-0.4614378809928894
-0.030536293983459473
-0.1289311647415161
-0.22732603549957275
0.037322163581848145
-0.2527729272842407
-0.5666185617446899
0.07464444637298584
-0.21036136150360107
0.09839487075805664
0.3834006190299988
0.21036124229431152
0.2510765790939331
0.08482301235198975
-0.21375441551208496
0.13571703433990479
0.2578623294830322
-0.45804500579833984
-0.2883986234664917
0.27821993827819824
0.495367169380188
0.027143478393554688
-0.3121490478515625
-0.5767973065376282
-0.2239331603050232
0.10518074035644531
-0.42241930961608887
0.5649223327636719
-0.37322187423706055
-0.3155421018600464
-0.37322187423706055
0.47670602798461914
-0.5225105285644531
0.2069685459136963
-0.12553811073303223
0.29857754707336426
-0.5123318433761597
0.732871949672699
0.01696455478668213
-0.020357489585876465
-0.6785850524902344
0.46143782138824463
0.6175124645233154
0.16964638233184814
0.07125139236450195
-0.3325067162513733
-0.24768364429473877
-0.2917916774749756
-0.22393298149108887
-0.11875241994857788
-1.0925220251083374
0.06785845756530762
0.7125142812728882
-0.812605619430542
-0.22393310070037842
0.39697229862213135
-0.8041232824325562
-0.2273259162902832
-0.35456085205078125
0.26125526428222656
-0.1696462631225586
0.037322282791137695
0.12214529514312744
-0.413936972618103
-0.4885812997817993
-0.9517157077789307
-0.7803728580474854
-0.05767965316772461
0.1187523603439331
0.23411178588867188
0.2035754919052124
-0.695549726486206
-0.19678962230682373
0.3121492862701416
0.4750094413757324
0.020357608795166016
0.8567137718200684
0.2816128730773926
-0.11535954475402832
-0.18321800231933594
-0.4478663206100464
0.27143406867980957
-0.0950019359588623
-0.0950019359588623
-0.9466261863708496
0.15777099132537842
-0.08651959896087646
0.3155421018600464
0.17643213272094727
0.0848231315612793
-0.1289311647415161
-0.0848231315612793
-0.2850058078765869
0.42411571741104126
-0.5326893329620361
-0.21036148071289062
0.6073336601257324
0.10518062114715576
-0.0848231315612793
-0.36982882022857666
-0.3223278522491455
-0.5089390277862549
0.2273259162902832
-0.2680412530899048
0.15268158912658691
0.21375417709350586
-0.5530468225479126
-0.003392934799194336
0.2510765790939331
-0.044108033180236816
0.3189350366592407
0.2069683074951172
-0.8007304668426514
-0.39697229862213135
-0.4309016466140747
0.13910984992980957
0.22054016590118408
-0.3426854610443115
0.01696479320526123
0.12893104553222656
0.06785857677459717
0.05767977237701416
-0.003392934799194336
-0.19678974151611328
-0.2951846122741699
-0.29179155826568604
0.0
0.13571703433990479
-0.46143782138824463
0.3494713306427002
0.1662534475326538
0.006785988807678223
0.003392815589904785
0.010178804397583008
-0.0475008487701416
-0.013571739196777344
0.11535942554473877
0.12893104553222656
-0.22732603549957275
-0.17303919792175293
0.010178804397583008
-0.5649223327636719
-0.20018267631530762
-0.21036136150360107
0.1798250675201416
0.352864146232605
-0.39357924461364746
-1.1603806018829346
-0.061072587966918945
-0.04071497917175293
0.8109093904495239
0.1425027847290039
-0.46652722358703613
-0.13402056694030762
0.2816128730773926
-0.6701028347015381
-0.061072587966918945
0.38340067863464355
-0.2408977746963501
-0.2273261547088623
-0.2137542963027954
-0.027143359184265137
-0.09839487075805664
-0.1560746431350708
1.0314494371414185
1.0568962097167969
-0.352864146232605
0.2375047206878662
-0.7176039218902588
0.8007305860519409
-0.05767965316772461
-0.1085735559463501
0.037322163581848145
-0.6446558237075806
0.12553822994232178
-0.1696462631225586
-0.17643213272094727
0.020357608795166016
-0.597154974937439
-0.19000381231307983
-0.14928877353668213
-0.08821606636047363
0.06446564197540283
-0.8601067066192627
0.13910996913909912
-0.45804500579833984
0.3494713306427002
0.10857367515563965
-0.0475010871887207
-0.9992166757583618
-0.3019704818725586
0.01696455478668213
-0.42750853300094604
-0.36304306983947754
-0.5767973065376282
-0.2510765790939331
0.1933966875076294
-0.6344770193099976
-0.38340067863464355
-0.485188364982605
-0.2307189702987671
-0.3223280906677246
-0.06446552276611328
-0.5191177129745483
-0.48179543018341064
0.26804113388061523
0.003392934799194336
-0.13910996913909912
0.2816128730773926
-0.17982500791549683
-0.2782198190689087
0.006785988807678223
0.3698287010192871
-0.43090152740478516
0.06446552276611328
0.3630431890487671
0.22393310070037842
0.05767965316772461
0.09160900115966797
-0.04241156578063965
0.33759617805480957
-0.07464444637298584
-0.23750483989715576
-0.17643213272094727
-0.003392934799194336
-0.663317084312439
-0.22393310070037842
-0.0475010871887207
0.39357924461364746
-0.20696842670440674
-0.07464432716369629
-0.12553811073303223
0.2917916774749756
0.1187523603439331
0.13232409954071045
0.33250677585601807
-0.2307189702987671
0.054286837577819824
0.006785869598388672
-0.14928877353668213
0.576797366142273
-0.07464432716369629
0.1798250675201416
0.16794967651367188
-0.5496538877487183
0.13232409954071045
-0.4105440378189087
-0.38340067863464355
0.027143478393554688
0.7600153684616089
-0.4461698532104492
0.03392934799194336
-1.061985731124878
-0.3019704818725586
-0.013571739196777344
-0.33589959144592285
-0.06785845756530762
-0.6124231815338135
-0.4207228422164917
-0.29179155826568604
-0.3223278522491455
-0.15946745872497559
0.13402056694030762
0.6684063673019409
-0.6242982745170593
-0.08143019676208496
-0.1458958387374878
-0.5784939527511597
0.8770713806152344
-0.38679349422454834
-0.475009560585022
0.10178780555725098
-0.15268170833587646
-0.7226932048797607
-0.296880841255188
0.15946757793426514
0.14928865432739258
-0.525903582572937
0.006785869598388672
-0.3189350366592407
-0.3291137218475342
-0.24429064989089966
-0.13910984992980957
0.22732603549957275
-0.21375441551208496
0.2985774278640747
-0.18661093711853027
-1.7507497072219849
-0.3104526996612549
-0.15268170833587646
-0.1984860897064209
0.37322187423706055
0.015268087387084961
-0.4682237505912781
-0.10518085956573486
-0.36982882022857666
-0.2951846122741699
-0.4241156578063965
-0.8448383808135986
0.33420300483703613
-0.0848231315612793
-0.19678962230682373
-0.4342944622039795
0.23411178588867188
-0.020357608795166016
-0.09839475154876709
-0.0475008487701416
0.1560746431350708
-0.14250290393829346
0.4410804510116577
0.12553822994232178
-0.40036511421203613
0.05089390277862549
-0.7668012380599976
0.2578623294830322
-0.13232409954071045
0.0848231315612793
-0.1798250675201416
-0.23411190509796143
-0.8889467716217041
-0.09160888195037842
0.03392922878265381
-0.4716167449951172
0.01696467399597168
-0.17643213272094727
0.05767977237701416
0.44108039140701294
0.020357608795166016
0.29857754707336426
0.18321800231933594
-0.46483099460601807
-0.03392934799194336
0.16964638233184814
0.32572078704833984
0.5835831165313721
0.34607863426208496
-0.22054016590118408
-0.12553834915161133
-0.10178780555725098
0.39357948303222656
0.13571703433990479
0.054286837577819824
-0.08821606636047363
-0.07125139236450195
-0.3698289394378662
-0.19339680671691895
-0.2850055694580078
0.32232797145843506
0.37661468982696533
0.31214916706085205
-0.15946745872497559
-0.5292963981628418
0.12214529514312744
0.38000762462615967
0.08821606636047363
-0.030536293983459473
-0.13910984992980957
-1.0043061971664429
-0.003392934799194336
-0.485188364982605
-0.47840261459350586
-0.3257209062576294
-0.3087562918663025
0.16286027431488037
0.1933966875076294
0.1458958387374878
-0.3494713306427002
-0.9568052291870117
-0.0712515115737915
0.46991991996765137
-0.1662534475326538
-0.20018267631530762
-0.3121492862701416
0.2069685459136963
-0.01696455478668213
-0.22393298149108887
0.08143007755279541
-0.32232797145843506
-0.21375417709350586
-0.29857754707336426
-0.054286837577819824
-0.5360822677612305
0.1085735559463501
-0.32572078704833984
-0.48858141899108887
0.5734044313430786
-0.1900038719177246
-0.03392922878265381
-0.11875247955322266
-0.09839487075805664
0.08482301235198975
0.2544693946838379
-0.3528643846511841
0.4376875162124634
-0.22393310070037842
0.10178768634796143
0.08821606636047363
-0.3240244388580322
-0.2748270034790039
-0.044108033180236816
-0.2748270034790039
-0.8092129230499268
-0.1425027847290039
0.14928865432739258
0.027143359184265137
0.0
-0.07803738117218018
0.29179155826568604
0.4342944622039795
-0.22054016590118408
0.04750096797943115
0.7786762714385986
-0.5225105285644531
-0.23411190509796143
-0.09160912036895752
0.1085735559463501
0.006785750389099121
-0.08143019676208496
-0.14928877353668213
-0.09160900115966797
0.16286039352416992
0.40375816822052
0.003392934799194336
-0.0712515115737915
0.3901865482330322
-0.0848231315612793
-0.22054016590118408
0.05428671836853027
-0.5971549153327942
-0.5089389085769653
0.695549726486206
0.663317084312439
0.2578623294830322
-1.3181517124176025
0.24429082870483398
-0.7752833366394043
-0.3664360046386719
-0.013571739196777344
0.0475008487701416
-0.24089765548706055
-0.5801901817321777
0.3596501350402832
0.15607452392578125
0.32572078704833984
-0.8109091520309448
0.34947139024734497
-0.16625332832336426
-0.22393310070037842
0.1560746431350708
0.1425027847290039
1.1417194604873657
-0.10178768634796143
-1.051807165145874
-0.054286837577819824
0.3087562322616577
0.3494713306427002
-0.3596503734588623
-0.4648308753967285
0.5055460333824158
0.35286426544189453
0.10518074035644531
-0.41732990741729736
-0.20018267631530762
-0.5276000499725342
-0.14250290393829346
-0.11875224113464355
-0.1289311647415161
0.2205401062965393
0.013571977615356445
-0.485188364982605
-0.0848231315612793
-0.3664358854293823
-0.35456085205078125
-0.281612753868103
-0.485188364982605
-0.01696455478668213
-0.812605619430542
-0.13571703433990479
-0.731175422668457
-0.25107645988464355
-0.10178780555725098
0.2137542963027954
-0.3257209062576294
0.41054391860961914
-0.1832178831100464
-0.475009560585022
-0.7956411838531494
-0.475009560585022
0.3664358854293823
-0.022053956985473633
0.19339680671691895
0.5038493871688843
0.037322163581848145
0.037322163581848145
-0.7464437484741211
0.006785869598388672
-0.2985774278640747
0.24429059028625488
-0.14928865432739258
0.2731304168701172
-0.6395664215087891
-0.3240243196487427
0.0
0.037322163581848145
-0.24429059028625488
0.29518449306488037
0.20018267631530762
-0.1900038719177246
-0.32232797145843506
-0.5479573011398315
0.23750483989715576
-0.10178780555725098
-0.4817953109741211
0.6107268333435059
0.4139368534088135
0.43090152740478516
-0.6887638568878174
-0.39697229862213135
-0.4359908103942871
-0.6039407253265381
0.2917916774749756
-0.5598326921463013
-0.3901864290237427
0.3698289394378662
0.18321800231933594
-0.5886726379394531
-1.206185221672058
-0.22393310070037842
0.028839826583862305
-0.8363561630249023
0.4817955493927002
-0.6039407253265381
0.15268170833587646
0.061072707176208496
0.40375816822052
-0.49197423458099365