-0.09669828414916992
-0.15268158912658691
-0.36304306983947754
-0.30197036266326904
-0.12214541435241699
-0.2578623294830322
0.14928877353668213
-1.0823434591293335
-0.3477747440338135
0.04071509838104248
0.0848231315612793
0.597154974937439
-0.43938398361206055
-1.3843135833740234
-0.01696467399597168
0.2816128730773926
0.13571703433990479
0.3698289394378662
-0.32572078704833984
-0.006785750389099121
-0.2883986234664917
0.10518074035644531
-0.5174212455749512
0.13232409954071045
-0.5920654535293579
0.5615291595458984
0.6582274436950684
0.27821993827819824
-1.119665503501892
-0.3223280906677246
-0.013571739196777344
-0.46822381019592285
0.0
-0.23750483989715576
-0.22223663330078125
-1.379224181175232
0.0712515115737915
-0.5021529793739319
-0.34607839584350586
-0.38679349422454834
0.33420324325561523
-0.1662534475326538
-0.40375816822052
-1.0857362747192383
-0.9941273927688599
-0.7091214656829834
0.2917916774749756
-0.3409891128540039
1.1756486892700195
0.05089390277862549
-0.1408066749572754
0.01696467399597168
0.1458958387374878
0.22732603549957275
0.30536365509033203
-0.3426856994628906
0.5564398765563965
-0.030536174774169922
0.1984860897064209
-0.1798250675201416
-0.18661105632781982
0.19678974151611328
0.3291139602661133
0.22393310070037842
-0.40715110301971436
-0.3325068950653076
-0.7888550758361816
0.7430508732795715
0.261255145072937
-0.797337532043457
-0.5886727571487427
0.0
0.23071885108947754
-0.2307189702987671
-0.8448385000228882
0.2578624486923218
-1.209578037261963
-0.04750096797943115
0.25107645988464355
0.5767972469329834
-0.6327806711196899
-0.5394749641418457
-0.32741737365722656
-0.04750096797943115
0.030536293983459473
-0.22393310070037842
1.1264512538909912
0.2578624486923218
-0.35456085205078125
0.01696455478668213
-0.29518449306488037
-0.33250677585601807
0.7973376512527466
0.06446564197540283
-0.07803726196289062
-0.09500205516815186
-0.6429595947265625
-0.5140283107757568
0.07803726196289062
-0.35625720024108887
-1.2672576904296875
0.7159072756767273
-0.41054391860961914
-1.011091947555542
0.06785857677459717
-0.11535954475402832
0.1374133825302124
-0.15607452392578125
-0.4427769184112549
-0.9703768491744995
0.5462610721588135
0.17643201351165771
0.013571739196777344
0.7735872268676758
-0.2951847314834595
-0.20696842670440674
-0.4071509838104248
-0.15946722030639648
-0.15437805652618408
-0.7040321826934814
-0.3698289394378662
-0.5089387893676758
-0.45465195178985596
0.1696462631225586
-0.261255145072937
0.4003651738166809
0.08143019676208496
-0.9466261863708496
-0.13910996913909912
-0.5072424411773682
-0.15437817573547363
-0.19678974151611328
-0.23411190509796143
-0.6463525295257568
-0.37322187423706055
-0.40715110301971436
-1.0314494371414185
0.24089765548706055
0.704032301902771
-0.02375054359436035
-0.1408064365386963
-0.21714723110198975
-0.4088475704193115
0.0237504243850708
-0.6022443771362305
0.34947144985198975
-0.6989427208900452
-0.4275085926055908
0.32572078704833984
-0.8685890436172485
-0.6887640953063965
0.28839874267578125
-0.15777087211608887
-0.3850971460342407
-0.15268170833587646
-0.4478660821914673
0.39697229862213135
-0.23411178588867188
0.413936972618103
-0.16625332832336426
0.32232797145843506
0.2816126346588135
-0.1458958387374878
-1.067075252532959
0.04750096797943115
0.14250290393829346
-0.19339680671691895
-0.19000375270843506
0.1696462631225586
0.2917916178703308
0.1408064365386963
0.7498364448547363
-0.2782198190689087
0.044108033180236816
0.24429059028625488
-0.9975200891494751
-0.782069206237793
-0.7209968566894531
-0.142503023147583
-0.4716167449951172
-0.19678974151611328
-0.3036668300628662
-0.16625332832336426
-0.3867936134338379
-0.07125139236450195
0.5801904201507568
-0.42241930961608887
-0.12214541435241699
0.01696479320526123
-0.8957325220108032
0.1560746431350708
0.5123316049575806
0.04071509838104248
-0.5055457353591919
-0.15946745872497559
0.2748270034790039
0.22393310070037842
-0.8329629898071289
-1.5709247589111328
-0.9432333707809448
0.1696462631225586
0.1662534475326538
-0.8295701742172241
-0.4563486576080322
-0.6310843229293823
0.14928865432739258
-1.3266340494155884
-0.09839475154876709
0.1187523603439331
-0.6310842037200928
0.011875271797180176
-0.5326893329620361
-1.2384178638458252
0.1560746431350708
-0.3409891128540039
-0.6175124645233154
0.27821993827819824
-0.4750094413757324
0.05767965316772461
-0.685370922088623
-0.0848231315612793
-0.4563485383987427
-0.1289311647415161
-1.1569875478744507
-1.0009130239486694
0.41732990741729736
0.23411202430725098
-0.2035757303237915
0.3426854610443115
-0.010178804397583008
-1.3113657236099243
-0.5292963981628418
-0.4376872777938843
-0.33250677585601807
-0.3206312656402588
-0.5564397573471069
-0.6497451066970825
-0.16286039352416992
0.1798250675201416
-0.14419949054718018
-0.4580451250076294
-0.15946745872497559
-1.194309949874878
0.24429059028625488
-0.2069685459136963
-0.2307189702987671
-0.08143019676208496
-0.8159985542297363
-0.22054028511047363
-0.4478660821914673
-0.5869761109352112
-0.5818867683410645
-0.3291137218475342
-0.4241156578063965
-0.01696467399597168
-0.8007304668426514
0.037322163581848145
0.09160888195037842
-0.30536341667175293
0.0712515115737915
-0.9924306869506836
-0.4444732666015625
0.13232409954071045
-0.563225507736206
-0.09160900115966797
-0.13232409954071045
-0.020357608795166016
-0.31214916706085205
-0.9686801433563232
-0.5292963981628418
-1.10948646068573
0.7498365640640259
-0.5954585075378418
-0.12214529514312744
0.006785869598388672
-0.27991628646850586
0.2544693946838379
-0.9059110879898071
0.32232797145843506
-0.12214529514312744
-0.9466261863708496
0.1289311647415161
-0.10857349634170532
0.013571619987487793
-0.27143406867980957
-0.13062763214111328
-0.37491822242736816
0.7600152492523193
-0.3477749824523926
0.15268158912658691
0.05089390277862549
0.24938011169433594
0.12553822994232178
0.4512592554092407
-0.4478660821914673
0.3867935538291931
0.1085735559463501
-0.651441752910614
0.32741737365722656
-0.19509339332580566
0.36134660243988037
-0.054286837577819824
-0.607333779335022
0.15607452392578125
-0.10857343673706055
0.19339680671691895
0.17982500791549683
0.19678962230682373
0.07464444637298584
-0.97037672996521
0.1289311647415161
0.23411202430725098
-0.28161269426345825
-1.0433248281478882
-0.4275088310241699
-0.10518074035644531
0.1662534475326538
-0.027143359184265137
-0.7939445972442627
0.5191174745559692
-0.6599240303039551
0.43429458141326904
-0.3291137218475342
-0.22054016590118408
-0.1798250675201416
-0.16286039352416992
-0.6480487585067749
-0.21036124229431152
0.7328717708587646
0.3358996510505676
0.0
0.04750096797943115
-0.2985774278640747
-0.5513503551483154
-0.054286837577819824
0.11196660995483398
-0.10518074035644531
-0.429205060005188
-0.9568048715591431
-0.7447472810745239
-0.3664361238479614
0.1900038719177246
-0.1458958387374878
-0.06276905536651611
0.30197036266326904
0.06446564197540283
0.5445644855499268
-0.07125139236450195
-0.9975202083587646
0.07464426755905151
-0.7684975862503052
-0.36304301023483276
0.17303919792175293
0.06446552276611328
0.04750096797943115
0.12214529514312744
-0.9669839143753052
-0.8041232824325562
-0.6310842037200928
-0.5649220943450928
-0.21036148071289062
-0.49197423458099365
-0.06785857677459717
-0.2459869384765625
0.39188289642333984
-0.020357608795166016
-0.5072424411773682
-0.5462610721588135
0.3817042112350464
-0.33759617805480957
-0.8075160980224609
-0.2069685459136963
0.06446564197540283
-0.6141194105148315
0.24089765548706055
-0.43090152740478516
-0.061072587966918945
0.20018267631530762
0.8567136526107788
0.07464432716369629
-0.9534121751785278
0.0
0.5275999307632446
-0.37831127643585205
-0.08651959896087646
-0.7074248790740967
-0.1832178831100464
-0.3460782766342163
-0.3070598840713501
0.342685341835022
-0.2917916774749756
-0.48179543018341064
-0.29518449306488037
0.32572078704833984
-0.960197925567627
0.33250677585601807
-0.7091214656829834
-0.7684977054595947
-0.22732603549957275
-0.0950019359588623
-0.11875259876251221
0.08821618556976318
-0.19848644733428955
-0.06107282638549805
-0.16625356674194336
0.26804113388061523
-0.07125139236450195
-0.09839475154876709
0.022053956985473633
0.5649222135543823
0.33589959144592285
-0.8974288702011108
-0.013571739196777344
0.027143359184265137
0.6293877363204956
0.30536341667175293
0.01696467399597168
0.2307189702987671
0.013571739196777344
-0.02375054359436035
-0.13910984992980957
0.4529554843902588
-1.1756490468978882
0.13571703433990479
-0.3392925262451172
-0.413936972618103
-0.24768364429473877
-0.67179936170578
-0.28839874267578125
0.2646482586860657
0.3664358854293823
0.1289311647415161
-0.1747356653213501
0.006785869598388672
-0.15946745872497559
0.24768352508544922
-0.3664358854293823
-0.11875247955322266
-0.39697229862213135
-0.3952758312225342
-0.7600153684616089
-0.29518449306488037
-0.9059112071990967
-0.4325981140136719
0.5598328113555908
0.12214529514312744
0.5123319625854492
-0.13910996913909912
-0.3325066566467285
-0.7226932048797607
-0.5751007795333862
0.2748270034790039
-0.40036511421203613
-1.0704680681228638
-0.459741473197937
0.22054016590118408
-0.21036148071289062
-0.45125913619995117
-0.6480488777160645
-1.109486699104309
-0.10687708854675293
0.1933966875076294
0.3596501350402832
0.1085735559463501
0.15946745872497559
0.8143021464347839
0.142503023147583
-1.0433247089385986
0.09160888195037842
-0.03392922878265381
0.12723445892333984
-0.3121490478515625
0.1662532091140747
-0.28839874267578125
0.006785869598388672
-0.013571619987487793
0.5700114965438843
-1.1315407752990723
-0.24768352508544922
0.04750096797943115
0.19000399112701416
-0.7311755418777466
-0.7277826070785522
0.05937623977661133
0.7498364448547363
-0.20357561111450195
-0.9177864789962769
0.08143019676208496
-0.2171471118927002
-0.7176038026809692
-0.17303919792175293
-0.642959475517273
-0.6310842037200928
-0.7379612922668457
-0.061072587966918945
-1.4911906719207764
0.05089390277862549
0.11027026176452637
-0.5275998115539551
-0.4885812997817993
-0.4631342887878418
0.45804500579833984
-0.2917916774749756
-0.35116779804229736
-0.195093035697937
-0.05937612056732178
0.3884899616241455
-0.3969724178314209
-0.5326893329620361
0.020357608795166016
-0.6141194105148315
0.0
0.46483075618743896
-0.09669828414916992
-0.3308103084564209
-0.5513503551483154
-0.31045281887054443
-0.06446552276611328
-0.5343859195709229
-0.03392922878265381
0.15946757793426514
-0.5275999307632446
0.0475010871887207
0.8651959896087646
-0.40375804901123047
-0.5004564523696899
-0.3647395372390747
0.2748270034790039
-0.41054415702819824
-0.5479575395584106
-0.2731304168701172
0.6141194105148315
-1.2485966682434082
-0.7091214656829834
0.04071521759033203
0.27143406867980957
-0.013571619987487793
-0.4275085926055908
0.36982882022857666
0.5632256269454956
-0.38340067863464355
-0.35965001583099365
0.003392815589904785
0.4241156578063965
-0.10518074035644531
0.02375054359436035
-0.4919741153717041
0.12214529514312744
-0.42750871181488037
-0.006785869598388672
0.08143019676208496
0.5394750833511353
-1.27743661403656
0.7345683574676514
-0.6005477905273438
-1.0009130239486694
-0.11535930633544922
0.4953671097755432
0.13571703433990479
-1.0195741653442383
-0.19339674711227417
0.061072587966918945
0.18661093711853027
-0.0848231315612793
0.32232797145843506
0.020357608795166016
-0.5055460929870605
-0.7735870480537415
0.1866108775138855
-0.3867936134338379
0.04750096797943115
0.027143359184265137
-0.475009560585022
-0.6904603242874146
-0.08651959896087646
-1.2876152992248535
-1.1196656227111816
0.5089387893676758
0.0848231315612793
0.030536293983459473
-0.83805251121521
-0.045804500579833984
0.33250677585601807
-0.2646481990814209
-0.3121491074562073
-0.006785988807678223
0.1289311647415161
-0.1034841537475586
-0.14589571952819824
-0.3308103084564209
-0.003392934799194336
-0.8210880756378174
0.24089765548706055
0.33081042766571045
-0.32572078704833984
-0.1289311647415161
-0.010178923606872559
-0.373221755027771
-0.34268540143966675
-0.5496540069580078
0.6480487585067749
-0.17643213272094727
-1.1756486892700195
-0.6412628889083862
-1.5369954109191895
0.003392934799194336
-0.6107267141342163
0.5208141803741455
-0.7634081840515137
-0.1458958387374878
0.44108033180236816
0.2714341878890991
0.054286837577819824
-0.47161662578582764
0.18321800231933594
-0.010178685188293457
-0.47840261459350586
0.3800075650215149
0.11535948514938354
-0.16964638233184814
-0.35625720024108887
-0.3087562322616577
-0.23411178588867188
-1.5251201391220093
-0.11535954475402832
0.3630431890487671
-0.40715110301971436
-0.027143359184265137
0.7956410646438599
0.13911008834838867
-0.38340067863464355
0.061072707176208496
0.054286837577819824
-0.19000375270843506
0.17303919792175293
0.0237504243850708
-0.8736783266067505
-1.1960062980651855
-0.15946751832962036
-0.16286039352416992
0.061072707176208496
-0.5394752025604248
-0.6633168458938599
-0.01696467399597168
-0.21375417709350586
-0.27482688426971436
0.40375804901123047
0.2578623294830322
0.6259948015213013
-0.7701942920684814
0.3426854610443115
0.25107645988464355
-0.1849144697189331
-0.16286039352416992
-0.6972461938858032
-0.013571739196777344
0.17303931713104248
-0.4071509838104248
0.12214529514312744
-0.6887639760971069
0.14928877353668213
-0.2578623294830322
-0.19678974151611328
-0.2069685459136963
0.4512590765953064
-0.066162109375
-0.013571739196777344
0.2951846122741699
-0.16286039352416992
-0.22054016590118408
-0.07125139236450195
-0.9585014581680298
0.22562944889068604
-0.19339680671691895
-0.2629518508911133
-0.4105437994003296
-1.0942187309265137
0.6514416933059692
-0.2239331603050232
-0.37322187423706055
-0.658227801322937
0.8719818592071533
0.15268170833587646
-0.09839475154876709
0.2578624486923218
0.1900038719177246
-0.4682236909866333
-0.2680410146713257
-0.4682236909866333
0.7193002700805664
0.006785869598388672
0.23071908950805664
0.5021529197692871
-0.6751918792724609
-0.8176952600479126
0.24768352508544922
1.1688629388809204
-0.28500568866729736
-0.3698289394378662
0.24429070949554443
-0.22393310070037842
0.5801901817321777
-0.4648309350013733
-0.6785851716995239
0.33929264545440674
-0.0848231315612793
-0.061072587966918945
-1.3368127346038818
0.11875224113464355
-0.80751633644104
0.3664358854293823
-0.07803726196289062
0.46313440799713135
-0.4648308753967285
-0.2748270034790039
-0.8838571310043335
-0.4139368534088135
-1.0043059587478638
0.21036142110824585
-0.005089402198791504
-0.07464432716369629
-0.14080655574798584
0.519117534160614
-0.06785845756530762
0.475009560585022
-1.8593231439590454
0.11196649074554443
-0.8193914890289307
-0.17303919792175293
0.044108033180236816
0.0712515115737915
-0.15777099132537842
-0.33081018924713135
0.5292962789535522
0.5598329305648804
0.1425027847290039
-1.034842610359192
-0.5445644855499268
0.05089384317398071
0.03392934799194336
-0.15607458353042603
-0.003392934799194336
-0.2883986830711365
0.24768352508544922
0.8261774778366089
0.14928865432739258
-0.3664358854293823
0.2985774278640747
0.15946751832962036
-0.37661468982696533
0.24768364429473877
-0.4580451250076294
-0.6192090511322021
0.45125913619995117
0.3189350366592407
-0.7990341186523438
-0.006785750389099121
-0.2680410146713257
-0.1289311647415161
0.09330523014068604
0.23750483989715576
0.2850058078765869
-0.4733130931854248
-0.6972460746765137
0.12214541435241699
-0.32911384105682373
-0.19000381231307983
0.09160912036895752
0.6259946823120117
-0.35625720024108887
-0.020357489585876465
0.09160900115966797
0.020357489585876465
0.3715251684188843
-0.5971548557281494
0.006785869598388672
-0.5530469417572021
-0.751533031463623
-0.4631342887878418
-0.30536317825317383
-0.16286039352416992
-0.20696866512298584
0.5004565715789795
-0.4444732666015625
-0.46313440799713135
0.1458958387374878
-0.45804500579833984
0.10178792476654053
-0.44786620140075684
-0.003392934799194336
0.8651961088180542
-0.04241156578063965
-0.363042950630188
-0.20357537269592285
0.23071908950805664
0.2137542963027954
-1.285918951034546
0.5377784967422485
0.21714723110198975
-0.8159984350204468
0.5292964577674866
0.924572229385376
-0.6701030731201172
-0.1425027847290039
0.6853711605072021
-0.09160900115966797
0.2459871768951416
0.05428671836853027
0.22393298149108887
0.42920517921447754
-0.7905517816543579
0.2544693946838379
0.04071509838104248
0.3325066566467285
-0.495367169380188
0.33420324325561523
0.21205782890319824
-0.8227845430374146
-0.6005476713180542
0.22732603549957275
-0.42411577701568604
0.33250659704208374
-0.25786256790161133
-0.2629518508911133
0.30536341667175293
-0.2816128730773926
0.3240243196487427
0.12214553356170654
-0.393579363822937
-0.30197036266326904
-0.13232409954071045
-0.4156334400177002
0.13232409954071045
-0.09839487075805664
0.1900038719177246
-0.04071509838104248
0.05767977237701416
-0.32911384105682373
-0.3460785150527954
0.35625720024108887
-0.0848231315612793
-0.4088475704193115
0.20866477489471436
1.828786849975586
-0.4987598657608032
-0.5683150291442871
-1.2910082340240479
0.12214529514312744
-0.6717993021011353
-0.13910996913909912
-0.685370922088623
0.10178792476654053
0.5530469417572021
0.17643213272094727
-0.21036136150360107
-0.9364476203918457
-0.32232797145843506
-0.4919741153717041
0.1798250675201416
-0.8584102392196655
0.3664360046386719
-0.12214541435241699
-0.4105440378189087
0.22054016590118408
0.13571703433990479
-0.3698289394378662
-0.38340091705322266
-0.13571709394454956
-0.09160900115966797
-0.7193002700805664
0.20357561111450195
0.10178768634796143
0.29009509086608887
-0.7193001508712769
-0.25107645988464355
-0.19170033931732178
-0.14250290393829346
-0.4003652334213257
-0.6751922369003296
0.05937623977661133
1.123058557510376
0.31893497705459595
0.15268158912658691
0.22732603549957275
-0.06785857677459717
0.14419925212860107
0.53608238697052
0.06446564197540283
-0.21036148071289062
0.027143359184265137
-0.2917916774749756
-0.48688507080078125
0.20018255710601807
-0.5225106477737427
-0.07125139236450195
-0.41563355922698975
-1.128147840499878
-0.42241930961608887
-0.04750096797943115
-0.7973376512527466
-0.39527595043182373
-0.03392922878265381
-0.2765235900878906
-1.0093955993652344
-0.10857367515563965
-0.13402056694030762
0.24429059028625488
0.013571679592132568
-0.08482325077056885
-0.4648308753967285
-0.08821606636047363
0.1289311647415161
-0.08482301235198975
-0.27821993827819824
-1.0551999807357788
-0.4750096797943115
-0.3087562322616577
-0.10518074035644531
-0.7718905210494995
0.10178768634796143
0.9975202083587646
-0.2850058078765869
-0.7006392478942871
-0.24429059028625488
-0.3969721794128418
-0.4919741153717041
-0.0848231315612793
-0.6938533782958984
0.3664358854293823
-0.2375047206878662
-0.5801903009414673
-0.3138456344604492
-1.109486699104309
0.1984860897064209
-0.08312678337097168
-0.2951846122741699
0.23071908950805664
0.22054016590118408
-0.07464432716369629
-0.11535954475402832
-0.22054016590118408
0.5292963981628418
-0.3460782766342163
-0.19848620891571045
0.003392815589904785
0.7159072160720825
0.3579535484313965
-0.9143935441970825
-0.27821993827819824
0.27821993827819824
0.16286051273345947
-0.05089402198791504
-0.07125139236450195
0.05089390277862549
0.5581363439559937
-0.06446564197540283
-0.3087562322616577
-0.07803726196289062
0.09160900115966797
0.05767989158630371
0.1832181215286255
-0.3189351558685303
-0.8092124462127686
-0.47840261459350586
0.34607839584350586
-0.47840237617492676
-0.030536532402038574
-0.2222367525100708
-0.597154974937439
-0.1662534475326538
-0.2035754919052124
-0.12553834915161133
-0.45804500579833984
-0.843142032623291
-0.695549726486206
-0.18661093711853027
0.2867022752761841
-0.4546520709991455
-0.4275085926055908
-1.6218184232711792
-0.0661618709564209
0.054286837577819824
-0.006785750389099121
-0.3562573194503784
-0.5259034633636475
-1.0348424911499023
-1.0246634483337402
0.4207228422164917
-0.4173297882080078
0.05767977237701416
0.2612553834915161
0.0780373215675354
-0.2035754919052124
-0.38000762462615967
-0.4529557228088379
0.3358997106552124
-0.030536293983459473
0.38340067863464355
-0.020357608795166016
-0.28839874267578125
0.21036148071289062
0.11196660995483398
0.4054546356201172
0.44108033180236816
-0.5547432899475098
-1.0806467533111572
0.2408977746963501
-0.06785857677459717
0.19678974151611328
0.006785750389099121
-0.6412630081176758
-0.49367082118988037
-0.1425027847290039
0.15268182754516602
-0.48179543018341064
-0.037322282791137695
-0.07464432716369629
0.04750096797943115
-0.5021530389785767
-0.6480486989021301
-0.16286051273345947
0.04071509838104248
-0.12553822994232178
-0.27143406867980957
-0.24429070949554443
-0.43090152740478516
-0.06446576118469238
0.1696462631225586
-1.7439638376235962
0.1798250675201416
0.08821606636047363
0.2951843738555908
0.12214529514312744
-0.19678950309753418
-0.5394753217697144
-0.17303919792175293
-0.6209053993225098
0.6717994213104248
0.3392925262451172
-0.32572102546691895
-0.2646481990814209
-0.22054028511047363
-0.003392934799194336
-0.2510765790939331
0.33250677585601807
-0.15946757793426514
-0.5835832357406616
-0.6124231815338135
0.020357608795166016
-0.05089390277862549
0.027143478393554688
0.6989428997039795
0.2137542963027954
0.10518074035644531
-0.10518074035644531
-0.13910984992980957
-1.0009130239486694
-0.44616973400115967
-0.2035754919052124
0.3019704818725586
-0.40036511421203613
-0.2951846122741699
-0.42072272300720215
-1.046717643737793
0.10518062114715576
0.247683584690094
-1.1586843729019165
0.05089390277862549
0.010178804397583008
0.2850058078765869
-0.5123317241668701
-0.19000375270843506
-0.18661093711853027
0.4512592554092407
0.6446558237075806
-0.38848984241485596
-0.980555534362793
0.4512592554092407
-0.43429458141326904
-0.12214529514312744
0.3460783362388611
0.7905517816543579
0.5106353759765625
-1.0501103401184082
-0.5326894521713257
-0.020357728004455566
-0.39697229862213135
-0.515724778175354
0.05089384317398071
0.05428671836853027
-0.4750096797943115
-0.0712515115737915
0.020357608795166016
-0.90421462059021
-0.3019704818725586
-0.22732603549957275
-0.4105440378189087
-0.4359910488128662
-0.5174210071563721
-0.35625720024108887
-0.525903582572937
0.003392934799194336
0.08651947975158691
0.14419913291931152
-0.5971550941467285
-0.4139368534088135
-0.22054016590118408
-0.14250290393829346
-0.01696467399597168
-0.04750090837478638
-0.3664358854293823
-0.586976170539856
-0.40206170082092285
1.0280563831329346
-0.5700116157531738
-0.5954585075378418
-0.3681323528289795
-1.1060938835144043
-0.6310843229293823
0.01696467399597168
0.28670215606689453
-0.4478660821914673
-0.7566225528717041
-0.42411553859710693
0.2816128134727478
0.2850058078765869
0.05598306655883789
-0.9126970767974854
-1.379224419593811
0.09839475154876709
-0.7464436292648315
-0.3257209062576294
0.4563485383987427
0.3901863098144531
0.3800077438354492
0.14250290393829346
-0.586976170539856
0.16286039352416992
-0.2171473503112793
0.1289311647415161
-0.15946757793426514
-0.6972463130950928
-0.09160900115966797
0.2035754919052124
0.006785869598388672
-0.13062763214111328
-0.044108033180236816
0.061072707176208496
-0.3766148090362549
-1.1586841344833374
0.05767965316772461
0.09839487075805664
-0.4342944622039795
-0.4342944622039795
0.04410815238952637
-0.1187523603439331
-0.844838559627533
0.33929258584976196
-0.4105440378189087
-0.44447314739227295
-0.14250290393829346
0.16794967651367188
-0.80751633644104
-0.8465348482131958
-0.6158162355422974
0.15268170833587646
-0.37831127643585205
0.27143406867980957
0.2273259162902832
-0.2680410146713257
-0.858410120010376
-0.3325067162513733
-0.4750096797943115
0.19848597049713135
-0.030536293983459473
-0.6378700733184814
-0.6361737251281738
-0.18661093711853027
-0.24768352508544922
-0.2544693946838379
0.05937623977661133
0.17303919792175293
0.08821606636047363
-0.08482325077056885
0.7023355960845947
0.1662534475326538
-0.2850058078765869
-0.2137542963027954
0.27482688426971436
-0.24089765548706055
-0.2510765790939331
-0.1933966875076294
-0.2850058078765869
-0.3189351558685303
0.11535942554473877
-0.10178768634796143
0.09160900115966797
0.08143019676208496
-0.49706363677978516
-0.6938532590866089
-0.5530468225479126
-0.8024270534515381
0.1560746431350708
0.4275085926055908
0.09160900115966797
-0.413936972618103
-0.10178768634796143
-0.7277827262878418
0.0
-0.06446576118469238
0.3087562322616577
0.013571739196777344
0.06446564197540283
-0.18321800231933594
-0.3698289394378662
-0.6158158779144287
-0.5852795839309692
0.2714341878890991
-0.8702855110168457
-0.5666186213493347
-1.5878894329071045
0.4207228422164917
-0.003392815589904785
-0.22054016590118408
0.3426854610443115
-0.4580450654029846
-1.3020350933074951
-0.13911008834838867
-0.393579363822937
0.0475010871887207
-0.24089765548706055
0.27821993827819824
-0.04750096797943115
-0.2561662197113037
-0.24768352508544922
-0.030536413192749023
-0.3969724178314209
-0.33929240703582764
-0.30875635147094727
-0.2137542963027954
-0.9177865982055664
-0.7939445972442627
-0.4275085926055908
0.24259424209594727
-0.4071509838104248
0.23750483989715576
-0.2578622102737427
-0.14250284433364868
0.02375054359436035
-0.2035754919052124
0.1798250675201416
-0.2578623294830322
-0.5734044313430786
-0.5581361055374146
-0.38509702682495117
0.2137542963027954
0.22732603549957275
-0.044108033180236816
0.10518074035644531
-0.8448383808135986
-0.26804119348526
0.6785851716995239
-1.6099433898925781
0.02375054359436035
-0.28839850425720215
-0.3426854610443115
-0.21714723110198975
-1.747356653213501
-0.01696455478668213
-1.0246634483337402
0.10178780555725098
0.19339680671691895
0.597154974937439
-0.0712515115737915
0.8176950216293335
-0.888946533203125
-0.32232773303985596
-1.2791330814361572
0.12214529514312744
0.8855535984039307
0.2883986234664917
-0.878767728805542
-0.5632257461547852
-0.2069685459136963
0.0848231315612793
-0.25446951389312744
-0.4750096797943115
-0.31723833084106445
-1.0263601541519165
0.2646481990814209
-1.033145785331726
-0.8397488594055176
-1.0602893829345703
-0.10518062114715576
-0.37322187423706055
0.48858141899108887
-0.34098899364471436
0.22393310070037842
-0.07125139236450195
-0.39866864681243896
-0.4207226037979126
0.04750096797943115
-0.4139368534088135
-0.18661093711853027
0.2035754919052124
0.6276912689208984
-0.10178768634796143
0.22732603549957275
-0.28839874267578125
-0.817695140838623
-0.3528643846511841
-1.2027924060821533
0.6463524103164673
-0.37322181463241577
0.37322187423706055
0.14928877353668213
-0.3783111572265625
0.12214529514312744
0.003392934799194336
0.4342944622039795
-0.46992039680480957
-0.11875247955322266
0.037322163581848145
0.2917916774749756
-0.12214541435241699
-0.6276912689208984
-0.4512590765953064
-0.03392946720123291
-0.4665273427963257
-0.45125913619995117
-0.695549726486206
-0.2985774278640747
-0.6955497860908508
0.4258122444152832
0.13571703433990479
-0.2510765790939331
0.24429059028625488
0.31214916706085205
0.020357489585876465
-0.26804113388061523
-0.25616586208343506
-1.0806469917297363
0.44447338581085205
-1.0602891445159912
-0.14928865432739258
-0.247683584690094
0.07294785976409912
-0.09160912036895752
-0.7057286500930786
0.34947121143341064
-0.1085735559463501
-0.12214535474777222
0.1458958387374878
-0.0950019359588623
0.5767972469329834
0.07125139236450195
-0.419026255607605
0.1628604531288147
-0.13571703433990479
0.030536413192749023
0.5072424411773682
0.05767977237701416
-0.35286426544189453
-1.1247549057006836
0.5700117349624634
-0.2408977746963501
-0.04750096797943115
-0.3053632974624634
-0.2883988618850708
0.1798250675201416
0.3155420422554016
-0.3325066566467285
-0.8991254568099976
-0.3460782766342163
-0.054286837577819824
-0.3104526996612549
-0.8753747940063477
-0.19170045852661133
-0.39697229862213135
-1.1010046005249023
0.02375054359436035
-0.003392934799194336
0.14928877353668213
-0.5021529197692871
-0.14250290393829346
-1.1569877862930298
-0.14928877353668213
0.05089390277862549
0.12214529514312744
-0.10518062114715576
-0.37491822242736816
0.5751007795333862
0.03392922878265381
-0.6175124645233154
0.010178804397583008
0.12214517593383789
0.685370922088623
-0.24429070949554443
-0.27821993827819824
-1.2944011688232422
-0.17643213272094727
-0.8397492170333862
-0.28670215606689453
-0.4817955493927002
-0.8261773586273193
0.20357555150985718
0.26125526428222656
0.2951843738555908
-0.3901864290237427
-0.43768757581710815
-0.8244810104370117
-0.13232409954071045
0.19339680671691895
0.29688096046447754
0.020357608795166016
-0.35456085205078125
0.15268170833587646
-0.12553822994232178
-1.006002426147461
0.1289311647415161
-0.44786620140075684
-0.010178804397583008
-0.9381438493728638
0.26804113388061523
0.7939445972442627
-0.5292963981628418
-0.13571703433990479
0.08821606636047363
0.05089378356933594
-0.47161662578582764
-0.6344771385192871
-0.027143478393554688
0.030536293983459473
-0.40715110301971436
-0.3460782766342163
-0.45804500579833984
0.5666185617446899
-0.010178804397583008
-0.8872499465942383
0.05089390277862549
-0.07464438676834106
-0.030536174774169922
-0.04071509838104248
-0.07464432716369629
-0.07464444637298584
0.0237504243850708
-0.3087562322616577
-0.02375054359436035
1.3809210062026978
-0.15268170833587646
-0.419026255607605
-0.2578624486923218
0.34947144985198975
-0.33250677585601807
0.18661093711853027
-1.1654698848724365
-0.7396577596664429
-0.2883986234664917
-0.28839874267578125
-0.07464444637298584
0.11535942554473877
-0.43599092960357666
0.16286051273345947
-0.20018255710601807
-0.4342944622039795
-0.5513503551483154
-0.24089765548706055
0.06446564197540283
0.5377786159515381
-0.26804113388061523
0.42750871181488037
0.14250290393829346
0.5869760513305664
-1.031449556350708
0.13571703433990479
-0.2035757303237915
-0.6378700733184814
-0.14928877353668213
0.7515331506729126
-1.3809207677841187
0.2069685459136963
-0.5564397573471069
-0.005089521408081055
-0.4342944622039795
-0.7260860204696655
-1.457261562347412
0.27482688426971436
0.12214535474777222
-0.0712515115737915
0.45465201139450073
-0.01696467399597168
0.0848231315612793
-0.6870675086975098
-0.6989426612854004
-0.36982887983322144
-0.9975199699401855
-1.1128796339035034
-0.22054016590118408
0.8193917274475098
-0.7515331506729126
-0.42411553859710693
0.17812860012054443
-0.037322282791137695
-0.731175422668457
0.5428681373596191
-0.061072587966918945
0.26125526428222656
-0.576797366142273
-0.14250290393829346
0.04071509838104248
-0.4750096797943115
-0.37322187423706055
-0.4342947006225586
0.26804113388061523
-0.31893497705459595
-1.011091947555542
-0.2578623294830322
-0.6938532590866089
-0.23411178588867188
-0.31893491744995117
-0.43768733739852905
-0.347774863243103
-0.5242069959640503
-0.8210880756378174
-0.5700114965438843
-0.25107645988464355
-0.24429070949554443
-0.14250290393829346
0.1458958387374878
-0.6955499053001404
-1.2299354076385498
0.08143019676208496
-0.044108033180236816
0.26125532388687134
0.061072707176208496
0.12214529514312744
-0.3291137218475342
-0.4071509838104248
0.037322163581848145
0.1458958387374878
0.5564398765563965
0.4105440378189087
-0.09160900115966797
-0.5869762897491455
0.1611640453338623
-0.17303919792175293
0.495367169380188
-0.47840261459350586
-1.2774364948272705
-0.013571619987487793
0.1696462631225586
-0.0067858099937438965
-0.6005477905273438
0.9398403167724609
-0.3257209062576294
0.26295173168182373
0.04750096797943115
-0.8312668800354004
-0.2985774278640747
0.03392934799194336
0.05089390277862549
-0.43768763542175293
-0.38170409202575684
-0.4902777671813965
-0.281612753868103
-0.20357561111450195
0.3511679172515869
-0.4648308753967285
0.11366307735443115
-0.010178804397583008
-0.06446552276611328
-0.10178780555725098
0.3121492266654968
-1.3317233324050903
-0.9042148590087891
0.6022443771362305
-0.6480486392974854
-0.08991241455078125
-0.1458958387374878
-1.4063678979873657
-0.33929264545440674
-0.28161299228668213
-0.3223278522491455
0.47840261459350586
0.1849144697189331
0.2646481990814209
-0.4987601041793823
0.3291137218475342
0.030536413192749023
0.6310842037200928
0.20018279552459717
-0.40375816822052
0.4834921360015869
-0.030536293983459473
-0.32232797145843506
0.01696455478668213
0.022053956985473633
-0.2408977746963501
-0.5581364631652832
0.13571691513061523
0.10857367515563965
-0.22732603549957275
0.06785845756530762
-0.0475010871887207
0.393579363822937
0.2205401062965393
0.21714723110198975
-0.3104526996612549
-0.6209055185317993
0.485188364982605
-0.25955867767333984
0.3681323528289795
-0.2171473503112793
-0.21545076370239258
0.3426855802536011
-0.09500181674957275
-0.2273259162902832
-0.2544693946838379
0.05767953395843506
-0.5038496255874634
-0.027143478393554688
-1.2384177446365356
-0.43599092960357666
0.1560746431350708
-0.6480488777160645
0.7430506944656372
-0.9126971960067749
0.16286051273345947
0.3189350366592407
-0.09839487075805664
0.7294789552688599
-0.006785869598388672
-0.9008219242095947
-0.5089389085769653
0.020357608795166016
0.2408977746963501
-0.08821606636047363
0.32572078704833984
-0.5276000499725342
-0.45125913619995117
-0.9534121751785278
-0.8312668800354004
0.1713428497314453
-0.21036136150360107
-0.23411190509796143
-0.09160900115966797
0.44108033180236816
-0.6616206169128418
-0.33589959144592285
-0.15268158912658691
-0.7583189010620117
-0.17643213272094727
-0.8312667608261108
-0.4563484191894531
-0.8787678480148315
0.01696467399597168
0.3053632974624634
-0.31214916706085205
-0.13571691513061523
0.40206170082092285
-0.48518848419189453
0.18661093711853027
0.24089765548706055
0.29518449306488037
0.6616206169128418
-0.22562956809997559
0.0848231315612793
-0.18152141571044922
0.013571739196777344
-0.480099081993103
-0.827873945236206
-0.3257209062576294
-1.2553822994232178
0.9432332515716553
-0.756622314453125
-0.709121584892273
-0.9194825887680054
-0.020357489585876465
0.3392925262451172
-0.10857367515563965
0.03223276138305664
-0.7142108678817749
-0.23750483989715576
-0.27143406867980957
0.044108033180236816
-0.16286039352416992
0.19339680671691895
-0.1798250675201416
0.027143359184265137
-0.11196660995483398
-0.5089387893676758
-0.4359910488128662
-0.34438157081604004
-0.26125526428222656
0.35286426544189453
0.0475008487701416
-0.07464444637298584
-0.1933966875076294
-0.32232797145843506
0.7752835750579834
-0.2273259162902832
0.09160912036895752
-0.665013313293457
-0.5801903009414673
0.1425027847290039
0.06446552276611328
-0.2883986234664917
0.12553822994232178
0.04750096797943115
-0.4173297882080078
-1.2706506252288818
0.3240244388580322
-0.45465195178985596
-0.19170033931732178
0.19678962230682373
-0.5886726379394531
0.003392934799194336
0.02375054359436035
0.17643225193023682
-0.24938011169433594
0.01696455478668213
-0.23411190509796143
0.2408977746963501
-0.2714341878890991
0.14759230613708496
0.14250290393829346
-0.5937620401382446
-0.449562668800354
-0.037322163581848145
-0.2782198190689087
0.26125526428222656
0.11196649074554443
0.5394752025604248
-0.1289311647415161
0.4648308753967285
-0.010178804397583008
-0.16625332832336426
0.2816128730773926
0.2748270034790039
-0.2578623294830322
-0.8855536580085754
0.045804500579833984
0.510635256767273
0.7226932048797607
0.27143394947052
-0.7701942920684814
-0.8227846622467041
0.05767965316772461
-0.8227843046188354
-0.2646481990814209
-0.005089163780212402
-0.2459871768951416
-0.20357561111450195
-0.12893128395080566
-1.564138650894165
-1.0568963289260864
0.2273259162902832
-0.3138456344604492
-0.9415369033813477
-0.4614379405975342
0.39018648862838745
0.05767977237701416
-0.43429458141326904
-0.03392922878265381
-0.37322187423706055
0.2850055694580078
-0.16286039352416992
-0.3053632974624634
-0.07464444637298584
-0.4173298478126526
-0.21375435590744019
-0.28839874267578125
0.006785869598388672
-0.19339680671691895
-0.7871588468551636
-0.04750096797943115
-0.753229558467865
-0.43938398361206055
-0.3291137218475342
-0.22393310070037842
0.7956410646438599
-0.12214529514312744
-0.9364476203918457
0.013571560382843018
0.15946757793426514
0.2137542963027954
-0.14928865432739258
0.17303919792175293
-0.08821618556976318
0.3019704818725586
-0.3358994722366333
0.40715110301971436
-0.7430506944656372
-0.1933966875076294
-0.14250296354293823
-0.06446552276611328
0.2510765790939331
0.010178804397583008
-0.42920494079589844
0.006785869598388672
0.13571703433990479
0.08821606636047363
-0.6480488777160645
-0.12893134355545044
0.10518074035644531
0.20696842670440674
-0.4309016466140747
0.2137542963027954
0.04750090837478638
-0.10178768634796143
-1.1010043621063232
-0.006785869598388672
-0.1425027847290039
-0.393579363822937
0.03392922878265381
0.18661105632781982
-0.3901864290237427
0.21545076370239258
-0.9110004901885986
-0.413936972618103
-0.1984860897064209
-0.26464807987213135
0.21375441551208496
0.037322163581848145
-0.15607452392578125
0.3766148090362549
0.12553834915161133
-0.25107645988464355
-0.45804500579833984
0.044107913970947266
-0.2273259162902832
0.2069685459136963
-0.23750483989715576
-0.4784024953842163
-0.5428680181503296
-1.1060936450958252
-0.22393310070037842
0.07803726196289062
0.21036148071289062
-0.2578624486923218
0.25107645988464355
-0.08143019676208496
-0.7294789552688599
-0.7023355960845947
0.2307189702987671
-0.8872501850128174
-0.1425027847290039
-0.5174210071563721
-0.6684063673019409
-0.3121492862701416
-0.7803728580474854
-0.34098899364471436
-0.3817039728164673
-0.20018267631530762
0.1374133825302124
0.8821605443954468
-0.6276912689208984
0.4868849515914917
-0.20696842670440674
0.2629516124725342
-0.037322163581848145
-0.010178804397583008
-0.32232797145843506
-0.571708083152771
-0.0712512731552124
-0.9873414039611816
0.49536705017089844
-0.027143359184265137
-0.06785851716995239
0.0712515115737915
-0.03392934799194336
0.2544693946838379
-0.23411178588867188
-0.10857367515563965
-0.15946745872497559
-0.44108033180236816
-0.5191175937652588
-0.3426854610443115
0.0
-0.26464831829071045
-0.35625725984573364
0.2035757303237915
-0.061072707176208496
0.40036535263061523
-0.6446559429168701
0.40715110301971436
-0.4275085926055908
0.15946745872497559
0.5004564523696899
0.013571619987487793
0.3426854610443115
-0.5801903009414673
-0.6141195297241211
0.013571739196777344
0.5818866491317749
-0.6751922369003296
-0.5666185617446899
0.7226930856704712
-0.38679349422454834
0.23411190509796143
-0.44108039140701294
-1.000913143157959
-0.10518074035644531
-0.17303919792175293
-0.16625332832336426
-0.9364475011825562
0.27143394947052
0.027143239974975586
0.5089389085769653
-0.08482325077056885
-0.18321800231933594
-0.13402056694030762
-1.2061851024627686
0.47840261459350586
-0.22393298149108887
-0.08143019676208496
-0.22732603549957275
-0.05428671836853027
-0.1560746431350708
-0.5700116157531738
0.32911384105682373
-0.18830740451812744
-0.5360821485519409
-0.20696842670440674
-0.07464456558227539
-0.12214529514312744
0.4902777671813965
0.027143359184265137
-0.44616973400115967
-0.06446552276611328
-0.281612753868103
0.37831127643585205
-0.6616206169128418
0.10518062114715576
-0.04071521759033203
0.1832181215286255
0.6056371927261353
0.030536293983459473
-0.7464437484741211
0.03392922878265381
-0.1662534475326538
-0.44108033180236816
0.17303919792175293
0.06446552276611328
-0.3664360046386719
0.01696467399597168
0.20357561111450195
0.2137542963027954
-0.9364473819732666
-0.33589959144592285
-0.33929264545440674
-0.0848231315612793
0.07803726196289062
0.3867935538291931
-0.7668013572692871
-0.5564398765563965
-0.11875247955322266
-0.6921567916870117
-0.16286039352416992
0.1628604531288147
-0.4071509838104248
-0.1289311647415161
-1.4521721601486206
0.15268158912658691
-0.2307189702987671
0.2273259162902832
0.3494713306427002
-0.5547434091567993
0.01696479320526123
0.9500190019607544
-0.19000381231307983
0.21036136150360107
-0.46822381019592285
-0.3409891128540039
0.45465195178985596
-0.21036136150360107
-0.28500568866729736
-0.6395665407180786
-0.22393310070037842
0.4139370918273926
-0.12553822994232178
0.43429452180862427
0.013571619987487793
-0.3698289394378662
-0.34607839584350586
-0.037322282791137695
0.044108033180236816
-0.14080631732940674
-1.07216477394104
0.22054004669189453
0.4614378809928894
-0.5072422027587891
0.30536335706710815
-0.6395665407180786
0.02375054359436035
-0.3325066566467285
0.3358997106552124
0.3036668300628662
-0.7430505752563477
-1.0670751333236694
-1.2265427112579346
0.10518074035644531
-0.2171473503112793
-0.11875247955322266
-0.13571691513061523
-0.7430506944656372
-0.33589959144592285
-0.05937600135803223
-0.2748270034790039
0.16794979572296143
-0.05767965316772461
-0.980555534362793
-0.006785869598388672
0.17303919792175293
-0.5903689861297607
0.3867936134338379
-0.5496540069580078
0.018661141395568848
-0.6056371927261353
0.8058197498321533
-0.10857367515563965
-0.4275085926055908
0.2137542963027954
-0.027143478393554688
-0.2612553834915161
-0.49197423458099365
0.3867936134338379
0.3358997106552124
-0.21714729070663452
-0.02714359760284424
-1.4996732473373413
-1.0721646547317505
-0.08143031597137451
-0.607333779335022
-0.15946745872497559
-1.0840396881103516
-0.3223279118537903
0.13571703433990479
0.3325066566467285
0.22732603549957275
0.11196649074554443
-1.4674403667449951
0.05089390277862549
-0.10009121894836426
-0.6344771385192871
-0.3426854610443115
-1.1366301774978638
-0.33081018924713135
0.1289311647415161
-0.27821993827819824
0.15946745872497559
-0.10178756713867188
-0.4071512222290039
-0.1662532091140747
0.04071509838104248
0.2663447856903076
-0.10518062114715576
-0.5072423219680786
-0.5123318433761597
-0.3426854610443115
-0.6836744546890259
0.05598330497741699
0.12553822994232178
-0.1967896819114685
-0.7040319442749023
0.6310843229293823
0.10857367515563965
0.37661492824554443
0.2375047206878662
0.4003652334213257
0.20696842670440674
-0.48179543018341064
0.34607839584350586
-0.020357608795166016
-0.1323239803314209
0.49027764797210693
-0.4817955493927002
-0.020357728004455566
-0.3053632974624634
-1.3843133449554443
-0.36982905864715576
0.13910996913909912
-0.6446559429168701
-0.37491822242736816
0.037322163581848145
0.6344770789146423
-0.2816128730773926
0.6921569108963013
-0.21375441551208496
0.6005480289459229
0.1832178831100464
-0.9618943929672241
-0.3087562322616577
-0.41732990741729736
1.0484139919281006
0.2917916774749756
-0.19339680671691895
-0.11875247955322266
0.12553822994232178
0.5496538877487183
-0.6819782257080078
-0.393579363822937
0.21036124229431152
-0.18661093711853027
-0.22054016590118408
-0.2273259162902832
0.010178804397583008
-0.17303919792175293
-0.01696467399597168
-0.18661093711853027
0.5309929847717285
-1.9119137525558472
-0.19000375270843506
0.044108033180236816
-0.03392922878265381
0.24429070949554443
-0.07803738117218018
-0.2578624486923218
-0.16286039352416992
-0.0712515115737915
-0.3308103084564209
-0.28839874267578125
-0.36304306983947754
0.6887638568878174
0.010178804397583008
-0.7600154876708984
-0.9618943929672241
-0.383400559425354
-0.06446564197540283
0.7023358345031738
-0.5530469417572021
0.12214529514312744
0.08821606636047363
-0.38000762462615967
-0.38340067863464355
0.7328718900680542
0.044108033180236816
0.2714341878890991
-0.43429458141326904
-0.1900038719177246
-0.21714723110198975
-0.013571739196777344
0.20696842670440674
0.17303931713104248
0.07464444637298584
-0.027143239974975586
-0.0237504243850708
0.02375054359436035
0.08482325077056885
-0.04410815238952637
-0.08821606636047363
0.5140283107757568
-0.044108033180236816
-0.8516242504119873
-0.003392934799194336
0.3189350366592407
-0.32232797145843506
-0.4173298478126526
0.3918827772140503
-0.790552020072937
-0.7464433908462524
-0.07803726196289062
-0.14250290393829346
-0.5462609529495239
-0.3291137218475342
0.013571619987487793
-0.8804641962051392
0.1798250675201416
-0.4105440378189087
0.6226019859313965
-0.863499641418457
-0.3426855802536011
-0.29179155826568604
0.19678962230682373
-0.1900038719177246
0.6751922369003296
-0.9093040823936462
0.19339680671691895
0.06446552276611328
-0.3901864290237427
-0.6259946823120117
0.29009509086608887
-0.9873415231704712
-0.09160900115966797
0.5496537685394287
0.037322163581848145
-0.018661141395568848
-0.24089765548706055
-0.7091213464736938
0.6565310955047607
-0.5954585075378418
0.4342944622039795
0.08143019676208496
-0.03392922878265381
0.33929264545440674
-0.6480488777160645
0.02714329957962036
0.13232409954071045
0.7820693254470825
-1.1094865798950195
-0.36304306983947754
0.18321800231933594
-0.5632257461547852
-0.1034841537475586
-1.6438724994659424
-0.10178780555725098
-0.07803726196289062
0.037322044372558594
-0.8210879564285278
0.1662534475326538
0.22393310070037842
0.0237504243850708
-0.4614379405975342
-0.28839874267578125
-0.4614379405975342
-0.709121584892273
0.6734957695007324
0.11535942554473877
-0.11875247955322266
0.5496540069580078
0.3562570810317993
0.3664357662200928
-0.4987601041793823
-1.3452948331832886
0.04750096797943115
0.26125526428222656
0.5683150291442871
-0.21545076370239258
-0.363042950630188
0.7294790744781494
-0.3325066566467285
0.19678974151611328
0.5818866491317749
0.003392934799194336
-0.26464831829071045
0.23071879148483276
0.43429458141326904
0.08143019676208496
-0.030536293983459473
-0.36134660243988037
-0.006785750389099121
0.2731304168701172
0.2646481990814209
-0.21714723110198975
-0.373221755027771
0.7345684766769409
-0.03392934799194336
0.054286837577819824
0.03392922878265381
0.020357608795166016
-0.2307189702987671
-0.013571619987487793
-0.39357948303222656
0.05767977237701416
-0.7532293796539307
-0.1933966875076294
-0.21714723110198975
0.05089390277862549
-0.45465195178985596
-0.3342031240463257
0.3121490478515625
0.46652722358703613
0.48688483238220215
0.07125139236450195
0.10178780555725098
0.10518085956573486
-0.34607839584350586
-0.19678974151611328
0.22393298149108887
0.3121492862701416
-0.12553834915161133
0.06276905536651611
-0.33589959144592285
-0.04071497917175293
0.037322282791137695
-0.06785857677459717
0.020357489585876465
-0.36473965644836426
0.08312666416168213
0.1458958387374878
-1.2316319942474365
0.0237504243850708
0.12553834915161133
0.7345684766769409
-0.03392910957336426
0.6310842037200928
0.4224191904067993
-0.5869760513305664
-0.1289311647415161
-0.13910996913909912
0.5326893329620361
0.14928877353668213
-0.04750096797943115
0.5275998115539551
0.3969724178314209
0.48179537057876587
0.31214916706085205
-0.2578624486923218
0.49706363677978516
-0.4376872777938843
-0.003392815589904785
-0.797337532043457
-0.02035754919052124
-0.13910996913909912
-0.4003652334213257
-0.5683150291442871
0.23750483989715576
-0.25616586208343506
-1.0755574703216553
-1.022966980934143
-0.013571739196777344
0.6989427208900452
-1.287615418434143
-0.11535954475402832
0.05089390277862549
0.08821612596511841
-0.3867936134338379
-0.16794991493225098
0.6327806711196899
-0.8584103584289551
-0.770194411277771
0.006785869598388672
0.26125526428222656
0.960197925567627
0.4682236909866333
0.10178768634796143
-0.44108033180236816
0.6158157587051392
-0.044108033180236816
-0.5394752025604248
-0.20018267631530762
-0.3613464832305908
-0.32911384105682373
-0.3494713306427002
-0.30875635147094727
-0.03562581539154053
-1.650658369064331
-0.30875635147094727
-0.010178685188293457
0.15946745872497559
-0.6565314531326294
-0.3647395372390747
-0.5038495063781738
0.5123317241668701
-0.27482688426971436
-0.15946751832962036
-1.1145762205123901
-0.8193916082382202
0.2578623294830322
-0.44277656078338623
0.1662532091140747
0.10518074035644531
-0.15268158912658691
0.7328720092773438
0.06785857677459717
0.23071908950805664
0.4563486576080322
0.23411190509796143
-0.9415366649627686
-0.03392934799194336
-0.5292963981628418
0.6667096614837646
-0.0712515115737915
-0.18321800231933594
0.2307189702987671
-0.8363561630249023
0.3766148090362549
-0.5191178321838379
0.1747356653213501
-0.4444732666015625
0.16964662075042725
0.8550171852111816
0.3206315040588379
0.08143019676208496
0.4919743537902832
-0.3596501350402832
0.16625332832336426
1.226542592048645
0.13910996913909912
-0.10348427295684814
0.6853708028793335
-0.5445644855499268
-0.0712515115737915
-0.11196672916412354
-0.42411577701568604
-0.4241158962249756
-0.17643213272094727
-0.47670602798461914
-0.03901863098144531
-0.6039408445358276
0.0237504243850708
0.32572102546691895
0.3257209062576294
-0.4767059087753296
-0.05767977237701416
-0.21884369850158691
-0.5988514423370361
-0.36982882022857666
-0.04750096797943115
0.19678974151611328
0.4563484191894531
0.17643213272094727
-0.4376875162124634
-0.5666185617446899
0.05767965316772461
0.13232415914535522
-0.5886725187301636
0.4716167449951172
-0.20187914371490479
-0.19339680671691895
-0.7396578788757324
-0.0712512731552124
-0.413936972618103
0.17643213272094727
0.525903582572937
-0.09839475154876709
0.17303919792175293
0.2459871768951416
-0.27821993827819824
-1.0043059587478638
0.02375054359436035
0.26464807987213135
0.05937612056732178
-0.10687720775604248
-0.22054016590118408
0.24768364429473877
-0.7260861396789551
0.2646481990814209
0.22054004669189453
0.22393310070037842
-0.06446552276611328
0.15607452392578125
-0.19678974151611328
0.8770711421966553
-0.7803729772567749
-0.037322163581848145
0.8414455652236938
-0.28839874267578125
-0.4919741153717041
-0.21884357929229736
0.26464831829071045
-0.5496540069580078
-0.49536728858947754
0.03392922878265381
-0.06785869598388672
-0.47840261459350586
-0.6039407253265381
-0.2171473503112793
0.18152153491973877
0.09160900115966797
-0.3596501350402832
-0.6972463130950928
-0.475009560585022
-1.026360034942627
-1.372438669204712
0.15268182754516602
-0.11535954475402832
0.41224026679992676
-0.24259424209594727
-0.2646481990814209
-0.29179179668426514
-0.19339680671691895
0.2782198190689087
-0.8109093308448792
-0.1289311647415161
-0.2850058078765869
-0.17134273052215576
-0.01696467399597168
-0.9194828271865845
-0.23411190509796143
-1.3860101699829102
-0.13571715354919434
-0.6853710412979126
0.020357489585876465
-0.18321800231933594
-0.6259949207305908
-1.4674404859542847
-0.3630431890487671
-0.5971550941467285
-0.822784423828125
0.899125337600708
-0.09160900115966797
-0.11027014255523682
-0.6514415740966797
-0.15268170833587646
-0.018661141395568848
-0.21036142110824585
-0.6531383991241455
-0.027143359184265137
-0.1933966875076294
-0.19000375270843506
0.40375816822052
-0.944929838180542
-0.4105440378189087
-0.09669828414916992
0.1696462631225586
-0.7108180522918701
0.24259424209594727
-0.2951846122741699
-0.4173297882080078
0.10857367515563965
0.38170409202575684
-0.41054391860961914
-0.2408977746963501
0.07803738117218018
-0.3732219934463501
-0.5835831165313721
-0.11875230073928833
0.6785850524902344
-0.2578623294830322
0.0
0.25446951389312744
0.449562668800354
-0.12553822994232178
0.43768739700317383
0.45804500579833984
-0.3308103084564209
-0.4784024953842163
-0.3257206678390503
-0.21714723110198975
0.5140281915664673
-0.41054415702819824
-0.3460785150527954
-0.006785988807678223
-0.2171471118927002
0.33250677585601807
-0.2493799924850464
-0.08482325077056885
-0.5666185617446899
-1.138326644897461
-0.6039407253265381
-0.29179155826568604
0.1798250675201416
0.10178768634796143
-1.1637734174728394
0.2408977746963501
-0.45465195178985596
0.29518449306488037
-0.24768364429473877
-0.29518449306488037
0.24259400367736816
-0.6616204977035522
-0.8261773586273193
0.044107913970947266
0.3002738952636719
-0.413936972618103
-0.27143406867980957
-0.18321800231933594
0.030536413192749023
-0.34098899364471436
0.3800077438354492
-0.20357561111450195
0.0
-1.4521722793579102
0.2578623294830322
0.023750662803649902
-0.93984055519104
-0.393579363822937
0.5021530389785767
-0.14250290393829346
-0.5191176533699036
-0.863499641418457
0.08143019676208496
-1.3300268650054932
-0.5140284299850464
0.551350474357605
-0.030536293983459473
0.030536293983459473
-1.03653883934021
0.7515331506729126
-0.8974288702011108
-0.1187523603439331
-0.7498366832733154
0.5259034633636475
-0.1696462631225586
1.0026094913482666
-0.05089378356933594
-0.2748270034790039
-0.08821594715118408
-0.8261774778366089
-0.16964638233184814
0.13741326332092285
0.5394752025604248
-0.29179179668426514
-0.9585014581680298
-0.1933969259262085
0.18321800231933594
0.21036136150360107
-0.883857250213623
-0.32911384105682373
0.027143478393554688
-0.3223278522491455
-0.22393310070037842
0.14928865432739258
-0.6124231815338135
-0.09160900115966797
-0.6276912689208984
0.06446552276611328
0.37661468982696533
-0.1323239803314209
-1.231631875038147
-0.17303919792175293
-0.02544724941253662
-1.4962804317474365
-0.003392934799194336
-0.576797366142273
-0.3019702434539795
0.037322163581848145
0.11196684837341309
-1.1468088626861572
0.22054016590118408
-0.2595587968826294
0.30197036266326904
-1.097611427307129
0.05428671836853027
-0.28500568866729736
-0.006785869598388672
-1.0093953609466553
-1.1790416240692139
0.10518074035644531
0.0848231315612793
-0.6599240303039551
-0.4037582278251648
-0.11535942554473877
-0.12893104553222656
-0.13910984992980957
-0.3664360046386719
0.09839487075805664
-0.6684063673019409
0.30197036266326904
-0.1187523603439331
0.38000786304473877
0.1933966875076294
-0.45804500579833984
0.13232409954071045
-0.5123317241668701
0.19678974151611328
-0.18661081790924072
-0.35286426544189453
-0.6412630081176758
-0.11535954475402832
0.10857367515563965
0.07803738117218018
0.5564397573471069
0.7600153684616089
-1.1298441886901855
-0.11875247955322266
-0.22732603549957275
0.16286039352416992
-0.10178780555725098
0.28670239448547363
0.010178804397583008
-0.7905516624450684
-0.6684063673019409
-0.7125144004821777
0.24429059028625488
-0.4376875162124634
-1.1892204284667969
-0.01696455478668213
-0.11535942554473877
-0.11535954475402832
0.30197030305862427
0.10178768634796143
-0.8193917274475098
-0.8143021464347839
-0.20018255710601807
1.0959150791168213
-0.054286837577819824
-0.27991628646850586
-0.3850969076156616
-0.15946733951568604
-0.15946757793426514
0.43429458141326904
-0.4648308753967285
0.4173298478126526
-0.485188364982605
0.35286402702331543
-0.29179155826568604
0.5004565715789795
-0.27143406867980957
-0.03392922878265381
-0.6310840845108032
0.1289311647415161
-0.6480488777160645
-0.48179543018341064
-0.38340067863464355
-1.1518981456756592
0.14250290393829346
-0.3867933750152588
-0.08821618556976318
-0.6361736059188843
-0.027143359184265137
-0.2069685459136963
0.6141196489334106
-0.2375049591064453
-0.20357561111450195
0.28500568866729736
0.26125526428222656
0.47840261459350586
-0.3664360046386719
-0.5055458545684814
0.5004564523696899
-0.4461698532104492
-0.4071509838104248
-0.2035754919052124
-0.7294789552688599
-0.08651959896087646
-0.2850058078765869
0.27821993827819824
-1.106093406677246
-0.8618030548095703
-0.38849008083343506
-0.020357608795166016
0.13571709394454956
0.47500962018966675
0.19339680671691895
-0.04750096797943115
-0.044108033180236816
-0.586976170539856
0.28839850425720215
0.3036668300628662
0.5428681373596191
0.5275998115539551
0.15607452392578125
1.0551997423171997
-0.15946757793426514
0.12553822994232178
0.2171473503112793
0.11196655035018921
-0.47331321239471436
0.41902637481689453
-0.5496537685394287
0.38340067863464355
-0.11535954475402832
-0.26634466648101807
-0.2697376012802124
-0.3053632974624634
-1.7558391094207764
-0.29179155826568604
-0.32911378145217896
0.2307189702987671
0.3053632974624634
-0.46483081579208374
0.373221755027771
-0.42072272300720215
0.23580849170684814
0.08143019676208496
-0.3867936134338379
0.23750483989715576
0.5394752025604248
-0.13910984992980957
-0.7074248790740967
0.6310842037200928
-0.21036136150360107
0.05089390277862549
-0.5954585075378418
-0.66840660572052
-0.9686802625656128
-0.2883986234664917
-0.17303919792175293
-1.0076990127563477
-0.8821606636047363
-0.33250677585601807
-0.719300389289856
-0.20866501331329346
-0.027143239974975586
0.491974413394928
-0.7142109870910645
-0.12553822994232178
0.3969724178314209
-0.2544693946838379
-0.7566224336624146
0.18321800231933594
0.037322282791137695
-0.761711835861206
0.19000375270843506
-0.40715110301971436
-0.4376875162124634
-0.061072707176208496
-0.3053632974624634
-0.0712515115737915
0.2646482586860657
-0.4003652334213257
-0.9347509145736694
-0.10857367515563965
-0.21714723110198975
-0.6548347473144531
0.4241156578063965
-0.7701942920684814
-0.28839874267578125
-0.16964620351791382
0.8193914890289307
-0.4919741153717041
0.4410804510116577
-0.6293878555297852
-0.45465195178985596
0.08482325077056885
-0.7226932048797607
-0.8261775970458984
-0.09160900115966797
-0.5292963981628418
-0.7701941728591919
-0.1187523603439331
-0.6887639760971069
0.11196655035018921
-0.22054022550582886
-0.3901865482330322
0.5157246589660645
0.027143359184265137
0.5072423219680786
0.09160900115966797
0.14250290393829346
-0.20018267631530762
0.413936972618103
-0.3019704222679138
-1.341902256011963
-0.5275999307632446
-1.552263617515564
-1.4402967691421509
-0.8533207178115845
0.39188289642333984
0.24768352508544922
0.37661468982696533
0.013571619987487793
0.04071509838104248
0.20018255710601807
0.2137542963027954
0.4800989627838135
-0.08143019676208496
-0.01696467399597168
-0.05089390277862549
-0.09160888195037842
-0.2748270034790039
-0.32911360263824463
-0.53608238697052
0.10178780555725098
0.33589959144592285
0.4105439782142639
-0.16286051273345947
0.0033930540084838867
-0.6361736059188843
-0.04071521759033203
0.15268170833587646
0.013571739196777344
0.18661081790924072
0.08482325077056885
-0.27821969985961914
-0.33929264545440674
-1.01278817653656
0.0899122953414917
-0.2171471118927002
0.38340067863464355
0.14589595794677734
-0.08143031597137451
0.17303919792175293
0.24089765548706055
-0.21714717149734497
-0.28500568866729736
-1.0433247089385986
-0.8210879564285278
0.3494713306427002
0.475009560585022
0.29518449306488037
-0.5937623977661133
-0.3901865482330322
0.1509852409362793
-0.16964614391326904
-0.37322187423706055
0.449562668800354
-1.117969036102295
0.35625725984573364
0.429205060005188
0.28500568866729736
-0.35286426544189453
0.42072272300720215
0.5089387893676758
0.26804113388061523
-0.4444732069969177
-1.2604718208312988
-0.7769800424575806
0.10009121894836426
0.3800077438354492
-0.12214535474777222
-0.20527207851409912
-0.5835831165313721
0.08143019676208496
-0.10518062114715576
0.03392934799194336
-0.8109090328216553
-1.1010044813156128
0.04750096797943115
-0.4071509838104248
-0.23411190509796143
-0.49197423458099365
0.5072423219680786
0.09669828414916992
-1.0840398073196411
-0.05767965316772461
-1.1043972969055176
-0.4682236909866333
0.13910984992980957
0.4088476896286011
-0.15946745872497559
-0.04071509838104248
0.09839475154876709
-0.32572102546691895
-0.5598328113555908
-0.43429458141326904
0.027143359184265137
-0.5259034633636475
0.027143359184265137
0.5055458545684814
-0.5734043121337891
-0.3528643846511841
-0.26804113388061523
-0.020357489585876465
-0.7006392478942871
0.1475921869277954
-0.1798250675201416
-0.6514416933059692
-0.12384176254272461
0.010178804397583008
-0.1798250675201416
-0.6582274436950684
-0.39697229862213135
0.7803729772567749
-0.16964614391326904
0.09160906076431274
0.23920130729675293
0.5021529197692871
-0.2917916774749756
0.3291137218475342
0.1458958387374878
-0.037322163581848145
0.8143022060394287
0.41054415702819824
0.44616973400115967
0.0848231315612793
-0.061072587966918945
0.33929264545440674
0.12553822994232178
-0.5462610721588135
-0.12893104553222656
0.0
-0.4614377021789551
0.0950019359588623
-0.29179155826568604
-0.1034841537475586
-0.9449299573898315
0.12553811073303223
-0.1798250675201416
0.08143019676208496
0.0237504243850708
-0.3087562322616577
-0.7617119550704956
-0.06785845756530762
0.08143031597137451
-0.006785750389099121
-0.10518074035644531
-0.46652746200561523
0.11535954475402832
-0.040715157985687256
-0.17643213272094727
-0.013571619987487793
0.38340067863464355
-0.3901864290237427
-0.5394752025604248
-0.26125526428222656
-0.695549726486206
-0.16286027431488037
-0.39866864681243896
-0.08482301235198975
-0.7990339994430542
-0.6429593563079834
-1.165470004081726
0.20696842670440674
0.12553834915161133
-0.3817039728164673
0.24089765548706055
0.45125913619995117
-0.22393298149108887
-2.178257942199707
-0.7108180522918701
-0.914393424987793
-0.24429070949554443
-0.11027026176452637
-0.8736786842346191
0.40375804901123047
1.022966980934143
-0.20018267631530762
0.027143359184265137
-0.01696467399597168
0.16286039352416992
0.05089378356933594
0.20696842670440674
0.7413544654846191
-0.3223279118537903
-0.04750096797943115
-0.12893128395080566
-0.6717994213104248
-0.10857367515563965
-0.6701028347015381
-0.4800989627838135
0.05767977237701416
-0.12214529514312744
0.013571739196777344
-0.4003652334213257
-1.092522144317627
0.49197423458099365
-0.1323239803314209
-0.5326892137527466
-0.24429070949554443
-0.32232797145843506
0.12893104553222656
0.281612753868103
-0.16286039352416992
-0.16286039352416992
-0.3325068950653076
-0.33420324325561523
0.9618946313858032
-0.1798250675201416
-0.7701940536499023
-0.013571739196777344
-0.49197423458099365
-0.5801904201507568
-0.5496540069580078
-0.6209055185317993
-0.06446552276611328
0.756622314453125
-0.42750871181488037
0.07464432716369629
-0.33929258584976196
-0.41732990741729736
-0.003392934799194336
-0.7226933240890503
-0.853320837020874
-0.22223663330078125
-0.4902777671813965
-0.13910996913909912
0.3155421018600464
0.06785845756530762
-0.05937612056732178
-0.14928865432739258
0.07803738117218018
-0.07803726196289062
0.33081018924713135
-0.6650134325027466
-0.5564398765563965
0.17643213272094727
0.3901864290237427
0.22223663330078125
-0.43090158700942993
-0.3155421018600464
-0.34947121143341064
-0.23411178588867188
-0.26464831829071045
0.7990339994430542
-0.5360821485519409
-0.5140283107757568
-0.2578624486923218
0.15437817573547363
-0.6056371927261353
0.24429070949554443
-0.1900038719177246
0.4750096797943115
-0.5496541261672974
0.4716167449951172
-0.0848231315612793
0.04071521759033203
-0.5564396381378174
0.8736783266067505
0.6599239110946655
0.3596501350402832
0.08821606636047363
-0.4105440378189087
-0.729479193687439
-0.33929240703582764
-0.2850058078765869
-0.1289311647415161
-1.2553825378417969
0.006785988807678223
0.6921570301055908
-0.8109095096588135
-0.12553822994232178
0.3800077438354492
-1.2078815698623657
-0.12214529514312744
-0.5835833549499512
0.030536293983459473
-0.35625720024108887
0.037322282791137695
-0.11027026176452637
-0.6412628889083862
-0.18661093711853027
-0.8787676095962524
-0.6921569108963013
-0.2069685459136963
0.19678962230682373
0.4631342887878418
0.7600152492523193
-0.6378700137138367
-0.3494713306427002
0.8278738260269165
0.3477747440338135
-0.46822381019592285
0.6701029539108276
0.0
-0.2408977746963501
-0.2816128134727478
-0.6073335409164429
0.525903582572937
-0.13232409954071045
-0.2951844334602356
-1.0518070459365845
0.030536293983459473
-0.010178804397583008
0.3494713306427002
0.027143478393554688
0.4275085926055908
0.07803726196289062
-0.5360822677612305
-0.3901864290237427
0.5683150291442871
-0.6514416933059692
-0.19339680671691895
0.8601067066192627
0.29518449306488037
-0.4003652334213257
-0.33589959144592285
-0.3189350366592407
-0.5666185617446899
0.198486328125
0.05767965316772461
0.12044882774353027
0.5191175937652588
-0.4885812997817993
-0.495367169380188
0.22054016590118408
-0.02375054359436035
-0.16964638233184814
0.23750483989715576
-1.0127884149551392
-0.8601065874099731
-0.2850058078765869
0.3426854610443115
0.5700113773345947
-0.960198163986206
0.13910990953445435
0.1984860897064209
-0.2544693946838379
0.2544693946838379
-0.15946757793426514
-0.32063138484954834
-0.5259034633636475
-0.6073336601257324
0.10178768634796143
0.12214529514312744
-0.2408977746963501
0.48179543018341064
0.17303919792175293
0.01696467399597168
-0.15268158912658691
0.23411190509796143
0.15607452392578125
-0.09839487075805664
-0.06446564197540283
-0.0950019359588623
-0.32911384105682373
-0.18321800231933594
0.13402056694030762
-0.7413543462753296
-0.010178804397583008
-0.13571715354919434
-0.0712515115737915
0.15607452392578125
-0.629387617111206
-1.3300268650054932
-0.013571739196777344
-0.38340067863464355
0.695549726486206
0.04919719696044922
-0.4003652334213257
0.04071509838104248
0.5954582691192627
-1.0518070459365845
0.020357489585876465
0.5835832357406616
-0.19678974151611328
-0.8058195114135742
-0.5038495063781738
0.06446564197540283
-0.853320837020874
-0.030536293983459473
1.1722556352615356
0.39697229862213135
-0.07464432716369629
0.09839475154876709
-0.6582274436950684
0.6209053993225098
0.11705589294433594
-0.13232409954071045
0.5801903009414673
-0.6904603242874146
-0.22393310070037842
-0.25107645988464355
-0.6192089319229126
-0.24768352508544922
-0.342685341835022
-0.23411190509796143
-0.30197036266326904
-0.4546520709991455
0.5462610125541687
-1.3062764406204224
0.14250290393829346
-0.3528643250465393
0.11535942554473877
-0.030536293983459473
0.061072707176208496
-0.7498365640640259
-0.6819779872894287
-0.005089402198791504
-0.3613467216491699
-0.4444733262062073
-0.8143022060394287
-0.3053632974624634
0.01696455478668213
-0.8855534791946411
-0.45295560359954834
-0.619208812713623
0.3036668300628662
-0.5835832357406616
0.06107282638549805
-0.20018267631530762
-0.4733130931854248
0.1900038719177246
0.4919743537902832
-0.3104526996612549
0.393579363822937
-0.12893104553222656
-0.40715110301971436
0.0
0.2917916774749756
-0.1900038719177246
0.20187914371490479
-0.018661022186279297
0.20357537269592285
0.08143019676208496
-0.5683149099349976
-0.054286837577819824
0.23750483989715576
-0.054286837577819824
-0.5055458545684814
-0.061072587966918945
0.0
-0.6938533782958984
-0.08821606636047363
-0.1798250675201416
0.5852797031402588
-0.31554222106933594
-0.14250290393829346
-0.07803738117218018
0.2307189702987671
-0.0712515115737915
-0.006785869598388672
-0.07125139236450195
-0.8855535984039307
-0.0848231315612793
0.1832178831100464
-0.006785869598388672
0.8126057386398315
-0.09500181674957275
0.20357561111450195
0.4071509838104248
-0.4682236909866333
0.0950019359588623
-0.5360822677612305
-0.7260861992835999
-0.09839487075805664
0.960198163986206
-1.3045802116394043
0.11535954475402832
-1.789768099784851
-0.20018255710601807
-0.1883072853088379
-0.5089386701583862
-0.1933969259262085
-0.776979923248291
-0.6514416933059692
-0.2816128730773926
-0.3850971460342407
-0.31214916706085205
0.29348814487457275
0.42072296142578125
-0.7973375916481018
-0.003392934799194336
-0.013571739196777344
-0.36982882022857666
0.9568049907684326
-0.29518449306488037
-0.35625720024108887
0.020357489585876465
-0.36982882022857666
-0.7701940536499023
-0.4275085926055908
0.3749183416366577
0.14250290393829346
-0.571708083152771
-0.08821606636047363
-0.14759230613708496
-0.6989427208900452
0.010178744792938232
0.09160876274108887
-0.1289311647415161
-0.12214535474777222
0.5751008987426758
-0.3019704818725586
-1.4759228229522705
-0.40715110301971436
-0.04071521759033203
-1.3486883640289307
0.21036136150360107
-0.29009509086608887
-0.6005477905273438
-0.3867936134338379
-0.1798250675201416
-0.22393310070037842
-0.5225106477737427
-1.2672576904296875
0.8770712614059448
-0.0950019359588623
-0.15437817573547363
-0.3664358854293823
-0.01696467399597168
-0.20696842670440674
-0.010178804397583008
0.07803738117218018
0.3664360046386719
-0.07464432716369629
0.49197423458099365
0.7566224336624146
-0.7549260854721069
-0.10178780555725098
-0.7752835750579834
0.4071509838104248
-0.30197036266326904
0.21375441551208496
-0.13402056694030762
-0.35625720024108887
-1.2587754726409912
0.003392934799194336
-0.19170033931732178
-0.5225105285644531
0.38170409202575684
-0.20357537269592285
-0.006785869598388672
0.5886725187301636
0.05767977237701416
0.1085735559463501
0.42072272300720215
-0.7040319442749023
0.12553822994232178
-0.04071521759033203
-0.11875247955322266
0.5225104093551636
0.03901863098144531
-0.5835832357406616
0.0712515115737915
-0.21714723110198975
0.5615291595458984
0.07803738117218018
-0.47161662578582764
0.06785851716995239
-0.1900038719177246
-0.19000375270843506
-0.2578623294830322
-0.35965001583099365
0.4122406244277954
0.29857754707336426
-0.005089402198791504
-0.41732990741729736
-0.281612753868103
-0.21036136150360107
0.31214916706085205
0.33929264545440674
-0.15946757793426514
-0.41563332080841064
-1.1722557544708252
-0.11875247955322266
-0.43768739700317383
-0.9211791753768921
-0.47840237617492676
-0.16286051273345947
0.13910996913909912
0.19000375270843506
-0.0033930540084838867
-0.7634081840515137
-0.7684977054595947
-0.2069683074951172
-0.19170022010803223
-0.21036148071289062
-0.29179155826568604
-0.5581363439559937
0.3664360046386719
0.006785869598388672
-0.20696842670440674
-0.11196660995483398
-0.6175125241279602
-0.16286051273345947
-0.2273261547088623
0.6667100191116333
-0.8702855110168457
0.35456061363220215
-0.373221755027771
-1.1993993520736694
1.1807379722595215
-0.6599241495132446
0.0
-0.0712512731552124
-0.2646481990814209
0.1832180619239807
0.4122406244277954
-0.3766147494316101
1.051807165145874
-0.06785845756530762
-0.30536341667175293
0.066162109375
-0.5242068767547607
-0.5309929847717285
-0.6717991828918457
-0.45804500579833984
-0.9279651641845703
-0.22393310070037842
0.17643213272094727
0.13571703433990479
-0.061072707176208496
-0.17982494831085205
-0.037322163581848145
0.28670215606689453
0.08143019676208496
0.3749183416366577
0.8601065874099731
-0.6972463130950928
-0.4648308753967285
-0.24768352508544922
0.38340067863464355
0.03392922878265381
-0.281612753868103
-0.1458958387374878
-0.28500568866729736
0.030536413192749023
0.5666184425354004
-0.44616973400115967
-0.07464432716369629
0.4376875162124634
-0.27821993827819824
-0.363042950630188
-0.1289311647415161
-0.6819780468940735
-0.08143031597137451
0.4784024953842163
0.17643201351165771
0.21714723110198975
-1.7694107294082642
0.1509852409362793
-1.2969458103179932
-0.7006392478942871
-0.15946745872497559
-0.12214541435241699
-0.3392924666404724
-0.8685890436172485
0.25446951389312744
0.3053632974624634
0.3087562322616577
-0.9941272139549255
0.2578623294830322
0.142503023147583
0.05767965316772461
0.05428671836853027
0.30197036266326904
1.4725297689437866
-0.027143478393554688
-1.2977941036224365
-0.061072587966918945
-0.003392934799194336
0.11196660995483398
-0.4936707019805908
-0.5021530389785767
0.3257209062576294
0.15268170833587646
-0.06276893615722656
-0.5462610721588135
0.030536293983459473
0.13571691513061523
0.1085735559463501
-0.23411178588867188
-0.10178780555725098
0.2578623294830322
-0.27143394947052
-0.6124230623245239
-0.2782198190689087
-0.6344772577285767
-0.5326894521713257
-0.32572102546691895
-0.49197423458099365
0.020357489585876465
-1.072164535522461
-0.33589959144592285
-0.6870673894882202
-0.13910996913909912
-0.4885812997817993
-0.006785869598388672
-0.46143782138824463
0.4817955493927002
-0.07125139236450195
-0.3867936134338379
-1.492887258529663
-0.07803726196289062
0.05767977237701416
-0.3138456344604492
-0.11196649074554443
0.3206315040588379
-0.06785833835601807
-0.15268146991729736
-0.5089387893676758
0.18661105632781982
-0.6310842037200928
0.21545076370239258
-0.17643201351165771
-0.08312654495239258
-0.6887638568878174
-0.26125526428222656
-0.054286837577819824
0.006785750389099121
0.030536293983459473
-0.044108033180236816
-0.1798250675201416
-0.16964638233184814
-0.6039409637451172
-0.495367169380188
0.006785869598388672
-0.3562573194503784
-0.8957325220108032
0.8075162172317505
0.30536341667175293
0.5496540069580078
-0.9025181531906128
-0.5445643663406372
-0.3766148090362549
-0.5326893329620361
0.2850058078765869
-1.231631875038147
-0.8482315540313721
0.7871588468551636
0.07464432716369629
-0.3681323528289795
-1.2214531898498535
0.05767965316772461
0.011875152587890625
-1.0551999807357788
0.27143406867980957
-0.3494713306427002
-0.04750096797943115
0.11875241994857788
0.6480487585067749
-0.36982887983322144