0.7798457145690918
1.445399284362793
0.6572918891906738
0.8646788597106934
1.6857752799987793
1.3813939094543457
1.9002389907836914
2.214571714401245
0.4625229835510254
0.241485595703125
0.4357733726501465
0.6337008476257324
1.2004704475402832
1.2798595428466797
1.1336641311645508
1.7771308422088623
0.3260173797607422
0.5893893241882324
1.246476173400879
1.0382814407348633
0.7385501861572266
0.8110611438751221
-0.5241851806640625
2.110811233520508
-0.6191666126251221
0.8795299530029297
0.3682122230529785
1.858691930770874
0.5984907150268555
2.370866060256958
0.9709444046020508
2.8694162368774414
1.6691136360168457
1.3068037033081055
0.21988916397094727
1.0942692756652832
0.8538508415222168
0.17415618896484375
0.8110876083374023
1.2716631889343262
0.9889049530029297
0.6524896621704102
1.2438063621520996
0.9822988510131836
0.5195178985595703
0.855292797088623
1.7681951522827148
1.3283782005310059
1.5605392456054688
0.6764950752258301
1.6513092517852783
1.4843697547912598
1.9747405052185059
0.5105810165405273
0.4495062828063965
0.8196835517883301
2.302076578140259
0.9019708633422852
1.3745307922363281
1.8484888076782227
1.0660839080810547
0.9567806720733643
1.262810230255127
2.1867334842681885
0.6535062789916992
0.1662449836730957
1.8644800186157227
0.7340984344482422
1.2077786922454834
0.8706612586975098
0.9428315162658691
1.5699396133422852
0.00044536590576171875
0.7046480178833008
0.9575414657592773
1.6884756088256836
1.432528018951416
0.22232294082641602
1.061812400817871
1.4244437217712402
0.12142562866210938
1.4992201328277588
1.044990062713623
1.7501890659332275
1.3410391807556152
0.668144702911377
0.2828798294067383
1.0404462814331055
1.1213006973266602
1.780360221862793
1.3286199569702148
0.3742804527282715
0.11496591567993164
0.7055349349975586
1.1014037132263184
1.3846421241760254
1.597442626953125
0.8317084312438965
1.4139389991760254
0.9381029605865479
0.5031709671020508
-0.046831607818603516
1.6998217105865479
0.16431283950805664
0.8432755470275879
2.0806610584259033
0.9921464920043945
0.8028988838195801
0.839043140411377
0.9130501747131348
0.6124889850616455
0.5829544067382812
0.5939953327178955
1.2188420295715332
0.1336050033569336
1.553675651550293
0.8615036010742188
1.0901498794555664
0.30693578720092773
0.42928504943847656
1.407702922821045
1.1557064056396484
1.2801766395568848
1.1447649002075195
0.6736435890197754
1.1530160903930664
1.4510035514831543
0.9589951038360596
2.475353240966797
-0.1869029998779297
1.4942984580993652
0.3565998077392578
0.9973964691162109
0.08183574676513672
1.1738862991333008
0.6689729690551758
0.5576643943786621
1.5472712516784668
1.0557503700256348
1.2094206809997559
1.705857753753662
1.4053006172180176
0.6260018348693848
0.43018341064453125
1.2017135620117188
1.5039286613464355
0.5676541328430176
1.1660981178283691
0.8820414543151855
0.16409015655517578
1.2351908683776855
0.7063198089599609
1.294576644897461
0.8091340065002441
0.9046511650085449
0.4833798408508301
1.7446768283843994
-0.2660055160522461
1.0691032409667969
1.0914220809936523
0.6570472717285156
1.021477222442627
1.9566190242767334
1.640993595123291
0.9561686515808105
1.8368744850158691
1.1746907234191895
0.013947486877441406
1.0411829948425293
0.9566168785095215
0.9060955047607422
0.5252785682678223
1.1278176307678223
0.9557819366455078
1.161792278289795
1.223017692565918
1.32600736618042
1.3181734085083008
0.5233016014099121
0.9003725051879883
1.1573829650878906
1.549208641052246
0.7356290817260742
1.1287260055541992
0.5927438735961914
1.2006402015686035
1.2667255401611328
2.197476625442505
1.3807849884033203
0.7222785949707031
1.1036725044250488
1.0142903327941895
0.6937313079833984
2.076007843017578
0.5071489810943604
0.44406986236572266
2.333324670791626
0.564509391784668
1.223726749420166
0.18854379653930664
1.3580679893493652
-0.45447206497192383
0.5208792686462402
0.5736823081970215
0.6596956253051758
-0.004794597625732422
0.5418095588684082
0.6538290977478027
0.13893938064575195
0.7219271659851074
2.478026866912842
1.4943408966064453
1.942833423614502
1.1064090728759766
0.9440212249755859
0.5445985794067383
1.0355525016784668
0.44804954528808594
0.912898063659668
0.6331052780151367
1.2448768615722656
1.0286674499511719
-0.1974945068359375
1.4005122184753418
0.3657069206237793
1.158299207687378
-0.475893497467041
0.9339289665222168
1.0521612167358398
1.0145258903503418
0.805117130279541
1.245361089706421
1.4656362533569336
1.1064987182617188
0.9155769348144531
0.5300464630126953
1.547163486480713
1.930239200592041
1.2636451721191406
0.007544517517089844
1.0354747772216797
1.8605046272277832
-0.28980493545532227
1.2098546028137207
0.5856666564941406
0.5349912643432617
2.3322155475616455
1.104128360748291
1.0710711479187012
1.4345898628234863
1.485239028930664
1.0091285705566406
0.8704938888549805
0.032086849212646484
1.5806736946105957
1.1000213623046875
1.124516248703003
0.5035910606384277
1.1654014587402344
0.23972654342651367
1.1637029647827148
1.154012680053711
1.2096357345581055
0.7073736190795898
1.329890251159668
1.1991047859191895
0.7012648582458496
0.6795730590820312
0.7687420845031738
0.8786864280700684
1.2340035438537598
0.22564172744750977
0.5267038345336914
1.6593151092529297
0.7302608489990234
0.5419855117797852
1.1345062255859375
0.5897369384765625
0.3680453300476074
1.612471103668213
1.4673576354980469
0.9749665260314941
1.7376389503479004
0.999049186706543
2.169309139251709
0.9450688362121582
0.1832723617553711
0.7614483833312988
1.1640028953552246
0.648902416229248
0.3139176368713379
1.01835298538208
0.6709675788879395
0.3298211097717285
1.4788527488708496
1.6277103424072266
-0.4554872512817383
1.5208191871643066
0.3827219009399414
0.7366504669189453
1.1006708145141602
2.6653735637664795
0.41455984115600586
0.842320442199707
0.5205678939819336
1.3701581954956055
1.084993839263916
1.3522565364837646
1.5802016258239746
0.3991990089416504
0.5906562805175781
1.568129539489746
0.7187786102294922
0.8241682052612305
0.900242805480957
1.1807861328125
0.8301072120666504
1.6563339233398438
1.1305665969848633
1.3501105308532715
2.2529332637786865
1.2687997817993164
0.21167850494384766
1.2340378761291504
0.45754337310791016
2.194065570831299
0.40679121017456055
1.6969175338745117
-0.16436243057250977
0.8786859512329102
1.3337984085083008
1.4061222076416016
0.523712158203125
0.872258186340332
0.5953984260559082
1.1818032264709473
1.1675677299499512
0.769993782043457
1.439746379852295
1.6037378311157227
1.6674578189849854
1.6541337966918945
0.5695400238037109
1.5529847145080566
0.7786107063293457
0.5089621543884277
0.5669279098510742
1.4645545482635498
0.5140681266784668
1.19981050491333
2.171759605407715
1.50252366065979
0.14349889755249023
1.4897332191467285
1.2991414070129395
0.7382550239562988
0.8370795249938965
1.1579036712646484
1.4902501106262207
0.8508687019348145
0.9760169982910156
1.4755964279174805
0.9545869827270508
1.0852932929992676
0.007054805755615234
1.8473434448242188
0.37143850326538086
0.4291853904724121
1.0589914321899414
1.1922259330749512
1.193394660949707
0.992462158203125
0.44741082191467285
0.6699023246765137
2.2375266551971436
1.0357203483581543
1.278820514678955
1.2558674812316895
0.8304147720336914
2.28944993019104
0.5817074775695801
0.7937464714050293
1.085953950881958
0.16665172576904297
0.3796391487121582
0.8907341957092285
0.9202117919921875
1.3268895149230957
-0.07913875579833984
0.8163471221923828
0.23417186737060547
0.9153823852539062
1.0681614875793457
1.2856864929199219
1.1013412475585938
1.6484289169311523
1.01841402053833
0.9830808639526367
0.95318603515625
1.359245777130127
0.6394243240356445
-0.726963996887207
-0.11574220657348633
1.1276061534881592
1.3254432678222656
1.1741738319396973
0.6087808609008789
1.00022554397583
0.40191078186035156
0.8746485710144043
1.1403121948242188
0.3259754180908203
0.9962267875671387
0.466550350189209
1.0797505378723145
1.0001778602600098
1.7880089282989502
1.335688591003418
0.8092641830444336
0.4645242691040039
-0.13768672943115234
1.0364747047424316
-0.1730504035949707
1.4795942306518555
1.440678596496582
0.8457603454589844
0.46826171875
1.05218505859375
1.7062153816223145
1.248340129852295
1.2042875289916992
1.3527004718780518
1.3891167640686035
1.365443468093872
0.9694867134094238
1.2743291854858398
0.30594897270202637
0.016631603240966797
1.035855770111084
0.4634733200073242
1.02601957321167
1.7007975578308105
0.6450095176696777
0.33138561248779297
0.6376156806945801
1.760725498199463
1.0538139343261719
1.3621559143066406
0.8358874320983887
2.298983097076416
0.16422080993652344
0.5725483894348145
0.6926088333129883
1.083601951599121
0.7096362113952637
1.338320255279541
0.2554454803466797
0.8608341217041016
1.0032892227172852
0.7541646957397461
0.48496437072753906
0.9818496704101562
1.1823115348815918
2.2534399032592773
0.7541093826293945
1.5102534294128418
1.656914234161377
0.4999241828918457
1.3613181114196777
0.22865819931030273
1.0560295581817627
1.4491019248962402
1.9393248558044434
1.263495922088623
1.24131441116333
1.5863642692565918
1.318971872329712
1.4777531623840332
1.231846570968628
1.1523442268371582
1.6125826835632324
0.6699733734130859
1.480830192565918
1.0560293197631836
1.045304298400879
1.0247681140899658
0.6728286743164062
0.41828012466430664
0.36710023880004883
1.082979679107666
0.5352787971496582
1.905879020690918
0.811882495880127
0.9458813667297363
1.389467716217041
1.2393741607666016
1.663278579711914
2.07515287399292
1.2613682746887207
0.679326057434082
2.299276828765869
1.0653948783874512
1.2720246315002441
1.0516729354858398
0.8683784008026123
0.699730396270752
0.13724136352539062
0.5197792053222656
0.9385523796081543
1.3682289123535156
0.7466602325439453
1.2741875648498535
1.4212303161621094
0.8304080963134766
0.8815574645996094
0.9711771011352539
-0.2896428108215332
0.528742790222168
0.08524370193481445
1.9972376823425293
1.1552848815917969
0.2261052131652832
0.0030193328857421875
1.329833984375
1.340430498123169
0.09410810470581055
2.0234527587890625
1.0820856094360352
0.7778844833374023
0.1284465789794922
0.852332592010498
0.6432900428771973
2.0441644191741943
1.04118013381958
1.3368825912475586
0.9854693412780762
1.5350289344787598
1.0261778831481934
0.3217029571533203
0.14765501022338867
1.5454325675964355
-0.7218694686889648
2.3763997554779053
1.2736165523529053
2.373206615447998
0.8218960762023926
1.161726951599121
2.109898090362549
1.1566123962402344
0.4467644691467285
0.9716901779174805
1.7462527751922607
0.28845930099487305
1.796114444732666
1.6446428298950195
2.0208895206451416
0.697573184967041
0.11369514465332031
0.6468558311462402
1.1521873474121094
1.1174101829528809
1.6683666706085205
1.468827247619629
0.6795096397399902
1.4201459884643555
-0.061772823333740234
0.5530805587768555
1.2311220169067383
0.2648305892944336
0.13176250457763672
0.6748685836791992
0.4912557601928711
0.9240374565124512
1.4968483448028564
1.0203957557678223
0.9419045448303223
1.4565305709838867
0.9383888244628906
1.1156396865844727
1.1691114902496338
1.0946426391601562
0.8145370483398438
0.9541029930114746
0.7617182731628418
1.484461784362793
0.9266290664672852
1.8383808135986328
0.7791705131530762
1.139495849609375
2.6145503520965576
1.1801605224609375
-0.07064056396484375
1.4867424964904785
-0.14148759841918945
-0.4279506206512451
0.5458817481994629
0.2661585807800293
1.258772373199463
0.8628606796264648
0.6694741249084473
0.27872419357299805
-0.3325667381286621
0.7047967910766602
1.6013903617858887
-0.04091310501098633
0.021261215209960938
0.49355268478393555
1.8234848976135254
0.6043939590454102
0.6556143760681152
0.2800416946411133
1.0976276397705078
1.278597116470337
1.1330018043518066
1.939155101776123
1.14500093460083
1.1576976776123047
0.46013545989990234
0.723240852355957
-0.14483642578125
1.2577099800109863
0.9664185047149658
1.5796995162963867
0.7200117111206055
1.236328125
0.976982593536377
0.5758247375488281
0.7285199165344238
0.4299283027648926
0.4831719398498535
0.5477027893066406
1.784792184829712
0.5140724182128906
0.7632341384887695
1.045555591583252
1.786635398864746
1.6083221435546875
1.0590968132019043
0.3999624252319336
1.8870048522949219
0.41219043731689453
0.9797501564025879
1.6309967041015625
0.8771471977233887
1.201554298400879
0.9605555534362793
0.144134521484375
1.023697853088379
1.3688859939575195
1.6693928241729736
0.503596305847168
1.2547717094421387
2.0779409408569336
0.2710442543029785
1.1398687362670898
2.725987434387207
0.8735446929931641
1.7923555374145508
0.03521585464477539
2.1483325958251953
0.6512584686279297
0.6631851196289062
0.8169751167297363
0.6337122917175293
1.6166291236877441
1.0415194034576416
1.4187045097351074
0.9037261009216309
1.5841751098632812
1.2764630317687988
1.5409770011901855
0.1550917625427246
0.8394699096679688
1.408456802368164
1.0349068641662598
0.6349649429321289
0.9870896339416504
1.3728642463684082
0.9319977760314941
0.7976903915405273
0.8844223022460938
1.9343247413635254
0.910663366317749
1.5729436874389648
1.6280126571655273
1.6955666542053223
1.1951103210449219
0.9014110565185547
1.2464361190795898
0.5962064266204834
0.7409706115722656
0.9644103050231934
0.6331357955932617
1.6437153816223145
0.8963651657104492
1.2466378211975098
1.3734970092773438
1.3277273178100586
1.5774767398834229
0.8394312858581543
1.1310920715332031
0.7211594581604004
0.10036802291870117
0.47916603088378906
0.9713406562805176
0.6242580413818359
1.0027275085449219
0.8750462532043457
1.728121042251587
1.2562181949615479
1.7801494598388672
2.0152792930603027
1.445523738861084
0.5255541801452637
0.9835200309753418
0.4930548667907715
0.7050786018371582
0.7291445732116699
1.1005916595458984
0.8921966552734375
0.6515712738037109
0.2589235305786133
0.8974411487579346
2.1596436500549316
1.4859395027160645
1.6997623443603516
1.3311710357666016
0.7200803756713867
0.7598419189453125
1.350578784942627
0.9280142784118652
0.9336864948272705
1.3431549072265625
0.2798781394958496
2.141568899154663
1.4923396110534668
1.8190441131591797
1.9240365028381348
2.2041027545928955
1.0314695835113525
0.4656672477722168
-0.301119327545166
1.3893418312072754
1.2046656608581543
1.4091663360595703
0.9638290405273438
1.3277511596679688
0.6342618465423584
0.8232376575469971
-0.09277629852294922
1.0793647766113281
1.3670191764831543
0.8070182800292969
1.2463927268981934
0.8781952857971191
1.261547565460205
1.194000244140625
0.7229161262512207
1.6072702407836914
2.546701669692993
0.7847633361816406
1.11806321144104
0.8944230079650879
1.6982102394104004
1.4870634078979492
0.21146631240844727
1.2808480262756348
2.0343809127807617
0.686457633972168
1.3873562812805176
0.15751123428344727
1.223414421081543
1.3811836242675781
0.8064284324645996
1.8827672004699707
0.4460926055908203
0.6023728847503662
1.151794195175171
0.32593345642089844
0.5037169456481934
0.5676679611206055
1.473043441772461
0.4610261917114258
0.7103614807128906
0.987722635269165
1.9747405052185059
1.5348010063171387
0.6297259330749512
0.7263407707214355
2.058384895324707
0.9982337951660156
-0.10436868667602539
0.9157681465148926
0.7098956108093262
0.8044826984405518
1.061772346496582
1.1753058433532715
0.1867051124572754
0.506561279296875
0.5260543823242188
1.4380009174346924
0.8322625160217285
1.5635242462158203
1.4803004264831543
1.244492769241333
1.2380199432373047
2.246669292449951
0.695807933807373
1.5591540336608887
2.6683783531188965
1.1815216541290283
1.097531795501709
0.6305093765258789
0.6120328903198242
0.5281352996826172
0.24861907958984375
0.7554450035095215
0.8788180351257324
1.3021700382232666
1.3417577743530273
1.306896686553955
0.9206976890563965
2.2801666259765625
0.580348014831543
0.9096097946166992
1.8278098106384277
1.0196490287780762
1.294996738433838
1.4751973152160645
0.6797833442687988
2.022667646408081
0.9241936206817627
1.3469266891479492
-0.6091828346252441
1.2401738166809082
1.6359987258911133
1.4929165840148926
1.5424489974975586
0.585665225982666
1.2399687767028809
2.0360305309295654
1.387906551361084
0.4973134994506836
1.1931724548339844
-0.062487125396728516
0.5064520835876465
1.1972484588623047
0.927802562713623
-0.0048980712890625
0.34762048721313477
1.8817963600158691
0.8314881324768066
1.8114213943481445
1.426060438156128
1.9819488525390625
0.9268498420715332
0.22265911102294922
1.0257353782653809
1.7289369106292725
0.6199893951416016
0.2585577964782715
1.2598652839660645
0.3851480484008789
1.2131257057189941
0.6388716697692871
-0.3027172088623047
0.5824012756347656
1.0211834907531738
0.5950326919555664
1.2896342277526855
0.31694889068603516
1.374861240386963
0.5372319221496582
1.2052998542785645
0.23337602615356445
0.9215569496154785
0.5936574935913086
0.6907119750976562
0.8287813663482666
-0.08259057998657227
0.36533546447753906
1.5853731632232666
0.40490007400512695
1.509497880935669
0.30280065536499023
0.7592744827270508
0.9340548515319824
0.29340600967407227
1.4910855293273926
1.0720720291137695
0.7305164337158203
0.49846887588500977
1.1584558486938477
0.7017979621887207
1.0587849617004395
0.9853639602661133
1.3308172225952148
0.445345401763916
1.3597583770751953
0.9139165878295898
1.1303439140319824
1.4191303253173828
0.9142665863037109
0.626314640045166
1.1612911224365234
1.3127079010009766
0.9205865859985352
1.526942253112793
0.9651918411254883
-0.40027904510498047
0.044180870056152344
1.6828041076660156
2.339137315750122
0.7825279235839844
1.1155085563659668
1.6958847045898438
1.2597298622131348
0.45967531204223633
1.6554815769195557
0.9981131553649902
0.7528491020202637
0.7046599388122559
1.4620871543884277
0.9114298820495605
0.3843502998352051
0.7309951782226562
1.444864273071289
1.1785058975219727
1.0618669986724854
0.9032506942749023
1.1738362312316895
0.5221753120422363
1.3230767250061035
0.6922602653503418
0.28528404235839844
0.4781532287597656
-0.28247594833374023
0.7299962043762207
0.9294295310974121
0.9717812538146973
1.3747625350952148
1.269516944885254
1.4557394981384277
1.3154950141906738
1.0323059558868408
0.5899744033813477
0.33111095428466797
-0.07362031936645508
1.3387374877929688
1.1731901168823242
0.4539351463317871
0.7616357803344727
0.7268581390380859
0.8957109451293945
1.1128458976745605
1.480936050415039
1.584765911102295
0.9217629432678223
1.2199645042419434
1.5141072273254395
0.6085867881774902
1.3569402694702148
1.8483448028564453
0.6736392974853516
0.5408730506896973
0.28784942626953125
-0.21615266799926758
1.3761649131774902
0.6885757446289062
-0.45424938201904297
1.2889437675476074
0.5792210102081299
0.673865795135498
0.9357209205627441
0.5172531604766846
0.19397640228271484
0.14719915390014648
0.767423152923584
1.2685163021087646
0.2197566032409668
1.568789005279541
1.7931606769561768
1.4522600173950195
1.576282024383545
1.1333770751953125
1.1859517097473145
1.2572765350341797
2.2445459365844727
0.5162162780761719
1.4357762336730957
0.7748537063598633
0.5852885246276855
1.071291446685791
0.9160051345825195
0.9582409858703613
1.520998477935791
0.9710960388183594
0.8847951889038086
1.3443198204040527
0.846886157989502
1.100750207901001
1.2884044647216797
1.0218698978424072
0.2800416946411133
1.486250400543213
1.8941569328308105
0.6732931137084961
1.3951091766357422
1.2631926536560059
0.39693737030029297
-0.10464668273925781
1.761549472808838
1.4927682876586914
1.311933994293213
1.1169748306274414
1.0248041152954102
0.4090404510498047
0.9238929748535156
1.3692917823791504
0.1586618423461914
1.9467287063598633
0.6111927032470703
0.5178189277648926
0.6548395156860352
1.6050357818603516
0.20084619522094727
1.1455845832824707
1.8492307662963867
1.9663023948669434
1.5397772789001465
0.44178104400634766
0.48696041107177734
0.6777329444885254
1.580038070678711
0.26938343048095703
0.48634815216064453
1.9334208965301514
0.4388294219970703
1.1638069152832031
0.4434795379638672
0.7183761596679688
-0.2932753562927246
1.3646719455718994
0.2229461669921875
1.7159628868103027
0.20142412185668945
0.8450455665588379
0.7107672691345215
0.5572724342346191
0.8193140029907227
0.8239006996154785
1.0751657485961914
0.809596061706543
1.6672043800354004
1.4930601119995117
0.9056859016418457
0.46758174896240234
1.1747345924377441
-0.13085365295410156
1.234013557434082
0.7970085144042969
1.1949591636657715
1.1900858879089355
1.0818963050842285
0.5490283966064453
1.2566475868225098
0.6875262260437012
1.2078847885131836
0.544130802154541
0.8649883270263672
1.0425693988800049
1.724390983581543
0.3828301429748535
1.8205151557922363
0.766392707824707
1.6134343147277832
0.8821806907653809
1.3165130615234375
1.460824966430664
1.3494868278503418
0.7496337890625
1.8332252502441406
1.5636622905731201
0.40082788467407227
1.3832683563232422
1.620483636856079
0.7329773902893066
1.2329492568969727
0.9481048583984375
1.1979646682739258
1.2823596000671387
1.0558271408081055
1.5637402534484863
1.1763858795166016
1.2685132026672363
1.11952543258667
1.4146008491516113
1.5816755294799805
0.3489651679992676
0.31360292434692383
1.4092178344726562
0.8974480628967285
1.3942184448242188
1.6164884567260742
1.3337092399597168
0.9289836883544922
0.5746912956237793
1.286271095275879
1.8572158813476562
0.3904256820678711
0.5486578941345215
0.2533531188964844
1.0704765319824219
0.7524223327636719
0.41399240493774414
0.5858373641967773
0.8533070087432861
1.828939437866211
-0.1579117774963379
1.0647897720336914
1.8223423957824707
-0.03832578659057617
0.6404666900634766
0.742276668548584
0.49465322494506836
1.8670573234558105
1.4871330261230469
0.49013566970825195
-0.336611270904541
1.5789270401000977
1.215207576751709
1.3011789321899414
2.0294885635375977
0.6893644332885742
2.0040619373321533
-0.049986839294433594
0.16708612442016602
1.6619274616241455
0.19655752182006836
0.9533591270446777
0.3615226745605469
0.4228181838989258
1.7781953811645508
1.524423360824585
-0.1122431755065918
1.5339698791503906
0.384580135345459
1.2606282234191895
1.2650675773620605
0.7559857368469238
1.5583314895629883
1.1911711692810059
0.843071460723877
-0.3727574348449707
0.25427865982055664
0.5574607849121094
1.1845312118530273
1.7294564247131348
0.6681675910949707
0.20182323455810547
0.37584972381591797
1.3728113174438477
1.7339777946472168
1.2720775604248047
0.23840093612670898
1.3529949188232422
1.598353624343872
0.9930024147033691
0.6321649551391602
1.5976901054382324
0.7185163497924805
0.4960050582885742
0.5876874923706055
1.8561320304870605
0.989715576171875
1.351823329925537
1.227461814880371
1.6076993942260742
0.780888557434082
1.6301231384277344
1.0386488437652588
0.9851672649383545
0.8062565326690674
0.9595775604248047
1.1280524730682373
0.6259691715240479
0.6323835849761963
0.389615535736084
1.6289615631103516
0.9419398307800293
1.1449332237243652
0.8823721408843994
0.5182285308837891
0.4893765449523926
1.0831575393676758
1.4022912979125977
0.9801821708679199
1.0421168804168701
0.7236771583557129
0.9064369201660156
0.08418512344360352
-0.2703986167907715
-0.16290807723999023
0.2871112823486328
2.254507064819336
1.4353837966918945
1.1177444458007812
1.2970707416534424
0.5358562469482422
0.38080358505249023
1.1113290786743164
1.1986887454986572
0.22021245956420898
0.4271855354309082
1.3771748542785645
0.6271038055419922
0.23728227615356445
1.4575755596160889
0.30153942108154297
1.0665788650512695
0.023581981658935547
0.44687700271606445
2.5319581031799316
1.5881304740905762
0.30248451232910156
0.9228599071502686
2.058432102203369
0.624969482421875
0.3793630599975586
0.42618608474731445
1.2972197532653809
1.4765031337738037
0.7879247665405273
0.41071319580078125
0.9594554901123047
1.601107120513916
0.7641501426696777
0.9474124908447266
0.5050396919250488
0.8230795860290527
0.5199503898620605
1.2871599197387695
0.6526408195495605
0.588249683380127
1.514009952545166
0.7432570457458496
2.081296443939209
0.8142852783203125
0.5170736312866211
1.2430708408355713
0.9140729904174805
1.1236546039581299
1.5299572944641113
0.39753103256225586
1.0047926902770996
2.330003499984741
0.8926539421081543
0.3999042510986328
1.2536084651947021
1.2597861289978027
0.8596019744873047
1.2612261772155762
1.436154842376709
2.152775764465332
1.5966005325317383
1.6403775215148926
0.6595749855041504
1.0052642822265625
1.0819416046142578
-0.06363296508789062
1.4545774459838867
0.8238644599914551
1.2281033992767334
0.8862676620483398
0.5221982002258301
2.8810157775878906
0.7682328224182129
1.7117397785186768
0.7648272514343262
1.1763677597045898
1.1819257736206055
0.9628176689147949
0.619102954864502
1.3930163383483887
1.2567472457885742
0.8071644306182861
0.7650966644287109
0.9590756893157959
1.1310811042785645
1.785989761352539
0.5042686462402344
0.8112406730651855
0.5800156593322754
1.2139267921447754
0.5805110931396484
1.4323368072509766
1.6674246788024902
0.9807682037353516
0.9088039398193359
1.0418024063110352
1.608642578125
1.2157611846923828
0.4166097640991211
-0.19829607009887695
1.8167262077331543
0.511282205581665
1.5240507125854492
1.2311105728149414
0.6670422554016113
1.7411417961120605
1.2495317459106445
1.1995348930358887
0.8067052364349365
0.44092607498168945
1.5567622184753418
0.6595263481140137
1.684980869293213
1.3803801536560059
0.9171972274780273
1.1644716262817383
1.0862174034118652
0.9294142723083496
0.1331629753112793
1.2939987182617188
0.8419651985168457
1.0425682067871094
0.8475766181945801
0.7390344142913818
0.14183998107910156
1.3846232891082764
1.8948945999145508
1.4894495010375977
1.2015280723571777
1.7759528160095215
0.42246294021606445
-0.3862943649291992
1.1201601028442383
0.13558197021484375
-0.23363542556762695
0.7424867153167725
0.739957332611084
1.3266024589538574
0.19524335861206055
0.6856193542480469
2.3191463947296143
1.5719752311706543
1.012258529663086
1.1208438873291016
0.501065731048584
2.236272096633911
1.0834999084472656
0.7398247718811035
1.8040952682495117
0.7999653816223145
0.5765547752380371
0.024849891662597656
2.30810284614563
1.4111313819885254
0.7314395904541016
0.29318904876708984
0.8582735061645508
1.7153935432434082
1.23008131980896
1.6866183280944824
0.8938088417053223
1.869865894317627
0.5741686820983887
1.9781041145324707
0.8479123115539551
1.050302505493164
1.1651477813720703
2.060995578765869
1.3675436973571777
1.0271477699279785
0.3781442642211914
0.9526429176330566
0.9714293479919434
1.5834860801696777
0.7533941268920898
1.1024999618530273
0.8369240760803223
0.9957280158996582
1.2850244045257568
0.26694202423095703
0.9750308990478516
0.9430832862854004
0.2885298728942871
0.9417905807495117
2.096698760986328
1.3980488777160645
1.798783779144287
0.6329936981201172
1.2595763206481934
1.8035924434661865
0.5634634494781494
-0.13392210006713867
-0.04680490493774414
-0.019249916076660156
0.23076534271240234
1.0098624229431152
0.8809266090393066
-0.5546762943267822
0.4983029365539551
0.7989511489868164
0.6222729682922363
1.109238624572754
0.6187014579772949
0.9008913040161133
0.527897834777832
1.6904454231262207
0.43829774856567383
0.2712745666503906
1.1172046661376953
1.3285393714904785
0.25348758697509766
1.1257848739624023
1.2162604331970215
1.0760865211486816
0.28857851028442383
1.0674095153808594
0.5955867767333984
0.3694119453430176
0.9945402145385742
0.882483959197998
1.8543980121612549
1.778416633605957
1.060190200805664
1.1083765029907227
0.782435417175293
-0.0483555793762207
1.3071784973144531
-0.1082453727722168
1.5930595397949219
0.4632129669189453
0.7330038547515869
1.2830493450164795
-0.15369510650634766
1.3242542743682861
1.4637446403503418
1.6087870597839355
0.4159407615661621
0.7341105937957764
1.2877345085144043
1.2069392204284668
1.7940831184387207
1.7265892028808594
0.9053239822387695
1.1731839179992676
0.5205001831054688
2.5218777656555176
1.5098042488098145
0.719233512878418
-0.32955265045166016
1.334230899810791
0.7291512489318848
1.289794921875
0.8263330459594727
1.2145848274230957
1.8192133903503418
1.5454530715942383
0.5506782531738281
2.0573060512542725
2.317408800125122
2.125812530517578
0.4140491485595703
0.4587869644165039
0.6030974388122559
1.0158419609069824
1.1406035423278809
2.245495557785034
0.8252215385437012
1.1017532348632812
1.8013734817504883
1.3197057247161865
0.8077449798583984
1.4090237617492676
1.9973194599151611
0.9046101570129395
1.094301700592041
0.3102531433105469
0.43609094619750977
0.051448822021484375
1.4454388618469238
0.4715876579284668
0.9887199401855469
0.7714657783508301
0.37002134323120117
0.09410524368286133
0.27765321731567383
0.918604850769043
0.690605640411377
1.2155466079711914
0.6990156173706055
0.858734130859375
0.20880460739135742
1.8720972537994385
2.2021310329437256
1.2711987495422363
0.691988468170166
1.048067569732666
0.6709611415863037
1.5208158493041992
0.85894775390625
1.1585073471069336
1.5151214599609375
0.4161100387573242
0.6127982139587402
0.8637371063232422
1.0322926044464111
1.0186524391174316
1.2988250255584717
0.34128379821777344
0.09406375885009766
1.2676081657409668
0.6343245506286621
0.706820011138916
1.7325904369354248
-0.2390737533569336
0.7059545516967773
1.282738208770752
1.5382976531982422
1.156297206878662
1.126617431640625
1.5866520404815674
2.1697683334350586
1.5797367095947266
1.0123920440673828
1.523164987564087
1.3665690422058105
0.17239952087402344
-0.11766242980957031
0.5510315895080566
-0.10469293594360352
0.7011003494262695
1.5101046562194824
1.0555777549743652
1.9545903205871582
1.0220012664794922
1.181373119354248
0.5336418151855469
0.7223930358886719
0.7232818603515625
0.6839187145233154
1.1004142761230469
2.31976318359375
0.7568931579589844
0.9918098449707031
0.7940936088562012
0.5859208106994629
1.0559735298156738
1.0336031913757324
1.7331609725952148
1.473893642425537
0.6325206756591797
1.1829109191894531
1.0403013229370117
1.3506054878234863
0.36928367614746094
1.1064658164978027
0.28162670135498047
1.2701830863952637
0.5991029739379883
0.34699535369873047
0.43830347061157227
0.5127725601196289
0.8356747627258301
0.890134334564209
1.7133660316467285
0.5162148475646973
1.5841670036315918
0.29578590393066406
0.781282901763916
0.8220210075378418
1.2598345279693604
1.0452513694763184
-0.14015674591064453
1.5201478004455566
1.4474048614501953
0.8114748001098633
1.8140525817871094
1.3076996803283691
0.3071322441101074
0.19489383697509766
1.2303104400634766
1.9777336120605469
1.7583613395690918
0.6183381080627441
-0.13521289825439453
1.362989902496338
1.1125497817993164
0.4088873863220215
0.7388448715209961
0.8644754886627197
0.6378772258758545
1.3624796867370605
1.2942428588867188
1.204267978668213
0.4506521224975586
0.4572410583496094
1.0080552101135254
1.305246353149414
1.3042688369750977
0.5686049461364746
1.0785260200500488
1.1752512454986572
1.6273157596588135
0.3019890785217285
1.2635369300842285
0.09757661819458008
1.5212030410766602
1.081895112991333
1.7518532276153564
1.4155786037445068
0.39486026763916016
0.14124059677124023
0.9388637542724609
1.4638934135437012
0.0005903244018554688
1.5045504570007324
1.170443058013916
1.2480859756469727
0.4595341682434082
0.7198972702026367
0.9946279525756836
0.4311075210571289
2.300469398498535
1.541611671447754
1.903104305267334
1.2549219131469727
1.0523509979248047
1.975212574005127
1.0697927474975586
0.9779400825500488
0.5368828773498535
1.296297550201416
0.9777088165283203
1.713744878768921
1.0037245750427246
1.5259203910827637
0.6101458072662354
1.060861587524414
1.4327764511108398
2.91013765335083
1.6842622756958008
0.6653907299041748
1.215090274810791
2.238736629486084
-0.42189693450927734
1.409318447113037
1.212325096130371
0.630805492401123
0.6729357242584229
0.21832513809204102
-0.2824211120605469
0.9092197418212891
1.4219298362731934
1.4224090576171875
0.7919573783874512
0.6199049949645996
0.854729175567627
1.1069512367248535
1.2149772644042969
1.2492849826812744
0.3139333724975586
0.9420771598815918
1.6235144138336182
1.4635124206542969
-0.23146295547485352
1.005784511566162
0.24701929092407227
0.5355167388916016
1.2948708534240723
2.2775826454162598
1.0045256614685059
0.6193675994873047
0.9245285987854004
0.4258537292480469
1.699904441833496
0.5259785652160645
0.5262560844421387
0.8241636753082275
1.131601333618164
0.018727779388427734
0.8424921035766602
1.1751914024353027
0.9972724914550781
0.27933740615844727
1.1682991981506348
1.4338746070861816
1.0130300521850586
0.9833698272705078
1.0540790557861328
1.128817081451416
0.8446559906005859
-0.07584381103515625
0.9022302627563477
1.3902029991149902
0.9690885543823242
0.42734336853027344
0.3524813652038574
0.9104080200195312
1.56292724609375
2.058762311935425
1.10929536819458
0.9194011688232422
1.466904640197754
0.507230281829834
1.344921588897705
1.1995582580566406
1.3972687721252441
0.265622615814209
0.8758654594421387
1.1652917861938477
0.8035550117492676
1.1879363059997559
0.8461074829101562
1.1314668655395508
1.7337164878845215
1.224435806274414
0.5301127433776855
2.4461517333984375
0.7229185104370117
1.170870304107666
-0.47927212715148926
1.0841164588928223
0.853520393371582
1.3201255798339844
0.9040861129760742
1.4945440292358398
1.0053951740264893
1.0838394165039062
1.1341090202331543
0.22234225273132324
0.7845668792724609
0.42719173431396484
0.609471321105957
1.4290461540222168
1.4555277824401855
1.2353606224060059
0.6099662780761719
0.28214454650878906
-0.6949348449707031
0.36943960189819336
1.6181635856628418
0.03493785858154297
1.1369247436523438
1.3938710689544678
1.5592575073242188
0.8891077041625977
-0.13402795791625977
0.9907102584838867
0.8188633918762207
1.1328887939453125
1.5420987606048584
1.23982834815979
1.2142643928527832
0.4005885124206543
1.2587957382202148
1.0441184043884277
1.364405632019043
1.7275056838989258
1.016303539276123
1.062225341796875
0.6894106864929199
0.842033863067627
1.9797158241271973
1.3280315399169922
0.9878888130187988
0.9772050380706787
2.016345500946045
0.9302277565002441
0.8283076286315918
-0.480776309967041
1.0000019073486328
1.1063084602355957
2.3191826343536377
1.9637818336486816
0.9309444427490234
0.4218440055847168
0.9977169036865234
0.670987606048584
0.7411127090454102
0.42377305030822754
0.2714390754699707
0.7910962104797363
1.0578498840332031
1.5957655906677246
0.26209306716918945
1.5158183574676514
0.8375246524810791
1.2053813934326172
1.4347600936889648
0.04447293281555176
1.0025343894958496
1.0823001861572266
1.3762011528015137
0.6909294128417969
1.6201739311218262
0.9500341415405273
0.7086405754089355
0.36623668670654297
1.1158909797668457
1.142888069152832
0.9812607765197754
1.6665267944335938
0.945866584777832
0.5100908279418945
0.4500694274902344
1.9328887462615967
0.4453608989715576
0.6094379425048828
0.5131988525390625
0.5772585868835449
-0.10773992538452148
1.0925993919372559
0.46270227432250977
1.3340332508087158
0.7656745910644531
0.4244065284729004
1.5047917366027832
1.4234154224395752
0.30236148834228516
1.274655818939209
0.9284207820892334
0.8342185020446777
1.9323580265045166
1.4792804718017578
0.8761618137359619
0.31119394302368164
0.25330162048339844
0.4449291229248047
0.505237340927124
0.5869035720825195
0.22884178161621094
-0.3868279457092285
0.1442561149597168
0.6621580123901367
1.0802936553955078
0.600433349609375
0.02355337142944336
0.7078847885131836
1.574012279510498
1.617415428161621
1.697749137878418
1.1979928016662598
1.1714324951171875
0.7077426910400391
1.624880075454712
1.5963268280029297
-0.06831741333007812
0.7199273109436035
0.91046142578125
0.522559642791748
0.500347375869751
0.8318796157836914
1.404510498046875
1.072920799255371
0.7527408599853516
1.6172995567321777
0.9046318531036377
1.3286113739013672
0.12492942810058594
1.2254505157470703
1.303257942199707
0.6651721000671387
0.7007975578308105
1.0513510704040527
1.1018104553222656
0.14975929260253906
-0.3234591484069824
1.3169126510620117
0.9509692192077637
0.5328340530395508
1.0244808197021484
1.160090446472168
0.6584339141845703
1.080439567565918
0.9180283546447754
1.1994218826293945
1.2663912773132324
0.3449134826660156
0.7667422294616699
0.7469358444213867
0.590029239654541
-0.23202991485595703
2.102898120880127
1.4610848426818848
2.127234697341919
2.7145886421203613
0.6418647766113281
1.1300268173217773
0.40955638885498047
0.8109502792358398
1.1830406188964844
0.3876533508300781
1.3243317604064941
-0.15278100967407227
1.379887580871582
-0.3499946594238281
1.4784178733825684
1.8756933212280273
0.6099328994750977
0.6593379974365234
1.0995445251464844
1.2488117218017578
-0.096954345703125
1.1516566276550293
0.5079212188720703
1.7682042121887207
1.2127530574798584
1.482832431793213
0.7185754776000977
0.7945632934570312
1.720688819885254
1.1363091468811035
1.7791690826416016
0.9197301864624023
0.642207145690918
0.32941293716430664
0.8373298645019531
1.715247392654419
0.710853099822998
0.3631429672241211
1.0660209655761719
1.1406221389770508
0.9927740097045898
1.3671343326568604
1.4384722709655762
1.4031016826629639
1.6739590167999268
0.903092622756958
0.7093067169189453
-0.14452314376831055
1.0242729187011719
1.6752262115478516
1.093672752380371
1.0074119567871094
1.655561923980713
1.003124713897705
0.7627992630004883
1.2441844940185547
1.6380953788757324
1.8572959899902344
1.2777752876281738
1.0033354759216309
1.4617609977722168
0.40183210372924805
1.337165355682373
2.1640355587005615
0.24221134185791016
0.7569036483764648
1.1959471702575684
0.3936018943786621
1.4449825286865234
-0.13344383239746094
1.7506279945373535
1.7637414932250977
-0.4308013916015625
1.059464454650879
1.1559934616088867
0.8711881637573242
0.5458817481994629
0.5544090270996094
1.1841444969177246
0.13146352767944336
1.4535062313079834
1.3939690589904785
0.2091052532196045
1.974975824356079
1.234405517578125
1.1121025085449219
-0.008348464965820312
0.7341456413269043
1.2358269691467285
1.2678160667419434
1.456303596496582
1.9775867462158203
0.36745643615722656
1.7618303298950195
0.8552823066711426
1.4158945083618164
0.7169570922851562
0.37511777877807617
0.1843128204345703
0.6934852600097656
1.5479869842529297
1.2428851127624512
1.0393705368041992
1.461721420288086
1.5596003532409668
0.5675041675567627
1.1305360794067383
1.6024580001831055
0.48960113525390625
1.8547170162200928
0.9079267978668213
0.427600622177124
0.66015625
3.1253013610839844
1.378690242767334
1.059692621231079
0.9625468254089355
0.6021623611450195
1.0077776908874512
0.70432448387146
1.4512219429016113
0.3867349624633789
0.3899683952331543
1.5100500583648682
3.095844268798828
0.7599787712097168
2.1234688758850098
0.7419381141662598
1.1809563636779785
1.3868920803070068
0.7863702774047852
0.5324954986572266
1.1888720989227295
0.7164158821105957
1.1447391510009766
1.2495532035827637
1.630021095275879
0.488253116607666
-0.8589253425598145
1.222435474395752
1.0873231887817383
0.7850227355957031
0.5734643936157227
0.8139724731445312
1.4690098762512207
0.9362807273864746
1.1497797966003418
2.0919411182403564
0.841078519821167
0.19393396377563477
0.8910427093505859
0.5221428871154785
1.6688919067382812
2.438164710998535
1.5460577011108398
1.5606660842895508
-0.032779693603515625
0.8804893493652344
0.3612523078918457
0.8911137580871582
1.4057774543762207
0.7792148590087891
1.1842541694641113
1.384091854095459
1.3034069538116455
1.6432971954345703
0.7254557609558105
0.4186105728149414
2.0264039039611816
0.13086700439453125
0.3697021007537842
1.5246634483337402
2.56022310256958
1.6882452964782715
0.8961548805236816
0.30180978775024414
1.0060667991638184
1.815220832824707
0.6833066940307617
1.009934902191162
0.9995894432067871
-0.24457216262817383
1.1100268363952637
0.6742639541625977
0.6403312683105469
1.3517770767211914
1.0917620658874512
1.3446378707885742
-0.32387447357177734
0.5495767593383789
1.5241398811340332
0.8997879028320312
1.81461763381958
1.0136499404907227
0.35799121856689453
1.2961158752441406
0.8424324989318848
0.8034152984619141
0.8948884010314941
0.21384143829345703
1.2407898902893066
0.2821521759033203
0.44988298416137695
0.36976146697998047
1.5773429870605469
1.1665410995483398
1.2962708473205566
0.34061670303344727
1.1789557933807373
1.4318275451660156
0.5600752830505371
0.5013184547424316
1.189220905303955
0.9596400260925293
0.9143648147583008
0.8201820850372314
1.0704460144042969
0.7017054557800293
0.44985294342041016
1.0866351127624512
1.1920428276062012
1.9750092029571533
1.5292515754699707
1.2947025299072266
0.6325421333312988
0.8323602676391602
0.4438624382019043
1.406322956085205
0.7767472267150879
1.237149953842163
1.459425687789917
0.2727494239807129
1.4623231887817383
0.6965360641479492
1.3308558464050293
0.4684562683105469
0.9458222389221191
0.8602371215820312
0.26337146759033203
0.8444862365722656
1.0962586402893066
0.8475136756896973
1.448434829711914
1.266066551208496
0.8978023529052734
1.4454116821289062
2.0464205741882324
1.0742816925048828
1.2381696701049805
1.3950552940368652
0.5989804267883301
1.4060521125793457
0.8204431533813477
0.5936279296875
0.3364710807800293
1.554802417755127
0.7919492721557617
0.5933260917663574
0.3503117561340332
1.0253775119781494
0.18770837783813477
0.485166072845459
1.200617790222168
0.4512057304382324
0.1551342010498047
1.4087166786193848
1.0481884479522705
0.49109387397766113
0.9359543323516846
0.755556583404541
1.270613670349121
1.0868809223175049
1.2576904296875
0.6370835304260254
0.14907169342041016
0.22819232940673828
0.4124183654785156
1.711965560913086
0.9397320747375488
1.7314589023590088
1.9728028774261475
0.8782811164855957
1.1598401069641113
1.318976640701294
0.8593869209289551
1.0172557830810547
0.23865604400634766
1.179755687713623
1.7068662643432617
0.5035419464111328
0.3788728713989258
-0.4048476219177246
1.137803077697754
1.4816083908081055
0.914146900177002
1.1510038375854492
0.26181697845458984
0.3798842430114746
1.148533821105957
0.4674997329711914
2.042032241821289
0.6027331352233887
0.14983224868774414
-0.5570201873779297
0.6031126976013184
0.975308895111084
0.4284849166870117
0.6929583549499512
0.9030189514160156
0.9910674095153809
0.7832071781158447
0.5897507667541504
1.792217493057251
1.1463751792907715
0.42420530319213867
0.9151287078857422
-0.12039756774902344
0.3312697410583496
0.02646780014038086
0.2724008560180664
0.5810317993164062
0.49284791946411133
1.5423848628997803
0.021642684936523438
1.0126452445983887
1.6768779754638672
0.3120880126953125
0.35111236572265625
1.1276297569274902
2.0739798545837402
1.8089842796325684
0.6591057777404785
0.7674884796142578
0.8049416542053223
1.8338098526000977
1.0067706108093262
0.6338906288146973
0.3278317451477051
1.0382695198059082
0.8698325157165527
1.387284278869629
1.1553058624267578
1.1119866371154785
0.667273998260498
1.3326795101165771
1.2388463020324707
1.552922248840332
0.737884521484375
0.6648845672607422
0.8569021224975586
1.2623896598815918
1.5195939540863037
1.267958641052246
1.5208182334899902
0.3318819999694824
1.6023340225219727
0.7669882774353027
1.4327893257141113
0.48560380935668945
0.5939178466796875
2.020998477935791
1.8097624778747559
0.8142681121826172
1.0023512840270996
1.1758861541748047
0.55242919921875
0.9909319877624512
0.8333597183227539
0.6221985816955566
-0.27717113494873047
1.0062813758850098
1.5068821907043457
0.8175723552703857
0.8268067836761475
0.5583148002624512
0.1041412353515625
1.9481353759765625
0.7080578804016113
1.3884763717651367
0.29153966903686523
0.7285270690917969
0.8562889099121094
1.2912936210632324
1.3658437728881836
1.6795945167541504
0.20091867446899414
1.3672175407409668
-0.09864521026611328
1.081986904144287
1.2688403129577637
0.8445062637329102
2.3695528507232666
1.0482525825500488
0.6197495460510254
1.1550838947296143
1.9603359699249268
2.101123571395874
1.2023396492004395
0.9741225242614746
0.7495927810668945
0.4915013313293457
0.9595198631286621
1.0425033569335938
1.3900585174560547
1.0665349960327148
0.8431963920593262
0.6188650131225586
1.7869138717651367
1.2754418849945068
0.26029348373413086
2.003721237182617
0.5115756988525391
0.4953341484069824
1.5735812187194824
0.967827320098877
0.7500076293945312
0.14453983306884766
1.0458564758300781
0.9023008346557617
2.2655720710754395
1.1033639907836914
1.4142308235168457
0.9899125099182129
0.46464109420776367
0.5000443458557129
0.19494247436523438
1.56156587600708
0.9833955764770508
0.7931923866271973
1.8373215198516846
2.0007147789001465
0.5784859657287598
1.2119340896606445
0.7492480278015137
0.37197065353393555
0.8341827392578125
0.31839656829833984
0.7292470932006836
1.1586575508117676
0.8406071662902832
1.2740583419799805
0.9957361221313477
0.9981145858764648
0.6546916961669922
0.37558984756469727
-0.03467893600463867
0.7015256881713867
1.1678247451782227
0.7311172485351562
1.052217960357666
0.35309457778930664
0.8187017440795898
1.4379186630249023
1.7641849517822266
1.2379188537597656
0.935673713684082
1.1336512565612793
0.8198680877685547
1.2567672729492188
0.286588191986084
1.7214879989624023
0.32259178161621094
1.2329206466674805
0.9511809349060059
1.4213333129882812
1.0905437469482422
0.4130525588989258
-0.17083120346069336
0.4434647560119629
1.2013039588928223
1.708008050918579
0.5019674301147461
0.9710359573364258
0.8342761993408203
1.5208995342254639
1.5805234909057617
0.5291223526000977
0.3852214813232422
0.18044281005859375
0.6677565574645996
0.8549728393554688
2.284498453140259
0.8248786926269531
0.9145808219909668
1.0910491943359375
0.5010509490966797
0.5043630599975586
0.9924721717834473
0.8631587028503418
1.0782122611999512
1.0820136070251465
1.922954797744751
1.2696104049682617
2.1204090118408203
2.0205559730529785
1.0340538024902344
0.3568282127380371
1.1585874557495117
1.0914382934570312
1.3080625534057617
0.9091897010803223
1.0304937362670898
1.3622040748596191
1.3049426078796387
1.4619340896606445
1.9475815296173096
-0.12825393676757812
1.3485660552978516
0.27691650390625
0.8128871917724609
1.676945686340332
1.2848992347717285
1.30535888671875
1.5392742156982422
0.4912843704223633
1.463986873626709
1.1926074028015137
0.702211856842041
0.978520393371582
0.21439695358276367
0.961784839630127
0.7078609466552734
0.8442296981811523
0.9610385894775391
0.6647558212280273
0.918795108795166
0.8782973289489746
0.4608309268951416
0.8012804985046387
-0.31990671157836914
1.7572169303894043
2.0635757446289062
1.4018230438232422
1.547135353088379
1.4603064060211182
1.4083237648010254
1.1303024291992188
1.1995928287506104
0.9676129817962646
0.7453398704528809
0.5623927116394043
1.2124032974243164
1.0058221817016602
1.4708819389343262
1.8942608833312988
0.7577958106994629
1.4647789001464844
1.8215172290802002
0.8917546272277832
0.4990692138671875
1.9314675331115723
0.2796182632446289
1.13254976272583
1.038041114807129
0.46962690353393555
0.7895197868347168
2.0189027786254883
0.7298345565795898
1.289088249206543
1.4133806228637695
0.5801753997802734
0.6612920761108398
1.0557589530944824
1.004784107208252
1.2672967910766602
0.35010457038879395
1.0657391548156738
2.0455732345581055
1.7996318340301514
0.43303918838500977
0.7628283500671387
0.10573339462280273
0.7230310440063477
0.6657943725585938
2.2458207607269287
1.1255583763122559
0.4394559860229492
1.497880458831787
1.7273335456848145
1.167140007019043
1.6052348613739014
0.07549238204956055
1.4063515663146973
1.0805816650390625
1.4176735877990723
0.46743202209472656
-0.3217029571533203
1.0476927757263184
1.366593360900879
0.8301599025726318
1.1115198135375977
0.6623697280883789
1.1925311088562012
-0.4505932331085205
2.2366151809692383
0.5978755950927734
1.5365123748779297
1.4249796867370605
0.33422183990478516
0.5266804695129395
0.45725584030151367
0.35161495208740234
1.4928932189941406
0.9948453903198242
1.433666706085205
1.2132084369659424
0.884376049041748
0.5540547370910645
1.3603487014770508
0.7798457145690918
2.060072660446167
1.9530789852142334
1.8894422054290771
1.3472461700439453
0.4062962532043457
0.6257314682006836
0.25069141387939453
1.011704444885254
1.3079276084899902
0.45398521423339844
2.2803823947906494
1.690812587738037
1.5990772247314453
0.9423232078552246
0.747920036315918
1.4201645851135254
1.8324182033538818
-0.18807172775268555
-0.36452436447143555
1.253736972808838
0.8631324768066406
0.11029243469238281
1.7864336967468262
0.6942214965820312
0.6364569664001465
0.7093658447265625
0.31603479385375977
1.4609684944152832
1.107792854309082
1.095736026763916
1.9723904132843018
1.2143349647521973
1.8967347145080566
1.2174711227416992
2.645031452178955
0.7144980430603027
0.6237926483154297
1.4907078742980957
1.1311640739440918
0.7085304260253906
0.39506053924560547
0.574476957321167
1.6150636672973633
0.7555398941040039
0.8586792945861816
1.495650291442871
0.4032011032104492
1.6871767044067383
1.5664548873901367
0.14776229858398438
0.15552282333374023
1.1122841835021973
1.2534551620483398
0.7340116500854492
0.9713106155395508
0.2747058868408203
1.5947141647338867
0.7139766216278076
0.2951474189758301
0.5950031280517578
1.2448925971984863
-0.06244373321533203
0.806602954864502
-0.09387540817260742
0.8520736694335938
1.1517424583435059
1.3425073623657227
0.4683961868286133
0.818120002746582
-0.0685582160949707
0.2460923194885254
1.5189788341522217
1.3511862754821777
1.2669858932495117
1.0346736907958984
1.2854061126708984
1.0666866302490234
1.3746371269226074
0.9923558235168457
1.4232497215270996
1.5779542922973633
0.9669814109802246
1.1294479370117188
1.3926987648010254
0.6840863227844238
-0.08352088928222656
1.7635254859924316
1.6344823837280273
1.7876930236816406
0.9777562618255615
0.8503754138946533
0.4588608741760254
1.121060848236084
0.6983761787414551
1.2828423976898193
1.2126927375793457
0.9844598770141602
1.5968389511108398
2.5781147480010986
1.1992521286010742
1.2005538940429688
0.8643021583557129
1.520381212234497
1.7150280475616455
0.8914928436279297
0.274202823638916
1.5573053359985352
0.8956193923950195
0.7990829944610596
1.008676528930664
0.7083954811096191
1.219430923461914
0.6623978614807129
1.913341999053955
0.09249997138977051
0.630584716796875
3.042189359664917
1.1261849403381348
0.6327488422393799
0.9374427795410156
2.2666823863983154
0.6272716522216797
1.1225152015686035
1.1815433502197266
1.287686824798584
1.3987102508544922
0.2278304100036621
0.39104223251342773
1.5840468406677246
1.6024713516235352
1.0064435005187988
2.2488560676574707
0.8049788475036621
0.7595572471618652
1.4108877182006836
0.47730064392089844
0.48562049865722656
1.2426881790161133
1.714348554611206
0.7146034240722656
1.0371646881103516
0.3409280776977539
0.7307848930358887
1.028595209121704
0.5294814109802246
0.9883537292480469
0.8798913955688477
0.2475442886352539
1.037959098815918
1.1391937732696533
0.683474063873291
1.6668400764465332
1.4062228202819824
2.459569215774536
0.8658246994018555
2.129890203475952
0.9396815299987793
1.911301612854004
0.398895263671875
1.8038949966430664
1.5365910530090332
0.7597751617431641
0.912269115447998
1.1958308219909668
0.5602679252624512
1.0009517669677734
1.2958216667175293
1.6178865432739258
0.3144536018371582
0.923731803894043
0.8381400108337402
1.1862812042236328
0.8323101997375488
0.17655181884765625
1.283527135848999
1.3863835334777832
1.5317039489746094
0.715545654296875
1.0770649909973145
0.6160755157470703
0.588191032409668
0.9660816192626953
1.1945767402648926
1.088061809539795
1.5098066329956055
1.42466402053833
1.7161130905151367
1.047093391418457
0.030548095703125
1.18269681930542
0.8895707130432129
0.7179207801818848
0.8802571296691895
1.2454109191894531
0.7478542327880859
0.20028018951416016
1.6017546653747559
0.4388275146484375
1.718357801437378
1.348189353942871
1.7891712188720703
0.8851256370544434
1.605168104171753
2.105659008026123
0.9187827110290527
0.8908815383911133
1.3436517715454102
1.605172872543335
1.0222570896148682
0.11846017837524414
1.1743979454040527
1.5129523277282715
0.5704159736633301
1.1731901168823242
1.2369236946105957
0.21828222274780273
0.6573114395141602
0.9819855690002441
1.9775943756103516
-0.4765644073486328
0.7090744972229004
0.6226296424865723
0.809175968170166
0.7933855056762695
1.3647217750549316
0.8305277824401855
1.142683506011963
1.290548324584961
1.5607130527496338
0.6399412155151367
1.1833772659301758
0.48618030548095703
1.440500259399414
1.2058138847351074
0.9402203559875488
1.2592663764953613
0.8749637603759766
1.1844182014465332
1.3385233879089355
0.8156194686889648
0.7693543434143066
0.9878888130187988
0.10718536376953125
1.4388651847839355
0.7494630813598633
1.917757511138916
1.3535561561584473
0.8151049613952637
1.3068532943725586
1.5780916213989258
1.6002991199493408
0.7735252380371094
1.5284976959228516
1.1472187042236328
0.9874382019042969
0.7083957195281982
1.149890422821045
1.2088780403137207
1.0623197555541992
0.953045129776001
1.672032356262207
0.32337188720703125
0.40524864196777344
0.6055965423583984
0.3700680732727051
1.6959342956542969
0.07889318466186523
-0.04543781280517578
1.1671972274780273
1.5673787593841553
-0.2843666076660156
1.9143753051757812
1.3132028579711914
1.5370087623596191
2.216864824295044
0.6134452819824219
0.5319128036499023
0.857213020324707
1.2055482864379883
1.4745240211486816
1.677567958831787
1.2623519897460938
1.6022837162017822
0.367556095123291
0.9908995628356934
1.807417392730713
1.6565403938293457
1.0034170150756836
-0.2493915557861328
1.0364131927490234
0.8920035362243652
2.1418707370758057
0.5428853034973145
1.3103094100952148
1.1320159435272217
-0.10931110382080078
1.340198040008545
1.0508108139038086
0.8015346527099609
0.26746368408203125
1.1108307838439941
1.70841646194458
0.9215903282165527
1.5038483142852783
1.2724783420562744
2.440955638885498
0.7716727256774902
2.029927968978882
1.6323637962341309
2.3610126972198486
1.1026239395141602
1.1327872276306152
0.38012027740478516
1.0701208114624023
1.6521391868591309
0.3107180595397949
0.9095096588134766
-0.04149055480957031
1.4302244186401367
1.9411516189575195
1.0068697929382324
0.8997869491577148
0.7084379196166992
1.175302505493164
1.488663673400879
-0.012590885162353516
0.899620771408081
0.9223628044128418
0.14072275161743164
0.9520168304443359
0.7334744930267334
1.4751439094543457
0.45414066314697266
2.2075300216674805
0.45368099212646484
0.4756336212158203
1.600264549255371
0.6397757530212402
1.2024507522583008
1.115201473236084
2.001462936401367
1.696286678314209
1.2723677158355713
0.3038649559020996
0.819096565246582
1.0217623710632324
1.2126860618591309
0.9698028564453125
0.8225693702697754
1.2557988166809082
1.29616117477417
2.104414463043213
2.6196696758270264
1.8926687240600586
1.903447151184082
0.8692417144775391
2.198514461517334
0.9471712112426758
0.7070879936218262
0.6567354202270508
1.2688450813293457
1.8906288146972656
1.0783562660217285
0.6600322723388672
1.261648178100586
-0.0007786750793457031
0.29320359230041504
-0.0632314682006836
0.7264776229858398
0.9504580497741699
0.538672924041748
2.703547954559326
0.6410908699035645
0.3102273941040039
0.08654403686523438
0.7695555686950684
1.272359848022461
2.09512996673584
1.8895235061645508
0.8110547065734863
1.2142086029052734
1.9757237434387207
1.7769856452941895
2.0714447498321533
0.5907430648803711
0.8745660781860352
0.47507810592651367
1.1531023979187012
0.7941179275512695
0.33506298065185547
0.18566322326660156
0.5311236381530762
0.7800168991088867
0.5043540000915527
-0.6657543182373047
1.9401969909667969
1.042102336883545
1.2075133323669434
0.5682721138000488
1.678835391998291
1.6322898864746094
0.09742498397827148
1.3197894096374512
2.1235852241516113
1.0233044624328613
0.8893833160400391
1.4412965774536133
0.871004581451416
1.6567907333374023
0.02730274200439453
0.17906808853149414
1.1675176620483398
1.2788197994232178
0.9917845726013184
0.6850414276123047
0.1444840431213379
2.54618239402771
1.2441003322601318
0.3429446220397949
1.5219571590423584
0.755164623260498
1.0428800582885742
1.1382527351379395
2.1438512802124023
0.011165380477905273
1.0389537811279297
0.3547687530517578
1.2240071296691895
1.090127944946289
0.410245418548584
1.0971298217773438
1.6358413696289062
1.033240795135498
-0.3506588935852051
1.3545451164245605
1.4832661151885986
1.059746265411377
0.4106001853942871
1.2714521884918213
1.706705093383789
2.0088305473327637
2.192335844039917
0.9936413764953613
1.498762607574463
0.3784627914428711
1.6770224571228027
0.4557771682739258
2.009758234024048
0.29901885986328125
0.3150973320007324
1.169947624206543
2.4004948139190674
1.3457832336425781
0.5067634582519531
1.6105694770812988
0.07895183563232422
1.699735164642334
1.643425464630127
1.3813486099243164
0.5752086639404297
1.0869801044464111
1.6916873455047607
1.0463223457336426
0.32918453216552734
1.4522590637207031
1.4647860527038574
1.6032977104187012
0.9916725158691406
1.5900721549987793
1.2198896408081055
1.0661983489990234
1.0898447036743164
1.0945069789886475
0.4515492916107178
0.6537694931030273
1.0341498851776123
0.08500051498413086
1.510998249053955
0.6356015205383301
0.9214596748352051
1.5012016296386719
0.9617419242858887
1.4518027305603027
1.3716659545898438
0.5588645935058594
1.263737678527832
0.7028241157531738
1.2706804275512695
0.903322696685791
1.57753324508667
2.6970462799072266
1.9002609252929688
1.156123161315918
1.4115147590637207
1.4204881191253662
1.213280200958252
0.3431239128112793
1.070528507232666
1.0730299949645996
1.3135621547698975
1.264268398284912
0.7081809043884277
0.34429025650024414
1.3472111225128174
0.5367398262023926
0.9294123649597168
1.0793871879577637
0.360595703125
0.8971009254455566
0.537226676940918
1.1594762802124023
0.8412928581237793
1.150946855545044
0.6775548458099365
0.31801652908325195
0.9862732887268066
1.814530849456787
0.9769344329833984
1.0680108070373535
1.1770696640014648
1.3904876708984375
1.038477897644043
0.3519773483276367
0.567716121673584
1.5844354629516602
0.3572835922241211
1.300281047821045
0.3786458969116211
1.1628618240356445
0.9876618385314941
1.2500429153442383
1.1170167922973633
1.580146312713623
1.172010898590088
0.600980281829834
0.8211512565612793
1.3461542129516602
1.648827075958252
1.8062224388122559
0.6885437965393066
0.5526032447814941
1.0827195644378662
0.5670599937438965
1.5283594131469727
0.889188289642334
0.3503251075744629
1.152327537536621
1.4182920455932617
0.5546035766601562
1.6145997047424316
1.734386920928955
0.49100542068481445
1.3234267234802246
-0.28199195861816406
1.088590145111084
0.9332265853881836
0.49140024185180664
0.9284563064575195
1.5379347801208496
1.2518141269683838
0.9079394340515137
0.19478178024291992
1.9617013931274414
-0.17741918563842773
0.3313302993774414
1.0901432037353516
0.866030216217041
1.4421916007995605
0.8933963775634766
2.5707483291625977
0.6024794578552246
1.8631541728973389
1.1636500358581543
1.0914182662963867
1.926271915435791
0.45136404037475586
0.922846794128418
1.0517845153808594
0.37724733352661133
1.1646456718444824
0.6804299354553223
1.37746000289917
1.204993724822998
0.2956385612487793
0.5027041435241699
0.9625568389892578
0.5947103500366211
0.7900381088256836
0.21195507049560547
0.630610466003418
0.04497861862182617
1.2944397926330566
1.4218053817749023
1.241623878479004
1.325901985168457
0.46772146224975586
1.9005115032196045
1.0247526168823242
1.4476792812347412
0.8747072219848633
0.7018108367919922
1.3177423477172852
2.0473265647888184
0.7430005073547363
1.30592942237854
1.3683977127075195
0.7238678932189941
2.131300687789917
-0.24202203750610352
0.7535500526428223
0.23287248611450195
1.7157166004180908
2.127746343612671
0.9557051658630371
0.3251457214355469
0.9860634803771973
0.5821981430053711
0.8521342277526855
0.7973504066467285
-0.05440044403076172
-0.09857988357543945
0.958702564239502
1.256032943725586
0.803398609161377
1.0035266876220703
1.0919346809387207
0.8210597038269043
0.6730484962463379
1.9812684059143066
1.0481576919555664
0.7659451961517334
1.5962083339691162
0.7864012718200684
0.48474884033203125
1.9215102195739746
0.7820076942443848
0.7557868957519531
0.7373347282409668
0.8519473075866699
0.40160608291625977
1.3851537704467773
0.21049213409423828
1.2627229690551758
1.0308094024658203
0.515833854675293
0.7298750877380371
0.6782875061035156
1.6821823120117188
1.8874716758728027
1.247673511505127
1.3175253868103027
0.35437488555908203
0.7867088317871094
0.5764675140380859
1.0216472148895264
0.5464491844177246
1.1436996459960938
0.5093231201171875
1.4630613327026367
0.7342519760131836
0.4093003273010254
0.792208194732666
1.4254951477050781
1.3155913352966309
0.7718300819396973
1.06040620803833
1.1200594902038574
0.9294884204864502
0.21909856796264648
1.529737949371338
1.3853175640106201
1.2178268432617188
0.9777283668518066
0.5240328311920166
-0.6018791198730469
1.4053032398223877
0.7327637672424316
0.7587490081787109
0.5212197303771973
1.0507216453552246
1.3217978477478027
1.3627796173095703
0.9681496620178223
0.6807355880737305
0.8813810348510742
1.6975812911987305
-0.8561854362487793
0.508514404296875
1.238828182220459
1.813769817352295
1.0007591247558594
-0.2177591323852539
1.5245699882507324
1.7032098770141602
1.2405552864074707
1.9309535026550293
1.3341243267059326
0.42538022994995117
1.3484759330749512
1.1316733360290527
1.1986923217773438
1.066359519958496
1.349222183227539
1.0350251197814941
0.36598777770996094
1.1111655235290527
1.2274417877197266
1.4545044898986816
1.318674087524414
1.3683812618255615
1.431262493133545
1.7906155586242676
0.8563580513000488
0.6663656234741211
0.4040217399597168
1.9388351440429688
0.4579596519470215
0.8166110515594482
1.2568297386169434
1.1151165962219238
1.5685639381408691
0.7245631217956543
0.7892541885375977
-0.17154979705810547
0.3417813777923584
1.0048065185546875
0.5641646385192871
1.2700252532958984
0.9025239944458008
0.3387904167175293
0.22225141525268555
0.4074692726135254
0.5383524894714355
2.516472101211548
0.37630319595336914
1.6182670593261719
0.08930301666259766
1.1029105186462402
0.22186565399169922
1.6125543117523193
1.6682672500610352
0.8500628471374512
-0.10134649276733398
1.8720078468322754
0.4961831569671631
0.9184474945068359
0.8531625270843506
0.6966757774353027
0.7190208435058594
1.3658018112182617
1.1868577003479004
0.6028285026550293
1.6484429836273193
1.3784761428833008
1.5757205486297607
0.637354850769043
2.3009119033813477
0.6083354949951172
2.690558433532715
0.8784756660461426
0.46964597702026367
1.8951048851013184
-0.13899898529052734
0.34159326553344727
0.6752126216888428
1.0513255596160889
0.9528512954711914
1.3326892852783203
0.8882436752319336
1.2288150787353516
0.5498738288879395
1.8337130546569824
2.0070347785949707
0.28592634201049805
1.8594672679901123
1.5077390670776367
0.9670100212097168
1.2504572868347168
1.914125680923462
1.390428066253662
1.3416638374328613
0.6298604011535645
1.925839900970459
1.443094253540039
0.9155325889587402
0.7824430465698242
1.063642978668213
-0.5578823089599609
1.0590085983276367
1.0146546363830566
0.8607378005981445
1.2515714168548584
1.3714861869812012
1.0188050270080566
0.8091340065002441
0.4995598793029785
0.25412750244140625
1.2180728912353516
1.0452446937561035
-0.021813392639160156
0.8924956321716309
1.266190528869629
0.9934782981872559
1.445277214050293
1.489975929260254
0.9293055534362793
0.6584548950195312
0.49114537239074707
0.9856023788452148
0.9854192733764648
1.7508327960968018
2.037102699279785
1.027735710144043
-0.09592199325561523
1.114999771118164
1.1726675033569336
0.8261218070983887
0.8868484497070312
0.33519840240478516
1.1126060485839844
1.2521748542785645
1.4122672080993652
0.4196023941040039
1.169062614440918
1.9397141933441162
1.301435947418213
2.0241827964782715
1.265127420425415
0.9679512977600098
1.5791823863983154
0.6634573936462402
1.2319154739379883
1.1738333702087402
0.4331207275390625
0.009906768798828125
2.379159688949585
0.8057641983032227
1.0670857429504395
0.8478198051452637
0.428617000579834
1.2495484352111816
1.0945749282836914
0.6426291465759277
1.045942783355713
0.21498584747314453
0.35820722579956055
0.9919328689575195
-0.16815423965454102
1.0387530326843262
1.5286211967468262
0.7223029136657715
0.7351870536804199
1.266186237335205
1.3964564800262451
0.5299739837646484
2.416076183319092
1.0250630378723145
0.6663808822631836
0.7235474586486816
0.5131988525390625
1.710409164428711
0.1739511489868164
1.7198472023010254
1.0326652526855469
0.4040837287902832
1.4871835708618164
1.1461057662963867
0.6743259429931641
1.3211402893066406
1.61004638671875
0.807243824005127
1.454911708831787
2.56103777885437
1.7388529777526855
1.3018503189086914
2.2787961959838867
0.6270895004272461
1.1696949005126953
0.198883056640625
0.5819826126098633
1.5849800109863281
0.5300073623657227
1.0657315254211426
0.856536865234375
1.394078254699707
1.7632815837860107
0.6731185913085938
1.4504055976867676
0.8601560592651367
0.5393028259277344
0.4224677085876465
1.501272201538086
1.0657434463500977
1.0500917434692383
-0.1673426628112793
0.37253689765930176
0.6052577495574951
0.38291215896606445
0.2471623420715332
2.612178325653076
1.3664021492004395
0.9356789588928223
1.9452409744262695
1.3205018043518066
0.2727022171020508
1.1157383918762207
0.9853534698486328
0.29343485832214355
1.0859971046447754
1.5444025993347168
0.3075108528137207
0.8543963432312012
0.7441897392272949
1.0957489013671875
1.1533584594726562
0.004825115203857422
1.2413206100463867
1.8811826705932617
0.4089522361755371
1.4923620223999023
1.5920209884643555
1.1406168937683105
1.3321735858917236
1.5782408714294434
1.4850311279296875
0.37919187545776367
0.7996582984924316
1.5007243156433105
0.6011252403259277
0.4717221260070801
1.2545742988586426
1.3804945945739746
0.8183884620666504
0.7779440879821777
1.3736960887908936
1.3293461799621582
1.3185791969299316
0.31059908866882324
1.4511704444885254
1.01676607131958
0.45349693298339844
1.9977490901947021
0.8498172760009766
1.3894586563110352
0.7095623016357422
0.8379397392272949
0.7618780136108398
1.138702392578125
0.9546074867248535
0.22865915298461914
2.222097873687744
0.6636166572570801
1.3249201774597168
1.0517301559448242
-0.29004478454589844
1.6456990242004395
0.7070472240447998
0.30991029739379883
0.7845478057861328
1.1293597221374512
1.3005895614624023
0.5971550941467285
0.31981849670410156
0.7734246253967285
1.0827648639678955
0.4230523109436035
0.7143497467041016
0.35106658935546875
1.055555820465088
0.5053887367248535
1.0428800582885742
1.318429946899414
1.3193731307983398
1.930882215499878
0.6996250152587891
1.2549757957458496
0.30056047439575195
0.6331944465637207
0.5556297302246094
0.42078495025634766
0.5753931999206543
0.13942718505859375
0.14140939712524414
1.7644939422607422
-0.21347427368164062
1.4632453918457031
0.8575587272644043
1.9909677505493164
1.1003060340881348
1.2914977073669434
0.12279510498046875
1.5773930549621582
0.5517435073852539
1.8303871154785156
0.4738349914550781
0.9718441963195801
1.5932931900024414
1.3339266777038574
-1.1129348278045654
0.31455278396606445
1.0473885536193848
2.2018027305603027
1.1891121864318848
0.9753856658935547
-0.037095069885253906
1.7105259895324707
1.0106453895568848
0.5639142990112305
1.2778940200805664
1.171454668045044
0.039237022399902344
-0.0598607063293457
-0.21613168716430664
1.0152769088745117
1.459606647491455
1.435152530670166
1.2451558113098145
1.0962557792663574
1.051065444946289
0.952852725982666
1.127119779586792
0.6630954742431641
1.1252264976501465
1.8304858207702637
1.4266247749328613
1.5542550086975098
1.0673775672912598
1.3292713165283203
0.8659868240356445
1.0102133750915527
1.0549068450927734
1.0238852500915527
0.7324228286743164
1.8403515815734863
1.0358977317810059
0.8665332794189453
1.1845741271972656
1.815988540649414
2.3459250926971436
1.6006717681884766
1.3287453651428223
1.0926885604858398
0.3472576141357422
0.14260482788085938
0.6207928657531738
2.609036922454834
0.49390268325805664
1.0690503120422363
1.2684311866760254
0.31036901473999023
1.0638389587402344
0.41848134994506836
1.2999546527862549
0.8733184337615967
2.330857038497925
0.20993494987487793
0.5704412460327148
0.7859244346618652
0.8980021476745605
2.4632997512817383
0.9787211418151855
0.13942718505859375
1.9639642238616943
1.6877923011779785
2.064545154571533
0.774620532989502
0.3587222099304199
0.9625048637390137
1.0005316734313965
0.6950650215148926