0.35444164276123047
-0.028531789779663086
0.19390869140625
0.46698856353759766
-0.006322145462036133
0.0438840389251709
-0.016635417938232422
-0.17020130157470703
-0.055986642837524414
0.23932385444641113
0.07843160629272461
0.21006488800048828
0.32601356506347656
0.11549949645996094
0.5017399787902832
0.3933565616607666
0.34287309646606445
0.1529979705810547
0.14356565475463867
0.2154219150543213
0.19559597969055176
0.13419461250305176
0.13026976585388184
0.46137571334838867
0.15077805519104004
0.1626591682434082
0.34943222999572754
-0.08936238288879395
-0.02776789665222168
0.16061186790466309
0.1903059482574463
0.005997180938720703
0.10719656944274902
0.32985973358154297
-0.05691194534301758
0.0705714225769043
0.6953880786895752
0.17985200881958008
0.09177494049072266
0.2530689239501953
-0.05115246772766113
-0.04844856262207031
0.1363532543182373
0.15169405937194824
0.03987860679626465
-0.005115032196044922
0.24898910522460938
0.008031368255615234
0.4799180030822754
0.20392680168151855
0.04183173179626465
0.30544519424438477
0.5355818271636963
0.1813654899597168
0.37308263778686523
0.04963994026184082
0.10684037208557129
0.4523322582244873
0.2668023109436035
-0.0726613998413086
0.1161644458770752
0.12124991416931152
0.2112116813659668
-0.05169081687927246
0.34377074241638184
0.09536886215209961
0.06284666061401367
0.35543155670166016
-0.08809375762939453
0.17775559425354004
0.18784546852111816
0.20785856246948242
0.3102235794067383
0.028548479080200195
-0.23781609535217285
0.16715383529663086
0.03159141540527344
0.49199938774108887
0.440319299697876
0.19164562225341797
0.1304006576538086
-0.062259674072265625
0.05035829544067383
0.06278395652770996
-0.04343867301940918
-0.21105122566223145
0.23961877822875977
0.5472908020019531
0.17773103713989258
-0.0003662109375
0.11544680595397949
0.2850158214569092
0.1535482406616211
-0.026767253875732422
0.4484429359436035
0.1411457061767578
-0.034957170486450195
0.5246109962463379
0.23389816284179688
0.11442685127258301
0.012735128402709961
0.13391780853271484
0.2329697608947754
-0.15541696548461914
0.3965919017791748
0.46718907356262207
0.07674121856689453
-0.1500110626220703
0.14232158660888672
0.46414947509765625
-0.11288857460021973
0.4649524688720703
0.2347712516784668
0.020751953125
0.29273343086242676
-0.03915691375732422
0.10587120056152344
0.3912687301635742
-0.013128519058227539
0.014083623886108398
0.07329177856445312
0.04999828338623047
0.027911901473999023
-0.2338712215423584
-0.11492609977722168
-0.06569075584411621
0.06642341613769531
0.1992323398590088
0.09303402900695801
0.1009519100189209
0.26654958724975586
-0.42556023597717285
0.07450270652770996
0.19009923934936523
-0.16190600395202637
0.19765090942382812
-0.0019068717956542969
0.38973426818847656
0.3031439781188965
-0.0605006217956543
0.2735404968261719
0.13556551933288574
0.08423995971679688
0.6607205867767334
0.09667420387268066
0.43450212478637695
0.18377041816711426
0.09731626510620117
0.2688710689544678
0.15215802192687988
0.18138742446899414
0.2390153408050537
0.08049702644348145
0.013608932495117188
0.051158905029296875
-0.03064417839050293
0.08741569519042969
0.0888671875
0.0941610336303711
0.07994341850280762
0.44214582443237305
0.14639544486999512
0.049802303314208984
-0.21523213386535645
-0.0077021121978759766
0.9404785633087158
0.0900888442993164
0.2685506343841553
0.20702695846557617
-0.06261348724365234
-0.019802570343017578
0.1341238021850586
0.5014500617980957
0.005045413970947266
0.07797932624816895
0.030659914016723633
0.40253543853759766
0.10804367065429688
0.1155695915222168
0.07429122924804688
-0.003937244415283203
-0.03517436981201172
0.12925171852111816
-0.10148310661315918
0.1308138370513916
0.4275214672088623
-0.28676772117614746
0.3202204704284668
0.017437219619750977
-0.268765926361084
-0.033247947692871094
0.3222355842590332
0.5181663036346436
-0.008779764175415039
0.08074593544006348
0.18217992782592773
0.34211015701293945
0.17429065704345703
0.14935922622680664
-0.028564929962158203
0.15255475044250488
0.19175171852111816
0.2428569793701172
-0.05039858818054199
-0.04942917823791504
0.09643673896789551
-0.13052010536193848
0.02063918113708496
0.5801753997802734
0.09018421173095703
0.08033108711242676
0.3392353057861328
-0.1141200065612793
0.3301656246185303
0.09594273567199707
0.09383559226989746
0.12450647354125977
-0.21694326400756836
0.24316740036010742
0.4607725143432617
-0.04532742500305176
-0.045157670974731445
0.13642621040344238
-0.012252092361450195
0.16536903381347656
0.1291356086730957
0.032453298568725586
0.06489396095275879
0.5500011444091797
0.24747729301452637
-0.006612062454223633
-0.2790791988372803
0.10494780540466309
0.1353285312652588
-0.1712813377380371
-0.039639949798583984
0.18060636520385742
0.4046175479888916
0.047837257385253906
0.2634773254394531
0.5041923522949219
-0.01674485206604004
-0.21009135246276855
0.07315254211425781
-0.297684907913208
0.07465887069702148
-0.2228156328201294
0.2670567035675049
0.2148585319519043
0.3101816177368164
0.5253183841705322
0.35889649391174316
-0.21996831893920898
0.04261350631713867
0.3609812259674072
0.4055197238922119
0.12173295021057129
0.22441768646240234
0.1573619842529297
0.26854753494262695
0.1507582664489746
0.24828720092773438
0.4198777675628662
0.07529497146606445
0.14629888534545898
-0.09940814971923828
0.567258358001709
0.057866573333740234
0.1782844066619873
0.13178610801696777
-0.05740094184875488
0.048306047916412354
0.222121000289917
-0.01564931869506836
0.15468096733093262
0.05562257766723633
0.31527185440063477
0.3137662410736084
-0.07219791412353516
0.10207819938659668
-0.021571874618530273
0.21806001663208008
0.2880253791809082
-0.18360209465026855
-0.10288524627685547
0.20529437065124512
0.4165029525756836
-0.06272363662719727
0.21643805503845215
0.19936418533325195
-0.07309389114379883
0.46111249923706055
0.5124797821044922
-0.049242258071899414
0.019270658493041992
0.03390765190124512
0.04803597927093506
-0.2732980251312256
0.1650705337524414
0.35701942443847656
0.029340267181396484
-0.031389713287353516
0.020275592803955078
0.16083669662475586
0.22776556015014648
0.08304929733276367
0.6790769100189209
0.18055129051208496
0.32289814949035645
0.08611869812011719
0.053977012634277344
0.1710033416748047
0.05485177040100098
0.049747467041015625
0.5516643524169922
0.0024056434631347656
0.6988208293914795
0.6846146583557129
-0.013564348220825195
0.3563225269317627
0.10425782203674316
0.25108885765075684
0.10921144485473633
0.28304409980773926
-0.5094681978225708
0.5618362426757812
0.04376363754272461
0.22315526008605957
0.27767157554626465
0.1951158046722412
0.05786728858947754
0.01754283905029297
0.1352856159210205
0.272322416305542
0.05061054229736328
0.5869669914245605
0.05582571029663086
0.29891133308410645
0.2593982219696045
-0.0452578067779541
-0.07374143600463867
1.0668928623199463
0.39956021308898926
0.8423247337341309
0.34975624084472656
0.19567441940307617
-0.034127235412597656
0.37555742263793945
-0.06417393684387207
0.08930420875549316
0.025722742080688477
-0.03114604949951172
0.03303718566894531
-0.010242462158203125
0.13181066513061523
0.44231390953063965
0.05879068374633789
-0.06933259963989258
0.35106468200683594
-0.0031769275665283203
0.23164081573486328
-0.1882460117340088
-0.045543670654296875
-0.10801529884338379
-0.0740807056427002
0.09314346313476562
-0.0038535594940185547
-0.06224322319030762
0.5498294830322266
-0.10811138153076172
0.06581783294677734
0.4051856994628906
0.20174241065979004
0.13293695449829102
0.290865421295166
0.15884876251220703
0.06930804252624512
0.6009247303009033
0.3721158504486084
0.32140517234802246
0.014114141464233398
0.4103081226348877
0.2178347110748291
-0.03165578842163086
0.10703635215759277
0.010802507400512695
0.04314255714416504
0.45795345306396484
0.13732123374938965
0.2773442268371582
-0.08118510246276855
0.10162043571472168
0.13928699493408203
0.25594139099121094
0.16870474815368652
0.22926735877990723
-0.019585609436035156
0.17417263984680176
-0.07491016387939453
0.39807915687561035
0.28554749488830566
0.06780600547790527
0.2756984233856201
0.030105113983154297
0.039254188537597656
0.18823647499084473
0.0891265869140625
0.14850926399230957
0.05019402503967285
0.24915242195129395
0.07646369934082031
-0.08226680755615234
0.6132493019104004
0.3171515464782715
0.3257253170013428
-0.05951547622680664
0.5221908092498779
0.10380244255065918
-0.03683304786682129
-0.17514324188232422
0.08575677871704102
0.1801896095275879
-0.1107931137084961
0.1167445182800293
0.011384844779968262
0.1887800693511963
0.2443861961364746
0.20539116859436035
0.2059006690979004
-0.0071735382080078125
-0.2004835605621338
-0.20900869369506836
0.14173316955566406
-0.17446064949035645
0.33879637718200684
0.8583550453186035
-0.14839506149291992
-0.14525127410888672
-0.04044985771179199
-0.04870009422302246
-0.09292364120483398
0.030744314193725586
0.044548988342285156
0.31554746627807617
-0.07976269721984863
0.25490760803222656
1.179797887802124
0.11504483222961426
0.08567976951599121
-0.0026929378509521484
0.5490515232086182
0.3183257579803467
-0.2167215347290039
0.1605839729309082
0.017711639404296875
0.7469758987426758
-0.0744788646697998
-0.006469249725341797
0.09515857696533203
-0.08028578758239746
0.1148996353149414
0.3076314926147461
0.648564338684082
0.6337645053863525
0.15259695053100586
0.20920276641845703
0.5087442398071289
0.19023799896240234
0.0941154956817627
0.3189857006072998
0.33744382858276367
0.26343798637390137
0.6144156455993652
0.33840203285217285
0.24495363235473633
0.07617306709289551
0.1731431484222412
0.06757211685180664
-0.1316373348236084
0.3741447925567627
0.4858121871948242
0.16467618942260742
0.24135351181030273
0.07842183113098145
0.5858101844787598
0.24341797828674316
0.39966702461242676
0.09203815460205078
0.22860932350158691
0.06716108322143555
-0.10391521453857422
-0.15411972999572754
0.1018378734588623
0.020049333572387695
0.24332642555236816
0.027439117431640625
0.15030574798583984
0.16335177421569824
-0.005514383316040039
0.14950966835021973
0.14934682846069336
0.18201494216918945
0.05337786674499512
0.26839637756347656
-0.08085894584655762
0.022562742233276367
0.48180341720581055
-0.07040166854858398
-0.05048942565917969
0.20257115364074707
0.20828795433044434
0.013595819473266602
0.23175358772277832
0.49551868438720703
0.5180044174194336
0.20217227935791016
0.18122124671936035
0.06705570220947266
0.7540183067321777
0.31844472885131836
0.7632391452789307
0.25026464462280273
-0.17824363708496094
-0.03825998306274414
-0.11277413368225098
0.04975152015686035
0.08258485794067383
-0.09371638298034668
0.10675454139709473
-0.1156151294708252
-0.04413199424743652
0.5473058223724365
-0.21322917938232422
0.024196147918701172
0.5705604553222656
0.47425413131713867
0.3263993263244629
0.13497233390808105
0.5291402339935303
0.3290698528289795
0.19781804084777832
-0.03651618957519531
0.2228081226348877
-0.13721704483032227
-0.059835195541381836
0.3446178436279297
0.17154908180236816
0.2814955711364746
-0.09134316444396973
0.06278777122497559
0.01863884925842285
0.27310657501220703
-0.13271331787109375
0.26235508918762207
0.20623540878295898
-0.07306790351867676
0.01733684539794922
-0.07503962516784668
-0.10103535652160645
-0.019141435623168945
-0.04571104049682617
0.7043344974517822
0.45929932594299316
0.2853124141693115
0.24051570892333984
0.29164600372314453
-0.01623249053955078
0.09016036987304688
0.2011547088623047
-0.1709756851196289
-0.04440951347351074
0.5608093738555908
0.17958617210388184
-0.026341676712036133
-0.027567625045776367
0.01670360565185547
0.11694598197937012
0.37137413024902344
-0.22400641441345215
0.13565611839294434
-0.020754337310791016
0.403728723526001
0.05083513259887695
0.0071773529052734375
-0.08547568321228027
0.6077067852020264
0.008861660957336426
0.19873976707458496
-0.1576824188232422
0.31021738052368164
0.007289409637451172
0.04306674003601074
0.1325833797454834
0.24439406394958496
-0.1244058609008789
0.2610321044921875
-0.03242897987365723
0.02117633819580078
0.5372960567474365
0.18380355834960938
0.06299281120300293
0.26657891273498535
0.1891951560974121
0.13933944702148438
0.03192138671875
-0.17844748497009277
0.04471302032470703
0.4577059745788574
0.38934803009033203
0.1286935806274414
0.6035933494567871
-0.07757091522216797
0.2700502872467041
0.1742076873779297
0.2345426082611084
-0.12213635444641113
0.18722295761108398
0.2624959945678711
-0.04252791404724121
0.15398383140563965
-0.10975885391235352
-0.04116654396057129
0.06560707092285156
0.0321962833404541
-0.033315420150756836
0.1235048770904541
-0.04044294357299805
-0.06880128383636475
0.3648247718811035
0.12679243087768555
0.3699524402618408
-0.12335145473480225
0.701204776763916
0.004511356353759766
0.523113489151001
-0.18920612335205078
0.1948075294494629
-0.1601700782775879
0.05703854560852051
-0.021032333374023438
0.07368755340576172
0.11177682876586914
0.36841297149658203
0.28150272369384766
0.5463404655456543
-0.22949433326721191
0.001538991928100586
0.0193634033203125
-0.011371612548828125
-0.0510869026184082
0.3524963855743408
0.25171327590942383
-0.02413320541381836
0.23244142532348633
0.3759942054748535
0.24522662162780762
0.4564237594604492
-0.2673718333244324
0.426746129989624
0.19836854934692383
0.4214048385620117
0.12555646896362305
0.03615903854370117
0.12233662605285645
0.7358143329620361
0.13748598098754883
-0.032338857650756836
0.11064934730529785
-0.10151028633117676
0.28714442253112793
0.4933910369873047
0.15101957321166992
0.44306206703186035
0.13723492622375488
0.29202818870544434
-0.011673927307128906
0.20328354835510254
0.24261164665222168
0.3023505210876465
0.21948552131652832
0.035874366760253906
0.6951022148132324
0.3516197204589844
0.12688064575195312
0.268768310546875
0.05146527290344238
0.1875772476196289
0.3371915817260742
0.3358652591705322
0.07276725769042969
0.05873298645019531
0.41711854934692383
0.6405608654022217
0.08038568496704102
-0.024033069610595703
0.33606481552124023
0.5068929195404053
0.1523890495300293
0.2100200653076172
0.3412590026855469
-0.12280011177062988
0.18721890449523926
-0.07358312606811523
0.04449319839477539
0.6576635837554932
0.043517351150512695
-0.11049962043762207
-0.010516881942749023
0.20025134086608887
-0.3687329888343811
0.44511961936950684
0.24015188217163086
0.23027992248535156
0.1468956470489502
0.26009154319763184
0.12095832824707031
-0.20599365234375
-0.10979771614074707
0.21613335609436035
0.12803316116333008
0.4198777675628662
0.4206883907318115
0.22193169593811035
0.15623784065246582
0.4233133792877197
0.28833723068237305
0.24311423301696777
-0.19838261604309082
0.052953243255615234
0.38924121856689453
0.4857828617095947
-0.002157449722290039
0.09016680717468262
0.6780507564544678
0.2630448341369629
0.2389543056488037
0.1247406005859375
0.021837711334228516
-0.06617856025695801
-0.08549332618713379
0.28258609771728516
-0.08497786521911621
0.39209699630737305
0.5744309425354004
0.44260573387145996
0.12732672691345215
0.23793888092041016
-0.01942610740661621
-0.11837577819824219
0.08831238746643066
-0.07403552532196045
-0.054021358489990234
0.14441919326782227
0.4399898052215576
0.47858405113220215
-0.1150057315826416
0.3365488052368164
-0.03269815444946289
0.19763588905334473
0.5708231925964355
0.2593533992767334
0.13765788078308105
0.25913381576538086
0.21802878379821777
-0.13773584365844727
-0.01915884017944336
0.1237039566040039
0.07749390602111816
0.30254268646240234
0.3091256618499756
0.05462241172790527
0.3035719394683838
0.34674525260925293
0.026145219802856445
0.15870308876037598
0.16003036499023438
0.08415055274963379
-0.012387990951538086
-0.0008664131164550781
0.4021594524383545
0.49078369140625
0.0358278751373291
0.32656097412109375
0.29703354835510254
0.08228421211242676
0.5355818271636963
0.19566941261291504
-0.19534170627593994
-0.042147159576416016
0.42818212509155273
0.28744983673095703
0.011578798294067383
0.2504763603210449
0.23441171646118164
0.5731194019317627
0.0533442497253418
0.25942373275756836
0.33696675300598145
0.07000398635864258
-0.17570066452026367
0.078277587890625
0.5740625858306885
0.10169458389282227
-0.14438915252685547
0.13346970081329346
-0.05826282501220703
0.33585572242736816
-0.26778101921081543
-0.20970368385314941
0.16634106636047363
-0.08312344551086426
0.1900627613067627
0.2425377368927002
0.07851672172546387
-0.06377553939819336
0.2688298225402832
0.2980680465698242
-0.12701177597045898
0.009120941162109375
0.33151698112487793
-0.13560199737548828
0.63034987449646
0.27881956100463867
-0.27716064453125
0.004714250564575195
-0.006895303726196289
0.579355001449585
0.6481759548187256
-0.010564804077148438
0.28318095207214355
-0.0019125938415527344
0.5581343173980713
0.33997416496276855
-0.038741111755371094
0.13460445404052734
0.1348249912261963
0.2682979106903076
0.38731908798217773
0.3202066421508789
0.25895750522613525
0.3011801242828369
-0.048624277114868164
0.12219572067260742
0.749814510345459
0.2494347095489502
0.11241960525512695
0.13522863388061523
0.2830467224121094
0.16551971435546875
0.1302351951599121
0.10408139228820801
0.1598505973815918
0.295133113861084
-0.08836531639099121
0.5861129760742188
0.0871591567993164
0.007352352142333984
0.28082847595214844
0.14003777503967285
0.0009989738464355469
0.3689723014831543
-0.209320068359375
0.027905702590942383
0.28508687019348145
-0.023357868194580078
-0.1641857624053955
0.0709221363067627
-0.01822209358215332
0.3183727264404297
-0.07653069496154785
0.1949760913848877
0.048989057540893555
0.17691326141357422
-0.06464028358459473
0.14525794982910156
0.2606322765350342
0.23077058792114258
0.2778487205505371
0.048839569091796875
0.2921140193939209
-0.007495880126953125
-0.018815994262695312
0.03227424621582031
0.09341311454772949
0.2775583267211914
0.23811721801757812
0.08153939247131348
0.26212382316589355
-0.15761137008666992
-0.02527332305908203
0.26300477981567383
0.14200091361999512
0.5478525161743164
0.437044620513916
0.3121836185455322
0.1107778549194336
0.05715537071228027
0.033284664154052734
0.028659343719482422
0.047760963439941406
0.04665350914001465
1.0597343444824219
-0.029311180114746094
0.1787865161895752
0.26468706130981445
0.06855368614196777
-0.3367941379547119
0.0308835506439209
0.20851445198059082
-0.2647261619567871
0.19537663459777832
0.38423633575439453
0.16292452812194824
0.009849071502685547
0.08071279525756836
0.1799161434173584
0.4617633819580078
0.18928241729736328
-0.13822364807128906
-0.12706732749938965
0.610396146774292
0.3085510730743408
-0.05779075622558594
0.005952596664428711
0.2749619483947754
-0.07429265975952148
0.04164743423461914
0.31633567810058594
0.24425840377807617
0.5868785381317139
0.2351672649383545
0.2744739055633545
-0.2415165901184082
0.4031689167022705
-0.1250157356262207
0.28572726249694824
-0.16763973236083984
0.0469365119934082
0.07761549949645996
0.06666254997253418
0.3782351016998291
0.35044145584106445
0.03116917610168457
-0.08914875984191895
0.4284553527832031
0.2261183261871338
0.36867260932922363
-0.04558086395263672
-0.06977534294128418
-0.05597400665283203
0.3023695945739746
0.5629522800445557
0.07732129096984863
0.7213873863220215
0.47618675231933594
0.23554039001464844
0.07391142845153809
0.4305305480957031
-0.03886103630065918
0.14304757118225098
0.4158353805541992
0.009442567825317383
0.266024112701416
-0.04863429069519043
0.30700111389160156
0.1463778018951416
0.3093235492706299
0.33067846298217773
0.030599355697631836
0.23702001571655273
0.20387887954711914
-0.003079652786254883
-0.021190166473388672
0.0665280818939209
0.17834925651550293
0.09112119674682617
-0.0343782901763916
0.18010330200195312
0.07072305679321289
-0.2605760097503662
0.08152127265930176
0.18056464195251465
0.31927967071533203
-0.0059664249420166016
0.18414878845214844
-0.0762791633605957
-0.09197807312011719
0.14504575729370117
0.0933237075805664
0.145615816116333
0.01413416862487793
0.0491793155670166
0.5631442070007324
0.11290478706359863
0.22428107261657715
0.23916387557983398
0.24191713333129883
0.18192148208618164
0.16611266136169434
0.22700285911560059
0.11965179443359375
0.6481695175170898
0.6116676330566406
0.6035933494567871
0.44573450088500977
0.06536102294921875
0.6830973625183105
0.24686956405639648
0.3448057174682617
0.20870304107666016
-0.05805325508117676
0.04124712944030762
-0.08117175102233887
0.1603487730026245
-0.04438471794128418
0.13155698776245117
0.05948162078857422
-0.19566941261291504
0.6137728691101074
0.06882524490356445
-0.0607147216796875
0.011887788772583008
0.3435702323913574
-0.010248422622680664
-0.020462751388549805
0.3608851432800293
-0.12340205907821655
-0.11802434921264648
-0.05102038383483887
0.37330055236816406
0.015747785568237305
0.01772928237915039
-0.0014338493347167969
-0.11617398262023926
-0.19354915618896484
-0.07875251770019531
0.15971159934997559
0.13805556297302246
0.11347675323486328
0.2358565330505371
0.1820211410522461
0.013288497924804688
0.03418231010437012
0.49822330474853516
-0.008937835693359375
0.11205863952636719
0.24569034576416016
0.2451622486114502
0.46979427337646484
0.6905317306518555
0.5604887008666992
0.1842484474182129
0.3441743850708008
0.4516270160675049
-0.007781505584716797
0.0955653190612793
0.13056468963623047
0.23239803314208984
-0.12422609329223633
0.0278775691986084
-0.06683778762817383
0.4973759651184082
-0.1483668088912964
0.037525177001953125
0.5854203701019287
0.20048117637634277
0.03368401527404785
0.18384504318237305
0.18874406814575195
0.41618847846984863
0.11239385604858398
0.37026023864746094
0.2468123435974121
0.9396014213562012
0.5187835693359375
0.16551852226257324
0.015909671783447266
0.7027251720428467
0.09926629066467285
0.26381969451904297
0.015133142471313477
0.3413875102996826
0.12486553192138672
0.11974477767944336
0.17959308624267578
0.028813600540161133
0.06327462196350098
0.1630873680114746
0.6004700660705566
0.09537458419799805
0.3931565284729004
-0.11424469947814941
0.14519190788269043
0.16731882095336914
0.10226249694824219
-0.13921189308166504
0.06526994705200195
0.049816131591796875
-0.07562518119812012
0.0029020309448242188
-0.0014483928680419922
0.12337708473205566
0.1061716079711914
0.3634936809539795
0.05885672569274902
0.08058834075927734
0.1279611587524414
0.5995917320251465
0.05211758613586426
-0.25591981410980225
-0.007947206497192383
-0.04318594932556152
0.17094087600708008
0.22940778732299805
0.18436121940612793
-0.06314587593078613
0.05289006233215332
0.10396027565002441
0.053914785385131836
0.14522457122802734
0.4831404685974121
0.4511682987213135
0.0740654468536377
0.4550662040710449
-0.08412742614746094
0.12701010704040527
0.5266423225402832
0.13973331451416016
-0.1940305233001709
0.37487196922302246
0.15520477294921875
-0.2585498094558716
0.5909647941589355
-0.05663275718688965
0.31267285346984863
0.29527997970581055
0.07561516761779785
0.02216029167175293
0.10787630081176758
0.5592305660247803
-0.13554978370666504
-0.14227294921875
0.14378809928894043
0.33588552474975586
-0.06731438636779785
0.2114548683166504
0.004799365997314453
0.0174252986907959
0.39496707916259766
0.07119631767272949
0.3518638610839844
0.11282801628112793
0.13330292701721191
-0.039606571197509766
-0.10369443893432617
0.19489336013793945
0.04183697700500488
0.4591193199157715
0.010251760482788086
-0.012089729309082031
-0.07400369644165039
0.1243593692779541
-0.042321205139160156
-0.11767196655273438
-0.13401031494140625
-0.26268720626831055
0.10436630249023438
0.624579906463623
0.10863852500915527
0.011324405670166016
0.09401595592498779
0.07423591613769531
0.07764196395874023
0.2615652084350586
0.48630475997924805
0.16531133651733398
0.29221391677856445
0.1729123592376709
-0.04464221000671387
-0.32959604263305664
0.09629416465759277
0.3424186706542969
0.4351353645324707
-0.20493245124816895
0.18489444255828857
0.30048203468322754
0.025758743286132812
0.4114420413970947
0.46859169006347656
0.26850414276123047
0.29425501823425293
0.04504561424255371
0.035854339599609375
-0.4974537491798401
-0.07361078262329102
-0.39290738105773926
0.04412412643432617
-0.04082822799682617
0.05530381202697754
0.4458041191101074
-0.04113507270812988
-0.10963010787963867
0.2297837734222412
0.023168087005615234
0.37447500228881836
0.23646116256713867
1.0295109748840332
0.13578200340270996
0.046851396560668945
0.2650160789489746
0.15822172164916992
0.141798734664917
0.21030592918395996
0.03445267677307129
-0.11114025115966797
-0.10812973976135254
0.0592498779296875
0.37230563163757324
0.26751232147216797
0.388242244720459
-0.0431520938873291
0.31864428520202637
0.7959587574005127
-0.10100412368774414
0.11524105072021484
0.2217118740081787
0.18155789375305176
0.10224080085754395
-0.010253190994262695
0.2297990322113037
0.019937515258789062
0.11711883544921875
0.11516594886779785
0.23921489715576172
0.24640297889709473
0.08225178718566895
0.17330002784729004
0.2254948616027832
0.06422901153564453
-0.09565544128417969
-0.04094076156616211
0.40680599212646484
-0.09522294998168945
0.21274018287658691
-0.2300877571105957
0.5316729545593262
0.07738375663757324
0.07606744766235352
0.16441941261291504
0.2830491065979004
1.0466654300689697
0.3001546859741211
0.15541529655456543
-0.13781094551086426
-0.11582446098327637
0.4817650318145752
-0.01946568489074707
0.22969436645507812
-0.03229832649230957
-0.12212467193603516
0.36146020889282227
0.7326924800872803
-0.03257250785827637
0.30366063117980957
-0.0710747241973877
0.3520512580871582
0.15384125709533691
0.2437593936920166
-0.18683934211730957
0.06087136268615723
-0.03154468536376953
0.018133878707885742
0.7115216255187988
-0.1460895538330078
-0.04059910774230957
-0.07336211204528809
0.26761960983276367
-0.19946599006652832
0.5462088584899902
0.22606849670410156
0.3061361312866211
-0.08409404754638672
-0.39177119731903076
0.24545860290527344
-0.10094690322875977
0.18160772323608398
0.033632516860961914
0.06506633758544922
-0.1312093734741211
0.30570459365844727
-0.033106327056884766
0.09911632537841797
0.0411531925201416
0.02340078353881836
-0.097137451171875
0.8074467182159424
-0.06544733047485352
0.13891887664794922
0.19951176643371582
0.011345148086547852
0.29735541343688965
0.24444246292114258
-0.0013320446014404297
0.12155699729919434
0.3847615718841553
0.30402135848999023
-0.17687535285949707
0.7085473537445068
-0.11487412452697754
0.12723970413208008
-0.12634992599487305
-0.10357165336608887
0.17255854606628418
-0.3480563163757324
0.3044898509979248
0.3893594741821289
0.20184755325317383
0.3666086196899414
0.6608741283416748
0.17134618759155273
0.2807939052581787
0.3137328624725342
0.4570145606994629
0.3093094825744629
0.07358884811401367
0.08497118949890137
0.43326616287231445
0.12907862663269043
-0.15505027770996094
0.29010725021362305
0.24706029891967773
0.03555035591125488
0.17361760139465332
0.10619020462036133
-0.0010287761688232422
0.10428380966186523
0.21017670631408691
0.1390984058380127
0.2598843574523926
-0.11204791069030762
-0.0718379020690918
0.1546154022216797
-0.0481719970703125
0.0626530647277832
-0.05625486373901367
0.06563687324523926
0.3668386936187744
0.02450394630432129
-0.16092944145202637
0.5455601215362549
0.25159430503845215
0.27476072311401367
0.37465882301330566
0.404050350189209
0.47803759574890137
0.34203577041625977
0.0612185001373291
0.34026098251342773
-0.12624573707580566
-0.1882462501525879
0.1922006607055664
0.0844573974609375
0.046271562576293945
0.05273580551147461
0.6545548439025879
0.05418276786804199
0.05885016918182373
-0.10370969772338867
0.18378877639770508
-0.0006914138793945312
0.24511289596557617
0.0411069393157959
0.29312992095947266
0.12082839012145996
0.10603904724121094
0.2020130157470703
0.255617618560791
0.24952268600463867
0.3318312168121338
0.4248361587524414
0.21041607856750488
0.6156926155090332
0.2316117286682129
-0.11104106903076172
0.16926860809326172
0.03458857536315918
0.11982345581054688
0.3035316467285156
0.5433800220489502
-0.03481483459472656
-0.018710851669311523
0.0672156810760498
-0.01397085189819336
-0.0888204574584961
0.12906527519226074
0.09980392456054688
0.8842544555664062
0.06165003776550293
0.1805863380432129
0.028511524200439453
-0.04151105880737305
0.019293546676635742
0.024368762969970703
-0.22012829780578613
0.17078351974487305
-0.03954339027404785
0.5576200485229492
0.05133795738220215
0.2663154602050781
0.36071205139160156
-0.3316318988800049
0.3663482666015625
0.420743465423584
0.14400148391723633
0.43526315689086914
0.032851219177246094
0.0800027847290039
-0.03617048263549805
0.12410736083984375
0.1760694980621338
0.2340230941772461
0.0903928279876709
0.021617412567138672
0.38770008087158203
0.294417142868042
0.034395694732666016
0.08563232421875
0.13562655448913574
0.34392642974853516
-0.275881290435791
0.030001163482666016
-0.21106302738189697
0.2785201072692871
0.12030744552612305
0.051171183586120605
0.05547356605529785
-0.010524988174438477
0.3797574043273926
-0.2672300338745117
0.22943115234375
0.11786603927612305
-0.07384741306304932
0.013023853302001953
0.349520206451416
-0.028981685638427734
0.5299196243286133
0.05060315132141113
0.39716219902038574
0.5338118076324463
0.10572934150695801
0.26365160942077637
0.49649882316589355
0.7953429222106934
-0.15254926681518555
0.08600306510925293
0.08451414108276367
-0.32349157333374023
-0.2858855724334717
0.3162095546722412
0.2068164348602295
0.4035928249359131
0.015544891357421875
0.22291064262390137
0.2828080654144287
0.21137070655822754
-0.04290366172790527
-0.4624699354171753
-0.07158279418945312
0.008533477783203125
0.36669111251831055
-0.07417845726013184
0.27213263511657715
0.6378910541534424
-0.03967475891113281
0.14543724060058594
-0.23414182662963867
0.42572832107543945
-0.0322260856628418
0.17510771751403809
-0.00859212875366211
0.08611297607421875
0.15531086921691895
0.16298270225524902
0.10753870010375977
0.06985974311828613
-0.14528107643127441
0.46767616271972656
0.3465871810913086
0.30385398864746094
-0.23957061767578125
0.2998232841491699
-0.09125113487243652
-0.05407309532165527
0.0959768295288086
-0.02069234848022461
-0.04919576644897461
0.04585385322570801
0.03812241554260254
0.45224618911743164
0.08755993843078613
-0.12126469612121582
0.4278583526611328
0.2388617992401123
0.10820508003234863
0.40072131156921387
-0.2724320888519287
0.6976492404937744
-0.07496905326843262
0.1220235824584961
-0.010464668273925781
0.6053764820098877
-0.15334343910217285
0.22593164443969727
0.23050355911254883
0.15537381172180176
0.19304680824279785
0.13003301620483398
0.13731646537780762
0.22966337203979492
0.04280686378479004
0.1704397201538086
-0.06487154960632324
0.30654239654541016
-0.009932756423950195
0.17909741401672363
0.3634004592895508
0.39087986946105957
-0.03680777549743652
0.22715377807617188
-0.05632781982421875
-0.3141968250274658
-0.10184907913208008
0.011762857437133789
0.11269760131835938
0.10019207000732422
0.09645462036132812
-0.30396175384521484
0.517305850982666
0.043514251708984375
0.4251527786254883
0.4047210216522217
0.32314372062683105
0.07550930976867676
0.12040352821350098
0.38129186630249023
0.2782468795776367
-0.09129810333251953
0.38059329986572266
0.14618492126464844
0.03807783126831055
0.19915127754211426
-0.12274408340454102
-0.09699344635009766
0.13884425163269043
-0.07968378067016602
0.20155668258666992
0.12032222747802734
0.23104524612426758
0.31891322135925293
-0.12147903442382812
0.5917835235595703
0.17548370361328125
0.06970739364624023
-0.09406900405883789
0.12533187866210938
0.08624792098999023
-0.11766815185546875
-0.0454251766204834
0.18556714057922363
0.4396696090698242
0.41378164291381836
-0.1070857048034668
0.11074233055114746
-0.03350114822387695
-0.49720853567123413
0.0699758529663086
0.06398677825927734
0.12654805183410645
-0.020657062530517578
-0.3190128803253174
0.2271556854248047
0.2701292037963867
-0.020328998565673828
0.6133694648742676
0.39179420471191406
-0.026067733764648438
0.22959136962890625
0.13178730010986328
0.2667734622955322
0.10749435424804688
0.16459083557128906
0.3946218490600586
0.3623220920562744
0.22991085052490234
-0.09858584403991699
0.39380931854248047
0.07229471206665039
0.056424856185913086
0.2511310577392578
0.07125115394592285
0.1909489631652832
0.12491703033447266
-0.07130956649780273
-0.10102319717407227
0.3304309844970703
-0.034224510192871094
0.4399838447570801
0.15684032440185547
0.003210783004760742
-0.09918832778930664
0.19552159309387207
0.6475062370300293
-0.2172987461090088
0.10309076309204102
0.2343909740447998
-0.020177841186523438
-0.07938098907470703
-0.11674213409423828
0.3314778804779053
0.08932256698608398
0.18615460395812988
-0.3369736671447754
0.3680274486541748
-0.0405958890914917
0.18581318855285645
0.1973433494567871
0.46253132820129395
0.6972625255584717
0.4705085754394531
0.11525082588195801
0.3380613327026367
-0.01238870620727539
-0.36162543296813965
0.31006669998168945
-0.2646174430847168
0.7906169891357422
0.537952184677124
0.32018065452575684
0.47406816482543945
0.21266961097717285
-0.3542168140411377
-0.03929710388183594
0.34478139877319336
0.15699195861816406
0.05090045928955078
-0.03824138641357422
-0.07058429718017578
0.05264902114868164
0.026144027709960938
0.19144010543823242
-0.13647174835205078
0.4083516597747803
-0.035140275955200195
0.05445408821105957
-0.06649398803710938
0.20466184616088867
0.15499639511108398
0.021673917770385742
-0.029033660888671875
0.1045675277709961
-0.3642772436141968
-0.054721832275390625
0.3418459892272949
0.08081889152526855
0.24648571014404297
0.4899778366088867
-0.0639653205871582
0.032058000564575195
0.4730992317199707
0.12070918083190918
-0.08449673652648926
0.6730532646179199
0.1739492416381836
-0.11113238334655762
0.3867831230163574
-0.187577486038208
0.07483911514282227
0.5135571956634521
0.25826358795166016
0.16738653182983398
0.1129615306854248
-0.22574973106384277
0.3331892490386963
0.06152820587158203
0.3133091926574707
0.706317663192749
0.09839963912963867
0.1895599365234375
0.19060611724853516
-0.10289740562438965
0.15944719314575195
0.29069972038269043
0.2570958137512207
-0.06393623352050781
0.14896249771118164
-0.11263751983642578
0.08658909797668457
-0.01893448829650879
-0.1776714324951172
0.3509182929992676
-0.29341936111450195
0.22384262084960938
0.07902312278747559
0.28833866119384766
0.17325448989868164
0.5841059684753418
0.43047022819519043
0.14729905128479004
0.2501039505004883
0.09415984153747559
-0.3296680450439453
0.010757684707641602
0.36889028549194336
0.32178544998168945
0.5797972679138184
0.18516135215759277
0.0541682243347168
-0.02037501335144043
0.2878246307373047
0.17702364921569824
0.18210768699645996
0.13684678077697754
0.10209250450134277
0.06887650489807129
-0.009597301483154297
0.0724344253540039
0.1888573169708252
0.06578326225280762
0.037824034690856934
-0.04673886299133301
0.3761742115020752
0.4360618591308594
0.03866863250732422
0.2804710865020752
0.29990458488464355
0.6019401550292969
0.034938812255859375
0.2068779468536377
0.08680462837219238
0.09671235084533691
0.09928345680236816
0.4265918731689453
0.79599928855896
0.16135454177856445
0.04546988010406494
-0.14213323593139648
0.15977048873901367
0.30281567573547363
0.18305301666259766
-0.003942131996154785
0.2915501594543457
0.10809063911437988
0.42279767990112305
-0.14020824432373047
0.09238910675048828
-0.039777278900146484
0.31209897994995117
0.1283431053161621
0.11523270606994629
0.12679076194763184
0.7066223621368408
-0.01455235481262207
0.2806210517883301
0.23825788497924805
0.24737858772277832
0.22709226608276367
-0.1634378433227539
0.39280271530151367
0.13396334648132324
0.08292794227600098
0.05812430381774902
-0.27229881286621094
0.09438562393188477
-0.20658659934997559
-0.1362323760986328
0.03491330146789551
0.0073778629302978516
0.0339968204498291
-0.10120368003845215
0.17503857612609863
0.24359726905822754
0.0004482269287109375
-0.03287315368652344
0.04405403137207031
0.43611717224121094
0.10593295097351074
-0.0018124580383300781
0.21282076835632324
0.5096101760864258
0.31580543518066406
0.2304706573486328
0.39104366302490234
0.31209278106689453
0.16545724868774414
0.26209068298339844
0.4299192428588867
0.013506174087524414
0.25409746170043945
0.055648088455200195
-0.04834794998168945
0.1944868564605713
-0.021256208419799805
-0.014779329299926758
-0.08700323104858398
0.4631321430206299
0.20267599821090698
-0.19159603118896484
0.08923101425170898
0.2760939598083496
-0.07791948318481445
0.11725473403930664
0.24308061599731445
0.053224802017211914
0.12393712997436523
0.6177563667297363
0.5043938159942627
0.019159317016601562
0.010420560836791992
-0.057305335998535156
-0.2419140338897705
-0.02506422996520996
0.07689833641052246
0.13668417930603027
0.04658818244934082
0.36008739471435547
-0.022213220596313477
0.5160715579986572
0.022687911987304688
0.020163536071777344
0.4631667137145996
0.716271162033081
0.311612606048584
0.36271023750305176
0.03371143341064453
0.032689571380615234
-0.002452373504638672
0.17106223106384277
-0.24573445320129395
-0.16189372539520264
-0.07107257843017578
0.362001895904541
0.24654507637023926
0.13739991188049316
0.4308173656463623
0.43372392654418945
-0.28937816619873047
0.31000852584838867
0.4263889789581299
-0.07165718078613281
0.18777132034301758
0.031019210815429688
0.14945101737976074
0.12652063369750977
-0.10838711261749268
0.3325028419494629
0.862525463104248
0.020957469940185547
0.3016054630279541
0.2577478885650635
0.4571988582611084
-0.18100464344024658
-0.07893919944763184
0.20044183731079102
0.31077122688293457
-0.15574169158935547
0.08705806732177734
0.0889897346496582
-0.07237863540649414
-0.05363798141479492
0.05428767204284668
0.05418252944946289
0.11242222785949707
-0.06446564197540283
0.17235159873962402
-0.0038509368896484375
-0.08869767189025879
0.5821480751037598
0.3880791664123535
0.041045427322387695
-0.015867233276367188
-0.2643449306488037
0.34047913551330566
0.09040951728820801
0.471172571182251
0.1226961612701416
0.13280439376831055
0.3719329833984375
0.23758673667907715
0.5250325202941895
0.18992257118225098
0.11222243309020996
-0.2004857063293457
0.12802815437316895
0.22975850105285645
0.26610445976257324
-0.03975510597229004
0.0717458724975586
0.22210073471069336
0.07162594795227051
1.0052299499511719
-0.17293834686279297
0.11344742774963379
0.41464948654174805
0.3717937469482422
0.37824487686157227
-0.29700326919555664
0.46572160720825195
0.5275287628173828
0.2364649772644043
0.45691394805908203
0.03424572944641113
0.203233003616333
-0.18708539009094238
-0.09015727043151855
0.33687710762023926
0.07433795928955078
0.1305685043334961
0.11925315856933594
0.1014862060546875
0.11750674247741699
0.2775418758392334
0.3237118721008301
-0.12957406044006348
0.364410400390625
-0.23235392570495605
0.2754960060119629
0.0335543155670166
0.3708374500274658
-0.12168002128601074
0.30304408073425293
0.3722245693206787
0.2111682891845703
0.14492344856262207
-0.011075019836425781
0.1363542079925537
0.4865865707397461
0.3300504684448242
-0.20844340324401855
0.04075908660888672
0.12421226501464844
0.210676908493042
-0.004474163055419922
-0.05422210693359375
0.2543342113494873
0.18141961097717285
-0.010916709899902344
0.0220491886138916
0.5790808200836182
0.19411587715148926
0.012915372848510742
0.36335182189941406
0.564673900604248
0.06143379211425781
0.49547433853149414
0.005834102630615234
0.0034914016723632812
-0.1835625171661377
-0.1308138370513916
0.3627915382385254
0.10145139694213867
-0.11038565635681152
0.2610321044921875
0.11803531646728516
0.3787961006164551
-0.21945452690124512
0.1580791473388672
0.18609905242919922
0.06185197830200195
0.11889338493347168
0.29516029357910156
-0.19722533226013184
0.011684775352478027
0.13160276412963867
-0.06685400009155273
0.4351234436035156
-0.24572992324829102
0.3928501605987549
-0.20968294143676758
0.05066633224487305
0.09215593338012695
0.07362842559814453
0.1848466396331787
0.24870014190673828
0.2546563148498535
-0.03979969024658203
0.28324031829833984
-0.04322314262390137
0.12314414978027344
-0.20315861701965332
0.8175203800201416
0.26828551292419434
0.027363061904907227
-0.026007890701293945
0.005537509918212891
0.1077117919921875
0.27781152725219727
0.22159647941589355
0.05238223075866699
-0.09148478507995605
0.2868027687072754
-0.12404990196228027
0.2119431495666504
0.044655799865722656
0.12659668922424316
0.3374478816986084
-0.3672957420349121
0.12312436103820801
0.11939191818237305
0.006349325180053711
0.36409521102905273
-0.04219198226928711
0.22163105010986328
0.06434297561645508
0.370866060256958
-0.005786418914794922
0.5623607635498047
0.2597954273223877
0.03676486015319824
0.023019790649414062
0.13651561737060547
0.27114105224609375
0.12918639183044434
0.16402912139892578
0.38198423385620117
0.553281307220459
0.10314226150512695
0.21561598777770996
0.028458356857299805
0.1584019660949707
0.09606790542602539
-0.0029497146606445312
0.12148690223693848
0.1628432273864746
0.16659331321716309
-0.1487424373626709
0.23719167709350586
0.05947732925415039
0.620866060256958
0.24130916595458984
0.20501279830932617
0.03160858154296875
-0.06254196166992188
0.4541940689086914
0.1933450698852539
0.07405591011047363
-0.1302722692489624
0.02342367172241211
0.5464048385620117
0.2577626705169678
0.03417778015136719
-0.17392754554748535
0.11368703842163086
-0.07057952880859375
0.4118766784667969
0.09156131744384766
0.5210974216461182
0.37519192695617676
0.4808957576751709
0.657015323638916
-0.052780866622924805
0.21407413482666016
0.3778514862060547
0.0808708667755127
0.15247058868408203
0.1589796543121338
-0.019752025604248047
0.2221674919128418
0.2567768096923828
0.6677031517028809
0.6593337059020996
0.5835752487182617
0.0410308837890625
0.5985605716705322
0.08111238479614258
-0.12324237823486328
0.24405288696289062
0.39916372299194336
0.17443585395812988
0.3992805480957031
0.2592015266418457
0.2811155319213867
0.18671226501464844
-0.03446602821350098
0.23136210441589355
0.3119168281555176
0.07520556449890137
-0.0290982723236084
-0.04863095283508301
0.3280048370361328
0.3414936065673828
0.04795646667480469
0.26918458938598633
-0.018094539642333984
-0.27284568548202515
0.3937709331512451
0.01841425895690918
0.37805676460266113
0.6044211387634277
0.1502530574798584
0.06461763381958008
-0.13062524795532227
-0.10985565185546875
0.15550971031188965
0.14053702354431152
0.24208974838256836
-0.10216569900512695
0.11138343811035156
-0.21522140502929688
0.27260255813598633
0.1836228370666504
0.28510022163391113
-0.10910797119140625
-0.0928945541381836
0.2790031433105469
0.05927920341491699
-0.014292478561401367
0.1578688621520996
0.10914421081542969
0.060463905334472656
-0.15101265907287598
0.2742307186126709
0.23633670806884766
-0.04955434799194336
0.006978750228881836
0.06283402442932129
0.2842137813568115
0.31980419158935547
-0.21966862678527832
-0.10126006603240967
0.25597643852233887
-0.1914520263671875
0.7147700786590576
0.364840030670166
0.01324605941772461
0.28344035148620605
-0.11478710174560547
0.7572431564331055
-0.13354825973510742
0.04685664176940918
0.06482172012329102
0.05697321891784668
0.1482226848602295
0.4517207145690918
0.21610569953918457
-0.32259225845336914
0.2300572395324707
0.33469629287719727
-0.30744242668151855
0.09402823448181152
-0.35303235054016113
-0.07043719291687012
0.7780873775482178
-0.23273229598999023
0.1098930835723877
0.4382169246673584
0.0626988410949707
0.07793211936950684
0.3774986267089844
0.6324665546417236
0.02894306182861328
-0.011769294738769531
0.14590215682983398
0.27816057205200195
0.2459256649017334
0.044625043869018555
0.3393402099609375
0.23694396018981934
0.3881368637084961
-0.10660147666931152
0.09961080551147461
0.1398930549621582
0.1611316204071045
0.13226795196533203
0.31769561767578125
0.03389286994934082
0.2164287567138672
0.04061579704284668
-0.023468732833862305
0.45558786392211914
0.17763137817382812
0.11262321472167969
0.4625084400177002
0.4044826030731201
-0.15952205657958984
0.25109028816223145
0.6084599494934082
0.3952920436859131
0.1110239028930664
-0.07176923751831055
0.08311104774475098
-0.06287145614624023
0.03367424011230469
0.23013591766357422
0.5555028915405273
0.23906707763671875
0.23900747299194336
0.3053128719329834
0.3189084529876709
0.33533263206481934
-0.15707850456237793
0.1694018840789795
0.2967958450317383
0.13694000244140625
0.2086179256439209
0.01543569564819336
-0.020053625106811523
0.10416507720947266
0.5318918228149414
-0.029456138610839844
0.20453405380249023
0.29255199432373047
0.3695402145385742
-0.2711207866668701
0.211578369140625
0.2486741542816162
-0.5006071925163269
-0.11537671089172363
0.4785456657409668
0.1412968635559082
0.44530582427978516
0.15787792205810547
0.41713452339172363
0.003287792205810547
-0.3505361080169678
0.15764117240905762
0.22142744064331055
0.2609553337097168
0.37550878524780273
-0.039560556411743164
0.3512744903564453
-0.15496134757995605
0.1637721061706543
0.5840761661529541
0.18424177169799805
-0.0592801570892334
-0.07247281074523926
0.30368971824645996
0.14412474632263184
-0.4164692163467407
-0.008848190307617188
0.124420166015625
0.5587301254272461
0.11046099662780762
0.10589885711669922
0.05234837532043457
0.8482546806335449
0.026788949966430664
0.1436445713043213
-0.0018992424011230469
-0.1948254108428955
0.09806418418884277
-0.2517392635345459
0.14714741706848145
0.19357061386108398
0.017279386520385742
0.25411510467529297
0.7662820816040039
0.16039609909057617
-0.04318356513977051
0.2188718318939209
-0.02529120445251465
-0.12295317649841309
0.33499574661254883
0.34339046478271484
0.23827457427978516
-0.2311464548110962
0.1897139549255371
0.3208777904510498
0.277801513671875
0.2692861557006836
0.1052253246307373
0.3843381404876709
0.3257625102996826
0.025032520294189453
0.33768200874328613
0.7890534400939941
0.6137776374816895
0.08977079391479492
0.47437286376953125
0.42688655853271484
0.07236790657043457
-0.05994987487792969
0.17510175704956055
0.09197521209716797
0.361591100692749
-0.006360769271850586
0.20788908004760742
0.08046436309814453
-0.05193924903869629
0.1789226531982422
0.04794430732727051
-0.09656286239624023
0.0333559513092041
-0.007192850112915039
0.5275290012359619
0.475085973739624
-0.006030559539794922
0.16034913063049316
-0.09157752990722656
0.10642671585083008
0.24184894561767578
0.09133386611938477
-0.1136472225189209
0.3294250965118408
-0.012331247329711914
-0.004804134368896484
0.16006970405578613
0.5414063930511475
-0.10593938827514648
0.5043299198150635
0.2950141429901123
0.31095004081726074
-0.04229402542114258
0.2904365062713623
-0.09364819526672363
-0.048496246337890625
-0.24710798263549805
0.04680061340332031
0.158799409866333
-0.5026028156280518
-0.2988588809967041
0.31758713722229004
-0.09967708587646484
0.5763390064239502
0.06971526145935059
0.05557727813720703
-0.035359859466552734
0.2673933506011963
0.028522491455078125
0.04437422752380371
0.14992046356201172
0.8381729125976562
-0.12190675735473633
0.13736963272094727
0.19773197174072266
0.35397911071777344
-0.12412548065185547
0.15563058853149414
0.0627450942993164
0.11937689781188965
0.111419677734375
-0.13445782661437988
0.25365686416625977
0.17508149147033691
-0.19218063354492188
-0.03519487380981445
0.03809547424316406
-0.017246484756469727
-0.016937255859375
0.08543229103088379
0.33786582946777344
0.3245553970336914
0.173142671585083
0.32834506034851074
0.05712723731994629
0.2072434425354004
0.02994704246520996
0.2521207332611084
0.013991117477416992
0.03388547897338867
0.4121735095977783
0.25281405448913574
0.10898113250732422
-0.05139493942260742
-0.043329477310180664
0.2616124153137207
0.22113919258117676
0.026621580123901367
0.5180642604827881
0.31030893325805664
0.27040648460388184
0.27016615867614746
0.24319696426391602
0.0977780818939209
0.024041175842285156
0.33595848083496094
-0.11524522304534912
0.5675761699676514
0.0961761474609375
-0.34833836555480957
0.3008546829223633
-0.045044898986816406
0.048180580139160156
0.5970926284790039
0.589108943939209
0.18738460540771484
0.10590076446533203
0.26625609397888184
0.6800446510314941
-0.15892910957336426
-0.15243220329284668
-0.07550263404846191
0.5575191974639893
0.43644189834594727
-0.06351709365844727
0.06528997421264648
0.17754220962524414
0.6348614692687988
0.4235076904296875
0.38958168029785156
0.19795680046081543
0.053594231605529785
-0.1619417667388916
-0.08820128440856934
0.5693652629852295
-0.11862730979919434
0.12512421607971191
0.4292876720428467
0.15991926193237305
-0.15300202369689941
0.2416844367980957
0.24507856369018555
0.3050105571746826
0.5290713310241699
0.4187796115875244
0.3213620185852051
0.3439345359802246
0.5570430755615234
-0.10603523254394531
-0.20383000373840332
0.3151211738586426
0.4578275680541992
0.11894416809082031
0.40918469429016113
-0.027232885360717773
0.20147490501403809
0.00923609733581543
0.24660778045654297
-0.027391910552978516
0.22217869758605957
0.7142472267150879
0.013607978820800781
-0.02211284637451172
0.12318158149719238
0.06199336051940918
0.3215761184692383
0.2753899097442627
0.5159094333648682
-0.06067323684692383
-0.0257110595703125
0.5280776023864746
-0.05165600776672363
0.3881525993347168
0.22208261489868164
0.3261888027191162
0.0841522216796875
0.2149372100830078
0.6079277992248535
-0.048252105712890625
0.07007908821105957
-0.052135586738586426
0.35729098320007324
-0.22546625137329102
-0.0030732154846191406
0.12513065338134766
0.23317813873291016
0.16818904876708984
0.24870562553405762
-0.053977012634277344
0.14554405212402344
-0.09054923057556152
0.02292037010192871
0.1262345314025879
0.168487548828125
0.378997802734375
-0.0025451183319091797
0.20720553398132324
0.39823365211486816
-0.0571131706237793
-0.004809379577636719
0.022433996200561523
0.3084745407104492
0.2505228519439697
0.596240758895874
0.14715003967285156
-0.09888863563537598
0.059658050537109375
0.289386510848999
-0.2589242458343506
0.12512660026550293
0.339855432510376
0.26803064346313477
0.3447988033294678
-0.23545384407043457
-0.281308650970459
0.015860319137573242
0.07320308685302734
-0.10461592674255371
0.21881484985351562
0.38476991653442383
0.20160651206970215
0.7365002632141113
-0.00804281234741211
0.08870744705200195
0.35444164276123047
0.2337033748626709
0.3334465026855469
0.01213216781616211
-0.08510971069335938
0.3072669506072998
0.3337671756744385
0.48380160331726074
0.06562614440917969
0.4562199115753174
0.22595882415771484
0.17940473556518555
0.3623046875
0.1613483428955078
0.18688583374023438
0.1671903133392334
0.10098648071289062
0.04004335403442383
0.011858224868774414
-0.17958688735961914
0.1925647258758545
-0.002070784568786621
-0.03346061706542969
-0.13204264640808105
0.09178781509399414
0.26267337799072266
0.3183717727661133
-0.0005102157592773438
0.41428232192993164
-0.007806539535522461
0.4890782833099365
0.5402414798736572
0.20099401473999023
0.1676802635192871
0.09910035133361816
0.07053160667419434
-0.20120644569396973
0.3183939456939697
0.32607126235961914
0.5929300785064697
-0.2645072937011719
-0.17487072944641113
0.21899652481079102
0.12034273147583008
0.24661540985107422
-0.10987734794616699
0.08839654922485352
-0.06904983520507812
0.1642007827758789
0.03759050369262695
0.03808760643005371
-0.13730978965759277
0.27365779876708984
0.34276914596557617
0.015785932540893555
-0.02351856231689453
0.051746368408203125
0.18336009979248047
-0.10840034484863281
0.19899344444274902
0.5405418872833252
-0.048895835876464844
0.27716922760009766
0.3866710662841797
0.2851078510284424
0.5124685764312744
0.27034473419189453
0.026766538619995117
-0.017010211944580078
0.05018496513366699
0.07709884643554688
0.33319664001464844
0.0659404993057251
0.05504810810089111
0.12292218208312988
0.2048337459564209
0.10798811912536621
0.01398921012878418
0.08098959922790527
0.18115854263305664
0.17061901092529297
0.24033355712890625
0.08078169822692871
0.08715534210205078
0.3202812671661377
-0.23450374603271484
-0.09506058692932129
0.09748196601867676
0.2567415237426758
0.10939216613769531
-0.05115556716918945
-0.1782073974609375
0.7953650951385498
0.5546414852142334
0.2733578681945801
-0.05912327766418457
0.00998830795288086
0.29844045639038086
0.27524900436401367
-0.18115544319152832
0.12570643424987793
0.4916856288909912
0.12650847434997559
0.5636782646179199
0.07383108139038086
0.06148862838745117
0.2491919994354248
-0.04057931900024414
0.0729222297668457
0.015132427215576172
0.06198549270629883
0.11085653305053711
0.2650790214538574
0.5819978713989258
0.2731785774230957
0.176469087600708
0.3885025978088379
0.19122815132141113
0.04726266860961914
-0.015429973602294922
0.3002805709838867
0.2823002338409424
0.22780537605285645
0.3802919387817383
-0.2882084846496582
-0.21086645126342773
-0.4995073080062866
-0.04918074607849121
-0.07021141052246094
0.033514976501464844
0.55924391746521
0.17326784133911133
0.019964933395385742
-0.07996749877929688
-0.003450155258178711
0.5767436027526855
0.04531073570251465
0.10870528221130371
0.5519096851348877
0.05822277069091797
0.10490560531616211
0.2936129570007324
0.10622692108154297
-0.043332695960998535
0.013226509094238281
-0.12291979789733887
-0.024954795837402344
-0.02915787696838379
0.20136141777038574
0.3062009811401367
0.5353939533233643
0.1274094581604004
0.1802196502685547
0.2072441577911377
0.2130577564239502
-0.007184743881225586
0.24980759620666504
0.10057497024536133
0.05434823036193848
0.5414669513702393
-0.09215140342712402
0.16039729118347168
0.28216981887817383
0.26957106590270996
-0.002284526824951172
0.6562459468841553
-0.0005979537963867188
0.17771363258361816
0.4014403820037842
-0.02027750015258789
-0.002999544143676758
0.3373756408691406
0.20839905738830566
0.11628055572509766
-0.059908151626586914
0.01213526725769043
0.22332024574279785
0.33018970489501953
0.38133740425109863
0.23666071891784668
0.021759033203125
0.4368143081665039
0.09852409362792969
-0.07941818237304688
0.42369866371154785
0.08789634704589844
0.09232807159423828
0.2312321662902832
0.24994778633117676
-0.09763264656066895
0.1949174404144287
0.09457111358642578
-0.15051841735839844
0.25000882148742676
0.1799776554107666
0.038872718811035156
0.3645365238189697
0.2370610237121582
0.3996567726135254
0.13233733177185059
0.13123679161071777
-0.02933025360107422
0.002468109130859375
0.5338261127471924
0.2163558006286621
0.15171504020690918
0.3123793601989746
0.6889083385467529
0.44539785385131836
0.10437655448913574
0.31905436515808105
0.09160065650939941
0.1802670955657959
0.5902247428894043
-0.05597400665283203
-0.019931793212890625
-0.05983257293701172
0.21457946300506592
0.058600664138793945
0.17593669891357422
0.3543856143951416
0.15841054916381836
0.031187772750854492
0.11689519882202148
0.01624321937561035
0.6260867118835449
0.06994438171386719
0.15811491012573242
0.43922877311706543
-0.08774065971374512
0.21770715713500977
0.3481736183166504
0.02887892723083496
0.19516468048095703
0.2585275173187256
0.08590340614318848
0.0034401416778564453
0.3121209144592285
0.08989500999450684
-0.12051105499267578
0.2463829517364502
-0.05221080780029297
0.39280271530151367
0.10331106185913086
0.08650875091552734
0.19220995903015137
0.06275796890258789
0.11018633842468262
0.125382661819458
0.1793372631072998
0.16310596466064453
0.03405284881591797
0.24931120872497559
0.010322809219360352
-0.0214691162109375
0.3573272228240967
-0.140625
0.35198116302490234
0.6943812370300293
0.35281848907470703
0.10124850273132324
0.13586640357971191
0.12279677391052246
0.03752422332763672
-0.037627458572387695
-0.053157806396484375
-0.057359933853149414
-0.09170341491699219
0.22705674171447754
0.1898343563079834
0.31163954734802246
0.0909738540649414
1.0890367031097412
-0.06744146347045898
0.5402548313140869
-0.0017321109771728516
0.3573739528656006
0.03358864784240723
0.36704063415527344
-0.15888738632202148
0.017177104949951172
0.30042505264282227
0.07483053207397461
0.17560529708862305
-0.021142005920410156
0.11760187149047852
0.2667102813720703
0.08526229858398438
0.35982394218444824
0.05336403846740723
0.08377790451049805
-0.16638612747192383
0.12426161766052246
0.5985181331634521
-0.0038213729858398438
0.011999130249023438
-0.00905299186706543
0.21573948860168457
-0.10060238838195801
0.5156106948852539
-0.008257150650024414
0.23152709007263184
0.31465816497802734
-0.10660862922668457
0.18415617942810059
-0.10406351089477539
0.17285919189453125
-0.08301901817321777
-0.12972962856292725
-0.018170833587646484
0.1470627784729004
0.046971797943115234
0.19365215301513672
0.11312699317932129
0.10841917991638184
0.2853214740753174
0.6936936378479004
0.11192703247070312
0.21159815788269043
0.6245598793029785
0.05933642387390137
-0.24625802040100098
-0.03582453727722168
0.18808770179748535
-0.0644843578338623
0.14606070518493652
-0.029633045196533203
0.19011402130126953
0.24235320091247559
0.5406372547149658
0.2936208248138428
-0.030533790588378906
-0.03279471397399902
-0.013626337051391602
0.5729715824127197
0.34995079040527344
-0.05471348762512207
0.29744458198547363
0.1765151023864746
0.2199106216430664
0.06545472145080566
0.41360950469970703
0.09825682640075684
-0.10854625701904297
0.08861351013183594
0.14221787452697754
-0.03456544876098633
-0.12658452987670898
0.07799339294433594
0.12204432487487793
0.3654658794403076
0.23047184944152832
0.45161890983581543
0.29172182083129883
0.1493549346923828
0.14663386344909668
0.22092938423156738
0.2037336826324463
0.14429712295532227
0.013108015060424805
0.21009063720703125
0.2218949794769287
0.36348628997802734
-0.0679178237915039
0.30049920082092285
0.06556057929992676
0.38857507705688477
0.3518056869506836
0.23873066902160645
0.16675686836242676
0.5768783092498779
0.37253236770629883
-0.10752248764038086
-0.1950923204421997
0.10675954818725586
0.30899667739868164
-0.0037832260131835938
0.2528190612792969
0.2972888946533203
-0.02723872661590576
0.18945956230163574
0.2930576801300049
0.2769441604614258
0.1621553897857666
-0.12494730949401855
0.29208922386169434
0.5811014175415039
0.07186770439147949
0.18521547317504883
-0.1938307285308838
0.060228586196899414
0.5086286067962646
0.23532867431640625
0.5545809268951416
-0.0460355281829834
0.15984153747558594
-0.01301264762878418
0.30513501167297363
0.33185839653015137
0.5734143257141113
0.3150930404663086
0.4996027946472168
-0.05149531364440918
0.04363059997558594
0.06330466270446777
-0.015858888626098633
0.07827425003051758
0.16895771026611328
0.12981319427490234
0.1583707332611084
0.39992213249206543
0.2678089141845703
-0.0002791881561279297
-0.023834943771362305
0.7088847160339355
0.4230952262878418
-0.03653860092163086
0.26903581619262695
0.2355332374572754
0.22272396087646484
-0.013913631439208984
0.31278491020202637
0.21036314964294434
0.294879674911499
-0.06465768814086914
0.15087604522705078
0.06962203979492188
-0.0003204345703125
0.32249975204467773
-0.28968000411987305
-0.01971721649169922
0.3235654830932617
0.3614506721496582
0.19089841842651367
0.23911499977111816
0.14839529991149902
-0.05543708801269531
0.2646191120147705
0.4336585998535156
0.24618911743164062
-0.10161852836608887
0.4637761116027832
0.23282599449157715
-0.19494009017944336
0.14742326736450195
0.715116024017334
0.5210795402526855
0.10315442085266113
0.12248468399047852
-0.05839395523071289
0.5081868171691895
0.6147468090057373
-0.25964951515197754
0.16675591468811035
-0.06837344169616699
0.1278676986694336
0.41883039474487305
-0.04005241394042969
0.15515685081481934
0.4015843868255615
-0.352414608001709
0.18177485466003418
0.1270442008972168
-0.16012191772460938
0.22378325462341309
0.21478605270385742
-0.05298638343811035
-0.081573486328125
0.4569563865661621
0.008912086486816406
0.39832329750061035
-0.07961440086364746
0.23684024810791016
0.12762737274169922
-0.007889270782470703
0.054151058197021484
0.06856179237365723
0.12287354469299316
-0.27053022384643555
-0.05325937271118164
-0.10572576522827148
0.08976316452026367
0.6418173313140869
0.21819114685058594
0.0496370792388916
-0.10924911499023438
-0.035909175872802734
-0.3377518653869629
0.2151329517364502
-0.0517115592956543
0.4429054260253906
0.22382211685180664
0.028186321258544922
0.13247895240783691
0.41864943504333496
0.5916531085968018
0.6120486259460449
0.027850866317749023
0.25141072273254395
0.3608841896057129
0.12998652458190918
0.04262375831604004
0.012579679489135742
0.2536975145339966
0.3012204170227051
0.02614283561706543
0.20348072052001953
0.045256614685058594
0.19031190872192383
0.0325467586517334
0.6184301376342773
0.06160855293273926
0.27711915969848633
0.03439903259277344
0.023517727851867676
0.3842771053314209
0.005443096160888672
0.1422266960144043
-0.01587367057800293
0.5084328651428223
0.035805463790893555
0.27377915382385254
0.5999388694763184
0.10295867919921875
0.284163236618042
0.2350902557373047
-0.2460463047027588
-0.06393718719482422
0.15477323532104492
0.1446537971496582
0.33168506622314453
0.11870455741882324
0.05894017219543457
0.02508831024169922
0.19029521942138672
-0.016474246978759766
0.03402972221374512
0.5296497344970703
-0.23334890604019165
0.14660429954528809
0.17074298858642578
-0.15860342979431152
-0.04898786544799805
0.09345293045043945
0.28043270111083984
0.25176191329956055
0.36284875869750977
0.04077649116516113
0.8708376884460449
0.2718780040740967
0.18218326568603516
0.2319469451904297
-0.18842577934265137
-0.0025742053985595703
0.005758523941040039
0.23726606369018555
0.2855396270751953
-0.15168428421020508
0.005001544952392578
0.15992951393127441
0.04546475410461426
0.12491869926452637
0.17094743251800537
0.4531891345977783
-0.12294387817382812
0.25959038734436035
0.39266467094421387
0.050249338150024414
0.23641228675842285
0.5205063819885254
0.8049430847167969
0.1786808967590332
0.5027616024017334
0.15352249145507812
0.5253353118896484
0.09226226806640625
0.34188318252563477
0.4725759029388428
-0.08885550498962402
-0.04183483123779297
-0.029722929000854492
0.12287116050720215
-0.1386866569519043
0.08800816535949707
-0.14515185356140137
-0.059612274169921875
0.08766961097717285
0.49599123001098633
0.17720508575439453
0.143157958984375
-0.11759519577026367
-0.021457672119140625
0.3435852527618408
0.03586912155151367
0.6454541683197021
0.21296238899230957
0.28530240058898926
0.0843205451965332
0.21611571311950684
0.04606151580810547
0.028878211975097656
0.18000316619873047
0.05939531326293945
0.036247968673706055
0.33682823181152344
0.10373592376708984
0.253157377243042
0.45148491859436035
0.2856581211090088
0.2998490333557129
0.19814133644104004
0.20168352127075195
0.49462366104125977
-0.03661751747131348
0.26421403884887695
-0.24632763862609863
0.12813663482666016
0.11721086502075195
0.06968235969543457
0.04999256134033203
0.28847336769104004
0.07900357246398926
0.5714926719665527
0.46034979820251465
0.13464927673339844
0.371288537979126
-0.10455656051635742
-0.2115483283996582
0.5400691032409668
-0.1608426570892334
0.14091825485229492
0.5616843700408936
0.09063982963562012
0.2770853042602539
-0.10477137565612793
-0.0013856887817382812
0.23329544067382812
0.15566396713256836
-0.05709981918334961
-0.0435488224029541
0.17748498916625977
-0.06675028800964355
0.29441022872924805
0.4562962055206299
-0.18907451629638672
0.5652503967285156
0.0047283172607421875
-0.0344998836517334
0.17375516891479492
0.12770509719848633
0.36802101135253906
-0.036473751068115234
0.21868252754211426
0.7170283794403076
0.1136770248413086
0.06427907943725586
-0.06503462791442871
0.24528956413269043
0.06512832641601562
0.3222165107727051
0.12998080253601074
-0.41796398162841797
0.3312957286834717
0.18336153030395508
0.13740754127502441
0.06919217109680176
0.19368505477905273
0.3315422534942627
0.0971837043762207
0.23571491241455078
0.3744239807128906
-0.05992698669433594
-0.06562018394470215
0.34228515625
-0.11881208419799805
0.022501230239868164
0.18406033515930176
-0.036787986755371094
-0.13565468788146973
0.024896860122680664
0.7276899814605713
0.3866434097290039
0.23204374313354492
0.23723244667053223
0.7245018482208252
0.6750788688659668
0.25077247619628906
-0.04825639724731445
0.2573668956756592
-0.013529539108276367
-0.07583856582641602
0.14127445220947266
0.48741865158081055
0.296436071395874
0.2507045269012451
-0.08564090728759766
0.2406761646270752
0.052375078201293945
0.025951623916625977
0.46715426445007324
0.4477972984313965
-0.014679193496704102
0.27208876609802246
0.05976557731628418
0.5125746726989746
0.20517420768737793
0.2309584617614746
-0.12274885177612305
-0.21889710426330566
0.5623912811279297
-0.5098624229431152
0.0263671875
0.37043046951293945
0.03410816192626953
0.30128002166748047
0.06036186218261719
0.11913275718688965
0.34841418266296387
0.22925686836242676
0.2414262294769287
0.16510939598083496
0.5728850364685059
-0.15337920188903809
0.05432248115539551
0.034241437911987305
0.11817789077758789
0.3243894577026367
-0.004241943359375
0.481112003326416
0.10679888725280762
0.2031702995300293
0.628911018371582
-0.21452224254608154
0.06285905838012695
0.1221156120300293
0.14803385734558105
0.1319737434387207
0.3953077793121338
0.047197818756103516
0.22637510299682617
0.4419994354248047
0.0699923038482666
0.0668497085571289
0.4257934093475342
0.012608766555786133
-0.09743404388427734
0.316084623336792
0.27702784538269043
0.03514862060546875
0.18706071376800537
-0.12302184104919434
0.36637377738952637
-0.01781773567199707
0.1747264862060547
0.5376772880554199
0.37499332427978516
0.07816720008850098
0.10106277465820312
-0.02962803840637207
0.10350656509399414
-0.08682775497436523
-0.03662467002868652
-0.004881858825683594
0.129225492477417
-0.06586551666259766
0.02792191505432129
0.07985448837280273
0.555509090423584
0.1381089687347412
0.2881488800048828
0.3641507625579834
0.1694629192352295
0.34024715423583984
-0.14306282997131348
-0.07003474235534668
0.4293956756591797
0.03701496124267578
0.6648123264312744
0.32430028915405273
-0.025249004364013672
0.25985026359558105
0.059545278549194336
0.31684446334838867
0.0025446414947509766
0.19161701202392578
-0.0020551681518554688
0.009136676788330078
-0.167586088180542
-0.037516117095947266
0.16845941543579102
0.04963803291320801
-0.24293184280395508
0.057273149490356445
-0.39033961296081543
0.2698349952697754
0.013608932495117188
0.4260709285736084
0.2396070957183838
0.344712495803833
0.02798175811767578
-0.02431201934814453
0.11980199813842773
0.2522857189178467
0.29190754890441895
-0.028917312622070312
-0.1346583366394043
0.27829599380493164
0.0527186393737793
-0.19694948196411133
0.28215765953063965
0.029916763305664062
0.5071637630462646
-0.1700453758239746
0.18475890159606934
-0.07994246482849121
-0.0076143741607666016
0.012875795364379883
-0.061496734619140625
-0.047231435775756836
0.05678677558898926
0.31777167320251465
0.15594172477722168
-0.08376526832580566
0.10656499862670898
-0.08708453178405762
-0.0885457992553711
0.32720518112182617
0.23888087272644043
-0.18388307094573975
0.15126681327819824
0.044677019119262695
-0.14513039588928223
-0.10922408103942871
0.10779476165771484
-0.01570725440979004
0.09390759468078613
-0.021970272064208984
0.17252182960510254
0.10081148147583008
0.07443356513977051
0.22718262672424316
-0.016066789627075195
0.043129682540893555
0.2244102954864502
0.5963599681854248
0.3406534194946289
0.018156766891479492
0.3460061550140381
-0.156205415725708
0.3331589698791504
0.4875483512878418
0.29224634170532227
0.02512800693511963
-0.0510563850402832
0.13487958908081055
0.13442158699035645
0.040625572204589844
0.0869138240814209
0.2164614200592041
0.05710911750793457
0.24308061599731445
0.18196439743041992
0.03654932975769043
0.39139389991760254
-0.030091285705566406
-0.12714433670043945
0.23700523376464844
0.4273843765258789
0.9120197296142578
0.24097728729248047
0.2510416507720947
0.48129987716674805
0.15714526176452637
0.11032557487487793
0.30840086936950684
0.2400050163269043
0.15643000602722168
-0.04883122444152832
0.10856890678405762
0.12590765953063965
-0.023786067962646484
0.15280532836914062
0.19196701049804688
0.7698895931243896
0.5609149932861328
0.03582143783569336
0.005791425704956055
0.041489601135253906
0.14229249954223633
0.15911626815795898
-0.16716480255126953
0.11064600944519043
-0.03620600700378418
0.10405087471008301
-0.03518080711364746
0.36951136589050293
0.3917374610900879
0.18758392333984375
0.06558895111083984
0.1976304054260254
0.22754311561584473
-0.06741452217102051
0.037767887115478516
0.31618428230285645
0.08992576599121094
0.09348773956298828
0.30413818359375
0.060652732849121094
0.24170660972595215
-0.03220534324645996
0.24001646041870117
0.15962743759155273
-0.11813926696777344
0.045920372009277344
0.06769371032714844
-0.23583984375
0.13951539993286133
0.4600822925567627
-0.4017230272293091
-0.1445157527923584
-0.012150287628173828
0.2446134090423584
0.05558896064758301
0.06654214859008789
-0.0399775505065918
0.042185306549072266
0.014204025268554688
0.41010141372680664
0.1847677230834961
0.11331772804260254
0.15858936309814453
0.20438480377197266
0.33393144607543945
-0.06505584716796875
0.06548523902893066
-0.32032108306884766
0.2701444625854492
0.1859755516052246
0.06023097038269043
-0.38599252700805664
0.43648576736450195
0.039856910705566406
0.15382075309753418
-0.05061626434326172
-0.04008626937866211
0.29906129837036133
0.05453968048095703
-0.055700063705444336
0.034796714782714844
0.06802654266357422
0.044608354568481445
0.14447426795959473
-0.003384113311767578
0.42138123512268066
0.012471675872802734
0.394197940826416
0.6323175430297852
-0.008203983306884766
0.0033854246139526367
0.46043896675109863
-0.10873866081237793
0.30158329010009766
0.19704794883728027
0.2183244228363037
0.2623288631439209
0.3820021152496338
0.39069223403930664
0.246412992477417
-0.5820531845092773
0.15473580360412598
0.049799442291259766
0.21036314964294434
0.13180303573608398
0.4814281463623047
0.11673951148986816
-0.17028164863586426
0.37781572341918945
0.32504987716674805
0.26198840141296387
0.007817506790161133
0.028155088424682617
-0.06311821937561035
0.0822601318359375
0.18312978744506836
0.1653132438659668
0.7729926109313965
0.2061309814453125
0.13857054710388184
0.11939120292663574
0.5037083625793457
0.8778901100158691
0.21915340423583984
0.28873133659362793
1.0193567276000977
0.05274772644042969
0.05831003189086914
0.48829054832458496
0.39724159240722656
0.2691655158996582
-0.11549043655395508
0.12718677520751953
0.4169464111328125
-0.10053360462188721
0.19701719284057617
0.04245615005493164
0.2843289375305176
0.06067180633544922
-0.0065670013427734375
-0.12301254272460938
-0.1659235954284668
0.029427528381347656
0.026538848876953125
0.0869290828704834
-0.14294791221618652
0.042177438735961914
-0.11860990524291992
0.3155226707458496
-0.18687105178833008
0.3448476791381836
0.27254343032836914
-0.06905651092529297
-0.22260189056396484
0.046068429946899414
0.5514051914215088
0.3473970890045166
0.16559362411499023
0.35077977180480957
0.42150259017944336
0.4232182502746582
0.21908354759216309
0.15025615692138672
0.13438749313354492
0.17461824417114258
0.38986897468566895
0.015556573867797852
-0.17504286766052246
0.23007917404174805
0.19436663389205933
0.2946035861968994
-0.006461381912231445
0.35010528564453125
0.06832051277160645
0.15767788887023926
-0.13776183128356934
-0.21033644676208496
-0.08566546440124512
0.1140904426574707
0.010763883590698242
0.05876731872558594
0.17328929901123047
0.12516212463378906
0.11680746078491211
-0.16907310485839844
-0.030052661895751953
0.05096912384033203
0.23630070686340332
-0.025353193283081055
-0.23818421363830566
0.40053844451904297
0.3150331974029541
-0.14381742477416992
-0.11987733840942383
0.0822601318359375
0.04999518394470215
0.2331700325012207
0.047705650329589844
0.23572087287902832
0.05034685134887695
0.2164621353149414
0.25111889839172363
0.01687932014465332