-0.9992151260375977
-0.588564395904541
-0.65093994140625
-1.9581613540649414
-0.9975466728210449
-1.1480193138122559
-1.1852355003356934
-1.8566899299621582
-0.6593637466430664
-0.8255929946899414
-1.2332611083984375
-1.0093955993652344
-0.9542417526245117
-1.261606216430664
-0.7265505790710449
-0.684478759765625
-1.735217571258545
-0.9383301734924316
-1.6650009155273438
-1.5147371292114258
-0.8714308738708496
-0.802025318145752
-1.3770403861999512
-0.8627057075500488
-0.579559326171875
-0.8904576301574707
-1.4663300514221191
-0.9218554496765137
-1.3292293548583984
-0.7995204925537109
-1.6866974830627441
-0.8339252471923828
-1.0470590591430664
-1.1060113906860352
-1.6800103187561035
-1.6841645240783691
-1.3301634788513184
-1.1909618377685547
-1.0719022750854492
-0.7210655212402344
-0.943730354309082
-1.60221529006958
-0.7883663177490234
-1.1749672889709473
-1.7659249305725098
-1.23521089553833
-1.4375438690185547
-2.388378620147705
-0.6824245452880859
-1.7365589141845703
-1.574079990386963
-1.1808314323425293
-1.1393499374389648
-1.0391974449157715
-1.7438898086547852
-1.3337435722351074
-0.4721412658691406
-1.5124669075012207
-0.7186417579650879
-0.7769808769226074
-0.9972114562988281
-1.5196971893310547
-0.7947864532470703
-0.3536362648010254
-1.0878281593322754
-0.9956831932067871
-0.5195960998535156
-0.7476820945739746
-0.3808741569519043
-1.0072312355041504
-0.38384389877319336
-1.1065559387207031
-0.5652813911437988
-2.1336135864257812
-0.8433151245117188
-1.2864646911621094
-1.9167509078979492
-1.5957584381103516
-1.5157966613769531
-0.21885204315185547
-1.7234182357788086
-0.21765804290771484
-1.3978614807128906
-0.9627156257629395
-1.768646240234375
-1.399057388305664
-1.1299386024475098
-1.465013027191162
-0.8262128829956055
-1.1882195472717285
-1.5963521003723145
-1.2290282249450684
-0.8907866477966309
-0.8003273010253906
-1.526017665863037
-0.774348258972168
-1.5803442001342773
-0.3560185432434082
-1.3158173561096191
-2.0747056007385254
-1.7724967002868652
-0.7992916107177734
-0.5308632850646973
-1.2060651779174805
-0.8133096694946289
-2.2450084686279297
-0.5938878059387207
-1.569047451019287
-0.9284915924072266
-1.5798206329345703
-0.5227041244506836
-0.9676918983459473
-1.351430892944336
-1.2127838134765625
-0.9846935272216797
-1.3486857414245605
-0.3648037910461426
-1.3158140182495117
-1.326014518737793
-0.877769947052002
-1.8989672660827637
-0.25017261505126953
-1.0364246368408203
-1.0400581359863281
-0.7145819664001465
-1.50300931930542
-0.5216822624206543
-1.747117042541504
-1.3727145195007324
-1.0703668594360352
-1.5325489044189453
-0.8734421730041504
-1.3593182563781738
-1.1102714538574219
-0.278719425201416
-0.9222354888916016
-0.7638411521911621
-0.9745683670043945
-1.409562587738037
-1.7418956756591797
-0.47978639602661133
-0.25492000579833984
-1.2335748672485352
0.08168601989746094
-0.878880500793457
-0.22871017456054688
-1.207198143005371
-1.1916351318359375
-1.3665108680725098
-0.9045295715332031
-1.0261378288269043
-1.0878634452819824
-1.4466447830200195
-1.0970869064331055
-0.816960334777832
-1.8642206192016602
-0.6335992813110352
-1.3915762901306152
-0.33811140060424805
-0.4014754295349121
-0.5118088722229004
-1.265113353729248
-0.8387537002563477
-2.1016135215759277
-1.8954811096191406
-0.7701144218444824
-1.0542950630187988
-1.3599495887756348
-1.5598969459533691
-1.1283540725708008
-1.308668613433838
-1.1895523071289062
-2.0407767295837402
-1.5834832191467285
-1.6450023651123047
-0.12316608428955078
-0.3942546844482422
-1.2235713005065918
-0.9486923217773438
-0.7718253135681152
-1.3592414855957031
-1.3783555030822754
-1.1889595985412598
-1.5943865776062012
-1.0806102752685547
-0.6331043243408203
-1.4581809043884277
-0.4715580940246582
-1.5611495971679688
-0.7623286247253418
-1.662950038909912
-0.9441103935241699
-1.957918643951416
-0.6282572746276855
-1.0826225280761719
-2.44134521484375
-0.9834504127502441
-1.3694844245910645
-1.8864455223083496
-0.9359989166259766
-0.6823339462280273
-1.8436307907104492
-0.824613094329834
-1.2738656997680664
-0.5619730949401855
-0.5440311431884766
-1.2997565269470215
-1.545659065246582
-1.1501307487487793
-1.0085363388061523
-1.1140527725219727
-1.6092967987060547
-1.2832388877868652
-0.29833173751831055
-1.5953764915466309
-1.3416790962219238
-0.049508094787597656
-1.002242088317871
-1.0085654258728027
-1.4344186782836914
-2.2752575874328613
-1.4747862815856934
-0.5943560600280762
-1.9677095413208008
-0.8787860870361328
-1.933527946472168
-1.7676105499267578
-0.414642333984375
-1.7325663566589355
-1.0546936988830566
-0.6907787322998047
-1.2375273704528809
-2.186835765838623
-0.46219921112060547
-0.9900269508361816
-2.063835620880127
-0.8455843925476074
-0.7976365089416504
-0.9624485969543457
-1.983320713043213
-1.8812980651855469
-1.9856491088867188
-1.350386142730713
-0.5044775009155273
-1.3473973274230957
-1.1022272109985352
-1.3794922828674316
-0.4337139129638672
-1.3227143287658691
-1.3141837120056152
-1.015634536743164
-1.6853513717651367
-2.0840797424316406
-0.7106766700744629
-1.003448486328125
0.0052356719970703125
-0.5602116584777832
-2.177915573120117
-0.9620351791381836
-1.1753201484680176
-1.2326083183288574
-1.6431875228881836
-1.0971479415893555
-0.810053825378418
-1.534881591796875
-0.9917135238647461
-1.5465259552001953
-1.231391429901123
-0.8646407127380371
-1.5760583877563477
-0.5480709075927734
-1.2871646881103516
-1.4998373985290527
-1.5433001518249512
-0.8845720291137695
-0.7818751335144043
-0.6877985000610352
-1.4714913368225098
-1.0439128875732422
-1.5352783203125
-1.1363592147827148
-1.0885133743286133
-1.2520675659179688
-1.8298158645629883
-1.2590737342834473
-1.2386465072631836
-1.0876073837280273
-1.7674264907836914
-2.403059482574463
-1.6394767761230469
-1.5284032821655273
-1.7811250686645508
-1.1991071701049805
-0.5002884864807129
-1.421647548675537
-1.2208337783813477
-0.9932160377502441
-0.9690990447998047
-1.1877470016479492
-0.06027984619140625
-1.2116026878356934
-0.747276782989502
-1.2265233993530273
-1.2648515701293945
-1.1500778198242188
-0.6864476203918457
-1.2732868194580078
-1.4628281593322754
-1.8580169677734375
-0.6776390075683594
-1.1549601554870605
-1.164876937866211
-0.8668031692504883
-1.6966009140014648
-1.2850890159606934
-1.7032179832458496
-1.5336551666259766
-0.5868101119995117
-0.8887939453125
-2.0463171005249023
-0.6342453956604004
-0.7749686241149902
-1.2647318840026855
-1.1513051986694336
-1.0977206230163574
-0.5673975944519043
-1.3781051635742188
-0.8983736038208008
-0.45528364181518555
-1.207655906677246
-1.469001293182373
-1.1242036819458008
-1.0690784454345703
-1.5864086151123047
0.04536294937133789
-0.6975498199462891
-0.8535895347595215
-1.356168270111084
-1.645162582397461
-2.161625385284424
-1.2749857902526855
-0.9659643173217773
-1.4635663032531738
-1.0170164108276367
-1.0041909217834473
-1.6315183639526367
-1.8969330787658691
-0.6829843521118164
-0.6547451019287109
-0.45137643814086914
-0.6202845573425293
-1.1710124015808105
-1.1526098251342773
-1.7505254745483398
-1.3107309341430664
-2.238053798675537
-1.4433326721191406
-1.0331106185913086
-2.457235336303711
-1.6729865074157715
-1.204874038696289
-1.2543034553527832
-1.9483671188354492
-1.0911006927490234
-1.6437664031982422
-1.683241367340088
-1.1711006164550781
-1.3669137954711914
-1.7317290306091309
-0.7027063369750977
-0.9357776641845703
-0.9578652381896973
-1.226792335510254
-2.3079886436462402
-1.8386664390563965
-1.0212063789367676
-1.8250350952148438
-1.0502910614013672
-0.8549542427062988
-0.5063571929931641
-1.2804288864135742
-1.2696523666381836
-0.3372831344604492
-1.4319028854370117
-1.1015520095825195
-1.2118988037109375
-0.49321508407592773
-1.8231210708618164
-0.6854438781738281
-1.3195276260375977
-0.2700023651123047
-0.5862441062927246
-1.193129539489746
-1.4909238815307617
-0.8454217910766602
-1.4807400703430176
-1.2339715957641602
0.03225564956665039
-1.0884838104248047
-1.456770420074463
-0.4422788619995117
-1.8819642066955566
-1.6817026138305664
-1.0312566757202148
-1.6523175239562988
-1.6432042121887207
-1.675333023071289
-1.7679400444030762
-0.9601883888244629
-1.2150650024414062
-1.0057392120361328
-1.4882631301879883
-1.4002790451049805
-1.2378168106079102
-0.6563982963562012
-1.7014541625976562
-0.8477067947387695
-2.0466651916503906
-1.4547581672668457
-0.7579245567321777
-1.3448567390441895
-1.7802643775939941
-0.405397891998291
-1.0914745330810547
0.37224769592285156
-0.299349308013916
-0.9821286201477051
-1.0111408233642578
-1.838094711303711
-0.7900567054748535
-1.809314250946045
-1.2293634414672852
-1.4155464172363281
-1.764267921447754
-0.9970483779907227
-2.1018319129943848
-0.5054025650024414
-1.0263948440551758
-2.098646640777588
-0.9156537055969238
-1.3310174942016602
-1.7483906745910645
-0.788637638092041
-0.7631230354309082
-1.4042420387268066
0.4660658836364746
-1.4287257194519043
-0.6496357917785645
-1.4374809265136719
-0.6800923347473145
-0.1967172622680664
-0.9780230522155762
-1.8281235694885254
-1.7508354187011719
-2.067049980163574
0.020203590393066406
-2.069241523742676
-1.2948923110961914
-0.6597962379455566
-0.8433494567871094
-1.1869211196899414
-1.5903759002685547
-1.6610198020935059
-0.5742387771606445
-1.5794506072998047
-1.3371024131774902
-1.9586730003356934
-0.4341611862182617
-0.5874648094177246
-1.357767105102539
-1.8582649230957031
-2.0818257331848145
-0.42032289505004883
-1.3644022941589355
-0.8138427734375
-0.03415060043334961
-0.6191601753234863
-0.8189959526062012
-0.7483553886413574
-0.899355411529541
-0.5383410453796387
-1.2935819625854492
-0.9014534950256348
-1.6786603927612305
-2.0422706604003906
-0.8305273056030273
-0.6826796531677246
-1.1088066101074219
-1.772275447845459
-2.321624279022217
-1.1437945365905762
-1.2607383728027344
-0.9984278678894043
-1.3984956741333008
-1.9979510307312012
-0.7313475608825684
-0.8430209159851074
-0.7145390510559082
-1.1972565650939941
-1.8512859344482422
-0.22707033157348633
-1.1189699172973633
-1.6748175621032715
-0.34310436248779297
-1.3102331161499023
-1.060718059539795
-0.959418773651123
-1.0403251647949219
-0.6383333206176758
-0.5894441604614258
-0.011683940887451172
-1.1512799263000488
-1.736926555633545
-1.6888151168823242
-0.6102309226989746
-0.7421293258666992
-0.9719247817993164
-1.0667967796325684
-0.996424674987793
-1.582857608795166
-1.066431999206543
-0.32458019256591797
-1.4960942268371582
-0.9377117156982422
-1.1557202339172363
-1.6998639106750488
-0.8051972389221191
-1.0742497444152832
-1.3167171478271484
-1.6948671340942383
-1.2374114990234375
-1.3790135383605957
-1.813730239868164
-0.919435977935791
-0.4419569969177246
-0.8796229362487793
-2.1662464141845703
-1.126358985900879
-1.4465327262878418
-1.3073983192443848
-1.0993833541870117
-1.5999035835266113
-0.7410616874694824
-1.919112205505371
0.4336872100830078
-0.9631495475769043
-0.603510856628418
-1.7546439170837402
-0.26363277435302734
-0.6429214477539062
-1.4364466667175293
-0.5215749740600586
-1.6501617431640625
-1.079775333404541
-1.1407690048217773
-1.5273337364196777
-1.012228012084961
-1.4361639022827148
-1.5903782844543457
-1.8184623718261719
-1.266615867614746
-0.7759571075439453
-0.04079723358154297
-1.519423484802246
-0.7412543296813965
-1.516711711883545
-0.4514455795288086
-1.4813475608825684
-0.9586830139160156
-1.4110803604125977
-0.771151065826416
-1.8028802871704102
-1.6283869743347168
-1.311793327331543
-1.4097676277160645
-1.1910881996154785
-0.9071297645568848
-1.6829938888549805
-1.4026703834533691
-1.048612117767334
-0.40673017501831055
-1.356292724609375
-1.049206256866455
-0.9407033920288086
-0.3769717216491699
-1.165818691253662
-1.9227070808410645
-1.5561323165893555
-1.9329547882080078
-1.2705349922180176
-1.1966829299926758
-1.0343918800354004
-1.5422344207763672
-0.1328287124633789
-1.4697442054748535
-1.3603010177612305
-0.33227062225341797
-1.6444015502929688
-0.3828091621398926
-0.5494003295898438
-1.5315628051757812
-0.9413566589355469
-2.1648898124694824
-1.1561784744262695
-1.0552945137023926
-0.30816221237182617
-1.1659793853759766
-1.4931745529174805
0.057663917541503906
-1.9191632270812988
-2.165271759033203
-0.7946128845214844
-1.2604188919067383
-1.161177635192871
-0.9669427871704102
-1.4566102027893066
-2.100025177001953
-1.2063288688659668
-1.4792399406433105
-2.180941104888916
-0.31400537490844727
0.3302779197692871
-1.254833698272705
-1.8865623474121094
-1.9405465126037598
-1.7746667861938477
-0.5466909408569336
-1.618886947631836
-1.1186904907226562
-1.0306668281555176
-0.7487373352050781
0.0246734619140625
-1.104598045349121
-0.4261665344238281
-1.0830879211425781
-1.4991912841796875
-0.6701726913452148
-2.0613298416137695
-1.1870641708374023
-1.2201995849609375
-2.274783134460449
-1.296030044555664
-1.1486287117004395
-0.6312255859375
-0.9418106079101562
-0.8987913131713867
-0.5820794105529785
-1.7277507781982422
-1.3814401626586914
-1.2612791061401367
-0.9344511032104492
-0.841240406036377
-0.7230415344238281
-2.43587589263916
-1.0805854797363281
-1.043652057647705
-1.5974678993225098
-0.2684030532836914
-1.5736207962036133
-1.6166057586669922
-0.6693754196166992
-0.4987630844116211
-1.0183987617492676
-1.013725757598877
-1.2560210227966309
-0.8917641639709473
-1.4042410850524902
-1.1028852462768555
-1.095235824584961
-1.1609711647033691
-1.316680908203125
-1.031822681427002
-0.755363941192627
-1.220008373260498
-1.3552613258361816
-1.498978614807129
-0.798708438873291
-0.9010276794433594
0.06404352188110352
-1.7467727661132812
-1.6321535110473633
-1.4999699592590332
-0.7813596725463867
-1.4567646980285645
-1.4187231063842773
-1.1554317474365234
-2.130711078643799
-1.2670989036560059
-1.4069337844848633
-1.056727409362793
-1.112325668334961
-1.5900259017944336
-1.7450494766235352
-2.2765846252441406
-2.354616641998291
-1.4208745956420898
-1.6207571029663086
-2.0146780014038086
-0.7317299842834473
-1.3003487586975098
-0.9931073188781738
-0.9737467765808105
-0.9869809150695801
-1.5127286911010742
-0.8927745819091797
-0.683253288269043
-1.3582239151000977
-1.6054539680480957
-0.023380279541015625
-0.5184412002563477
-1.0445928573608398
-0.914029598236084
-0.31575870513916016
-0.721442699432373
-1.2693347930908203
-1.0919709205627441
-0.93585205078125
-1.5542173385620117
-0.863889217376709
-1.5056166648864746
-1.3726849555969238
-0.16173076629638672
-1.4992313385009766
0.3070392608642578
-1.0291075706481934
-1.7432093620300293
-1.1685729026794434
-1.136324405670166
-1.3611454963684082
-1.0507502555847168
-0.7451581954956055
-0.7040262222290039
-0.7076549530029297
-0.731715202331543
-1.8357620239257812
-0.73077392578125
-0.3818092346191406
-1.1921882629394531
-1.1533112525939941
-1.625213623046875
-0.8348722457885742
-1.1353306770324707
-1.5296268463134766
-0.6116409301757812
-1.4929022789001465
-1.8306632041931152
-1.4110894203186035
-1.0636529922485352
-0.8844757080078125
-1.246030330657959
-0.41787099838256836
-1.6765532493591309
-1.6097688674926758
-2.0136847496032715
-0.7133984565734863
-0.48412084579467773
-1.703439712524414
-1.536893367767334
-1.236875057220459
-1.2188820838928223
-1.9866914749145508
-1.1648621559143066
-1.520524024963379
-0.13094425201416016
0.5527396202087402
-1.2598943710327148
-0.8457961082458496
-0.6502180099487305
-1.8750176429748535
-1.2616405487060547
-1.6475462913513184
-0.933443546295166
-0.3345327377319336
-0.4824390411376953
-1.031486988067627
-1.9370412826538086
-1.4665517807006836
-0.6670656204223633
-0.6931848526000977
-1.2611489295959473
-1.6514697074890137
-1.7381701469421387
-1.8052959442138672
-1.0707740783691406
-1.2371582984924316
-1.1393499374389648
-0.47399234771728516
-1.3402233123779297
-1.3068132400512695
-0.7335186004638672
0.04630327224731445
-2.13828706741333
-1.826547622680664
-0.8871374130249023
-1.468461513519287
-1.0426950454711914
-1.3379302024841309
-1.2215971946716309
-0.917482852935791
-2.182434558868408
-1.0787715911865234
-0.16593360900878906
-1.3355169296264648
-0.7949104309082031
-0.6901888847351074
-1.8678922653198242
-1.6170940399169922
-1.2857303619384766
-1.2472519874572754
-0.7056803703308105
-1.7495489120483398
-0.8532810211181641
-1.6209344863891602
-0.73626708984375
-1.4098124504089355
-0.6365113258361816
-1.614811897277832
-1.4769983291625977
-1.0337247848510742
-1.470022201538086
-0.8073205947875977
0.033774375915527344
-0.7699589729309082
-1.4679527282714844
-1.6030516624450684
-0.8818016052246094
-0.6631617546081543
-1.3164830207824707
-0.719449520111084
-1.2717785835266113
-0.7647233009338379
-1.039787769317627
-0.4882059097290039
-1.663050651550293
-0.7860994338989258
-0.9806489944458008
-1.4854798316955566
-1.2415046691894531
-1.8387432098388672
-1.0423851013183594
0.1393108367919922
-1.0512542724609375
-1.1121816635131836
-0.7312884330749512
-2.2521443367004395
-0.8071751594543457
-1.202486515045166
-0.8270721435546875
-1.4190502166748047
-0.8058614730834961
-1.0085272789001465
-1.8616023063659668
-0.6028614044189453
-0.9426746368408203
0.25031423568725586
-1.2521052360534668
-1.3756566047668457
-1.1603827476501465
-1.3076820373535156
-1.4104914665222168
-1.087885856628418
-1.7899627685546875
-0.9489078521728516
-1.1243267059326172
-1.6448965072631836
-0.9363713264465332
-0.731987476348877
-1.4956130981445312
-1.0352401733398438
-1.2848625183105469
-0.9916887283325195
-1.7461495399475098
-1.1278409957885742
-2.515413761138916
-1.377255916595459
-1.5859951972961426
-1.6938714981079102
-1.395510196685791
-0.6764802932739258
-1.0981101989746094
-0.9584288597106934
-1.720263957977295
-1.551100730895996
-0.6035876274108887
-0.8578863143920898
-0.7103562355041504
-1.5590567588806152
-0.5630021095275879
-1.4914121627807617
-0.5152654647827148
-1.549283504486084
-0.8450713157653809
-0.5065326690673828
-2.164332866668701
-0.9281997680664062
-1.7829079627990723
0.25063514709472656
-0.5653724670410156
-1.402247428894043
-0.909294605255127
-1.3013896942138672
-2.0287413597106934
-1.7900762557983398
-0.9130668640136719
-1.5568838119506836
-1.5202012062072754
-0.7199225425720215
-0.5290284156799316
-1.4564905166625977
-1.3209905624389648
-0.7791743278503418
0.07483530044555664
-1.293349266052246
-1.8596925735473633
-1.167757511138916
-1.0580177307128906
-0.8100357055664062
-1.1282906532287598
-1.9812517166137695
-1.3838109970092773
-1.5958757400512695
-1.0767707824707031
-1.3335070610046387
-1.014894962310791
-1.5018901824951172
-0.8555197715759277
-1.0350279808044434
-1.1691651344299316
-0.6539821624755859
-0.8989191055297852
-0.9720582962036133
-0.6387505531311035
-1.9215373992919922
-1.4317083358764648
-0.7641119956970215
-1.4807558059692383
-0.7770299911499023
-1.6375141143798828
-0.9484777450561523
-0.937136173248291
-0.7661762237548828
-1.555363655090332
-1.185441017150879
-0.5314550399780273
-1.476161003112793
-0.22707843780517578
-1.5699844360351562
-0.4500298500061035
-1.0343427658081055
-1.19828462600708
-1.094223976135254
-0.9986677169799805
-1.2588367462158203
-1.9088044166564941
-1.1562237739562988
-1.146864891052246
-1.7678956985473633
-1.087756633758545
-0.9276118278503418
-0.6058673858642578
-0.659031867980957
-1.0146613121032715
-1.3280878067016602
-0.9625520706176758
-1.0440235137939453
-0.9581165313720703
-0.6516942977905273
-1.0212950706481934
-1.2887544631958008
-0.7021303176879883
-1.7909607887268066
-1.079932689666748
-1.4294524192810059
-1.6690731048583984
-0.4648900032043457
0.22555923461914062
-1.5464811325073242
-1.8829765319824219
-0.5891776084899902
-0.8939433097839355
-0.8705019950866699
-1.299905776977539
-1.2443389892578125
-2.166189670562744
-1.4103398323059082
-1.3826789855957031
-0.8363003730773926
-0.8852114677429199
-1.8324260711669922
-0.7334442138671875
-1.723501205444336
-1.1868562698364258
-1.2037153244018555
-1.1546134948730469
-1.382072925567627
-0.8246016502380371
-1.49871826171875
-1.4175429344177246
-1.8335795402526855
-1.0754437446594238
-1.0367474555969238
-1.743074893951416
-0.5785994529724121
-2.165271759033203
-0.9306588172912598
-1.0604639053344727
-1.29469633102417
-1.1588525772094727
-0.865595817565918
-1.1960091590881348
-1.3033514022827148
-0.9722228050231934
-1.350693702697754
-1.3660101890563965
-1.1980104446411133
-1.6447391510009766
-0.8101763725280762
-0.5829830169677734
-2.4070377349853516
-1.6294307708740234
-0.7778434753417969
-1.59529447555542
-0.6268119812011719
-0.0638742446899414
-1.1178193092346191
-0.8407659530639648
-0.7118992805480957
-1.9779725074768066
-0.9265055656433105
-0.9341449737548828
-0.901115894317627
-1.1701574325561523
-0.3040947914123535
-1.3404297828674316
-0.7570290565490723
-0.7699508666992188
-1.404778003692627
-1.7038564682006836
-1.9406843185424805
-1.0543274879455566
-1.3241000175476074
-0.6741490364074707
-1.744429588317871
-1.033668041229248
-0.8085827827453613
0.01737499237060547
-0.8603096008300781
-1.0106706619262695
-0.5555777549743652
-2.0507121086120605
-1.0954933166503906
-1.8179621696472168
-1.2988734245300293
-1.0053157806396484
-1.6443781852722168
-0.9390110969543457
-1.9698505401611328
-1.208155632019043
-0.8163976669311523
-1.4558453559875488
-1.3715753555297852
-0.7766523361206055
-1.938366413116455
-1.315216064453125
-1.5634584426879883
-1.2868151664733887
-0.9626140594482422
-0.4660506248474121
-0.5881810188293457
-1.037428855895996
-1.225019931793213
-1.4802956581115723
-0.7766823768615723
-0.9554891586303711
-1.3817591667175293
-0.5453696250915527
-1.243861198425293
-1.8742728233337402
-1.8752384185791016
-1.9329814910888672
-0.7436776161193848
-2.296182155609131
-1.550248146057129
-0.8851075172424316
-0.5193300247192383
-1.0889396667480469
-1.4043188095092773
-0.3056678771972656
-0.7652773857116699
-1.4150891304016113
-1.3695435523986816
-1.2631936073303223
-2.2713050842285156
-1.4725899696350098
-1.0518193244934082
-1.0774059295654297
-1.0960602760314941
-0.9739880561828613
-1.7167725563049316
-1.3847084045410156
-0.22475147247314453
-1.8018712997436523
-1.165773868560791
-1.7086052894592285
-0.8309612274169922
-1.895768165588379
-1.123741626739502
-0.4738340377807617
-2.0263075828552246
-0.11024713516235352
-1.9535808563232422
-1.3034467697143555
-1.869767665863037
-0.9560017585754395
-0.6081924438476562
-0.9556260108947754
-1.0523409843444824
-1.0884170532226562
-0.5011496543884277
-0.9712533950805664
-1.149099349975586
-0.5735688209533691
-0.723726749420166
-1.9241061210632324
-0.9895992279052734
-1.0087547302246094
-1.3052663803100586
-1.3624558448791504
-1.099897861480713
-0.4331679344177246
-1.354118824005127
-1.6217503547668457
-0.6297397613525391
-1.1785144805908203
-1.1731109619140625
-1.3169608116149902
-1.281754970550537
-1.5438647270202637
0.1936640739440918
-0.28577280044555664
-0.48623228073120117
-2.279951572418213
-0.7009067535400391
-0.7360296249389648
-0.9226288795471191
-0.7961201667785645
-1.2961764335632324
-0.6447091102600098
-1.8550138473510742
-1.759718894958496
-1.4632902145385742
-1.4862356185913086
-0.5589332580566406
-0.030321598052978516
-1.656987190246582
-1.0342960357666016
-1.856823444366455
-1.4633259773254395
-2.1631269454956055
-0.8103528022766113
-1.2648048400878906
-1.3379321098327637
-1.6978001594543457
-2.3347997665405273
-1.3405404090881348
-1.3373050689697266
-1.0244688987731934
-1.6247344017028809
-1.1136999130249023
-0.2279810905456543
-1.0619282722473145
-1.7166862487792969
-1.6911368370056152
-0.8404636383056641
-1.6406822204589844
-1.454479694366455
-1.5868020057678223
-0.151580810546875
-1.0432157516479492
-1.0628900527954102
-0.6689205169677734
-0.9760828018188477
-1.2594633102416992
-1.7040042877197266
-1.0192408561706543
-1.6825237274169922
-1.731823444366455
-0.8427619934082031
-0.07523822784423828
-0.7919750213623047
-0.7077064514160156
-1.4603095054626465
-1.4903011322021484
-1.0868892669677734
-0.8145813941955566
-1.5663318634033203
-1.6027030944824219
-1.927067756652832
-0.9738197326660156
-1.5185918807983398
-0.7254972457885742
-0.7904815673828125
-1.2255892753601074
-0.5583944320678711
-0.577448844909668
-1.4677162170410156
-1.2631258964538574
-1.443718433380127
-1.4816584587097168
-1.6257333755493164
-1.5206632614135742
-0.7842373847961426
-1.1314945220947266
-1.1343474388122559
-1.0003795623779297
-0.9304766654968262
-1.7233357429504395
-0.1456303596496582
-1.3413753509521484
-0.31310176849365234
-1.6857390403747559
-1.2652792930603027
-1.4486865997314453
-1.278113842010498
-1.1609773635864258
-1.6713032722473145
-0.5790548324584961
-0.7281851768493652
-1.4048585891723633
-1.4051952362060547
-1.637822151184082
-1.1003966331481934
-1.965437889099121
-0.9809117317199707
-1.8320579528808594
-1.919651985168457
-1.652862548828125
-2.0785512924194336
-0.8999943733215332
-1.8091249465942383
-0.5528655052185059
-0.3887825012207031
-1.3898921012878418
-1.3191752433776855
-1.7313776016235352
-0.8322644233703613
-1.0186667442321777
-0.40471315383911133
-0.23699569702148438
-1.3097796440124512
-2.0820956230163574
-0.8197841644287109
-1.4740257263183594
-1.1689014434814453
-1.6862425804138184
-1.4561758041381836
-1.5383262634277344
-0.6362638473510742
-1.6018991470336914
-1.3978137969970703
-1.1479601860046387
-0.7831864356994629
-1.071420669555664
-1.1747727394104004
-1.142181396484375
-1.5796875953674316
-1.4578142166137695
-1.860060691833496
-1.897794246673584
-0.9632596969604492
-1.35335111618042
-1.4134793281555176
-0.6002116203308105
-1.4127998352050781
-2.678719997406006
-0.535123348236084
-1.2459635734558105
-0.520514965057373
-0.07451343536376953
-0.7282676696777344
-0.6044807434082031
-0.658360481262207
-0.13731145858764648
-1.2814979553222656
-1.836015224456787
-1.3905353546142578
-2.085085868835449
-0.24589824676513672
-1.5568928718566895
-0.735471248626709
-1.2157268524169922
-0.5500082969665527
-0.8487944602966309
-1.4270801544189453
-1.1482782363891602
-0.7363271713256836
-1.6765599250793457
-1.1091761589050293
-2.103271007537842
-1.2211613655090332
-1.1572151184082031
-2.1530394554138184
-1.156785011291504
-1.2441363334655762
-0.8114485740661621
-2.1126914024353027
-0.9240503311157227
-0.7880668640136719
-1.4326391220092773
-0.6841168403625488
-0.7200717926025391
-0.4493727684020996
-0.6607012748718262
-1.5264182090759277
-1.1445627212524414
-1.4128007888793945
-1.1368956565856934
-2.430008888244629
-1.5715408325195312
-1.1060080528259277
-0.9426946640014648
-1.2389755249023438
-1.0911335945129395
-0.7749838829040527
-0.6548810005187988
-0.4037446975708008
-1.9291019439697266
-1.680750846862793
-0.9418153762817383
-1.6493191719055176
-1.1099224090576172
-1.066108226776123
-1.2240080833435059
-0.9073772430419922
-1.38081693649292
-1.5981545448303223
-1.740964412689209
-1.727424144744873
-0.763481616973877
-1.3537859916687012
-0.865302562713623
-1.634544849395752
-1.3895039558410645
-1.3680434226989746
-0.8279342651367188
-1.174116611480713
-1.6621909141540527
-1.4120264053344727
-1.6188344955444336
-1.8076958656311035
-0.409116268157959
-1.4486069679260254
-1.3425240516662598
-0.7245163917541504
-1.0864105224609375
-0.6841831207275391
0.27754831314086914
-0.7816104888916016
-0.6493606567382812
-1.3568267822265625
-1.6064386367797852
-1.4892878532409668
-0.42022037506103516
-1.8135814666748047
-0.26427745819091797
-0.8303861618041992
-0.7450351715087891
-1.128176212310791
-0.6257166862487793
-0.5109195709228516
-1.5676536560058594
-1.1129398345947266
-1.6398534774780273
-1.0384397506713867
-1.8816752433776855
-0.3566627502441406
-1.2043447494506836
-1.0200605392456055
-0.7105741500854492
-1.8832917213439941
-1.4539084434509277
-1.1406869888305664
-2.1567788124084473
-0.849297046661377
-1.7827930450439453
0.020011425018310547
-1.402632236480713
-1.4696450233459473
-1.0088305473327637
-1.168196201324463
-1.8302288055419922
-0.8640437126159668
-0.4067983627319336
-1.0204658508300781
-0.36243200302124023
-1.3772411346435547
-0.9756927490234375
-1.5263257026672363
-0.748878002166748
-1.6379594802856445
-1.8559503555297852
-0.861508846282959
-1.74591064453125
-0.7374486923217773
-1.2219886779785156
-1.5022611618041992
-1.3925848007202148
-0.7856154441833496
-1.249901294708252
-1.2663984298706055
-1.6883349418640137
-1.117908000946045
-1.2340617179870605
-0.9118747711181641
-1.9175825119018555
-1.105118751525879
-0.9597334861755371
-0.7267274856567383
-1.204477310180664
-1.1546621322631836
-1.8381948471069336
-1.6426634788513184
-0.42745494842529297
-1.6188759803771973
-0.9753556251525879
-0.7019119262695312
-1.16923189163208
-2.1084327697753906
-0.4398355484008789
-1.3026437759399414
-2.281494140625
-0.7962908744812012
-1.9031777381896973
-1.463982105255127
-0.3426227569580078
-1.319291114807129
-1.431241512298584
-1.2299022674560547
-0.6014652252197266
-1.5562152862548828
-0.7565350532531738
0.31017303466796875
-2.3929080963134766
-1.2340092658996582
-0.9453043937683105
-0.8948392868041992
-2.188429832458496
-1.341578483581543
-0.78271484375
-1.513988971710205
-2.209747791290283
0.1242518424987793
-1.3214831352233887
-1.99656343460083
-1.293337345123291
-0.8958954811096191
-1.2531795501708984
-1.2613182067871094
-1.0361814498901367
0.14632892608642578
-1.129897117614746
-1.4653072357177734
-0.8313031196594238
-1.1103320121765137
-0.7233633995056152
-0.5375199317932129
-1.1553516387939453
-1.4200482368469238
-1.7641963958740234
-1.4934396743774414
-1.9595799446105957
-2.1785144805908203
-1.0579886436462402
-0.5127291679382324
-2.3411173820495605
-1.3902130126953125
-1.9287748336791992
-1.2368626594543457
-0.49880504608154297
-1.4943275451660156
-1.3852410316467285
-1.2175259590148926
-1.3577890396118164
-0.596710205078125
-0.632105827331543
-1.7210631370544434
-0.43868350982666016
-1.1913747787475586
-0.07747220993041992
-1.0563759803771973
-0.5482902526855469
-1.1076173782348633
-1.5172228813171387
-1.516815185546875
-0.7595505714416504
0.4250335693359375
-0.21711301803588867
-1.622035026550293
-0.7947201728820801
-0.8778605461120605
-1.3768997192382812
-1.327885627746582
-0.9071602821350098
-0.999783992767334
-0.4525933265686035
-1.1626253128051758
-0.514378547668457
-1.364551067352295
-1.2740464210510254
-1.8232178688049316
-1.733229637145996
-1.4952950477600098
-0.7446475028991699
-0.8957595825195312
-1.204728603363037
-0.9283132553100586
-1.5714306831359863
-1.3247075080871582
-1.7916407585144043
-1.4543662071228027
-0.9154119491577148
-1.6107735633850098
-0.7577629089355469
-1.7698960304260254
-0.9654026031494141
-0.8066058158874512
-1.5690126419067383
-0.14797353744506836
-1.0878753662109375
-1.0641860961914062
-0.6930117607116699
-0.7002449035644531
-1.4998011589050293
-1.0212502479553223
-1.475165843963623
-1.1259346008300781
-0.8977851867675781
-1.731330394744873
-1.2923555374145508
-1.481764316558838
-0.9459810256958008
-1.4188728332519531
-0.6797523498535156
-1.0639629364013672
-1.188227653503418
-0.32270002365112305
-1.2030296325683594
-1.2924566268920898
-1.1062908172607422
-0.2539701461791992
-1.429905891418457
-1.0298800468444824
-0.7668647766113281
-1.246633529663086
-1.9358830451965332
-1.7409086227416992
-1.4525485038757324
-1.5196261405944824
-1.2393798828125
-1.49169921875
-1.3487329483032227
-1.414940357208252
-0.719660758972168
-1.8127779960632324
-1.3742804527282715
-1.4028973579406738
-1.4136466979980469
-1.7644915580749512
-0.523003101348877
-0.4135270118713379
-1.3599252700805664
-1.8866362571716309
-1.6829357147216797
-0.4891815185546875
0.4842667579650879
-1.3335576057434082
-2.02150297164917
-1.875898838043213
-0.41647911071777344
-0.5275106430053711
-0.7569675445556641
-2.1306910514831543
-1.493298053741455
-1.7985167503356934
-1.459578037261963
-0.541935920715332
-0.5347161293029785
-0.4253053665161133
-1.2682580947875977
-1.6486444473266602
-1.299560546875
-1.2589020729064941
-0.9348368644714355
-1.3446316719055176
-2.0243496894836426
-1.2149643898010254
-1.5899343490600586
-0.9044642448425293
-1.5303101539611816
-1.075390338897705
-1.6126031875610352
-1.357473373413086
-0.6163220405578613
-0.9894609451293945
-1.3986806869506836
-1.3237037658691406
-1.4948687553405762
-2.003422260284424
-0.4053988456726074
-0.4382057189941406
-1.2845525741577148
-0.709174633026123
-1.323347568511963
0.13476848602294922
-1.412261962890625
-2.1037793159484863
-2.1292881965637207
-1.1360101699829102
-0.8938946723937988
-1.8653450012207031
-1.1824121475219727
-1.625084400177002
-0.7533855438232422
-1.1892242431640625
-1.5267682075500488
0.6142678260803223
-1.0369043350219727
-1.2117061614990234
-0.7773399353027344
-1.2065949440002441
-1.3450117111206055
-1.1432223320007324
-0.7548198699951172
-0.766545295715332
-0.0009045600891113281
-2.28518009185791
-0.1441974639892578
-1.802319049835205
-1.1859626770019531
-1.5056214332580566
-0.9051055908203125
-0.4641885757446289
-0.5711827278137207
-0.6527886390686035
-1.0802392959594727
-0.6749019622802734
-1.47808837890625
-1.6922645568847656
-1.067613124847412
-0.9464554786682129
-1.4838528633117676
-0.04146623611450195
-1.5209760665893555
-0.8311934471130371
-0.6580719947814941
-1.5536255836486816
-1.2358660697937012
-0.2354264259338379
-1.1289501190185547
-1.6919770240783691
-1.733839988708496
-0.4930429458618164
-1.2422285079956055
-1.6441421508789062
-1.281296730041504
-0.4402503967285156
-1.0660810470581055
-1.1260929107666016
-0.7091207504272461
-1.2594013214111328
-1.6876616477966309
-1.9079713821411133
-0.8821125030517578
-1.8097705841064453
-0.3322014808654785
-1.0439796447753906
-1.3113446235656738
-0.9298133850097656
-0.5396642684936523
-0.4376645088195801
0.2206745147705078
-1.0055656433105469
-1.9117660522460938
-0.932286262512207
-0.5235424041748047
-1.2645440101623535
-0.9638781547546387
-1.2029271125793457
-1.856618881225586
-0.2649397850036621
-1.0267271995544434
-0.5644826889038086
-0.08075523376464844
-0.5675592422485352
-1.3117694854736328
-1.6121625900268555
-1.1517558097839355
-1.997708797454834
-2.2591824531555176
-1.1236042976379395
-0.4698672294616699
-2.177731513977051
-1.1246857643127441
-0.49385881423950195
-0.5322813987731934
-0.2868156433105469
-0.1940927505493164
-1.135423183441162
-0.9527721405029297
-0.3080148696899414
-1.304765224456787
-1.2532005310058594
-1.9925837516784668
-1.1292428970336914
-0.7826905250549316
-1.570807933807373
-1.0664334297180176
-2.1442971229553223
-1.528456211090088
-0.9354734420776367
-1.4297304153442383
-1.0977072715759277
-1.532883644104004
-0.8042030334472656
-1.3975591659545898
-2.137296676635742
-1.0510644912719727
-1.2545909881591797
-0.7051801681518555
-1.4259777069091797
-0.9518928527832031
0.37282562255859375
-1.1626906394958496
-1.1960878372192383
-1.342513084411621
-1.4073519706726074
-0.9433650970458984
-1.4138073921203613
-1.2434883117675781
-1.1316771507263184
-0.8957152366638184
-1.1654200553894043
-0.9542312622070312
-1.0111236572265625
-0.4631204605102539
-1.56412935256958
-1.7077550888061523
-1.055936336517334
-1.0072803497314453
-0.8012909889221191
-1.5623116493225098
-1.477771282196045
-1.5452771186828613
-1.7010760307312012
-1.4558930397033691
-1.4954767227172852
-1.9272823333740234
-1.6782441139221191
-0.20903444290161133
0.5243039131164551
-0.7692317962646484
-1.3855972290039062
-1.8154044151306152
-0.6661710739135742
-1.0214619636535645
-1.7181615829467773
-1.3385367393493652
-0.4276881217956543
-1.1482453346252441
-1.020432949066162
-0.5708127021789551
-1.0049142837524414
-1.476593017578125
-0.9350137710571289
-1.2444682121276855
-0.9116272926330566
-0.6618986129760742
-0.8305726051330566
-1.093980312347412
-1.3039255142211914
-1.2960171699523926
-1.0826139450073242
-1.678356647491455
-1.4130992889404297
-1.229118824005127
-1.1980853080749512
-0.4441261291503906
-0.8136839866638184
-1.5089364051818848
-1.5152497291564941
-1.183588981628418
-1.3627281188964844
-2.015425205230713
-0.6852478981018066
-0.7259750366210938
-1.412489891052246
-1.9034366607666016
-1.3860197067260742
-0.9940333366394043
-1.5412659645080566
-0.2694435119628906
-0.9621882438659668
-1.912646770477295
-1.1089577674865723
-0.35138988494873047
-0.8883185386657715
-1.3744010925292969
-0.7493696212768555
-0.938939094543457
-0.7591953277587891
-0.7367386817932129
-1.864445686340332
-0.7066822052001953
-1.3380546569824219
-1.3471012115478516
-1.53544282913208
-1.4423131942749023
-1.6133828163146973
-1.2408995628356934
-1.1459684371948242
-1.1459431648254395
-2.0095839500427246
-1.7974343299865723
-1.6014060974121094
-0.6241178512573242
-1.2502589225769043
-1.075915813446045
-0.9787912368774414
-0.5249090194702148
-1.6952247619628906
-1.1664748191833496
-0.33318042755126953
-1.3204736709594727
-2.012417793273926
-0.9021310806274414
-1.5685148239135742
-1.6696152687072754
-1.2584800720214844
-1.5096521377563477
-1.162778377532959
-0.835416316986084
-0.21619701385498047
-0.8837532997131348
-0.6415882110595703
-0.27155256271362305
-0.42949628829956055
-1.194262981414795
-0.061440467834472656
-0.8702201843261719
-0.829862117767334
-1.5101032257080078
-1.1216363906860352
-0.9257774353027344
-1.2788281440734863
-1.0999064445495605
-1.4420161247253418
-1.6427183151245117
-0.7964315414428711
-1.3797435760498047
-0.8114399909973145
-0.35538578033447266
-1.8110156059265137
-1.553454875946045
-1.5588417053222656
-1.3429112434387207
-1.2353549003601074
-1.1927757263183594
-1.0866961479187012
-0.6348786354064941
-1.8530464172363281
-1.7580766677856445
-0.7475552558898926
-1.0314478874206543
-0.5330696105957031
-2.1410980224609375
-1.5204429626464844
-1.7060999870300293
-0.8396453857421875
-0.5378785133361816
-1.2584786415100098
-1.0347342491149902
-0.8208065032958984
-1.178800106048584
-0.2090616226196289
-1.675708293914795
0.25516748428344727
-1.734694004058838
-0.8685455322265625
-0.5547699928283691
-0.44411563873291016
-1.8793292045593262
-1.0492892265319824
-1.254500389099121
-0.9769206047058105
-1.4086112976074219
-1.469637393951416
-1.6551012992858887
-1.3799257278442383
-1.4177465438842773
-1.6131305694580078
-1.8005952835083008
-1.4054913520812988
-1.2089509963989258
-1.3589563369750977
-1.483304500579834
-1.2738866806030273
-1.2513442039489746
-0.9191336631774902
-1.9676661491394043
-0.5507383346557617
-1.4518957138061523
-0.9627480506896973
-1.6411113739013672
-1.200963020324707
-1.5578007698059082
-0.822319507598877
-1.6114182472229004
-1.2014789581298828
-0.9583849906921387
-1.8817262649536133
-0.6406054496765137
-0.9184589385986328
-1.795703411102295
-1.9846596717834473
-1.8926701545715332
-0.741786003112793
-1.2226848602294922
-1.214029312133789
-1.1174917221069336
-0.6286358833312988
-1.07135009765625
-0.8047986030578613
-1.3815197944641113
-0.9539847373962402
-0.7567019462585449
-1.4145331382751465
-1.6173601150512695
-0.09172344207763672
-0.7056407928466797
-0.5934848785400391
-1.2428264617919922
-1.5216474533081055
-0.6304769515991211
-0.9257645606994629
-1.0589313507080078
-1.1243224143981934
-1.4847502708435059
-1.1087298393249512
-1.034536361694336
-0.9419136047363281
-1.0105676651000977
-0.9292283058166504
-1.532850742340088
-1.3223152160644531
-0.9265704154968262
-1.6249408721923828
-1.006333827972412
-1.2044286727905273
-1.813891887664795
-1.3166170120239258
-0.9874634742736816
-1.3603010177612305
-1.1323118209838867
-2.969851493835449
-1.2147235870361328
-2.38889217376709
-1.5895204544067383
-0.14496469497680664
-1.0606107711791992
-0.6179423332214355
-1.9428753852844238
-1.2921476364135742
-1.2594351768493652
-1.0856719017028809
-0.8463344573974609
-1.3310351371765137
0.16727972030639648
-0.8956608772277832
-2.129173755645752
-0.25172996520996094
-1.2513208389282227
-1.0982918739318848
-1.1634302139282227
-1.0193467140197754
-1.4378647804260254
-0.01626300811767578
-0.9884858131408691
-0.9822869300842285
-1.1525087356567383
0.13068246841430664
-1.872758388519287
-2.185944080352783
-1.7102899551391602
-0.595393180847168
-1.0636587142944336
-0.9762001037597656
-1.2361130714416504
-1.5061163902282715
-0.5673236846923828
-0.7593731880187988
-0.08674430847167969
-1.5423064231872559
-1.0112032890319824
-1.7677712440490723
-0.5998458862304688
-1.274155616760254
-1.796370029449463
-1.1930088996887207
-1.5751681327819824
-0.40895938873291016
-0.9788188934326172
-0.07951021194458008
-1.0531139373779297
-1.0407371520996094
-0.5392041206359863
-0.5062131881713867
-1.1978774070739746
-1.3256587982177734
-1.6737480163574219
-1.301462173461914
-1.072089672088623
-0.7958574295043945
-1.943901538848877
-0.7124090194702148
-0.3116607666015625
-1.6321663856506348
-0.8757052421569824
-0.7759156227111816
-1.1393036842346191
-2.1699161529541016
-1.4351763725280762
-1.4413018226623535
-1.2497515678405762
-1.8106489181518555
-2.065619945526123
-0.9929666519165039
-1.550893783569336
-0.931727409362793
-0.42183876037597656
-2.398090362548828
-1.5188827514648438
-0.8926167488098145
-0.9815502166748047
-0.7772011756896973
-0.012514591217041016
-1.3766484260559082
-0.6246485710144043
-1.054473876953125
-1.2782163619995117
-0.6928973197937012
-1.312514305114746
-0.9718408584594727
-1.0650920867919922
-0.7828521728515625
-2.052290439605713
-1.1622567176818848
-1.7210297584533691
-1.2031736373901367
-1.1316447257995605
-0.9101600646972656
-1.326521873474121
-0.7272043228149414
-1.1262187957763672
-0.7151365280151367
-1.3026690483093262
-1.3108139038085938
-1.6948800086975098
-1.2509865760803223
-1.454648494720459
-1.5068011283874512
-1.3659486770629883
-1.0394535064697266
-1.5844273567199707
-1.984421730041504
-0.9506607055664062
-1.5248899459838867
-1.3951334953308105
-1.5484991073608398
-0.9294147491455078
-0.9627561569213867
-0.6242666244506836
-0.46692895889282227
-1.3929839134216309
-0.89312744140625
-1.124908447265625
-0.5773038864135742
-1.2029600143432617
-1.207077980041504
-0.8976054191589355
-0.8420429229736328
-1.1702747344970703
-1.2840518951416016
-1.3011846542358398
-0.4922447204589844
-1.7750887870788574
-1.1674885749816895
-1.3898382186889648
-1.2043533325195312
-0.9798717498779297
-1.0292925834655762
-0.27391481399536133
-0.660059928894043
-1.3426480293273926
-1.657740592956543
-0.9505858421325684
-0.8784875869750977
-0.052382469177246094
-0.9803476333618164
-0.8422212600708008
-1.1594815254211426
-0.8055100440979004
-0.8270726203918457
-0.7570667266845703
-1.560354232788086
-0.6307525634765625
-0.8172183036804199
-0.6572966575622559
-0.9623384475708008
-1.0712203979492188
-0.7998638153076172
-0.9521875381469727
-1.4249677658081055
-1.7209205627441406
-1.182600498199463
-1.2646188735961914
-1.396906852722168
-0.9127874374389648
-2.061249256134033
-0.8171648979187012
-1.7951760292053223
-1.8472075462341309
-1.252328872680664
-1.8535761833190918
-1.3989925384521484
-0.43015480041503906
0.02353382110595703
-1.809645652770996
-1.4734034538269043
-1.5253562927246094
-1.956580638885498
-0.7818508148193359
-1.9010705947875977
-0.7437682151794434
-0.476898193359375
-1.0406904220581055
-0.9432549476623535
-1.654592514038086
-1.937887191772461
-0.7718439102172852
-0.3460068702697754
-0.9301748275756836
-0.6431717872619629
-1.163407325744629
-1.4893708229064941
0.09298229217529297
-1.392674446105957
-0.6401934623718262
-1.1130242347717285
-1.5864620208740234
-1.3891291618347168
-1.1378469467163086
-0.538029670715332
-1.1915874481201172
-1.9231696128845215
-0.8856844902038574
-1.0651984214782715
0.07068347930908203
-0.34928226470947266
-1.905653476715088
-1.315159797668457
0.0375523567199707
-1.756758689880371
-1.6647930145263672
-1.3087987899780273
-1.89738130569458
-1.683901309967041
-1.4993343353271484
-1.5195703506469727
-1.5072708129882812
-0.992760181427002
-0.07193565368652344
-0.6346426010131836
-1.3191909790039062
-1.520902156829834
-0.46498584747314453
-1.090921401977539
-1.5308547019958496
-0.705777645111084
-1.5365562438964844
-1.3386569023132324
-1.5924077033996582
-1.344533920288086
-0.46137475967407227
-1.5522828102111816
-1.0052762031555176
-0.6467742919921875
-0.5517978668212891
-0.8085546493530273
-1.0488171577453613
-0.9571413993835449
-1.0046558380126953
-1.6189723014831543
-1.4363999366760254
-1.3335776329040527
-2.142307758331299
-1.8678340911865234
-0.5419726371765137
-0.7055139541625977
-0.9580693244934082
-1.5414609909057617
-1.1905794143676758
-1.1060614585876465
-1.2859644889831543
-1.5019145011901855
-1.3593049049377441
0.6269063949584961
-1.1263437271118164
-0.5992550849914551
-1.108858585357666
-0.37178611755371094
-0.8044180870056152
-1.924966812133789
-0.6039786338806152
-1.5643601417541504
-0.760129451751709
-0.3654017448425293
-1.2059321403503418
-0.8266410827636719
-1.338043212890625
-0.8071427345275879
-1.7268967628479004
-0.5037522315979004
-1.2102108001708984
-2.0114402770996094
-1.5856480598449707
-0.2937660217285156
-0.31627368927001953
-0.8189287185668945
-0.6387996673583984
-1.1695542335510254
-1.9680285453796387
-1.7228412628173828
-0.9682950973510742
-0.2789945602416992
-1.3315706253051758
-1.7188234329223633
-1.2614235877990723
-0.783048152923584
-1.1041960716247559
-1.2901153564453125
-2.2260522842407227
-2.300022602081299
-1.109297752380371
-1.5390543937683105
-1.0226645469665527
-0.5472502708435059
-1.5086421966552734
-1.4071998596191406
-0.8615942001342773
-0.14184999465942383
-1.6476984024047852
-1.071333408355713
-1.1328086853027344
-0.6332345008850098
-1.131082534790039
-1.352048397064209
-0.9598069190979004
-1.60994291305542
0.14223861694335938
-0.8620729446411133
-0.8649835586547852
-1.5730557441711426
-1.8990578651428223
-0.8508939743041992
-0.9079303741455078
-1.6494274139404297
-0.10939311981201172
-0.7559900283813477
-0.9987673759460449
-1.509521484375
-0.9601974487304688
-0.18010711669921875
-1.0662384033203125
-1.7999253273010254
-1.1000733375549316
-1.9411888122558594
-1.2732410430908203
-1.3377647399902344
-1.157383918762207
-1.6020398139953613
-1.2992277145385742
-1.0562095642089844
-1.6446380615234375
-1.8374171257019043
-0.9630322456359863
-0.4963855743408203
-1.534682273864746
-1.3567581176757812
-1.1987314224243164
-0.5490322113037109
-1.239915370941162
-1.2693748474121094
-0.8217744827270508
-1.1478519439697266
-1.8506503105163574
-1.7376651763916016
-1.6330842971801758
-1.4780168533325195
-1.4795255661010742
-1.5894713401794434
-0.9356288909912109
-1.909691333770752
-1.5875797271728516
-0.3757781982421875
-0.8913321495056152
-0.7460155487060547
-1.5199604034423828
-0.7191710472106934
-1.699164867401123
0.10027074813842773
-1.792954921722412
-1.1820878982543945
-1.6707806587219238
-1.351027011871338
-0.6755914688110352
-1.4010367393493652
-1.3100204467773438
-1.184206485748291
-1.2526254653930664
-1.0333876609802246
-1.2124009132385254
-0.9426460266113281
-1.2393627166748047
-1.7920279502868652
-1.603105068206787
-0.8570375442504883
-1.8177986145019531
-1.4539847373962402
-1.5816011428833008
-1.2271571159362793
-0.8343744277954102
-0.777862548828125
0.13764238357543945
-1.0291070938110352
-0.8798933029174805
-1.5344581604003906
-1.6252574920654297
-1.4056544303894043
-0.5553297996520996
-1.8696160316467285
-1.0171895027160645
-0.90948486328125
-0.7487664222717285
-2.057466983795166
-0.5757427215576172
-1.003983974456787
-1.0362491607666016
-0.7133164405822754
-1.116196632385254
0.5892791748046875
-1.7036199569702148
-1.6900544166564941
-1.4070215225219727
-1.1003222465515137
-1.3613972663879395
-2.2747650146484375
-0.6409945487976074
-0.9559063911437988
-1.1561784744262695
-1.0752511024475098
-1.1568098068237305
-0.9415383338928223
-1.1368408203125
-0.4163522720336914
-0.5060677528381348
-1.520686149597168
-0.883702278137207
-2.343255043029785
-1.4797577857971191
-1.6028165817260742
-0.6093816757202148
-1.2884836196899414
-1.7072410583496094
-1.0127887725830078
-0.37716245651245117
-1.281369686126709
0.30051326751708984
-1.4004168510437012
-0.9425163269042969
-1.7221031188964844
-1.3743057250976562
-2.0736799240112305
-0.2927093505859375
-1.2688689231872559
-0.6598544120788574
-1.1143379211425781
-1.4193544387817383
-0.39306211471557617
-1.438349723815918
-1.6050291061401367
-0.8408336639404297
-0.6333436965942383
-1.8970060348510742
-0.6939396858215332
-0.8069767951965332
-1.8769330978393555
-1.458545207977295
-0.5607051849365234
-1.0758895874023438
-1.5248990058898926
-1.3255071640014648
-0.82476806640625
-1.3383665084838867
-1.1987724304199219
-1.253572940826416
-0.5246162414550781
-0.1889815330505371
-1.1890687942504883
-1.4382281303405762
-0.29065513610839844
-2.3388261795043945
-1.213724136352539
-0.2042407989501953
-0.6222128868103027
-1.472546100616455
-1.4754047393798828
-1.2543673515319824
-0.7588930130004883
-1.6274361610412598
-1.643059253692627
-0.9507956504821777
-1.2118515968322754
-1.1254925727844238
-2.4593520164489746
-1.1820082664489746
-1.184471607208252
-0.6981992721557617
-1.356381893157959
-1.5803937911987305
-1.2279863357543945
-1.2031097412109375
-1.4170360565185547
-1.5952959060668945
-2.2532706260681152
-1.1930851936340332
-1.5645933151245117
-0.5067849159240723
-1.5612578392028809
-1.4170899391174316
-0.36545610427856445
-0.7499451637268066
-1.9624848365783691
-0.17394590377807617
-1.2069568634033203
-0.8004026412963867
-0.8576784133911133
-1.323328971862793
-1.423828125
-1.3759665489196777
-0.7022948265075684
-1.5500531196594238
-1.6311602592468262
-1.3313508033752441
-1.62109375
-2.008772850036621
-1.109544277191162
-1.5545473098754883
-1.3864102363586426
-2.0852417945861816
-1.6696105003356934
-1.705761432647705
-1.3034076690673828
-1.145735263824463
-0.5969133377075195
-2.0022873878479004
-0.8596687316894531
-1.783742904663086
-2.0342578887939453
-1.1779499053955078
-0.7190799713134766
-0.9293370246887207
-1.5572113990783691
0.8298187255859375
-1.0913634300231934
-0.8209190368652344
-0.9776482582092285
-1.1399283409118652
0.1601395606994629
-0.9233593940734863
-0.8693256378173828
-1.0225005149841309
-1.4259047508239746
-0.2893543243408203
-0.894477367401123
-0.9992151260375977
-0.8492813110351562
-0.8681669235229492
-1.0380477905273438
-1.3276371955871582
-0.9972143173217773
-1.8187084197998047
-0.9913983345031738
-0.2662205696105957
-1.187361240386963
-0.9390296936035156
-1.7546563148498535
-0.7479991912841797
-0.48902416229248047
-2.739793300628662
-1.0336337089538574
-1.5116844177246094
-1.252347469329834
-0.8945040702819824
-0.9223537445068359
-1.058328628540039
-1.7888121604919434
-0.8108363151550293
-1.2363219261169434
-1.5184555053710938
-1.140958309173584
-1.134352207183838
-1.5590248107910156
-1.5398616790771484
-1.9966230392456055
-1.5501432418823242
-0.9091339111328125
-1.678253173828125
-1.1684489250183105
-1.217092514038086
-0.7093262672424316
-2.098839282989502
-0.01743936538696289
-0.4139223098754883
-1.5380358695983887
-0.7456674575805664
-1.4687013626098633
-1.0923223495483398
-1.3197641372680664
-0.9573650360107422
-0.7070150375366211
-1.6388354301452637
-1.6907286643981934
-0.9568905830383301
-0.4653434753417969
-0.6635308265686035
-0.7978739738464355
-0.6923279762268066
-1.3568105697631836
-1.7861108779907227
-1.4959182739257812
-1.3853540420532227
-0.6337685585021973
-1.2195830345153809
-1.904749870300293
-0.13474225997924805
-1.218226432800293
-1.386580467224121
-0.7210860252380371
-1.9013075828552246
-1.6582860946655273
-1.1437792778015137
-1.0772624015808105
-1.707899570465088
-1.0619330406188965
-1.3463363647460938
-0.6616725921630859
-0.5493121147155762
-1.2493319511413574
-0.6025896072387695
-1.2066025733947754
-1.3207216262817383
-1.2510852813720703
-1.0099983215332031
-0.2499690055847168
-1.3403825759887695
-1.1707262992858887
-1.2131004333496094
-1.5898737907409668
-1.2517752647399902
-1.3903989791870117
-0.8755903244018555
-0.6314191818237305
-0.7863616943359375
0.3383979797363281
-1.4775261878967285
0.20908498764038086
-0.526308536529541
-0.6469826698303223
-1.2931766510009766
-0.6114616394042969
-1.3709607124328613
-1.0915350914001465
-0.3027610778808594
-0.9293522834777832
-1.0385632514953613
-1.7236394882202148
-0.03829526901245117
-0.9694952964782715
-0.9684653282165527
-0.6115083694458008
-1.3300375938415527
-1.5307774543762207
-1.36549711227417
-0.9373645782470703
-1.3531513214111328
-1.3787875175476074
-1.5872173309326172
-0.02447032928466797
-0.9054937362670898
-0.7710037231445312
-0.3644895553588867
-0.5383701324462891
-1.1753730773925781
-0.7944111824035645
-0.8834681510925293
-1.1728849411010742
-1.6507201194763184
-2.4018516540527344
-1.5558152198791504
-1.2626051902770996
-0.44472503662109375
-1.4099435806274414
-1.3382353782653809
-1.1669597625732422
-0.5542564392089844
-1.1546964645385742
-1.613025188446045
-1.0366792678833008
-1.4629907608032227
-0.8974757194519043
-1.3022661209106445
-0.8482952117919922
-1.486325740814209
-0.4923825263977051
-1.6253852844238281
-0.43807268142700195
-1.3147921562194824
-0.46131372451782227
-1.2496938705444336
-1.414052963256836
-1.3778996467590332
-1.2736802101135254
-1.6767735481262207
-0.7901749610900879
-1.3073101043701172
-1.1968908309936523
-1.5353422164916992
-1.2291903495788574
-0.796905517578125
-1.6608095169067383
-0.8117012977600098
-1.03593111038208
-1.404980182647705
-1.2900967597961426
-1.9089665412902832
-0.35471105575561523
-1.4540863037109375
-1.8847684860229492
-0.9293079376220703
-1.7075104713439941
-1.725214958190918
-1.0549755096435547
-1.5835919380187988
-0.8903732299804688
-0.4721040725708008
-1.593719482421875
-0.40410804748535156
-0.49845075607299805
-1.6507387161254883
-1.0162758827209473
-1.4125795364379883
-1.4563374519348145
-0.6859350204467773
-0.7731380462646484
-1.322312355041504
-1.4741439819335938
-1.7929778099060059
-0.49267101287841797
-0.8534488677978516
-0.9139962196350098
-1.408149242401123
-1.4821553230285645
-1.5080366134643555
-0.8470816612243652
-1.4723529815673828
-0.8539004325866699
-0.9338054656982422
-1.1338372230529785
-1.6817307472229004
-1.4242582321166992
-0.8852939605712891
-0.13301467895507812
-1.408010482788086
-0.6403875350952148
-0.6590418815612793
-0.8212389945983887
-1.0872654914855957
-1.216923713684082
-0.6811509132385254
-1.4899601936340332
-1.9084038734436035
-1.1851038932800293
-0.8574728965759277
-1.4468464851379395
-1.0808424949645996
-0.7899484634399414
-1.9710993766784668
-1.5544638633728027
-1.19828462600708
-0.46840953826904297
-1.1645550727844238
-0.7074871063232422
-1.6632061004638672
-1.2114315032958984
-0.9661374092102051
-0.7197022438049316
-1.3603973388671875
-0.8565530776977539
-1.4531664848327637
-1.9135422706604004
-1.409255027770996
-1.7530202865600586
-0.6384568214416504
-0.8266730308532715
-1.4441180229187012
-1.1477322578430176
-1.2448325157165527
-1.1885700225830078
-1.1005535125732422
-0.33390188217163086
-1.0607609748840332
-1.4896459579467773
-1.0046310424804688
-0.8514766693115234
-2.2310123443603516
-0.7461109161376953
-0.4276881217956543
-1.3559198379516602
-1.782179355621338
-1.3637051582336426
-1.1395316123962402
-0.8865828514099121
-0.4409360885620117
-1.4832406044006348
-0.9124650955200195
-1.6582765579223633
-1.4199624061584473
-1.2016792297363281
-1.0295743942260742
-1.6147723197937012
-0.4824342727661133
-0.4048590660095215
0.3187675476074219
-1.1131515502929688
-1.6420683860778809
-0.37987375259399414
-1.0208930969238281
-2.052945613861084
-1.5197248458862305
-0.7005825042724609
-1.0102548599243164
-0.9216070175170898
-0.3860607147216797
-1.1223564147949219
-0.8118853569030762
-0.6136503219604492
-1.2448043823242188
-0.9328422546386719
-0.7743339538574219
-1.2348504066467285
-0.9680452346801758
-0.8918976783752441
-1.671950340270996
-0.7523508071899414
-0.49297094345092773
-0.9440679550170898
-1.4329748153686523
-0.7011308670043945
0.026119709014892578
-1.2783541679382324
-1.1312599182128906
-1.04833984375
-1.5681514739990234
-1.5773711204528809
-2.0102148056030273
-0.756321907043457
-0.3451385498046875
-1.3830547332763672
-1.446845531463623
-1.0907278060913086
-1.005730152130127
-1.9749374389648438
-2.084486961364746
-1.2940917015075684
-1.7563672065734863
-1.1417016983032227
-0.7742214202880859
-1.3525910377502441
-0.17406511306762695
-0.8916640281677246
0.1926865577697754
-1.0058107376098633
-1.2216167449951172
-1.321756362915039
-0.11885690689086914
-0.32536983489990234
-0.463839054107666
-0.8534307479858398
-1.8426079750061035
-0.8838634490966797
-0.9824261665344238
-0.9830970764160156
-0.8556923866271973
-1.424168586730957
-1.74412202835083
-0.9613757133483887
-1.6100797653198242
-0.009695053100585938
-1.7193269729614258
-0.6907200813293457
-0.6532778739929199
-1.04713773727417
-0.9843807220458984
-1.0815849304199219
-0.9810843467712402
-0.19818353652954102
-1.5319762229919434
-1.163097858428955
-0.8035531044006348
-1.5117688179016113
-1.3442931175231934
-1.0949959754943848
-1.7203655242919922
-0.6758666038513184
-0.7443666458129883
-0.5855393409729004
-1.7700738906860352
-0.7085390090942383
-0.6268429756164551
-1.0772747993469238
-0.460390567779541
-1.760178565979004
-1.810366153717041
-0.6705870628356934
-0.611443042755127
-0.959968090057373
-1.3428893089294434
-0.700645923614502
-1.225606918334961
-1.1959643363952637
-0.24101543426513672
-1.1872358322143555
-1.8186969757080078
-1.6997709274291992
-1.2347097396850586
-0.7888731956481934
-1.5161237716674805
-0.7028508186340332
-0.8737406730651855
-0.19194698333740234
-2.2370166778564453
-1.2109575271606445
-1.5844593048095703
0.31859922409057617
-1.8480877876281738
-0.7372226715087891
-2.009551525115967
-1.3061532974243164
-1.7521648406982422
-0.9046125411987305
-1.280653476715088
-1.9369897842407227
-0.7405705451965332
-1.6274480819702148
-1.873021125793457
-1.4238615036010742
-0.4896240234375
-1.2972793579101562
-0.2727375030517578
-1.5678620338439941
-1.0923881530761719
-1.2367973327636719
-2.0720643997192383
-1.7239398956298828
-1.124861240386963
-1.3615202903747559
-0.947077751159668
-0.692962646484375
-1.4998412132263184
-0.11322402954101562
-0.3745408058166504
-1.230224609375
-0.9753684997558594
-1.4782280921936035
-1.070544719696045
-1.738241195678711
-0.9028172492980957
-0.873784065246582
-0.18453741073608398
-1.9055957794189453
-0.7212119102478027
-1.7438931465148926
-1.5144739151000977
-1.1501197814941406
-1.337285041809082
-2.3479223251342773
-1.2212352752685547
-0.9598751068115234
-1.15437650680542
-1.7055397033691406
-1.6364388465881348
-0.47692251205444336
-1.6384038925170898
-1.8157663345336914
-0.43659448623657227
-1.7431387901306152
-2.1877059936523438
-1.4611244201660156
0.06984281539916992
-1.3553829193115234
-0.7543611526489258
-1.75514554977417
-1.3568506240844727
-1.4305763244628906
0.04890775680541992
-1.0583209991455078
-1.2696099281311035
-0.49469614028930664
-1.0826239585876465
-1.507911205291748
-1.056924819946289
-1.4765043258666992
-0.6715750694274902
-0.698662281036377
-2.001516819000244
-1.1618213653564453
-0.8743047714233398
-0.24442481994628906
-1.6860508918762207
-1.577160358428955
-1.1731905937194824
-1.03822660446167
-1.778733730316162
-2.463742256164551
-0.3977956771850586
-1.1943540573120117
-1.746917724609375
-1.024242877960205
-1.437340259552002
-1.0862293243408203
-1.065721035003662
-1.2025904655456543
-1.7876768112182617
-1.722823143005371
-1.6158075332641602
-1.1976509094238281
-1.474097728729248
-1.7934603691101074
-0.8592691421508789
-0.7621808052062988
-0.6971316337585449
-0.7830910682678223
-0.0590057373046875
-1.4517083168029785
-0.5934066772460938
-1.2485904693603516
-1.359433650970459
-0.44492626190185547
-0.9919238090515137
-1.7723560333251953
-1.191659927368164
-1.2851343154907227
-0.994727611541748
-0.6235404014587402
-1.3591060638427734
-0.37900876998901367
-0.9450187683105469
-1.712644100189209
-0.9529261589050293
-1.1457715034484863
-1.0366272926330566
-1.1136746406555176
-0.7017898559570312
-1.542853832244873
-0.8568077087402344
0.031237125396728516
-1.0848307609558105
-0.9522790908813477
-1.0126657485961914
-1.4428791999816895
-1.7026028633117676
-1.8212289810180664
-1.242330551147461
-1.1162347793579102
-1.2519316673278809
-1.1114516258239746
-0.633021354675293
-1.050605297088623
-0.883537769317627
-2.3822503089904785
-0.5973320007324219
-0.8570599555969238
-1.0047235488891602
-1.1453266143798828
-0.35883617401123047
-1.604158878326416
-0.9950823783874512
-1.0131659507751465
-0.7127251625061035
-1.034414291381836
-1.2502551078796387
-2.2484970092773438
-0.5381593704223633
-1.2649216651916504
-1.0757322311401367
-1.069934368133545
-0.8054056167602539
-1.3293519020080566
-1.9129347801208496
-0.8757944107055664
-1.2120685577392578
-1.0301055908203125
-1.3687424659729004
-2.0465993881225586
-1.421766757965088
-1.0258712768554688
-0.45111942291259766
-1.223170280456543
-2.188612937927246
-1.3022236824035645
-1.009138584136963
-1.1495347023010254
-0.9333624839782715
-0.9324264526367188
-0.8971214294433594
-1.4260735511779785
-0.9488320350646973
-1.746504306793213
-0.9437298774719238
-1.5072484016418457
-1.0767016410827637
-0.8648147583007812
-0.5438776016235352
-1.0970211029052734
-0.7837343215942383
-1.158203125
-1.680379867553711
-2.045804023742676
-1.060873031616211
-1.171492576599121
-0.1501331329345703
-1.9719419479370117
-1.271310806274414
-1.3659262657165527
-0.9228639602661133
-0.1034998893737793
-1.0623598098754883
-2.2794880867004395
-1.9716100692749023
-1.994682788848877
-1.2245888710021973
-1.154778003692627
-1.5060596466064453
-1.6000685691833496
-0.88446044921875
-0.6360411643981934
-1.6982827186584473
-1.2767863273620605
-1.4618759155273438
-0.24869537353515625
-0.2400646209716797
-1.6211280822753906
-0.9830055236816406
-1.3824830055236816
-1.6111197471618652
-1.1725139617919922
-1.6493878364562988
-1.7828106880187988
-1.186478614807129
-1.294691562652588
-1.3426947593688965
-1.2985000610351562
-0.20530080795288086
-0.8323702812194824
-1.5680432319641113
-0.0767974853515625
-1.8367581367492676
-0.41504859924316406
-1.3997344970703125
-1.957475185394287
-0.7988677024841309
-1.4045181274414062
-1.3954482078552246
-1.2526912689208984
-0.7943916320800781
-1.1765494346618652
-0.2815265655517578
-0.49208879470825195
-0.436678409576416
-1.8668570518493652
-2.524496555328369
-0.609290599822998
-1.5506715774536133
-0.9836640357971191
-1.0531196594238281
-0.8367595672607422
-0.9041228294372559
-0.11902904510498047
-0.811647891998291
-2.224315643310547
-0.8272418975830078
-0.8741016387939453
-1.323923110961914
-1.4081048965454102
-0.4983100891113281
-0.5661602020263672
-1.0218782424926758
-1.3042564392089844
-0.9730172157287598
-1.5330467224121094
-1.9261517524719238
-2.2544593811035156
-1.038440227508545
-0.6033434867858887
-1.4280076026916504
-0.8747711181640625
-0.7995853424072266
-1.275517463684082
-1.852403163909912
-1.134007453918457
-1.0834136009216309
-0.7339262962341309
-1.7000679969787598
-1.7518362998962402
-1.6197423934936523
-2.016867160797119
-0.5839481353759766
-1.0709290504455566
-1.003756046295166
-0.16811370849609375
-0.918574333190918
-0.9534721374511719
-0.9628138542175293
-1.252518653869629
-2.2927770614624023
-1.9992609024047852
-0.2910499572753906
-1.1570191383361816
-1.7813353538513184
-1.5958991050720215
-0.9767928123474121
-1.3484892845153809
-2.04109525680542
-1.5634832382202148
-1.115464687347412
-0.7772316932678223
-0.5271530151367188
-0.004428863525390625
-1.0454411506652832
-0.6133327484130859
-0.1916971206665039
-1.0529279708862305
-1.4276962280273438
-1.077956199645996
-2.4363632202148438
-0.8153133392333984
-2.298891067504883
-1.4864263534545898
-1.2178373336791992
-0.5478448867797852
-1.1046152114868164
-1.3745088577270508
-1.5932698249816895
-1.3919682502746582
-0.807642936706543
-0.7246813774108887
-1.5456790924072266
-0.7383413314819336
-1.0413894653320312
-1.8258109092712402
-0.8566808700561523
-1.2040119171142578
-1.1849193572998047
-0.5690369606018066
-1.8339791297912598
-0.8117175102233887
-1.3061175346374512
-1.1274299621582031
-0.47686004638671875
0.8222417831420898
-1.475341796875
0.05188560485839844
-1.4661355018615723
-1.571249008178711
-1.1432528495788574
-1.0336904525756836
-0.774573802947998
-1.213953971862793
-0.3840484619140625
-1.964292049407959
-1.4944677352905273
-1.2573356628417969
-1.0932893753051758
-0.00015163421630859375
-1.0895137786865234
-1.6451082229614258
-0.7428874969482422
-1.2112669944763184
-1.5209331512451172
-0.799229621887207
-0.9294910430908203
-0.2298436164855957
-1.0697355270385742
-0.8292632102966309
-1.0264902114868164
-0.8014130592346191
-1.1312780380249023
-1.146406650543213
-1.1828842163085938
-1.674013614654541
-1.056838035583496
-1.991487979888916
-0.4137725830078125
-0.993039608001709
-1.2033357620239258
-1.6683263778686523
-0.20625543594360352
-0.8460788726806641
-0.5691800117492676
-1.911956787109375
-0.7119922637939453
-1.2273316383361816
-0.8549160957336426
-1.832932949066162
-0.07239532470703125
-1.6223478317260742
-0.8113307952880859
0.024992942810058594
-1.1551170349121094
-0.9512448310852051
-1.9276542663574219
-0.5050687789916992
-2.207235336303711
-0.5871996879577637
-1.2893047332763672
-1.3614168167114258
-1.1478095054626465
-0.43283987045288086
-0.13911819458007812
-0.9723095893859863
-1.0338234901428223
-1.1075501441955566
-1.171201229095459
-1.1204967498779297
-2.3954591751098633
-1.2633652687072754
-1.234412670135498
-1.4795904159545898
-0.6105895042419434
-1.8048810958862305
-2.1255135536193848
-0.4001960754394531
-1.0258007049560547
-0.3965339660644531
-0.986015796661377
-0.9538459777832031
-1.4517288208007812
-1.2443647384643555
-1.1780071258544922
-1.1066780090332031
-0.17033815383911133
-1.473762035369873
-1.715280532836914
-0.7221083641052246
-1.3947734832763672
-0.7813882827758789
-1.7166686058044434
-1.1272964477539062
-0.8676629066467285
0.014143943786621094
-1.2146482467651367
-1.5317268371582031
-0.7990212440490723
-1.0759921073913574
-1.0445256233215332
-0.30709171295166016
-1.319648265838623
-1.5946722030639648
-0.5781502723693848
-1.0970869064331055
-0.7022132873535156
-1.0267415046691895
-0.997380256652832
-1.2304997444152832
-0.8841848373413086
-2.324357509613037
-0.6380782127380371
-1.2567367553710938
-0.4448666572570801
-2.096090316772461
-1.3337230682373047
-1.650956153869629
-1.655198574066162
-1.5818748474121094
-1.437601089477539
-1.0766749382019043
-0.7663893699645996
-1.2184810638427734
-1.5909662246704102
-0.4484591484069824
-0.9188785552978516
-1.487840175628662
-1.939526081085205
-1.5989322662353516
-0.9429512023925781
-1.7339205741882324
-1.398284912109375
-1.2376160621643066
-1.2467927932739258
-0.6285305023193359
-0.800147533416748
-0.7723789215087891
0.23221492767333984
-0.8037915229797363
-1.4054465293884277
-1.1706748008728027
-1.7784137725830078
-2.553593635559082
-1.6395621299743652
-1.623507022857666
-0.6096897125244141
-1.6583189964294434
-1.117011547088623
-1.947678565979004
-0.7153749465942383
-0.9763469696044922
-1.552598476409912
-0.9594612121582031
-1.1832876205444336
-0.9681696891784668
-1.02901029586792
-1.547816276550293
-1.2951416969299316
-0.6645865440368652
-2.087017059326172
-1.9796819686889648
-1.8702306747436523
-0.2908945083618164
-1.1596746444702148
-1.6617417335510254
-1.6649975776672363
-1.384432315826416
-2.068532943725586
-1.2600669860839844
-1.864445686340332
-0.8690342903137207
-1.1325678825378418
-0.5679221153259277
-2.5780391693115234
-1.013432502746582
-0.7890763282775879
-1.4600510597229004
-0.47715187072753906
-0.8291606903076172
-1.1149778366088867
-2.096431255340576
-0.9852409362792969
-1.2485008239746094
-1.8588428497314453
-0.9235186576843262
-1.746391773223877
-1.9447736740112305
-1.6771459579467773
-0.2907571792602539
-1.411165714263916
-0.9554810523986816
-1.166661262512207
-0.9178481101989746
-0.541961669921875
-1.1810674667358398
-1.6308255195617676
-0.659858226776123
-0.7623457908630371
-1.3782472610473633
-1.0212254524230957
-0.7501568794250488
-1.414992332458496
-0.8651547431945801
-2.147887706756592
-1.124739170074463
-0.8299655914306641
-1.8680601119995117
-1.8111357688903809
-1.279848575592041
-1.31205415725708
-1.2561945915222168
-1.3178434371948242
-1.4639487266540527
-1.6934432983398438
-1.845475673675537
-1.1698498725891113
-0.9133486747741699
-1.171583652496338
-1.7026848793029785
-1.1044020652770996
-0.7873344421386719
-1.2607150077819824
-0.9116339683532715
-1.1782455444335938
-1.05072021484375
-0.8121151924133301
-0.9096403121948242
-0.9904370307922363
-1.7441654205322266
-1.7888946533203125
-0.717353343963623
-1.010338306427002
-1.467534065246582
-1.3731756210327148
-1.2097196578979492
-0.6267538070678711
-1.434363842010498
-1.3815975189208984
-1.2404475212097168
-1.0360422134399414
-1.8481616973876953
-0.095611572265625
-1.096238136291504
-0.9292707443237305
-1.0482149124145508
-0.6018638610839844
-1.3964118957519531
-1.746659278869629
-0.5097074508666992
-1.4426393508911133
-1.5096888542175293
-0.8623385429382324
-0.46508169174194336
-0.6294164657592773
-1.1542363166809082
-0.8644528388977051
-0.8286328315734863
-0.6072587966918945
-1.1105537414550781
-0.9547109603881836
-1.3135757446289062
-1.6235589981079102
-0.9682445526123047
-1.221466064453125
-1.5969419479370117
-0.7091150283813477
-1.1352834701538086
-1.1473398208618164
-0.9048194885253906
-1.3470382690429688
-1.474329948425293
-0.7143058776855469
-0.6202898025512695
-1.705031394958496
-1.7180280685424805
-0.11490154266357422
-1.1704840660095215
-1.943394660949707
-1.262495994567871
-0.5988216400146484
-2.1877059936523438
-1.1101269721984863
-0.8738565444946289
-1.461090087890625
-1.7801742553710938
-1.3342056274414062
-1.288062572479248
-1.4316272735595703
-1.890406608581543
-0.8601269721984863
-1.668478012084961
-2.1498069763183594
-1.2120566368103027
-1.1562800407409668
-1.0284113883972168
-0.9637465476989746
-1.7667012214660645
-1.8163132667541504
-1.0212821960449219
-1.352076530456543
-0.6893081665039062
-0.43336915969848633
-1.2331581115722656
-1.9879984855651855
-1.776404857635498
-1.0693020820617676
-1.886918067932129
-1.2024292945861816
-1.0723614692687988
-1.4612584114074707
-1.2924761772155762
-0.5415525436401367
-1.6008262634277344
-0.9759101867675781
-1.41066312789917
-2.0141472816467285
-1.5924263000488281
-1.443291187286377
-1.3111238479614258
-1.1581392288208008
-0.9980435371398926
-1.2618298530578613
-1.1418066024780273
-1.470703125
-1.5199613571166992
-1.3506207466125488
-1.5918631553649902
-1.109694480895996
-1.4449615478515625
-0.994236946105957
0.054724693298339844
-0.6378226280212402
-0.21302032470703125
-1.5323424339294434
-1.1151552200317383
-1.4372344017028809
-0.8645119667053223
-0.7706308364868164
-0.7907395362854004
-1.35902738571167
-1.629180908203125
-1.3469767570495605
-0.8968706130981445
-0.9428763389587402
-0.8730425834655762
-0.6106553077697754
-1.4017810821533203
-0.15072345733642578
-1.091329574584961
-0.9254064559936523
-2.2529921531677246
-0.8692879676818848
-2.1424784660339355
-1.870427131652832
-0.4128131866455078
-1.4129600524902344
-1.3064007759094238
-1.4319663047790527
-0.8335175514221191
-1.6675662994384766
-0.42327404022216797
-0.8851957321166992
-0.6947884559631348
-0.9222826957702637
-0.10666942596435547
0.2597932815551758
-2.2012062072753906
-1.0276966094970703
-0.8108615875244141
-0.9009566307067871
-1.3623695373535156
-2.1498069763183594
-0.7801113128662109
-0.9418377876281738
-0.10771560668945312
-0.7493753433227539
-1.3324899673461914
-0.78790283203125
-0.7038884162902832
-1.2588763236999512