0.24990391731262207
0.25400757789611816
-0.18478727340698242
0.4683852195739746
0.10808455944061279
-0.15897107124328613
0.006511688232421875
-0.1912398338317871
-0.1674884557723999
0.2216196060180664
0.27028822898864746
0.021100521087646484
0.23059320449829102
0.05891060829162598
0.5696735382080078
0.402803897857666
0.15131235122680664
-0.11227130889892578
-0.03723645210266113
-0.09404897689819336
0.1543715000152588
-0.09400463104248047
-0.11075043678283691
0.48956942558288574
0.08855223655700684
0.2220228910446167
0.3311119079589844
0.22800683975219727
-0.12410354614257812
-0.10126757621765137
0.3467109203338623
0.13764667510986328
0.34538722038269043
0.22460699081420898
-0.3891289234161377
-0.16760694980621338
0.8258874416351318
-0.0687875747680664
0.49683308601379395
0.20635533332824707
-0.19455289840698242
0.35928815603256226
0.1394670009613037
0.4266347885131836
-0.16249966621398926
-0.4283735752105713
0.2835087776184082
-0.15775465965270996
0.5780549049377441
-0.11393594741821289
0.058053016662597656
0.1507859230041504
0.47826528549194336
0.5407798290252686
0.3045370578765869
-0.17374491691589355
0.5698258876800537
0.23691630363464355
0.455707311630249
-0.24946165084838867
-0.3330289125442505
0.06188774108886719
0.3319382667541504
0.14557337760925293
0.4766852855682373
-0.029294490814208984
-0.10775518417358398
0.3115055561065674
0.22392892837524414
-0.13336634635925293
-0.13290810585021973
0.21973538398742676
-0.030437231063842773
-0.06666088104248047
-1.0269291400909424
0.3108053207397461
-0.26837825775146484
0.3826463222503662
0.44296860694885254
-0.03312993049621582
-0.3012654781341553
-0.04798388481140137
-0.18149948120117188
-0.16743087768554688
0.02102494239807129
-0.19147992134094238
0.46321403980255127
0.4993433952331543
0.0013117790222167969
-0.07488799095153809
0.048746347427368164
-0.08190536499023438
-0.11197316646575928
0.21751010417938232
0.30445146560668945
0.04569673538208008
0.4703199863433838
-0.11984419822692871
0.1721947193145752
-0.20876502990722656
-0.29610157012939453
-0.07868409156799316
0.5980143547058105
-0.8042371273040771
0.4410214424133301
0.543379545211792
0.44581544399261475
-0.21886563301086426
-0.255016565322876
0.516577959060669
0.18338322639465332
0.5514180660247803
0.146867036819458
0.32240915298461914
-0.06187009811401367
-0.2148228883743286
-0.197160005569458
0.20006823539733887
-0.4759521484375
-0.15289616584777832
-0.07506966590881348
-0.27930569648742676
-0.1984241008758545
0.10413193702697754
-0.13004064559936523
0.5068955421447754
-0.09173440933227539
-0.3183262348175049
0.0736851692199707
-0.01504206657409668
-0.13043999671936035
-0.4096195697784424
-0.14222478866577148
0.38129663467407227
0.23530840873718262
0.40612053871154785
-0.5490429401397705
0.20202326774597168
0.3464529514312744
0.4072103500366211
0.048613786697387695
-0.29879045486450195
-0.2612745761871338
0.6504647731781006
0.0035331249237060547
0.6645932197570801
0.021420955657958984
0.1478179693222046
0.2282567024230957
0.25999295711517334
0.1867225170135498
0.6258940696716309
0.1549208164215088
-0.08728790283203125
-0.42102837562561035
-0.014946699142456055
-0.39232945442199707
-0.21652746200561523
0.5013720989227295
0.1528162956237793
0.5385940074920654
0.04263639450073242
0.08440732955932617
-0.317584753036499
-0.0007343292236328125
1.2513819932937622
0.19852781295776367
-0.023125886917114258
0.06965303421020508
0.18637394905090332
0.09888267517089844
0.6695914268493652
0.6563117504119873
0.27190089225769043
0.0031538009643554688
-0.21148252487182617
-0.006390571594238281
0.06453728675842285
0.03178977966308594
0.1717071533203125
-0.04259347915649414
0.17827022075653076
0.10370790958404541
0.25746989250183105
0.02173757553100586
0.5704154968261719
-0.2995586395263672
0.15141773223876953
0.07680845260620117
-0.3464620113372803
-0.18172359466552734
0.7468111515045166
0.5450873374938965
-0.09530091285705566
0.23697423934936523
-0.21776199340820312
0.03227663040161133
-0.2110302448272705
0.47092127799987793
0.014580249786376953
0.09995853900909424
-0.14163422584533691
-0.4217650890350342
-0.4095726013183594
-0.01861405372619629
-0.0639495849609375
-0.23872900009155273
-0.10107874870300293
0.9720430374145508
0.1747608184814453
0.08200597763061523
0.2519047260284424
-0.18321657180786133
0.31415557861328125
0.15854811668395996
-0.359036922454834
0.20873284339904785
0.2754049301147461
-0.05144190788269043
0.0027773380279541016
-0.21657872200012207
0.23256337642669678
-0.4990866184234619
-0.42104339599609375
0.12932372093200684
0.19418692588806152
-0.35929107666015625
-0.09694516658782959
-0.05075216293334961
0.4450545310974121
-0.26863598823547363
-0.24373793601989746
0.09157919883728027
-0.1717243194580078
-0.24396181106567383
-0.19810080528259277
-0.07360053062438965
0.23526859283447266
0.07240128517150879
0.18965506553649902
0.7631626129150391
0.047008514404296875
-0.9867382049560547
0.03998994827270508
0.04236555099487305
0.002811908721923828
-0.4616401195526123
-0.06962180137634277
0.08430361747741699
-0.17921948432922363
0.3734433650970459
0.1846458911895752
-0.5981786251068115
-0.09437108039855957
0.1644287109375
-0.21863532066345215
-0.2285327911376953
0.13270831108093262
0.0160369873046875
0.25972986221313477
0.21683549880981445
-0.2664155960083008
0.2673015594482422
0.08575844764709473
-0.0433812141418457
0.5194416046142578
0.7981691360473633
-0.003588438034057617
-0.18154597282409668
-0.009915828704833984
-0.408571720123291
0.26944178342819214
0.13727593421936035
-0.05627739429473877
0.10314726829528809
0.09488606452941895
0.31113505363464355
0.11079525947570801
0.24759793281555176
0.3546990156173706
-0.48763608932495117
0.37832117080688477
0.42328810691833496
0.04497861862182617
-0.07680058479309082
0.07968449592590332
0.5421526432037354
-0.11400628089904785
0.012149810791015625
0.023357868194580078
-0.17913460731506348
0.33814430236816406
0.659466028213501
0.305830717086792
-0.18165302276611328
0.09005260467529297
0.08692705631256104
-0.5030806064605713
0.1743791103363037
0.37201356887817383
0.3983745574951172
0.3559682369232178
-0.09139084815979004
0.25075817108154297
0.14838194847106934
0.279752254486084
0.40094423294067383
0.28013038635253906
0.29982948303222656
-0.11360287666320801
0.1405935287475586
0.5905029773712158
-0.05261635780334473
0.2260524034500122
0.6528902053833008
0.023753881454467773
-0.20548033714294434
0.639315128326416
-0.6288070678710938
0.7126491069793701
0.10759091377258301
0.7032568454742432
0.0951223373413086
-0.07452797889709473
-0.3210042119026184
0.4785325527191162
-0.5863840579986572
-0.07742977142333984
0.14778566360473633
0.5196850299835205
-0.08103418350219727
0.5540512800216675
0.17434382438659668
0.15581119060516357
-0.7261252403259277
0.5372090339660645
-0.21735763549804688
0.345348596572876
-0.1320359706878662
-0.20021414756774902
-0.36759889125823975
0.9311058521270752
0.4668850898742676
0.5596473217010498
-0.059700965881347656
-0.2107241153717041
0.2505979537963867
0.4163990020751953
-0.044515371322631836
0.014557838439941406
-0.31326818466186523
-0.2124464511871338
0.16785001754760742
-0.028922319412231445
0.38230061531066895
0.6664562225341797
0.4072396755218506
-0.05960392951965332
-0.22989511489868164
-0.6221942901611328
0.27165699005126953
-0.36125922203063965
-0.05706048011779785
-0.32027125358581543
0.37851667404174805
0.39988720417022705
-0.352544903755188
-0.4579918384552002
0.5544397830963135
-0.08205199241638184
0.12691044807434082
0.3929603099822998
-0.10278820991516113
-0.018179655075073242
0.15842461585998535
0.016665935516357422
0.09119629859924316
0.3431823253631592
0.46235108375549316
-0.20226621627807617
0.157759428024292
0.4872434139251709
0.3740987777709961
-0.27225804328918457
-0.021280407905578613
-0.22301864624023438
0.243638277053833
0.843214750289917
0.19219088554382324
0.11683058738708496
0.14723026752471924
0.09880232810974121
0.10908365249633789
-0.19710373878479004
0.0777440071105957
0.28383100032806396
-0.12931299209594727
0.2417445182800293
0.04312562942504883
-0.0632627010345459
-0.03671002388000488
0.1863691806793213
0.14575839042663574
0.2015988826751709
0.011113166809082031
0.30723071098327637
0.3867208957672119
0.15757966041564941
-0.07433915138244629
0.007619380950927734
0.2544553279876709
-0.06966543197631836
0.19084668159484863
0.4459404945373535
0.6934342384338379
-0.10908937454223633
-0.06836390495300293
0.14951539039611816
-0.0797722339630127
-0.26555323600769043
0.12085723876953125
-0.12212657928466797
-0.4850776195526123
-0.011866331100463867
0.03961759805679321
0.012826204299926758
-0.02698969841003418
0.05204272270202637
-0.02631855010986328
0.2244737148284912
0.048595428466796875
0.17524194717407227
0.2725789546966553
-0.45968711376190186
-0.15708017349243164
0.503868579864502
-0.24977266788482666
0.017206430435180664
-0.37749528884887695
-0.18084287643432617
-0.2407362461090088
-0.18416309356689453
-0.11995172500610352
0.6452994346618652
0.24414074420928955
0.4703633785247803
1.1828911304473877
0.07481980323791504
-0.030827045440673828
-0.06769633293151855
0.022236108779907227
0.3892951011657715
-0.060376882553100586
0.10376930236816406
0.11222612857818604
0.6062750816345215
0.004062175750732422
-0.07044839859008789
0.13706517219543457
-0.021801233291625977
0.0018687248229980469
0.24580073356628418
0.7117068767547607
0.5415008068084717
-0.18056297302246094
-0.061100006103515625
0.4223520755767822
-0.2347109317779541
-0.014427423477172852
0.2575564384460449
0.24218177795410156
0.2636144161224365
0.02534008026123047
0.11394977569580078
0.454329252243042
0.2786262035369873
0.6747076511383057
-0.18522930145263672
-0.2336670160293579
0.19015169143676758
0.17123723030090332
0.0016984939575195312
0.11603379249572754
-0.07718706130981445
0.8115198612213135
-0.3390657901763916
0.5739283561706543
-0.31740713119506836
-0.03889203071594238
0.06393051147460938
0.028063297271728516
-0.45145583152770996
-0.041383981704711914
0.034439802169799805
-0.39977169036865234
-0.2524092197418213
0.27644777297973633
-0.05391693115234375
-0.5954484939575195
0.0019621849060058594
-0.12717342376708984
0.299816370010376
0.2633936405181885
0.13389372825622559
-0.2174215316772461
0.1516094207763672
0.22870802879333496
-0.5656137466430664
-0.4027748107910156
0.7041707038879395
-0.18474149703979492
0.24694538116455078
-0.1053462028503418
0.3484957218170166
0.19706988334655762
0.19090580940246582
-0.15166926383972168
-0.07040572166442871
0.5681741237640381
-0.12582993507385254
0.8359086513519287
0.11152029037475586
-0.19039011001586914
-0.25795745849609375
-0.0779867172241211
-0.13109612464904785
0.12972378730773926
0.11528849601745605
0.4714353084564209
-0.6826810836791992
-0.22681045532226562
0.4725809097290039
-0.7773230075836182
-0.4877512454986572
0.4159572124481201
0.45673537254333496
0.6157248020172119
-0.2706413269042969
0.2696266174316406
0.05143475532531738
-0.09038710594177246
-0.13834786415100098
0.14525246620178223
0.5342532396316528
0.21431422233581543
0.2109508514404297
0.3427426815032959
0.6364598274230957
-0.18508076667785645
-0.15088999271392822
0.21215605735778809
-0.15484213829040527
-1.0240991115570068
0.4315671920776367
-0.3415672779083252
-0.29528379440307617
-0.23859906196594238
-0.3198211193084717
0.22014009952545166
-0.19118428230285645
0.28984498977661133
0.2784245014190674
0.3985159397125244
0.3404879570007324
0.3673286437988281
-0.0462491512298584
-0.3573465347290039
0.567620038986206
0.24300122261047363
0.36693716049194336
-0.14730620384216309
0.2052621841430664
0.16161346435546875
-0.5485405921936035
-0.2587909698486328
-0.17200803756713867
-0.4225471019744873
-0.015531539916992188
-0.0003211498260498047
0.4126715660095215
0.01652050018310547
0.47186803817749023
0.14961862564086914
-0.5374150276184082
0.34247589111328125
0.6147184371948242
0.04961538314819336
-0.010589838027954102
0.3149557113647461
-0.11772656440734863
-0.16840672492980957
-0.030716896057128906
0.09664368629455566
0.05281567573547363
-0.4291902780532837
0.4765810966491699
0.15335685014724731
0.16180706024169922
0.5896482467651367
-0.08184313774108887
0.04369974136352539
-0.2263808250427246
0.2618389129638672
-0.055410146713256836
-0.2555612325668335
0.06875145435333252
0.5725765228271484
0.662616491317749
0.4160284996032715
-0.2508690357208252
0.45905327796936035
0.15234136581420898
0.33164095878601074
-0.15133142471313477
0.4411051273345947
-0.45643508434295654
-0.1088552474975586
0.4828217029571533
0.020534038543701172
0.05774807929992676
-0.10349535942077637
-0.4594287872314453
0.08062458038330078
-0.18320655822753906
-0.2023601531982422
0.18577027320861816
-0.13470768928527832
0.0826495885848999
0.5310094356536865
0.7103977203369141
0.2708244323730469
-0.1191110610961914
0.738699197769165
-0.03304576873779297
0.22587227821350098
0.5990219116210938
0.029547929763793945
-0.7280174493789673
0.07796061038970947
0.4014984369277954
-0.039473772048950195
0.15588116645812988
0.34939098358154297
0.20156431198120117
0.5424349308013916
-0.13072609901428223
-0.032668113708496094
-0.09385097026824951
0.08632493019104004
0.151106595993042
0.24620723724365234
0.4409370422363281
-0.1964583396911621
0.6155245304107666
-0.08150482177734375
0.3191719055175781
0.6051304340362549
-0.26146435737609863
0.5178976058959961
0.15060997009277344
0.5340743064880371
-0.10266494750976562
0.3170287609100342
-0.31441569328308105
0.5560626983642578
-0.15532517433166504
0.3756669759750366
0.2507801055908203
0.0710456371307373
-0.15642833709716797
0.9347057342529297
-0.21862292289733887
0.35620856285095215
-0.17217421531677246
0.5442466735839844
0.2893855571746826
-0.13016486167907715
-0.2229306697845459
0.0555267333984375
0.3470597267150879
0.01661539077758789
0.43314647674560547
0.6493825912475586
0.12127566337585449
0.15143990516662598
-0.08806204795837402
0.09968376159667969
0.000827789306640625
0.48171448707580566
0.12900042533874512
0.07307004928588867
0.17415118217468262
0.5124094486236572
-0.13768935203552246
-0.22830939292907715
0.2931203842163086
0.299605131149292
0.0943913459777832
0.018515348434448242
0.21316242218017578
-0.08242130279541016
0.22544121742248535
-0.26845598220825195
0.15202975273132324
0.7583663463592529
-0.15996718406677246
0.3594996929168701
-0.24039244651794434
-0.013915061950683594
-0.21540892124176025
0.36060404777526855
0.33913588523864746
0.5694656372070312
-0.06945061683654785
0.2078561782836914
-0.02207469940185547
-0.41255855560302734
-0.7364845275878906
-0.036777496337890625
-0.11507129669189453
0.15564632415771484
-0.025519371032714844
0.20688486099243164
-0.06276345252990723
0.32228994369506836
-0.2209784984588623
0.11754059791564941
-0.11885714530944824
0.4201693534851074
0.2681400775909424
0.3654162883758545
-0.2678349018096924
-0.1488025188446045
0.27016639709472656
0.3908834457397461
0.15814208984375
-0.134674072265625
0.2516899108886719
-0.08038115501403809
-0.006727457046508789
-0.021953344345092773
-0.21887695789337158
-0.17242074012756348
0.8065893650054932
1.0119624137878418
-0.020397663116455078
0.21256756782531738
0.3154144287109375
0.19712615013122559
-0.3997457027435303
-0.0365452766418457
0.08990621566772461
-0.09985756874084473
0.7797589302062988
0.4183006286621094
-0.1377871036529541
0.15868258476257324
0.3655533790588379
-0.6596701145172119
0.08309245109558105
0.3833119869232178
0.06117415428161621
-0.01851654052734375
0.3220560550689697
0.0921093225479126
-0.03006887435913086
-0.17261838912963867
0.678978443145752
0.17613697052001953
-0.3415563106536865
0.02844858169555664
0.5561618804931641
0.1317446231842041
-0.3840916156768799
0.27596592903137207
0.14122915267944336
0.002317667007446289
-0.369884729385376
-0.14596819877624512
-0.055193424224853516
0.22037410736083984
-0.44858860969543457
0.6531617641448975
-0.06391310691833496
-0.5751633644104004
0.47826528549194336
0.17490577697753906
0.1337815523147583
0.10828328132629395
0.6753418445587158
0.6686999797821045
-0.13538575172424316
0.1020512580871582
0.37494349479675293
0.2804412841796875
0.28969573974609375
0.4041893482208252
0.11517715454101562
0.529486894607544
-0.5685868263244629
-0.06005382537841797
0.3314549922943115
-0.11310148239135742
-0.368074893951416
0.4280793070793152
-0.260084867477417
0.11632657051086426
-0.14662742614746094
-0.2212061882019043
-0.06323742866516113
-0.24728775024414062
0.10630202293395996
0.2135920524597168
0.2754392623901367
0.11447811126708984
0.2394094467163086
0.5807030200958252
-0.27550041675567627
0.10900521278381348
0.3754446506500244
0.13871526718139648
0.4250931739807129
-0.1567087173461914
-0.13364768028259277
0.07137322425842285
-0.31507444381713867
0.9320938587188721
0.708928108215332
0.6083836555480957
0.12663626670837402
0.632569432258606
0.5433187484741211
0.11824750900268555
0.049246788024902344
0.40599560737609863
0.30317389965057373
0.20307469367980957
0.5690553188323975
-0.24883508682250977
0.5696072578430176
0.012140274047851562
-0.17415404319763184
-0.07138395309448242
0.8739261627197266
0.05079948902130127
-0.0805361270904541
-0.08665919303894043
0.2713139057159424
-0.3735029697418213
-0.3135673999786377
0.1615769863128662
0.10202455520629883
0.5604727268218994
0.0713202953338623
0.6875481605529785
-0.2840542793273926
0.01810777187347412
0.28164005279541016
-0.376863956451416
0.02309584617614746
0.14493989944458008
-0.23696136474609375
-0.16777825355529785
0.5289995670318604
0.09660649299621582
-0.23324131965637207
-0.22115874290466309
0.26454734802246094
-0.11670279502868652
-0.2029116153717041
0.08609962463378906
-0.1219625473022461
0.4409315586090088
-0.6070950031280518
0.018255233764648438
0.4835069179534912
0.7643673419952393
0.30683207511901855
-0.6689050197601318
-0.10383343696594238
0.32543253898620605
0.45456695556640625
-0.31209278106689453
0.29997801780700684
0.15346026420593262
-0.036258697509765625
-0.2204800844192505
0.04825186729431152
-0.19624018669128418
-0.1931002140045166
0.4666006565093994
-0.505049467086792
0.19521379470825195
0.22168326377868652
0.07459545135498047
-0.11818575859069824
-0.04887676239013672
0.12764811515808105
0.23505783081054688
-0.07604742050170898
-0.11590743064880371
0.7501161098480225
0.18856048583984375
-0.15239548683166504
0.3013596534729004
-0.2852590084075928
-0.40009117126464844
-0.15062737464904785
0.22059130668640137
0.2252269983291626
-0.22614407539367676
0.009980916976928711
0.2316598892211914
-0.08400297164916992
0.03312194347381592
-0.45310473442077637
-0.1969149112701416
0.05470609664916992
-0.5510470867156982
-0.14659619331359863
0.6441745758056641
0.41919469833374023
0.1107032299041748
-0.15787172317504883
-0.06621670722961426
-0.09181737899780273
-0.0870656967163086
-0.0245664119720459
0.1436295509338379
0.13852262496948242
-0.20969319343566895
0.12743902206420898
-0.6536731719970703
0.39148449897766113
-0.10963380336761475
-0.4145524501800537
0.07012248039245605
-0.3203775882720947
-0.18928003311157227
0.6673896312713623
0.1880016326904297
0.82891845703125
-0.3943936824798584
-0.2903175354003906
0.273815393447876
0.4781142473220825
0.4361785650253296
-0.36269068717956543
0.09354805946350098
0.409801721572876
0.18252825736999512
0.4020853042602539
0.12167000770568848
0.9908168315887451
0.19410991668701172
0.4049818515777588
-0.045584678649902344
0.8436367511749268
0.6301424503326416
0.4825923442840576
0.20402860641479492
-0.13009953498840332
0.32236266136169434
-0.21002864837646484
0.8665337562561035
-0.4668598175048828
-0.05380725860595703
0.5924022197723389
-0.18678736686706543
-0.27681732177734375
0.07274460792541504
0.307966947555542
-0.16085243225097656
0.061687350273132324
-0.0809323787689209
0.7999427318572998
-0.4547886848449707
-0.1156759262084961
-0.03890705108642578
-0.5560359954833984
0.14344334602355957
-0.06842279434204102
0.4067192077636719
-0.10069489479064941
0.05934023857116699
-0.2880370616912842
-0.4744851589202881
0.34279680252075195
-0.3962736129760742
0.06266069412231445
0.5282626152038574
-0.14101910591125488
0.7363204956054688
0.31002354621887207
0.19850564002990723
0.6840038299560547
0.24252581596374512
0.08246088027954102
-0.04875755310058594
0.23358702659606934
0.37159788608551025
0.5867393016815186
0.2777738571166992
0.45905327796936035
0.3314530849456787
0.175246000289917
0.8332624435424805
0.06425023078918457
0.5226788520812988
0.008081197738647461
-0.2338700294494629
-0.369553804397583
-0.28186750411987305
-0.03890728950500488
-0.30603837966918945
0.3522765636444092
-0.1364448070526123
0.18186116218566895
0.9399948120117188
0.03202223777770996
0.7397756576538086
-0.11135005950927734
0.45152759552001953
-0.38939952850341797
0.04945182800292969
0.014307498931884766
-0.056162238121032715
0.3155198097229004
-0.5446593761444092
0.8776552677154541
-0.08691620826721191
0.3818848133087158
0.1572256088256836
-0.0803375244140625
-0.21129989624023438
-0.19521617889404297
0.002945423126220703
0.3417336940765381
0.20539796352386475
0.31874513626098633
-0.4930882453918457
-0.1410071849822998
-0.0725557804107666
-0.02238297462463379
0.37870264053344727
-0.28339433670043945
0.1588268280029297
0.15749812126159668
0.021492719650268555
0.6385138034820557
-0.1374797821044922
0.47301530838012695
0.270749568939209
0.3506004810333252
0.2161726951599121
0.10065746307373047
0.0778799057006836
0.2966034412384033
-0.5017039775848389
0.4634065628051758
-0.11415505409240723
0.5546913146972656
-0.7381078004837036
-0.391304612159729
1.2161791324615479
0.32154035568237305
-0.12046623229980469
0.45249247550964355
0.18899321556091309
0.17267084121704102
-0.1248784065246582
0.5382232666015625
0.13180017471313477
1.2440009117126465
0.2862515449523926
0.4252443313598633
0.14819860458374023
0.6126749515533447
0.1514432430267334
0.4761629104614258
0.11298716068267822
0.6144592761993408
0.32218217849731445
-0.026549100875854492
-0.3006565570831299
-0.12389492988586426
0.29462313652038574
-0.07415604591369629
0.23059320449829102
-0.044756174087524414
0.12603163719177246
-0.3250466585159302
0.4499015808105469
0.11394166946411133
-0.26068806648254395
-0.005944013595581055
0.007704019546508789
-0.0796666145324707
0.1262822151184082
0.17406511306762695
0.06833052635192871
0.16167378425598145
-0.753888726234436
0.0905754566192627
-0.1421043872833252
0.07441997528076172
0.27494335174560547
0.5963718891143799
0.3102841377258301
-0.0881887674331665
-0.5702567100524902
-0.13573336601257324
0.062207698822021484
0.16028141975402832
-0.04103684425354004
-0.12985265254974365
0.2954202890396118
-0.22392725944519043
0.24430632591247559
0.039444684982299805
0.27144527435302734
0.2685708999633789
0.15212416648864746
0.31902599334716797
-0.11897110939025879
-0.05011701583862305
0.14320945739746094
0.1718144416809082
-0.14699018001556396
0.3693692684173584
-0.3560807704925537
-0.7698018550872803
0.34952616691589355
-0.22048258781433105
0.40505361557006836
-0.30593252182006836
-0.25864386558532715
-0.12466907501220703
-0.007951736450195312
0.5491645336151123
-0.5078598260879517
-0.2621304988861084
0.4215660095214844
0.10402345657348633
0.23105835914611816
0.18135309219360352
-0.08921957015991211
0.09104657173156738
-0.4051847457885742
-0.16281414031982422
0.39499640464782715
0.17474794387817383
0.13045644760131836
0.011567234992980957
-0.07553815841674805
0.11432433128356934
-0.3134901523590088
-0.08564400672912598
0.01615738868713379
0.007781505584716797
-0.04376864433288574
-0.28119993209838867
-0.22351598739624023
-0.0021867752075195312
0.09150290489196777
0.06922769546508789
-0.29312562942504883
0.6187822818756104
0.8536820411682129
-0.30049729347229004
-0.2918701171875
0.03820157051086426
0.24968981742858887
0.004441261291503906
0.5366058349609375
-0.0691983699798584
-0.11737251281738281
0.12332773208618164
-0.15949440002441406
-0.2871696949005127
-0.15949440002441406
0.6631565093994141
0.49589085578918457
-0.16093659400939941
0.4392315149307251
0.388530969619751
0.6040658950805664
0.2729308605194092
0.3162531852722168
-0.11404561996459961
0.21378004550933838
-0.2816476821899414
-0.2865431308746338
-0.20678353309631348
-0.1307535171508789
-0.17547821998596191
0.412548303604126
-0.19028139114379883
-0.1351032257080078
0.30446910858154297
-0.2791178226470947
-0.5103363990783691
0.41228628158569336
0.4099816083908081
0.6258563995361328
0.476273775100708
1.0687625408172607
0.08414721488952637
-0.12414789199829102
0.28798866271972656
0.01868152618408203
-0.2734692096710205
0.39590662717819214
-0.09663844108581543
0.28769803047180176
0.09012258052825928
0.033275604248046875
0.23977279663085938
0.3313460350036621
-0.09796333312988281
-0.3036825656890869
0.21208524703979492
0.3201878070831299
-0.08055233955383301
0.06125998497009277
0.239426851272583
-0.020822525024414062
0.13275671005249023
-0.12165701389312744
0.25118088722229004
0.13687467575073242
0.3608517646789551
-0.06668782234191895
0.08637523651123047
-0.2861785888671875
-0.10255026817321777
-0.11017155647277832
0.05286073684692383
-0.07025957107543945
-0.19820332527160645
-0.3850283622741699
-0.026874065399169922
-0.13833212852478027
0.7673134803771973
-0.32018327713012695
0.3998837471008301
-0.12847602367401123
0.043457746505737305
-0.10266900062561035
0.24914312362670898
0.7297604084014893
-0.031752824783325195
0.2294093370437622
-0.5228519439697266
-0.4256014823913574
0.40858912467956543
0.2084507942199707
-0.1664278507232666
-0.3745760917663574
-0.279171347618103
0.2776908874511719
0.993884801864624
-0.27875959873199463
-0.007946014404296875
0.10149765014648438
0.28733372688293457
-0.06444239616394043
0.10406684875488281
-0.11921942234039307
-0.28142452239990234
-0.3760666847229004
0.4159862995147705
0.7350163459777832
-0.15323400497436523
-0.3876612186431885
-0.19677066802978516
0.07247304916381836
-0.2395765781402588
0.29509925842285156
0.5563838481903076
0.06112360954284668
-0.2105112075805664
-0.35077524185180664
0.052849769592285156
-0.13341474533081055
-0.3163144588470459
-0.368729829788208
0.37315893173217773
-0.2817572355270386
0.05141901969909668
-0.24315357208251953
-0.19225120544433594
-0.1264023780822754
0.2638363838195801
0.02896714210510254
0.3913450241088867
0.14649510383605957
0.5606085062026978
0.6577963829040527
0.02057039737701416
0.2689807415008545
0.4317817687988281
-0.021498680114746094
0.0329136848449707
0.506739616394043
0.1738903522491455
-0.32509875297546387
0.8342857360839844
-0.27227234840393066
-0.08753228187561035
-0.3637056350708008
-0.05340242385864258
0.07564401626586914
0.24189233779907227
0.25132203102111816
-0.24243807792663574
-0.32226085662841797
0.3842613697052002
0.23830962181091309
0.31921839714050293
0.3472616672515869
0.3286614418029785
0.5717840194702148
0.07155919075012207
0.49298977851867676
0.365833044052124
0.41848039627075195
-0.02053093910217285
0.04124855995178223
0.16284489631652832
0.03380417823791504
-0.17270517349243164
-0.19984054565429688
0.5569860935211182
0.0423126220703125
-0.07874393463134766
-0.019898653030395508
0.21046233177185059
0.3911559581756592
0.22351765632629395
0.29509639739990234
-0.38360595703125
-0.11068224906921387
-0.2034015655517578
-0.29383206367492676
0.2993288040161133
0.5321829319000244
0.16571521759033203
-0.16986167430877686
0.1524372100830078
0.008256196975708008
0.3860738277435303
0.9599826335906982
0.1674950122833252
0.40035104751586914
0.5057315826416016
0.08204364776611328
0.1390821933746338
0.19377708435058594
-0.3604578971862793
0.11325716972351074
0.14109468460083008
-0.14281392097473145
-0.14162397384643555
0.13479208946228027
0.22295308113098145
-0.27523279190063477
-0.34549570083618164
0.49942612648010254
0.3741874694824219
0.4810206890106201
0.3589153289794922
0.4816713333129883
-0.02920222282409668
-0.013184547424316406
-0.03866243362426758
0.0816953182220459
0.5683960914611816
0.07355022430419922
0.1974499225616455
0.20444369316101074
0.3996891975402832
0.17859244346618652
-0.10956692695617676
0.019881010055541992
-0.27230381965637207
0.17706775665283203
0.35609936714172363
0.11362600326538086
-0.05440378189086914
-0.06052970886230469
-0.1053919792175293
-0.09364867210388184
-0.31976211071014404
-0.10718917846679688
0.4561762809753418
0.5625660419464111
0.014299631118774414
0.24521636962890625
0.5944063663482666
-0.47692108154296875
-0.038252830505371094
0.11972570419311523
-0.35283493995666504
-0.11379504203796387
0.24004745483398438
0.9044768810272217
0.21039462089538574
0.08566975593566895
0.185164213180542
-0.448978066444397
0.056281089782714844
0.22395706176757812
-0.0920724868774414
0.32460594177246094
0.09182238578796387
-0.13915276527404785
-0.09848928451538086
-0.21768593788146973
0.07179903984069824
0.32383179664611816
0.21026229858398438
0.014797210693359375
0.42089128494262695
0.5026149749755859
-0.23595738410949707
0.13166558742523193
0.1571890115737915
0.830712080001831
0.5735762119293213
-0.28035712242126465
-0.3868933916091919
0.20911645889282227
0.364138126373291
0.14708566665649414
-0.1609339714050293
-0.5023993253707886
0.43886256217956543
-0.5350439548492432
0.42711687088012695
0.1480553150177002
0.13011038303375244
0.3813786506652832
0.45434141159057617
0.2513716220855713
0.6200895309448242
0.020998716354370117
0.3991650342941284
0.7951908111572266
0.08417367935180664
0.5858414173126221
0.15096664428710938
0.48528528213500977
-0.013173937797546387
-0.06832218170166016
-0.41040563583374023
-0.16359233856201172
0.005470752716064453
0.29137158393859863
-0.3501322269439697
0.2680191993713379
-0.39792919158935547
0.30478525161743164
0.35396385192871094
0.290508508682251
0.277132511138916
-0.5746440887451172
-0.1276555061340332
-0.10582590103149414
0.13500380516052246
0.27558279037475586
0.3258175849914551
0.5989176034927368
-0.5265531539916992
0.2537081241607666
0.2590475082397461
0.1911153793334961
0.3545159101486206
0.40211057662963867
-0.56447434425354
0.19041216373443604
-0.14838719367980957
-0.19947266578674316
-0.2532191276550293
-0.09649968147277832
-0.5973803997039795
0.7828853130340576
0.3309051990509033
0.19533014297485352
-0.16138100624084473
-0.006294727325439453
-0.2519797086715698
-0.11208009719848633
-0.4372851848602295
0.09483087062835693
-0.12083745002746582
0.48343467712402344
0.009458541870117188
0.36952733993530273
-0.21358942985534668
-0.3015716075897217
1.1071877479553223
-0.20137929916381836
-0.11930441856384277
0.5521402359008789
-0.22533822059631348
0.6040234565734863
-0.22546100616455078
-0.23242449760437012
-0.24069607257843018
0.3037691116333008
-0.4321560859680176
0.33574366569519043
0.1541762351989746
-0.38215017318725586
-0.020081281661987305
0.04979419708251953
-0.2241535186767578
0.40231943130493164
-0.00982213020324707
0.3630402088165283
-0.11764276027679443
-0.14232611656188965
-0.009379148483276367
0.5468335151672363
0.09881591796875
0.3077118396759033
-0.175453782081604
0.2546839714050293
-0.06325650215148926
-0.23232030868530273
-0.3602735996246338
-0.02484750747680664
-0.20925021171569824
0.7333142757415771
-0.198347806930542
-0.27063751220703125
0.5441749095916748
0.4070000648498535
0.19526028633117676
0.9057165384292603
-0.020427942276000977
-0.1895136833190918
-0.33897924423217773
0.3057694435119629
0.032950639724731445
-0.02762460708618164
0.6146719455718994
-0.037130117416381836
0.25507116317749023
0.10329651832580566
0.14674663543701172
-0.047925472259521484
0.38761162757873535
0.3714742660522461
0.12266969680786133
0.030202150344848633
-0.07756710052490234
0.39272451400756836
-0.15429341793060303
0.9013795852661133
0.09119558334350586
-0.06635427474975586
-0.2794609069824219
0.14686942100524902
-0.237190842628479
0.046393513679504395
-0.46767473220825195
-0.03168606758117676
0.4153256416320801
0.26432013511657715
0.2544412612915039
0.40142643451690674
-0.2750556468963623
-0.847975492477417
-0.08780813217163086
-0.03603863716125488
0.4843122959136963
0.003779888153076172
0.05467963218688965
-0.018688440322875977
0.49335741996765137
-0.22266411781311035
0.2664942741394043
0.5325827598571777
0.37610673904418945
0.33180510997772217
-0.2168734073638916
0.12241005897521973
-0.10996079444885254
0.33076047897338867
0.16466212272644043
0.4797670841217041
-0.06416106224060059
0.010828971862792969
0.6479287147521973
-0.10138869285583496
-0.21837568283081055
0.6313306093215942
0.5186152458190918
0.30577385425567627
-0.1684434413909912
-0.08295774459838867
0.44408321380615234
0.1082611083984375
0.08722877502441406
0.2635233402252197
0.19394183158874512
-0.20040297508239746
0.3034675121307373
0.0025818347930908203
0.47736310958862305
-0.16009235382080078
-0.4588911533355713
0.5902605056762695
0.06959390640258789
-0.0260317325592041
-0.060277462005615234
-0.21408724784851074
-0.31759190559387207
0.01743316650390625
-0.35468578338623047
-0.19935846328735352
-0.41547393798828125
-0.15883708000183105
0.1449296474456787
0.42879724502563477
0.4555966854095459
0.510791540145874
-0.3796563148498535
-0.0714259147644043
-0.3237241506576538
-0.06129884719848633
-0.0356144905090332
0.0855715274810791
0.4308631420135498
-0.04979300498962402
0.16436469554901123
0.29931962490081787
0.23804450035095215
-0.7125504016876221
-0.11603808403015137
-0.24862170219421387
0.590752363204956
0.3974205255508423
0.07906770706176758
0.3420274257659912
-0.21688103675842285
0.16241025924682617
-0.07259392738342285
-0.4323251247406006
0.006205320358276367
0.12475156784057617
-0.26032257080078125
-0.024752378463745117
0.2223517894744873
0.01839160919189453
-0.5262153148651123
-0.2640650272369385
0.17348098754882812
-0.3235311508178711
0.27883481979370117
-0.21746373176574707
-0.05800437927246094
0.09701871871948242
0.17691922187805176
0.15971732139587402
0.148229718208313
0.2521214485168457
0.22606158256530762
-0.552093505859375
0.5074577331542969
-0.32354259490966797
0.3214449882507324
-0.04632306098937988
0.42453646659851074
-0.28705668449401855
0.2816629409790039
0.3387119770050049
-0.25168371200561523
0.2476205825805664
0.2544443607330322
-0.10805964469909668
-0.11468696594238281
-0.07762813568115234
0.6918363571166992
-0.11969447135925293
0.3433256149291992
-0.1648716926574707
0.20089221000671387
0.35808277130126953
-0.14286184310913086
0.28704023361206055
0.03824663162231445
0.06017637252807617
0.19167137145996094
0.2948169708251953
0.16823554039001465
0.037259578704833984
0.37287259101867676
-0.3743003010749817
0.5627202987670898
-0.18146729469299316
0.29055333137512207
0.047818899154663086
0.16028141975402832
0.17925691604614258
0.28048157691955566
-0.21608448028564453
-0.14825057983398438
-0.4104015827178955
0.3107316493988037
0.22169971466064453
0.006191730499267578
0.3964357376098633
-0.10602307319641113
-0.30659985542297363
0.13737177848815918
0.2715952396392822
-0.02325439453125
0.09252715110778809
0.22390055656433105
0.7150342464447021
0.19090747833251953
0.3047086000442505
0.2259817123413086
-0.0005843639373779297
0.19138622283935547
0.1671590805053711
-0.05502164363861084
0.4903290271759033
0.4130363464355469
-0.20258116722106934
0.2000265121459961
0.7496299743652344
0.669605016708374
0.12109565734863281
-0.018232345581054688
0.14411485195159912
0.04333233833312988
0.5234489440917969
0.10283112525939941
-0.1884772777557373
0.18156707286834717
0.17732930183410645
0.027411222457885742
-0.04375505447387695
0.315915584564209
0.23598718643188477
-0.016714811325073242
0.5734298229217529
0.18176257610321045
0.09661412239074707
0.19966566562652588
-0.47072482109069824
-0.29155969619750977
0.35159945487976074
0.08495855331420898
-0.1801137924194336
-0.2584555149078369
0.5829474925994873
0.2980315685272217
-0.013757705688476562
0.4909512996673584
-0.07704949378967285
0.26062726974487305
0.09949922561645508
-0.07502460479736328
-0.11689901351928711
-0.7060010433197021
0.054053544998168945
-0.35317790508270264
0.02400064468383789
-0.3642454147338867
-0.5147497653961182
-0.22516155242919922
0.16588139533996582
-0.16271376609802246
-0.007813811302185059
0.182281494140625
-0.0030095577239990234
-0.0564267635345459
-0.8249408006668091
0.036634206771850586
0.7056641578674316
0.13313722610473633
-0.057524919509887695
0.32364535331726074
0.8469951152801514
0.17441034317016602
-0.11822223663330078
-0.19167184829711914
0.44545793533325195
-0.1338348388671875
0.09340453147888184
0.16315627098083496
0.27196502685546875
0.1527864933013916
-0.09228825569152832
0.2985978126525879
-0.02390289306640625
0.17751264572143555
0.03254842758178711
0.21186327934265137
0.39719104766845703
-0.02281022071838379
-0.08023405075073242
-0.25047993659973145
0.5990700721740723
0.190649151802063
0.2216479778289795
0.436840295791626
-0.2130182981491089
-0.11781764030456543
0.8511917591094971
0.3099029064178467
-0.3764677047729492
0.14881658554077148
0.26298069953918457
-0.4887481927871704
0.1332564353942871
-0.032853126525878906
0.24580764770507812
-0.13892889022827148
0.35089683532714844
0.21620821952819824
0.6275079250335693
0.31763696670532227
-0.37686991691589355
-0.017980098724365234
0.7495381832122803
0.012083053588867188
0.05464053153991699
0.017304182052612305
-0.37863683700561523
-0.20553255081176758
0.1101377010345459
-0.38249659538269043
0.159348726272583
0.1173715591430664
0.303316593170166
0.22646355628967285
-0.1538407802581787
0.6347570419311523
0.8012642860412598
-0.059699296951293945
-0.04360032081604004
0.010060787200927734
-0.1357715129852295
0.13305330276489258
0.11880254745483398
-0.2642548084259033
0.061846017837524414
-0.12996244430541992
0.7725734710693359
0.45504283905029297
-0.07267284393310547
0.39331960678100586
0.522721529006958
0.4783198833465576
0.6350475549697876
-0.06323790550231934
0.2414952516555786
0.49373698234558105
0.32532835006713867
0.04700064659118652
0.011255741119384766
0.3468334674835205
-0.33585286140441895
-0.21014642715454102
0.26228535175323486
-0.20466911792755127
-0.057018280029296875
0.2172996997833252
0.013724088668823242
-0.28699755668640137
0.4776073694229126
0.07685971260070801
0.18300104141235352
-0.27995848655700684
0.2921410799026489
0.14580202102661133
-0.021837711334228516
0.33553647994995117
-0.012716054916381836
0.4224390983581543
0.44542670249938965
0.261033296585083
0.5313374996185303
-0.009636163711547852
-0.3359956741333008
-0.17783987522125244
-0.3658740520477295
0.05476641654968262
0.6855061054229736
0.22084593772888184
0.2843618392944336
0.2483813762664795
-0.2131364345550537
1.0650994777679443
-0.15284228324890137
-0.28978419303894043
0.29427576065063477
-0.08681845664978027
-0.030154705047607422
-0.031934261322021484
0.08704781532287598
0.4749739170074463
0.45821690559387207
0.1166541576385498
0.033539772033691406
0.35341787338256836
-0.2963593006134033
0.11643266677856445
0.10643577575683594
0.06949734687805176
0.3301429748535156
0.3854074478149414
-0.5579862594604492
-0.4500107765197754
0.10573291778564453
0.410717248916626
-0.12326192855834961
0.44048523902893066
-0.02218186855316162
-0.03867340087890625
-0.05177736282348633
-0.29416990280151367
0.01955413818359375
-0.2138512134552002
-0.04668593406677246
0.06412601470947266
0.07493376731872559
-0.02229452133178711
-0.2786397933959961
0.5542812347412109
0.38382768630981445
0.3115696907043457
0.16440486907958984
-0.28914642333984375
0.4366602897644043
0.5342113971710205
0.47414064407348633
0.14704012870788574
0.17162418365478516
-0.15394043922424316
-0.057314515113830566
0.5521180629730225
-0.34178805351257324
0.26488351821899414
0.23040056228637695
0.719536542892456
0.15743160247802734
0.37581443786621094
-0.2515690326690674
0.40229344367980957
-0.05586647987365723
-0.2836620807647705
0.1496598720550537
0.7127844095230103
0.050077199935913086
0.4765810966491699
0.3434450626373291
0.28794074058532715
-0.10367798805236816
0.4256722927093506
0.7006909847259521
-0.04209494590759277
-0.3297767639160156
0.30019140243530273
0.31771373748779297
0.09283733367919922
-0.1615886688232422
-0.34204649925231934
0.5347604751586914
0.06768298149108887
0.1260843276977539
-0.4538578987121582
0.5215003490447998
0.5131442546844482
0.3890571594238281
0.27065610885620117
0.15039515495300293
0.27773404121398926
-0.2582583427429199
0.6968116760253906
-0.07078969478607178
-0.03192615509033203
-0.05965137481689453
0.6791524887084961
0.05506491661071777
-0.11841726303100586
-0.4128408432006836
-0.47233152389526367
0.1797332763671875
-0.0308077335357666
0.21306753158569336
-0.2283768653869629
-0.07840776443481445
-0.2814521789550781
-0.11579346656799316
0.4006798267364502
0.25377845764160156
-0.44438958168029785
0.14702200889587402
-0.4807838201522827
-0.008656740188598633
-0.042891502380371094
-0.5440542697906494
0.06947684288024902
-0.18022000789642334
0.1743004322052002
0.2771739959716797
0.2540004253387451
0.2892833948135376
0.41667747497558594
0.2669820785522461
-0.1789569854736328
-0.04462695121765137
0.25660037994384766
0.46715402603149414
0.15963530540466309
0.19553303718566895
-0.07784414291381836
0.07269096374511719
-0.5699870586395264
0.03713178634643555
0.46332335472106934
-0.23322319984436035
-0.06623506546020508
-0.1779038906097412
-0.15996217727661133
0.11500120162963867
0.38382482528686523
-0.07425332069396973
-0.39961671829223633
0.5880124568939209
0.6625971794128418
0.41318702697753906
0.019036054611206055
0.2635538578033447
-0.6854101419448853
0.3957557678222656
0.11191177368164062
0.08059263229370117
-0.3026587963104248
-0.20008277893066406
0.5639567375183105
-0.149125337600708
0.20315146446228027
-0.07816481590270996
0.262667179107666
-0.46439504623413086
0.14865398406982422
0.09016203880310059
0.40224969387054443
0.2667975425720215
0.15002989768981934
0.517329216003418
-0.21860361099243164
-0.20919513702392578
0.6414847373962402
-0.018250226974487305
0.1589120626449585
0.22479867935180664
0.6527211666107178
0.14474081993103027
0.4153575897216797
1.0161049365997314
0.8154973983764648
0.580070972442627
0.3037397861480713
-0.0010027885437011719
0.13923585414886475
-0.28958702087402344
0.09234380722045898
0.5604255199432373
0.32842135429382324
-0.1217808723449707
-0.05021977424621582
-0.10869455337524414
0.28467392921447754
-0.08002781867980957
0.0159759521484375
0.474301815032959
-0.28653693199157715
-0.3475184440612793
-0.38520383834838867
0.47826266288757324
0.5775866508483887
0.06634640693664551
0.29945218563079834
-0.034908294677734375
-0.008391976356506348
0.6005951166152954
0.08231806755065918
-0.03834986686706543
0.8172416687011719
-0.11617040634155273
0.3336477279663086
0.06657147407531738
-0.012539863586425781
-0.0464940071105957
-0.5298440456390381
-0.37284159660339355
-0.26180386543273926
-0.3312530517578125
-0.22189950942993164
0.051125526428222656
0.011581182479858398
0.3551490306854248
-0.7887701988220215
-0.0007622241973876953
0.6452274322509766
-0.02105236053466797
0.06163430213928223
0.28870606422424316
0.025662660598754883
0.0682680606842041
-0.1825413703918457
-0.05600738525390625
-0.08017444610595703
-0.4184093475341797
-0.14076828956604004
0.028532743453979492
-0.20560097694396973
-0.02362370491027832
-0.3608231544494629
0.010612010955810547
0.6635148525238037
0.37734341621398926
0.6789188385009766
0.2507057189941406
-0.0257565975189209
0.14420819282531738
-0.8258576393127441
0.8219189643859863
-0.5202431678771973
-0.19050025939941406
-0.3500792980194092
0.09374284744262695
0.2622349262237549
0.8085799217224121
0.22172462940216064
-0.3102986812591553
0.328305721282959
-0.04580521583557129
-0.026610374450683594
0.5458166599273682
-0.3329634666442871
-0.14966964721679688
0.9242768287658691
-0.08326315879821777
0.029557108879089355
0.020951509475708008
0.25986242294311523
0.05578494071960449
0.49718761444091797
0.7793756723403931
-0.38394713401794434
0.0030748844146728516
0.12714648246765137
0.38409900665283203
-0.14631986618041992
-0.13023948669433594
0.3972663879394531
0.15782427787780762
0.4806222915649414
-0.2507671117782593
0.009611248970031738
-0.17693638801574707
-0.010586261749267578
0.2720355987548828
-0.02128314971923828
-0.09058070182800293
-0.11738991737365723
-0.0977334976196289
0.2368992567062378
0.741229772567749
-0.04543018341064453
-0.02117443084716797
0.3742372989654541
0.18581700325012207
0.023844003677368164
0.04614758491516113
0.9473888874053955
0.5564315319061279
0.2862563133239746
-0.3318955898284912
0.19724440574645996
-0.12486600875854492
0.20032501220703125
0.5794517993927002
0.19948148727416992
-0.2190091609954834
-0.13147568702697754
0.40883564949035645
0.15027618408203125
0.6161136627197266
-0.621138334274292
0.24274635314941406
0.2308957576751709
-0.03432488441467285
-0.1374988555908203
-0.3854091167449951
-0.18926119804382324
-0.39356040954589844
0.3901524543762207
-0.09738969802856445
-0.05319333076477051
0.28920984268188477
0.5540561676025391
-0.775719165802002
0.3091423511505127
0.14495062828063965
-0.3168545961380005
0.163038969039917
0.3498268127441406
0.1580219268798828
0.4489314556121826
-0.049494028091430664
0.572178840637207
-0.2800455093383789
-0.29135918617248535
-0.12998080253601074
0.3098258972167969
0.08401250839233398
0.11555933952331543
-0.35413336753845215
0.2626309394836426
-0.2573268413543701
0.43380165100097656
0.3178572654724121
0.19453907012939453
-0.33604955673217773
0.563762903213501
-0.1800401210784912
0.4786083698272705
-0.02825164794921875
0.1845698356628418
0.14511942863464355
0.505779504776001
0.04986715316772461
-0.18262362480163574
-0.18032526969909668
0.7404861450195312
0.09736752510070801
0.6124913692474365
0.12524700164794922
-0.3118401765823364
0.02696824073791504
-0.1340160369873047
0.28234386444091797
-0.019036293029785156
0.11444568634033203
0.033659934997558594
0.6484630107879639
0.1977243423461914
0.013697147369384766
0.18439722061157227
0.09515345096588135
0.3093552589416504
-0.11249208450317383
1.028769850730896
0.5340240001678467
-0.1230730414390564
-0.1715395450592041
0.04345870018005371
0.2998206615447998
0.5274124145507812
0.3449220657348633
0.30320096015930176
0.9456076622009277
0.6817009449005127
0.173353910446167
0.6765081882476807
0.053876399993896484
0.7462422847747803
0.21793055534362793
0.5441696643829346
-0.2594633102416992
0.2843017578125
0.45070409774780273
0.06740665435791016
-0.2471473217010498
-0.41731905937194824
0.2669236660003662
0.288501501083374
-0.0780789852142334
0.14177823066711426
0.17459321022033691
-0.009570121765136719
-0.2542722225189209
0.1760542392730713
0.5300014019012451
0.41547298431396484
0.5509657859802246
0.24640560150146484
0.007441043853759766
-0.2915341854095459
0.3599362373352051
-0.5199522972106934
-0.38447999954223633
0.21878433227539062
0.09385013580322266
-0.09182262420654297
-0.26895856857299805
0.1716609001159668
-0.2548635005950928
0.612896203994751
0.4285085201263428
0.9289840459823608
-0.10533428192138672
0.3840818405151367
-0.3130255937576294
0.35108327865600586
0.09298169612884521
-0.08447694778442383
0.558159351348877
-1.0337104797363281
-0.21200871467590332
0.3458583354949951
-0.6579394340515137
0.24451494216918945
0.5437846183776855
0.061579227447509766
0.0777580738067627
0.497772216796875
-0.3919506072998047
-0.2033536434173584
-0.29799795150756836
0.6761608123779297
0.25928378105163574
-0.44550275802612305
0.3118398189544678
-0.27669477462768555
-0.26870131492614746
0.1517620086669922
0.31101179122924805
0.10703635215759277
-0.27468156814575195
-0.4515199661254883
-0.07891392707824707
0.2041611671447754
-0.010102987289428711
-0.11527538299560547
-0.08068680763244629
-0.07613325119018555
0.06303548812866211
0.08895707130432129
0.7803936004638672
0.830856442451477
0.09705471992492676
0.05988454818725586
0.015150785446166992
0.8304620981216431
0.14298582077026367
0.19592809677124023
0.2033933401107788
-0.04891657829284668
0.17457008361816406
0.06027483940124512
-0.1358025074005127
-0.10123395919799805
0.05018806457519531
0.07642817497253418
-0.061463356018066406
-0.03287005424499512
-0.07367229461669922
0.24303579330444336
0.33971309661865234
0.004992961883544922
0.379284143447876
-0.05296158790588379
-0.09988284111022949
0.2835688591003418
0.15797901153564453
0.6163146495819092
0.17580342292785645
-0.09708261489868164
0.4407743215560913
-0.032434940338134766
0.2319653034210205
0.5933089256286621
0.6247198581695557
0.17570853233337402
-0.20086669921875
0.1537799835205078
-0.22150731086730957
-0.2161540985107422
-0.1388721466064453
-0.6721017360687256
0.2597997188568115
0.2538788318634033
-0.45281684398651123
0.31293535232543945
-0.18292593955993652
0.7171854972839355
-0.009103536605834961
0.10408926010131836
0.1368708610534668
-0.3540998697280884
-0.29645025730133057
-0.5207135677337646
0.17550897598266602
0.0157315731048584
-0.12377285957336426
0.19097185134887695
-0.16934633255004883
-0.13703584671020508
-0.005979061126708984
0.32343554496765137
0.4350395202636719
0.8926986455917358
0.041895389556884766
-0.2108621597290039
0.280886173248291
0.7155792713165283
0.07990288734436035
-0.0934438705444336
0.7279174327850342
0.49547553062438965
0.1976773738861084
0.00946354866027832
-0.049416542053222656
0.0045354366302490234
0.22195088863372803
0.10606026649475098
0.04053211212158203
0.10899996757507324
0.5972681045532227
0.24390530586242676
-0.11231207847595215
-0.007717132568359375
-0.029065847396850586
0.23176097869873047
0.33260607719421387
0.11214065551757812
-0.3856205940246582
-0.08235692977905273
0.5363414287567139
-0.13698601722717285
0.25382494926452637
0.4268460273742676
0.33239293098449707
-0.16684937477111816
0.021012306213378906
0.4299774169921875
0.10918498039245605
-0.4709010124206543
0.06321966648101807
0.2739076614379883
-0.2490527629852295
0.006130218505859375
-0.27886199951171875
0.042321205139160156
0.11877608299255371
-0.27931666374206543
-0.34171342849731445
0.3692929744720459
-0.21478605270385742
-0.3393409252166748
0.436631441116333
-0.018084049224853516
0.3409595489501953
-0.019238948822021484
0.317172646522522
0.36736583709716797
-0.047605276107788086
0.3083515167236328
-0.40984511375427246
-0.05393242835998535
-0.3705875873565674
0.4617772102355957
0.04461026191711426
-0.17710542678833008
-0.10462582111358643
0.610515832901001
-0.1996917724609375
-0.24595880508422852
0.4678623676300049
0.4183664321899414
0.1776127815246582
-0.5681555271148682
0.2310636043548584
0.017217636108398438
-0.10903453826904297
-0.05812191963195801
0.38713955879211426
0.25952744483947754
-0.06923484802246094
-0.18169116973876953
-0.17635846138000488
-0.2386934757232666
0.24990391731262207
0.35516905784606934
0.018503189086914062
0.04726290702819824
-0.00882101058959961
-0.38565492630004883
0.42072129249572754
-0.0022547245025634766
-0.23593401908874512
0.592980146408081
0.16770505905151367
0.4764443635940552
-0.15718460083007812
0.6589723825454712
-0.3357095718383789
0.15447759628295898
0.2957737445831299
-0.4073295593261719
-0.1274857521057129
-0.11755132675170898
0.7149555683135986
0.014511823654174805
0.13109898567199707
-0.0009987354278564453
-0.04582500457763672
0.2946634292602539
0.34984564781188965
-0.559157133102417
0.42816662788391113
-0.1571366786956787
0.5251131057739258
0.10642504692077637
0.1466846466064453
0.48708605766296387
-0.5589935779571533
-0.37229692935943604
-0.5287282466888428
-0.1058797836303711
0.2466280460357666
0.5344033241271973
0.004760861396789551
-0.0772627592086792
-0.1505441665649414
-0.07703399658203125
0.14189982414245605
0.13119292259216309
0.24058961868286133
-0.16144895553588867
-0.13934850692749023
-0.03204989433288574
-0.39942288398742676
-0.25139689445495605
0.4331817626953125
0.04383134841918945
-0.14858675003051758
0.25251150131225586
-0.06848883628845215
0.29566264152526855
-0.1260066032409668
-0.17732477188110352
0.4881865978240967
0.14031946659088135
-0.1980130672454834
0.05794501304626465
0.17774510383605957
0.04584002494812012
0.19788742065429688
0.0877685546875
-0.006986379623413086
-0.12835454940795898
-0.578911304473877
0.1929464340209961
-0.03403782844543457
0.1887521743774414
-0.09794259071350098
0.24249601364135742
-0.08490753173828125
0.09926056861877441
-0.3957650661468506
-0.006206989288330078
0.2803354263305664
0.28044939041137695
0.3528527021408081
0.1456596851348877
0.6062419414520264
-0.6169664859771729
-0.31693291664123535
0.28234148025512695
0.49761056900024414
-0.03150343894958496
-0.24263858795166016
-0.35741984844207764
0.3876824378967285
0.5313723087310791
-0.258103609085083
-0.34014272689819336
0.24054265022277832
0.48842763900756836
0.2571592330932617
-0.3700284957885742
0.29747962951660156
0.5446488857269287
-0.22545647621154785
0.19179129600524902
0.08507585525512695
0.08803272247314453
0.08799409866333008
-0.09504044055938721
0.2784435749053955
-0.11910367012023926
-0.10856413841247559
-0.2643556594848633
0.432175874710083
0.6076974868774414
0.28208088874816895
-0.4742777347564697
1.1101396083831787
0.24460172653198242
0.2542436122894287
-0.10316944122314453
0.29628872871398926
-0.07034683227539062
0.4443957805633545
0.6055119037628174
-0.29224467277526855
0.1356678009033203
-0.4323098659515381
-0.16193366050720215
-0.020264387130737305
-0.12762904167175293
0.7541072368621826
0.23148441314697266
-0.40164947509765625
-0.2769429683685303
-0.21128582954406738
0.19944071769714355
-0.36915016174316406
-0.331051230430603
0.38843560218811035
-0.3556840419769287
0.10562634468078613
0.1548922061920166
0.08535194396972656
0.12144291400909424
0.011101961135864258
-0.2598123550415039
-0.1395885944366455
0.09024810791015625
0.3525933027267456
0.41132140159606934
0.9467923641204834
-0.24648451805114746
-0.1842203140258789
0.31274890899658203
0.2954854965209961
-0.4123232364654541
-0.1116478443145752
-0.48804712295532227
-0.26871752738952637
0.20459699630737305
-0.18204927444458008
0.6116740703582764
0.3264346122741699
-0.3961331844329834
-0.13556599617004395
0.4392223358154297
-0.35849785804748535
0.3362722396850586
0.5695207118988037
0.3105165958404541
-0.550933837890625
-0.02707815170288086
0.2228792905807495
0.02206563949584961
-0.09340023994445801
-0.27648353576660156
0.04139876365661621
0.802891731262207
0.5740952491760254
0.15562105178833008
0.008643031120300293
0.33161497116088867
0.2687087059020996
-0.47006726264953613
0.06370258331298828
0.08835482597351074
-0.08307147026062012
0.5855495929718018
0.304276704788208
-0.3605365753173828
0.14937114715576172
0.22156190872192383
-0.3346376419067383
0.31888484954833984
0.22530531883239746
-0.020000100135803223
0.12879276275634766
0.49510645866394043
0.5778007507324219
0.24016594886779785
0.04668307304382324
-0.11520791053771973
0.22294068336486816
0.46296167373657227
0.2725186347961426
-0.15189194679260254
-0.2183845043182373
0.7328040599822998
0.2675800323486328
0.23427486419677734
0.0025932788848876953
-0.25916051864624023
0.16592693328857422
0.49628448486328125
0.409801721572876
-0.022130250930786133
-0.6879981756210327
-0.004027843475341797
0.29628992080688477
-0.1356208324432373
-0.03927206993103027
0.26337409019470215
-0.10567665100097656
0.09728813171386719
-0.12737441062927246
0.3748321533203125
-0.039930105209350586
0.10742592811584473
0.29747700691223145
-0.22128629684448242
0.37012994289398193
0.6100955009460449
-0.021040678024291992
0.37111353874206543
0.36086440086364746
0.19098544120788574
-0.007577419281005859
0.050919532775878906
0.33152759075164795
0.12754297256469727
-0.2178177833557129
-0.381103515625
-0.07502460479736328
-0.5271555185317993
-0.14427423477172852
-0.07380151748657227
0.263167142868042
-0.3259105682373047
-0.13173508644104004
0.27622151374816895
0.2764618396759033
0.09766960144042969
0.4579808712005615
0.03465700149536133
-0.1250290870666504
0.5881043672561646
-0.11596822738647461
0.11905026435852051
0.747100830078125
0.5004663467407227
-0.005424022674560547
-0.3312110900878906
-0.03619551658630371
-0.5586929321289062
-0.5051624774932861
-0.17157888412475586
-0.060601234436035156
-0.22760677337646484
-0.22514915466308594
0.15806221961975098
0.44936704635620117
-0.013160943984985352
1.3501369953155518
-0.2571287155151367
0.3559110164642334
0.09532475471496582
0.1449735164642334
0.10032987594604492
0.3244142532348633
0.17284250259399414
0.06854557991027832
0.3062589168548584
-0.08624744415283203
-0.04541277885437012
-0.010651350021362305
-0.29659438133239746
0.6397805213928223
0.2308347225189209
-0.41278886795043945
-0.020406723022460938
0.04013633728027344
0.0424039363861084
-0.0008814334869384766
0.5670905113220215
-0.5312273502349854
0.04093801975250244
0.1647963523864746
0.12533330917358398
-0.255556583404541
0.34229326248168945
-0.15434670448303223
0.09933829307556152
0.12611103057861328
-0.5946682691574097
0.14331340789794922
0.3549950122833252
0.012841463088989258
-0.302323579788208
-0.4137837886810303
-0.07544088363647461
-0.06588125228881836
-0.32840991020202637
-0.3206765651702881
-0.11051607131958008
0.03574204444885254
0.00490260124206543
0.809302806854248
0.243552565574646
-0.08993220329284668
0.37895989418029785
-0.10101151466369629
-0.5434203147888184
-0.07408857345581055
-0.5728628635406494
-0.5816099643707275
0.7201592326164246
0.2709212303161621
0.20072221755981445
-0.06354236602783203
0.016090869903564453
0.40976381301879883
0.032375335693359375
0.06957769393920898
-0.03686356544494629
0.1827692985534668
0.18055200576782227
-0.0055694580078125
0.33249926567077637
0.050760746002197266
-0.05086541175842285
-0.3710761070251465
-0.30967164039611816
0.27156901359558105
-0.10748147964477539
0.2051088809967041
0.23571264743804932
-0.1751558780670166
-0.11078381538391113
-0.22919893264770508
-0.14542198181152344
0.1734248399734497
0.06048393249511719
0.18651556968688965
0.07935500144958496
0.13251054286956787
-0.10041069984436035
-0.14178180694580078
-0.017123937606811523
-0.015268325805664062
0.12394201755523682
0.6718497276306152
0.47830724716186523
0.060308218002319336
-0.23255443572998047
-0.2712821960449219
-0.04388117790222168
0.32420897483825684
0.4067502021789551
0.2240813970565796
0.11534357070922852
0.31365466117858887
0.16550135612487793
0.2505605220794678
-0.10145425796508789
0.1908257007598877
0.16398143768310547
0.1798536777496338
0.08898591995239258
0.4744906425476074
-0.4103102684020996
0.17972612380981445
0.4368565082550049
0.42623138427734375
-0.18476498126983643
-0.3505439758300781
0.02773261070251465
0.6179410219192505
0.10631871223449707
0.4369046688079834
-0.2684204578399658
-0.0583493709564209
0.21148252487182617
-0.020822525024414062
0.28994321823120117
0.14612185955047607
-0.16696739196777344
0.19392657279968262
-0.2547452449798584
0.19634342193603516
0.19331645965576172
0.3698537349700928
0.1779327392578125
-0.06834149360656738
0.10281157493591309
-0.00852060317993164
-0.25306129455566406
-0.11110639572143555
0.3459436893463135
0.09578633308410645
0.035103797912597656
0.16045856475830078
0.24001002311706543
-0.22106146812438965
0.1049351692199707
1.1267197132110596
0.5390510559082031
0.206559419631958
0.42486298084259033
-0.05615067481994629
0.3768434524536133
0.1205747127532959
0.38971924781799316
-0.21501374244689941
-0.0026998519897460938
0.05810999870300293
-0.040680646896362305
-0.03402304649353027
-0.46218180656433105
0.005860328674316406
-0.44780707359313965
-0.33518433570861816
0.7977149486541748
0.49404001235961914
0.212477445602417
-0.06792306900024414
0.06098508834838867
-0.06439924240112305
0.1435706615447998
0.3080627918243408
-0.18792104721069336
0.4335547685623169
1.2160630226135254
0.12137126922607422
-0.30892103910446167
0.0588681697845459
0.477306604385376
0.3124690055847168
-0.3589606285095215
0.19289851188659668
-0.07816481590270996
0.09849214553833008
0.6317465305328369
-0.08826756477355957
0.425753116607666
-0.652104377746582
0.36792659759521484
0.46706676483154297
-0.15426278114318848
0.3130347728729248
0.2250680923461914
-0.769200325012207
0.20573663711547852
0.15757250785827637
-0.12532448768615723
0.18687653541564941
0.0037698745727539062
0.2213585376739502
0.4083683490753174
0.14904475212097168
0.04983365535736084
0.25020551681518555
-0.07131791114807129
-0.015635013580322266
-0.35210466384887695
-0.311565637588501
-0.1440281867980957
0.11177849769592285
0.03776049613952637
-0.5873239040374756
0.05370950698852539
-0.32914066314697266
-0.17830419540405273
0.1340959072113037
-0.34621214866638184
0.47731244564056396
0.5400106906890869
0.2021803855895996
-0.41763901710510254
-0.1904129981994629
0.17308759689331055
0.4161858558654785
-0.07284212112426758
-0.23968172073364258
0.2906608581542969
0.4624783992767334
0.5272926092147827
0.6398746967315674
-0.17269134521484375
0.31832122802734375
-0.10724949836730957
0.17280840873718262
0.34929656982421875
-0.04097270965576172
0.6317265033721924
-0.044962167739868164
-0.6834259033203125
0.020563125610351562
-0.17170405387878418
-0.010924100875854492
0.11535120010375977
-0.08977913856506348
0.04451274871826172
-0.19624757766723633
-0.07676887512207031
0.4758419990539551
0.23598647117614746
-0.21367430686950684
0.07323384284973145
0.039514780044555664
0.22142791748046875
0.33609819412231445
0.4970734119415283
0.3799428939819336
0.39621901512145996
0.06380176544189453
0.11670398712158203
-0.34566259384155273
0.2771944999694824
-0.11846733093261719
0.3768951892852783
-0.20670771598815918
-0.012145280838012695
0.34150803089141846
-0.27745938301086426
0.12064766883850098
-0.23176026344299316
0.04775643348693848
0.7123942375183105
-0.3816063404083252
0.11191296577453613
0.19532990455627441
-0.7771091461181641
-0.5845246315002441
-0.05769753456115723
0.35590600967407227
-0.0205233097076416
0.27920007705688477
0.2751152515411377
1.0110068321228027
0.31482982635498047
0.30819034576416016
0.4010505676269531
-0.6862876415252686
-0.1627483367919922
0.368086576461792
0.28964900970458984
0.12047696113586426
0.016278743743896484
-0.09601747989654541
-0.20620441436767578
-0.13401341438293457
-0.30431461334228516
0.4073063135147095
0.22919392585754395
-0.20155596733093262
0.026981830596923828
0.3904116153717041
-0.31242823600769043
0.6058475971221924
0.4495229721069336
0.7876536846160889
-0.4213383197784424
0.28058362007141113
0.5165983438491821
0.3387002944946289
-0.04657578468322754
0.609227180480957
0.28679656982421875
-0.3155684471130371
-0.06388247013092041
-0.10271716117858887
-0.0594942569732666
-0.2102365493774414
-0.15677571296691895
0.004808187484741211
-0.3401089906692505
0.1229093074798584
0.6606249809265137
-0.2022092342376709
0.3428453207015991
-0.2679060697555542
-0.12498927116394043
-0.12713170051574707
0.04972958564758301
0.42638516426086426
0.30792784690856934
0.044209957122802734
-0.04249978065490723
0.08549642562866211
-0.4007878303527832
-0.2794666290283203
0.007926702499389648
0.3583378791809082
-0.11999154090881348
0.023783445358276367
-0.5274186134338379
-0.08249044418334961
0.12046623229980469
0.24922680854797363
-0.017634153366088867
0.007816314697265625
0.19569909572601318
-0.29857301712036133
0.27260780334472656
0.4336341619491577
0.01083385944366455
-0.35884571075439453
0.39586853981018066
-0.04826951026916504
-0.16921007633209229
-0.06673860549926758
0.3179936408996582
0.6321916580200195
0.44203615188598633
0.4688689708709717
-0.09121108055114746
-0.34213805198669434
-0.19262635707855225
0.2319958209991455
-0.31235456466674805
0.4286377429962158
0.27115440368652344
0.42529869079589844
0.23415279388427734
0.016465067863464355
0.1180877685546875
0.14319372177124023
0.17743396759033203
-0.09982085227966309
0.5896425247192383
-0.25011563301086426
-0.4285271167755127
0.10033345222473145
0.27523326873779297
-0.7691577672958374
0.16498327255249023
-0.06365633010864258
-0.2796766757965088
-0.07441067695617676
-0.16351914405822754
-0.16474461555480957
0.10930633544921875
-0.41998720169067383
0.33191990852355957
-0.2058858871459961
0.17067193984985352
0.4041086435317993
0.25835561752319336
-0.1818007230758667
0.456942081451416
0.05690646171569824
0.01932835578918457
0.3199026584625244
0.002267599105834961
0.11264491081237793
0.4096181392669678
0.1319751739501953
0.10244393348693848
0.20160233974456787
-0.017368078231811523
0.48398852348327637
0.14150679111480713
0.0921638011932373
0.582533597946167
-0.17715811729431152
-0.1310725212097168
0.10843086242675781
-0.27285337448120117
-0.3194936513900757
-0.14352917671203613
0.426105260848999
-0.040667057037353516
0.015436410903930664
0.45696401596069336
0.28029870986938477
0.8447961807250977
0.10132360458374023
0.057872772216796875
-0.26419758796691895
0.10964274406433105
0.15687155723571777
0.04639935493469238
0.2859823703765869
0.10651183128356934
-0.31240224838256836
-0.09045839309692383
0.3747735023498535
-0.1291344165802002
-0.03439617156982422
0.3679389953613281
0.39734411239624023
-0.4100252389907837
0.38792967796325684
-0.16468358039855957
0.5764660835266113
0.0028183460235595703
0.5104166269302368
-0.10370492935180664
0.17816877365112305
0.004087686538696289
-0.3308297395706177
-0.3129842281341553
0.2839515209197998
0.09518623352050781
0.40780043601989746
-0.2187955379486084
0.33618950843811035
0.3366532325744629
-0.18122029304504395
0.004669666290283203
0.19722604751586914
0.4093008041381836
-0.33067357540130615
-0.2190690040588379
-0.49394750595092773
-0.05344867706298828
0.021497249603271484
-0.1004631519317627
0.620903730392456
0.04047751426696777
0.1395115852355957
0.46825385093688965
0.020131468772888184
-0.04270768165588379
-0.24010658264160156
0.05973052978515625
-0.13225650787353516
-0.33833909034729004
0.19801688194274902
-0.26774001121520996
0.6359243392944336
-0.3281416893005371
0.1353302001953125
0.03218388557434082
-0.29089879989624023
-0.21670520305633545
0.15356802940368652
0.2969961166381836
-0.09431838989257812
0.39302438497543335
-0.35233545303344727
-0.11284852027893066
0.057291269302368164
-0.07891368865966797
0.12416505813598633
0.62375807762146
-0.12257051467895508
0.5311236381530762
0.2574448585510254
0.5901196002960205
-0.8134682178497314
-0.273728609085083
-0.2372303009033203
-0.1783161163330078
0.04774022102355957
-0.23807954788208008
-0.29076385498046875
0.6910202503204346
0.25063443183898926
-0.03226518630981445
0.40839672088623047
0.043251991271972656
0.6852908134460449
0.3586595058441162
-0.028072834014892578
0.6373308897018433
0.5407068729400635
0.506629228591919
0.32761120796203613
0.14091992378234863
-0.04231452941894531
-0.024771451950073242
-0.05353879928588867
-0.18776965141296387
0.46905040740966797
-0.14504265785217285
0.11187267303466797
-0.4217790365219116
-0.5243668556213379
0.25191712379455566
0.34536635875701904
0.2736828327178955
0.13305020332336426
-0.01097726821899414
-0.25162529945373535
-0.08728790283203125
0.2814645767211914
-0.1884298324584961
-0.17459654808044434
0.091766357421875
-0.032990217208862305
-0.09990620613098145
-0.33716535568237305
0.0428619384765625
0.14182162284851074
-0.4092140197753906
0.6362442970275879
0.2518775463104248
-0.6199159622192383
0.28207921981811523
0.20311641693115234
0.9475044012069702
-0.04705810546875
0.16748785972595215
-0.41599440574645996
-0.15535390377044678
-0.21274209022521973
-0.277432918548584
0.313157320022583
0.09211969375610352
-0.08358526229858398
0.33065223693847656
-0.2263641357421875
0.1772603988647461
-0.03396964073181152
0.10444831848144531
0.34661030769348145
-0.08131289482116699
0.09847760200500488
-0.12889766693115234
-0.09500503540039062
-0.41510939598083496
0.15053868293762207
0.0455472469329834
-0.08700501918792725
0.3293893337249756
0.30840587615966797
-0.002552509307861328
0.44550228118896484
0.15056824684143066
-0.24258041381835938
0.054137229919433594
0.26334285736083984
0.03599905967712402
0.987454891204834
0.06650996208190918
-0.03139686584472656
0.2830110788345337
-0.4290592670440674
0.2600209712982178
0.4427957534790039
0.7345366477966309
0.04778337478637695
-0.017279624938964844
0.10669350624084473
0.0837850570678711
-0.0709996223449707
-0.33902740478515625
0.552635908126831
-0.19861364364624023
0.436840295791626
0.5813028812408447
0.13010287284851074
0.4444284439086914
-0.6123752593994141
-0.4536244869232178
0.294630765914917
0.4158303737640381
0.3498368263244629
0.06838130950927734
0.12999320030212402
0.49992871284484863
0.20266103744506836
-0.06710481643676758
0.24948740005493164
0.15164613723754883
-0.1920759677886963
-0.3711416721343994
0.21619963645935059
0.1611919403076172
0.31960391998291016
-0.06323456764221191
0.24209952354431152
0.774528980255127
0.6014626026153564
0.1818675994873047
0.018645048141479492
-0.2733304500579834
0.17234790325164795
-0.03133964538574219
-0.020241975784301758
-0.015401840209960938
-0.4157571792602539
-0.015630483627319336
-0.285830020904541
-0.06379866600036621
0.03900265693664551
-0.19060564041137695
0.08907866477966309
0.40748095512390137
0.17567825317382812
-0.2918621301651001
0.44817137718200684
0.12409448623657227
0.276045560836792
-0.036985158920288086
0.21538543701171875
-0.14676761627197266
0.11539244651794434
-0.4245791435241699
-0.12954497337341309
0.4275233745574951
-0.12035274505615234
0.1380012035369873
0.33345961570739746
-0.5023263692855835
-0.05044245719909668
0.00661015510559082
-0.49236607551574707
-0.13472461700439453
-0.19974517822265625
0.488436222076416
-0.09588217735290527
0.20939970016479492
0.06303548812866211
0.3386354446411133
0.2972414493560791
0.028766155242919922
0.5028127431869507
0.24793243408203125
0.18083739280700684
0.21311426162719727
0.22527837753295898
-0.36672401428222656
-0.31288599967956543
0.15385890007019043
-0.11417007446289062
0.2730567455291748
0.11434149742126465
0.7213878631591797
0.7519321441650391
-0.15491902828216553
-0.05038046836853027
0.18135762214660645
0.14284491539001465
-0.26926541328430176
0.019865751266479492
-0.25545215606689453
-0.16649293899536133
0.023618459701538086
-0.1896038055419922
0.32370471954345703
0.10176372528076172
-0.035379648208618164
0.15352702140808105
0.09257912635803223
0.912316083908081
-0.11120176315307617
-0.08573269844055176
0.11729693412780762
-0.024159669876098633
0.2077932357788086
-0.02224278450012207
0.4158257246017456
-0.008866310119628906
1.3623151779174805
0.31892919540405273
0.08083248138427734
-1.0641229152679443
0.3527698516845703
-0.0003490447998046875
-0.21501374244689941
0.12937021255493164
0.20183086395263672
0.06343722343444824
-0.0685873031616211
0.4176957607269287
0.33153510093688965
-0.18648838996887207
-0.3611123561859131
-0.1995842456817627
-0.36213862895965576
0.1470808982849121
0.5833797454833984
0.3733241558074951
0.6006968021392822
0.014783620834350586
-0.023227453231811523
-0.18714451789855957
0.8916172981262207
0.6373908519744873
-0.4358847141265869
0.03567004203796387
0.3422279357910156
0.24087262153625488
-0.1848154067993164
0.45017218589782715
0.33885765075683594
-0.1198122501373291
-0.5738425254821777
0.23072385787963867
0.4875679016113281
-0.41075944900512695
0.07147383689880371
-0.06073808670043945
0.11255645751953125
-0.17807984352111816
-0.6697077751159668
-0.08532071113586426
-0.44254231452941895
0.07022976875305176
-0.18189525604248047
-0.2599170207977295
-0.12607955932617188
-0.1412506103515625
-0.748943567276001
0.36515283584594727
-0.16007614135742188
0.5282406806945801
0.08115625381469727
-0.20499038696289062
-0.1979219913482666
-0.04644894599914551
0.1965196132659912
0.28802943229675293
0.2928130626678467
0.27378177642822266
0.8547160625457764
0.540562629699707
0.22202396392822266
0.07341861724853516
-0.27224087715148926
0.5174734592437744
0.6163406372070312
-0.33907198905944824
-0.6227343082427979
0.3341236114501953
0.40020114183425903
0.3528096675872803
0.13542771339416504
0.600792407989502
-0.1286303997039795
0.09919238090515137
0.18265104293823242
-0.6115367412567139
-0.09527206420898438
-0.06392383575439453
-0.6524584293365479
0.16420483589172363
0.10014629364013672
-0.014947175979614258
-0.0834498405456543
0.12619733810424805
-0.42182397842407227
-0.18744683265686035
0.011293888092041016
-0.043125152587890625
-0.14750981330871582
1.0707330703735352
0.27622222900390625
-0.5323923826217651
-0.7711019515991211
0.1470808982849121
-0.10003948211669922
0.07226943969726562
0.46013498306274414
-0.1614675521850586
0.11477804183959961
0.031678199768066406
-0.11633992195129395
-0.3327594995498657