0.2525055408477783
0.29395484924316406
-0.13318157196044922
-0.18994665145874023
0.004699230194091797
0.05882549285888672
0.07548391819000244
-0.0043795108795166016
-0.21723008155822754
0.048413753509521484
0.08160638809204102
-0.029973864555358887
0.1810131072998047
-0.2488565444946289
0.4985518455505371
0.19506120681762695
0.21040105819702148
-0.07015752792358398
0.021975278854370117
0.036951541900634766
0.22250032424926758
0.20274782180786133
0.2459425926208496
0.5650777816772461
0.21269619464874268
-0.16274738311767578
0.1680164337158203
0.05973529815673828
0.06630086898803711
-0.02753591537475586
0.1348891258239746
-0.16190052032470703
0.0023660659790039062
0.03663158416748047
-0.288809597492218
-0.43208444118499756
0.07063603401184082
-0.1251227855682373
-0.15445470809936523
0.057016849517822266
0.12966132164001465
0.015287637710571289
0.07999551296234131
-0.021698474884033203
-0.17840361595153809
-0.03695845603942871
0.26409101486206055
0.09681105613708496
0.7410969734191895
0.13845562934875488
0.0002493858337402344
-0.01041269302368164
0.41821718215942383
0.37338995933532715
0.10126543045043945
-0.34823083877563477
0.2288222312927246
0.3371305465698242
0.1019887924194336
-0.09310388565063477
0.07329583168029785
0.3021101951599121
0.22373557090759277
0.1512894630432129
0.0555417537689209
-0.11093664169311523
0.14343786239624023
0.26151323318481445
0.31754636764526367
0.01770496368408203
-0.001089334487915039
0.07312607765197754
-0.05460810661315918
-0.04043865203857422
-0.20485639572143555
0.030895233154296875
-0.21477198600769043
0.1747264862060547
0.14126014709472656
0.5796747207641602
0.13467764854431152
0.38487672805786133
0.3178701400756836
-0.14630091190338135
0.13822942972183228
0.0043239593505859375
0.36415553092956543
0.07555270195007324
0.08177316188812256
0.20150089263916016
-0.12226533889770508
0.09274864196777344
-0.20728445053100586
0.32740283012390137
0.18354129791259766
0.10066699981689453
-0.41327810287475586
0.07594060897827148
0.16272449493408203
-0.2637028694152832
0.1406116485595703
-0.1643354892730713
0.005368232727050781
-0.1896674633026123
0.1585865020751953
-0.05321621894836426
0.13425815105438232
-0.09730172157287598
-0.1069021224975586
-0.0017328262329101562
-0.11071991920471191
0.11624181270599365
-0.02239394187927246
0.1129770278930664
0.1548914909362793
-0.16353821754455566
-0.24208688735961914
0.16752386093139648
-0.2360461950302124
-0.09571433067321777
0.07089805603027344
0.04197502136230469
0.03971576690673828
-0.1369190216064453
0.026454687118530273
0.41049838066101074
0.33910655975341797
-0.13274192810058594
0.28717517852783203
-0.06299090385437012
0.04775094985961914
-0.16289472579956055
0.04655003547668457
0.0776522159576416
0.06285715103149414
0.2907443046569824
-0.5489773750305176
0.35744333267211914
0.5847176313400269
-0.03386831283569336
0.36068153381347656
0.10316753387451172
0.13390660285949707
0.7344160079956055
-0.10120344161987305
0.3697061538696289
0.20746278762817383
0.16520452499389648
0.43299293518066406
-0.10812664031982422
-0.10094642639160156
0.07206535339355469
-0.06305694580078125
0.13013410568237305
-0.21318161487579346
-0.1250772476196289
0.13434910774230957
0.060363054275512695
0.2850494384765625
0.2248549461364746
0.18148159980773926
0.19597411155700684
0.0533905029296875
-0.27383875846862793
0.21173715591430664
0.24369049072265625
0.2235112190246582
0.24723100662231445
0.14046263694763184
-0.07082521915435791
-0.18329334259033203
0.3178243637084961
-0.1453089714050293
-0.08199453353881836
0.059613943099975586
0.1040964126586914
0.05611133575439453
0.03610658645629883
0.1879863739013672
0.023028135299682617
0.05748724937438965
0.10579109191894531
0.11224555969238281
0.07786083221435547
0.06499576568603516
0.37123656272888184
-0.47606611251831055
0.054857730865478516
0.27506351470947266
-0.07761478424072266
-0.29774045944213867
0.4631814956665039
-0.19594526290893555
-0.09112024307250977
-0.15207910537719727
-0.09700846672058105
0.2160630226135254
0.03786206245422363
-0.11347055435180664
-0.014774322509765625
0.17642545700073242
-0.1732785701751709
-0.2138056755065918
-0.14950084686279297
0.16260957717895508
0.3624086380004883
-0.1571033000946045
-0.008066177368164062
0.4215528964996338
0.024193286895751953
0.463925838470459
-0.021415233612060547
0.05352592468261719
-0.10215425491333008
-0.016086578369140625
0.06208682060241699
0.4340064525604248
-0.1533498764038086
0.30670666694641113
-0.14333772659301758
-0.04066967964172363
0.09367775917053223
0.3328108787536621
-0.2542238235473633
0.026496410369873047
0.43605947494506836
-0.09313273429870605
-0.019114255905151367
0.5410523414611816
0.08176350593566895
-0.2090393304824829
-0.16779780387878418
0.01782679557800293
0.19883358478546143
0.12293481826782227
-0.04834580421447754
-0.01984119415283203
-0.09247016906738281
0.07532238960266113
-0.027641773223876953
0.10644245147705078
0.16234827041625977
-0.311290979385376
0.2205061912536621
0.05819869041442871
-0.0623784065246582
0.05710071325302124
0.19949102401733398
0.20070648193359375
0.10671091079711914
0.06275749206542969
0.3334999084472656
-0.06226158142089844
-0.09798765182495117
0.2954421043395996
0.10911178588867188
0.0035047531127929688
0.5055413246154785
0.0031218528747558594
-0.061899423599243164
-0.0828707218170166
-0.043215274810791016
0.756089448928833
-0.058677077293395996
0.13108396530151367
-0.03869295120239258
0.30844926834106445
0.18556642532348633
-0.08717632293701172
0.2585458755493164
-0.3038332462310791
0.0014771223068237305
0.4090156555175781
0.4526247978210449
0.10683870315551758
-0.28510475158691406
0.25759196281433105
0.3396759033203125
0.341156005859375
-0.10328793525695801
-0.24558281898498535
0.14449381828308105
0.18896007537841797
-0.06425809860229492
-0.11728763580322266
0.18829083442687988
0.3310708999633789
0.1137535572052002
-0.21999430656433105
-0.039825439453125
-0.05342388153076172
0.1895146369934082
-0.2947816848754883
-0.06431078910827637
0.008319377899169922
0.1405174732208252
-0.06520819664001465
-0.008126020431518555
0.34432315826416016
-0.2894468307495117
0.11165213584899902
-0.13642549514770508
-0.008573055267333984
0.06593179702758789
0.1956782341003418
0.07469940185546875
0.7618587017059326
0.22960519790649414
0.019988536834716797
-0.10801434516906738
-0.2012643814086914
0.2043604850769043
0.30106258392333984
-0.589771032333374
0.059508323669433594
0.12459135055541992
0.5612351894378662
0.27216386795043945
-0.02738821506500244
0.33212757110595703
0.14214468002319336
0.22562241554260254
0.20657920837402344
0.12638521194458008
-0.24790936708450317
0.16005563735961914
-0.24268996715545654
0.1349179744720459
0.28150320053100586
-0.02531886100769043
0.08597230911254883
-0.011493444442749023
0.24489259719848633
0.02588021755218506
-0.12593138217926025
0.28996896743774414
0.06600189208984375
0.04440498352050781
-0.2365264892578125
-0.3266327381134033
-0.4822758436203003
0.048273563385009766
-0.17287158966064453
0.31746721267700195
0.43299412727355957
0.4244801998138428
0.19615888595581055
0.17915058135986328
-0.12911343574523926
-0.0020782947540283203
-0.07845640182495117
-0.24927592277526855
0.21701383590698242
-0.2739264965057373
0.22220683097839355
0.2642655372619629
0.2931504249572754
-0.16748666763305664
-0.18281495571136475
-0.07980489730834961
0.0384831428527832
-0.24329137802124023
-0.09372639656066895
0.054842472076416016
0.27248668670654297
-0.03199338912963867
-0.03549396991729736
-0.12051653861999512
0.030260086059570312
0.1536402702331543
0.3645648956298828
0.17298674583435059
0.005104541778564453
-0.05164766311645508
0.2239065170288086
0.015540599822998047
0.16192626953125
0.5210728645324707
0.4464561939239502
0.16464567184448242
-0.08612775802612305
0.2726259231567383
0.26283788681030273
0.036899566650390625
-0.016084671020507812
-0.0023839473724365234
0.2102069854736328
-0.27341604232788086
0.20036840438842773
0.25926876068115234
-0.2972395420074463
-0.13679051399230957
-0.031187057495117188
-0.02116870880126953
0.4863433837890625
0.24696850776672363
-0.27828097343444824
0.007292747497558594
0.11380136013031006
-0.15642452239990234
-0.042707204818725586
-0.06254816055297852
0.32509875297546387
0.15230977535247803
0.13318204879760742
0.43401527404785156
0.32126855850219727
-0.11584973335266113
-0.06163525581359863
0.016388416290283203
0.17365121841430664
-0.21225190162658691
0.1754755973815918
0.24188017845153809
0.31709980964660645
-0.05692100524902344
0.19687795639038086
-0.09533977508544922
-0.15592169761657715
0.03946948051452637
0.17659997940063477
0.1553354263305664
-0.040875911712646484
0.13962554931640625
0.002199232578277588
0.0845034122467041
-0.012077808380126953
-0.1455230712890625
-0.20716357231140137
-0.14235448837280273
0.19724178314208984
0.21743559837341309
0.20431756973266602
-0.17384934425354004
0.20688557624816895
0.1834564208984375
-0.05778694152832031
0.0022978782653808594
-0.29515647888183594
-0.1437511444091797
-0.1563858985900879
0.05238151550292969
-0.31048011779785156
0.09066200256347656
-0.046770691871643066
0.12545108795166016
0.6590235233306885
-0.011808037757873535
0.08934509754180908
0.05971813201904297
-0.014969348907470703
0.37363100051879883
0.05416107177734375
-0.014272928237915039
-0.0978240966796875
-0.010942459106445312
-0.1587355136871338
-0.0956723690032959
-0.0389256477355957
-0.09947872161865234
-0.3562510013580322
0.1296851634979248
0.35319089889526367
0.12469720840454102
-0.2966773509979248
0.1936197280883789
-0.1043238639831543
-0.10266494750976562
0.13477730751037598
0.19830894470214844
0.3145301342010498
0.0645451545715332
0.20805716514587402
0.1563098430633545
0.20529818534851074
0.27336597442626953
0.3721301555633545
-0.036043643951416016
0.08328557014465332
0.03644561767578125
0.25284719467163086
0.04436922073364258
0.009648561477661133
0.016471385955810547
0.3290243148803711
-0.07264900207519531
-0.03586769104003906
0.28399085998535156
-0.10273170471191406
0.030344486236572266
0.34708523750305176
-0.3466806411743164
0.1737673282623291
0.1595616340637207
0.26651883125305176
-0.19484305381774902
0.27672481536865234
-0.07294988632202148
-0.12482261657714844
-0.11979818344116211
0.11552762985229492
0.06983089447021484
-0.0746530294418335
0.10705184936523438
0.038958072662353516
0.08865189552307129
0.15308141708374023
-0.2277991771697998
0.040953636169433594
0.18419837951660156
0.15108036994934082
0.2650027275085449
-0.18590188026428223
0.34515976905822754
0.5786666870117188
0.17272329330444336
-0.06853413581848145
0.07643485069274902
0.15704631805419922
0.26605796813964844
0.1710212230682373
-0.16337203979492188
-0.012904167175292969
-0.1485424041748047
0.002674102783203125
0.04109621047973633
0.21073675155639648
0.4391317367553711
-0.2881302833557129
-0.23315095901489258
-0.00889897346496582
0.31496763229370117
-0.18415474891662598
-0.09792232513427734
0.37329888343811035
0.25868988037109375
0.4111189842224121
-0.15576303005218506
0.2639625072479248
0.41205811500549316
-0.10862493515014648
0.013357162475585938
0.0413060188293457
0.1432490348815918
0.09143328666687012
0.2723722457885742
-0.038747310638427734
0.41689610481262207
0.29118967056274414
-0.07818841934204102
0.14910578727722168
0.3539729118347168
-0.36962270736694336
0.5429184436798096
-0.5348178148269653
0.05799436569213867
-0.06409025192260742
-0.039739131927490234
0.35570597648620605
-0.09986519813537598
-0.0405879020690918
0.40552711486816406
0.11565613746643066
0.0218966007232666
0.1925797462463379
-0.09277486801147461
-0.07989835739135742
-0.5519776344299316
0.21121597290039062
-0.11123514175415039
0.15221285820007324
-0.04700970649719238
0.1762981414794922
-0.17349648475646973
-0.1085197925567627
-0.19690799713134766
0.256744384765625
0.4446704387664795
-0.055709123611450195
0.026994943618774414
0.041283607482910156
0.3317246437072754
0.26688480377197266
-0.4472423791885376
0.4412665367126465
0.32149648666381836
0.15679651498794556
0.07731914520263672
-0.3495020866394043
-0.49657773971557617
0.1763451099395752
-0.32381534576416016
0.16206932067871094
0.19318628311157227
-0.4397604465484619
0.21277427673339844
0.05651754140853882
-0.05164384841918945
0.16418695449829102
0.012487411499023438
0.12993848323822021
-0.023532629013061523
-0.13387846946716309
0.19425535202026367
-0.38104248046875
-0.24610471725463867
-0.15231800079345703
0.2632286548614502
0.12696552276611328
-0.2037668228149414
-0.002765178680419922
-0.010262906551361084
0.35624265670776367
-0.2599148750305176
0.2854115962982178
-0.3216524124145508
0.12825727462768555
-0.0041656494140625
0.0001971721649169922
0.034168243408203125
0.0701742172241211
-0.18327045440673828
0.1621851921081543
-0.4390864372253418
0.2571101188659668
0.298520565032959
-0.12029075622558594
-0.12263858318328857
0.19162702560424805
0.0722501277923584
-0.005300045013427734
0.1000140905380249
0.21143245697021484
0.2873106002807617
0.26183104515075684
0.06802034378051758
-0.08972954750061035
-0.2285022735595703
-0.002819657325744629
0.07225155830383301
0.07453012466430664
-0.30539822578430176
0.13648200035095215
0.08329963684082031
-0.02044677734375
-0.22622108459472656
0.38822126388549805
0.045179009437561035
0.12592506408691406
0.22241973876953125
0.38184165954589844
0.2520315647125244
-0.23905634880065918
0.019510269165039062
0.2028827667236328
0.09661126136779785
0.40128326416015625
-0.10743141174316406
-0.11296558380126953
0.255706787109375
0.2658824920654297
0.2006969451904297
-0.02076244354248047
-0.07759726047515869
0.12630081176757812
0.01471257209777832
0.2745795249938965
0.18484854698181152
-0.19186139106750488
0.05158805847167969
0.007175922393798828
-0.1575765609741211
0.12391018867492676
-0.0879054069519043
0.07573103904724121
0.02454233169555664
-0.14700770378112793
0.024645447731018066
-0.044602394104003906
-0.27109384536743164
0.09076738357543945
0.2757086753845215
0.31736302375793457
0.15055012702941895
0.11808085441589355
0.07581686973571777
-0.0912935733795166
0.15198135375976562
0.05295753479003906
0.27112889289855957
0.2237856388092041
0.2301638126373291
0.2543916702270508
-0.13780641555786133
-0.22887587547302246
0.14511537551879883
0.20979762077331543
0.0231020450592041
-0.33603882789611816
0.4392859935760498
-0.06994915008544922
0.4219183921813965
-0.08098387718200684
0.036303043365478516
0.3801889419555664
-0.22946596145629883
0.18610620498657227
-0.20928168296813965
0.18653535842895508
-0.25245070457458496
0.43410301208496094
0.14181232452392578
0.09368610382080078
-0.09804654121398926
-0.05794262886047363
-0.2619943618774414
-0.3034411668777466
-0.31548357009887695
0.4342770576477051
0.2912476062774658
0.08601856231689453
0.02656698226928711
0.21937227249145508
-0.028732776641845703
0.30006837844848633
-0.38629186153411865
0.09547948837280273
-0.05512714385986328
0.0023374557495117188
0.21360445022583008
0.4465312957763672
0.220733642578125
-0.11396956443786621
0.11788344383239746
0.523007869720459
0.3233013153076172
-0.10615062713623047
0.20315837860107422
-0.3675720691680908
-0.1181955337524414
-0.11139774322509766
-0.18722176551818848
-0.07196426391601562
0.18918943405151367
0.7887992858886719
-0.21839356422424316
0.3639509677886963
0.2661113739013672
0.2932698726654053
-0.12699651718139648
0.2634727954864502
0.14706778526306152
0.23163914680480957
0.1634054183959961
0.39696407318115234
-0.07486391067504883
-0.10439872741699219
-0.07799673080444336
-0.227860689163208
-0.05913066864013672
0.5814306735992432
0.41823792457580566
0.11601448059082031
0.17777395248413086
-0.040822386741638184
-0.0675802230834961
-0.09891462326049805
0.2847142219543457
0.3664736747741699
0.052758216857910156
0.12365126609802246
0.41586780548095703
0.24081683158874512
0.2147984504699707
0.24745988845825195
0.48679637908935547
-0.08693623542785645
0.24974536895751953
0.25727295875549316
0.3492727279663086
0.08195209503173828
-0.0993962287902832
0.1291661262512207
0.06654238700866699
-0.23449325561523438
0.41821718215942383
-0.025211572647094727
0.28330087661743164
0.12105894088745117
-0.027732372283935547
0.38460659980773926
-0.013711690902709961
0.13304758071899414
0.17514991760253906
0.5461626052856445
0.18730497360229492
-0.31964564323425293
0.522254467010498
0.02581954002380371
-0.5506629943847656
-0.20981872081756592
-0.055674076080322266
-0.20233774185180664
0.06210017204284668
0.425320565700531
0.028620243072509766
-0.03658342361450195
-0.28225231170654297
-0.07053732872009277
0.2541658878326416
-0.017034292221069336
0.060699462890625
0.1042330265045166
0.1277618408203125
-0.24845218658447266
0.24791574478149414
0.2192983627319336
0.00400996208190918
0.09683465957641602
0.09528398513793945
-0.03419065475463867
0.04912710189819336
0.13891315460205078
-0.25821638107299805
-0.270251989364624
0.20667195320129395
0.06722879409790039
0.29522037506103516
0.11497378349304199
0.17774343490600586
0.08510363101959229
0.41469287872314453
-0.041811227798461914
0.16484928131103516
0.18436837196350098
0.1082010269165039
0.011753559112548828
0.11733627319335938
-0.03249359130859375
0.42381858825683594
0.2670637369155884
0.0406498908996582
-0.04555058479309082
0.4931786060333252
0.21356463432312012
-0.0562586784362793
-0.11082863807678223
0.12507224082946777
-0.12308597564697266
-0.1411137580871582
0.22960567474365234
-0.19469809532165527
0.45720624923706055
0.08695650100708008
0.5266845226287842
-0.17541170120239258
-0.20494580268859863
-0.010695457458496094
0.030544519424438477
-0.18765592575073242
0.5075836181640625
-0.0034461021423339844
-0.07427525520324707
0.07532596588134766
-0.16944169998168945
0.031038761138916016
-0.002811431884765625
0.002532482147216797
0.04336261749267578
0.22043561935424805
0.3146083354949951
0.1251506805419922
0.06371736526489258
-0.2000436782836914
0.010594367980957031
0.008389711380004883
-0.11423707008361816
0.31357288360595703
-0.37113142013549805
0.23599863052368164
0.18792963027954102
0.4708847999572754
-0.0870363712310791
0.33277225494384766
0.21013832092285156
0.10227441787719727
0.1062319278717041
0.4190540313720703
-0.02783644199371338
0.0775747299194336
0.11402320861816406
0.009751558303833008
0.2603945732116699
-0.09871387481689453
-0.021416664123535156
-0.032695770263671875
0.23090696334838867
0.04341602325439453
0.16629505157470703
0.09014606475830078
0.04421520233154297
0.14781928062438965
0.19287538528442383
-0.37697315216064453
0.012961626052856445
-0.03966379165649414
0.014292359352111816
0.2858877182006836
0.021073341369628906
0.006955623626708984
0.27007198333740234
0.14043760299682617
0.11497330665588379
-0.15716791152954102
-0.058066606521606445
-0.041339874267578125
0.12788152694702148
-0.037557125091552734
-0.40381526947021484
0.1106424331665039
0.45815157890319824
-0.10238122940063477
-0.3219161033630371
-0.10496783256530762
0.1816558837890625
0.044732093811035156
0.07203197479248047
-0.3783450126647949
0.16950321197509766
-0.03520917892456055
-0.14343881607055664
0.15573155879974365
-0.6486046314239502
0.1757194995880127
-0.19347631931304932
0.06607699394226074
-0.11574423313140869
-0.06739544868469238
0.20508766174316406
0.4906578063964844
-0.1766815185546875
0.33795976638793945
-0.24107837677001953
-0.16763997077941895
0.3265421390533447
0.4659842252731323
0.3657114505767822
-0.20690584182739258
-0.07918262481689453
0.387955904006958
0.054306983947753906
-0.06480216979980469
-0.09773540496826172
0.39818012714385986
0.2003326416015625
0.12230300903320312
0.028964519500732422
-0.07967233657836914
0.3721892833709717
0.20435214042663574
0.3582601547241211
0.07328224182128906
0.1759190559387207
0.04770064353942871
0.02255868911743164
-0.10527431964874268
-0.06748270988464355
0.4745612144470215
0.007359981536865234
-0.12017464637756348
0.1060338020324707
-0.13706326484680176
-0.04774832725524902
-0.1481013298034668
-0.21227645874023438
0.6624648571014404
0.03414463996887207
-0.16100168228149414
0.11614441871643066
-0.4080655574798584
0.2133932113647461
-0.10897493362426758
0.1989283561706543
0.3344278335571289
0.012433528900146484
-0.2737421989440918
-0.05363798141479492
0.06012320518493652
-0.01219630241394043
-0.08511388301849365
0.2954244613647461
0.1741631031036377
0.3645181655883789
-0.11475229263305664
0.15201139450073242
0.23137974739074707
0.17996788024902344
0.24454402923583984
0.11584281921386719
0.1430671215057373
0.09531092643737793
0.7602419853210449
0.2102665901184082
-0.002765178680419922
0.2265338897705078
0.08362388610839844
0.17913246154785156
0.2637467384338379
0.5652709007263184
0.42911577224731445
-0.01274871826171875
0.30815887451171875
-0.14910888671875
-0.0023686885833740234
0.1298084259033203
0.03537750244140625
0.08728170394897461
0.21935701370239258
0.0905909538269043
0.06867313385009766
0.056110382080078125
-0.13796377182006836
-0.21909618377685547
-0.08901596069335938
0.14906835556030273
-0.12721490859985352
0.06245684623718262
0.2682267427444458
-0.11487603187561035
0.20348334312438965
0.13805675506591797
0.2858710289001465
0.13845562934875488
-0.2997105121612549
-0.1068577766418457
0.14918136596679688
0.09837675094604492
-0.07067155838012695
0.30682992935180664
0.15425825119018555
0.05115461349487305
0.00025272369384765625
0.14609789848327637
0.010448455810546875
0.45105838775634766
-0.03176116943359375
0.0870065689086914
0.10237884521484375
0.24197793006896973
-0.07519674301147461
0.29384279251098633
0.04826545715332031
0.014007806777954102
0.16899442672729492
-0.12784624099731445
-0.044805049896240234
0.1715552806854248
0.5315208435058594
-0.10271716117858887
0.27696800231933594
-0.025990009307861328
-0.019286155700683594
-0.6585345268249512
-0.07404065132141113
0.24959230422973633
0.2833108901977539
-0.005805015563964844
-0.1558222770690918
0.055294036865234375
0.08691215515136719
-0.06948256492614746
-0.034441471099853516
-0.05040597915649414
0.09239721298217773
0.3704037666320801
0.14763951301574707
-0.22789931297302246
0.35396695137023926
0.04716682434082031
-0.1025991439819336
-0.08777165412902832
0.7873040437698364
0.6007199287414551
0.2201523780822754
-0.03509783744812012
0.10737323760986328
-0.1040048599243164
-0.013701915740966797
0.29222631454467773
0.047954559326171875
-0.07471203804016113
0.1625223159790039
0.1294236183166504
0.027116775512695312
-0.08583378791809082
0.05411863327026367
0.017489910125732422
0.03620100021362305
0.1402425765991211
0.13795804977416992
-0.12497234344482422
-0.05213642120361328
0.09067463874816895
0.22731256484985352
0.1017608642578125
-0.11078739166259766
0.17605769634246826
0.4108266830444336
-0.3758103847503662
0.11540424823760986
0.1729881763458252
-0.18314909934997559
-0.23861980438232422
0.3307929039001465
-0.08335423469543457
-0.22505640983581543
0.18520331382751465
-0.19878292083740234
0.013362884521484375
0.11505413055419922
0.13055849075317383
-0.025499343872070312
-0.13999176025390625
0.10624361038208008
0.15060758590698242
-0.01005864143371582
0.3904993534088135
-0.24689388275146484
-0.14528203010559082
0.23566079139709473
-0.23351383209228516
-0.1680591106414795
0.3736398220062256
-0.1635284423828125
0.2636890411376953
0.3095285892486572
-0.01079416275024414
-0.21851611137390137
0.35777807235717773
0.29482364654541016
0.12260746955871582
-0.3052670955657959
0.10059618949890137
0.3910236358642578
0.0060759782791137695
-0.10734963417053223
0.08037734031677246
0.17205429077148438
0.0205228328704834
-0.16066980361938477
0.5604023933410645
0.03037714958190918
0.3525569438934326
0.1112070083618164
-0.10079836845397949
-0.06830024719238281
-0.19887542724609375
0.008615970611572266
-0.05336165428161621
0.14643049240112305
-0.09088325500488281
-0.07729792594909668
-0.002204418182373047
-0.034569740295410156
-0.5177801847457886
0.15726613998413086
-0.24588775634765625
0.33568692207336426
-0.036499977111816406
-0.06064462661743164
-0.22389674186706543
0.012798070907592773
0.11939287185668945
0.16514253616333008
-0.008676528930664062
-0.6308155059814453
0.058438777923583984
0.0035750865936279297
-0.24283456802368164
-0.08244860172271729
0.15752887725830078
0.24531841278076172
0.18673598766326904
0.0999077558517456
0.5793019533157349
0.37477827072143555
-0.16225576400756836
0.4339022636413574
0.45987558364868164
0.13245296478271484
0.004691004753112793
0.0038089752197265625
-0.09668850898742676
-0.2602015733718872
-0.05339217185974121
0.10291814804077148
0.14613842964172363
0.03907632827758789
-0.05815601348876953
0.22027063369750977
-0.14838719367980957
-0.22423994541168213
0.12451744079589844
0.18855679035186768
0.23386621475219727
-0.12829017639160156
-0.43483638763427734
-0.23971235752105713
-0.14363741874694824
0.0779423713684082
0.213911771774292
-0.05535745620727539
0.22102177143096924
0.1007533073425293
0.15758228302001953
-0.4196380376815796
0.15384769439697266
0.6480262875556946
0.10200977325439453
-0.2728900909423828
-0.6964631080627441
0.05254566669464111
0.1703481674194336
0.027240753173828125
0.16531753540039062
0.0472714900970459
-0.021370410919189453
-0.08127021789550781
-0.0682225227355957
0.49432897567749023
-0.006279945373535156
0.3267340660095215
-0.1228187084197998
0.218231201171875
0.10030889511108398
-0.12064003944396973
0.004509449005126953
0.0018770694732666016
0.1954512596130371
0.12040185928344727
-0.15766453742980957
0.17511630058288574
0.009055614471435547
0.28257179260253906
-0.27997612953186035
-0.022295475006103516
0.28099584579467773
-0.03211712837219238
0.2513713836669922
0.3693361282348633
0.19729161262512207
0.4044766426086426
0.1600942611694336
-0.11238312721252441
-0.11332035064697266
0.49826645851135254
-0.1530139446258545
0.030332088470458984
-0.06089377403259277
-0.03815054893493652
-0.03593301773071289
0.1494464874267578
-0.24897003173828125
0.48409271240234375
-0.030670642852783203
0.019135475158691406
0.05558443069458008
-0.2088637351989746
0.1628720760345459
-0.21191024780273438
-0.2259235382080078
0.024463653564453125
0.18007612228393555
0.0874490737915039
0.007420778274536133
-0.26012325286865234
0.06137728691101074
-0.3464784622192383
0.15655088424682617
0.08523225784301758
0.2937779426574707
-0.0720977783203125
-0.2778819799423218
0.030667781829833984
0.23838138580322266
0.23299717903137207
-0.20626544952392578
0.09246397018432617
-0.02747631072998047
0.32201623916625977
-0.2078547477722168
-0.13373565673828125
-0.2908363342285156
-0.10263681411743164
-0.04891777038574219
0.6776502132415771
-0.008739471435546875
0.4301776885986328
0.22289609909057617
-0.04974699020385742
0.2943706512451172
0.25835561752319336
-0.38628673553466797
0.15536975860595703
0.1617724895477295
0.029928207397460938
0.031407833099365234
-0.011690616607666016
0.03706085681915283
-0.04564213752746582
0.003214120864868164
0.06753015518188477
-0.12666726112365723
-0.17853116989135742
0.32764339447021484
0.3286406993865967
0.05199289321899414
0.15261554718017578
-0.1351461410522461
0.003582477569580078
0.1896677017211914
0.4033925533294678
0.24261856079101562
0.19456219673156738
0.4497385025024414
0.4365973472595215
-0.055248260498046875
0.03016221523284912
0.13000154495239258
0.38155364990234375
-0.1499166488647461
0.001137375831604004
-0.17035198211669922
0.533815860748291
0.05731940269470215
0.10349798202514648
-0.1855466365814209
-0.11175036430358887
0.31928181648254395
0.08622622489929199
0.27739381790161133
-0.660387396812439
0.09289717674255371
-0.22178316116333008
0.12422299385070801
0.19466304779052734
0.05688047409057617
0.24612903594970703
-0.01060783863067627
0.263838529586792
0.19847917556762695
0.27724432945251465
0.3047933578491211
-0.0040624141693115234
0.14334702491760254
0.16027593612670898
-0.009094715118408203
0.38763999938964844
0.06656265258789062
-0.07996892929077148
0.17984497547149658
0.14302778244018555
0.2537498474121094
-0.2464158535003662
0.42658233642578125
0.31610774993896484
0.23173213005065918
-0.443631649017334
0.08390069007873535
0.1560192108154297
0.061356544494628906
0.07189309597015381
0.011473655700683594
-0.22004318237304688
-0.31277036666870117
-0.0961918830871582
0.0010056495666503906
0.27697086334228516
-0.1491556167602539
0.12654924392700195
-0.09858417510986328
0.2293686866760254
0.34690046310424805
-0.15146493911743164
0.13561630249023438
-0.03388023376464844
-0.0634462833404541
0.07856369018554688
0.3579139709472656
0.05407285690307617
-0.212446928024292
0.193556547164917
0.12391209602355957
-0.33110928535461426
0.13502740859985352
0.27408266067504883
0.1573014259338379
0.29528236389160156
0.3541245460510254
0.19043588638305664
0.06405973434448242
-0.20510315895080566
0.1492152214050293
-0.1272754669189453
0.00974726676940918
0.03069448471069336
-0.08960199356079102
0.06674385070800781
0.08888053894042969
0.32346606254577637
-0.01791691780090332
0.5341737270355225
0.048856258392333984
-0.11094379425048828
0.3175373077392578
0.06942367553710938
0.06636834144592285
0.09339714050292969
-0.08227252960205078
0.318897008895874
0.16156673431396484
0.11016678810119629
0.38602542877197266
-0.0102996826171875
0.33296656608581543
-0.013499736785888672
0.07681715488433838
0.1671832799911499
0.483889102935791
-0.2702975273132324
-0.28484106063842773
-0.12131989002227783
-0.039318084716796875
-0.11053228378295898
-0.04056638479232788
-0.2462902069091797
-0.2316652536392212
0.15656507015228271
-0.29163432121276855
0.2300419807434082
0.4544715881347656
0.08884596824645996
0.21146726608276367
-0.018471717834472656
0.22896718978881836
0.11125373840332031
-0.19909334182739258
0.10449647903442383
0.5313780307769775
0.3774855136871338
0.03465557098388672
0.059126853942871094
0.24834346771240234
-0.19341659545898438
0.22094058990478516
-0.27409887313842773
0.014404773712158203
-0.1666860580444336
0.23801255226135254
0.01661229133605957
0.06498003005981445
-0.3354487419128418
0.10754728317260742
0.47951340675354004
-0.07851648330688477
-0.0858149528503418
-0.30782926082611084
0.021934032440185547
-0.3153653144836426
-0.1320028305053711
0.2153797149658203
0.16325116157531738
0.6030111312866211
-0.25042009353637695
0.22601103782653809
0.017018556594848633
0.3393514156341553
0.10926699638366699
0.49192237854003906
-0.17284584045410156
-0.019001483917236328
-0.2306842803955078
-0.33561718463897705
-0.13980579376220703
-0.1834583282470703
-0.3314659595489502
0.23472881317138672
0.16752243041992188
-0.019196271896362305
-0.1078951358795166
0.2740626335144043
0.046772003173828125
-0.2597641944885254
-0.04977750778198242
-0.16228938102722168
0.40784215927124023
-0.07235479354858398
-0.1121138334274292
0.15150809288024902
-0.3004573583602905
0.06453680992126465
0.2160506248474121
0.054900169372558594
-0.03740501403808594
0.25322985649108887
-0.2083646059036255
0.19135332107543945
0.13892126083374023
0.038518428802490234
0.3187222480773926
0.06514787673950195
-0.2936408519744873
0.23665881156921387
0.3264293670654297
-0.10134339332580566
-0.21683931350708008
-0.10724353790283203
-0.2884495258331299
0.03808093070983887
0.1315169334411621
-0.09788632392883301
-0.06469058990478516
-0.23482775688171387
-0.017632722854614258
-0.11273193359375
0.5804014205932617
-0.1736922264099121
0.04686307907104492
-0.14620733261108398
-0.0908348560333252
-0.11446976661682129
-0.16173505783081055
-0.03148651123046875
0.09053921699523926
0.10029888153076172
0.16266250610351562
-0.329423189163208
-0.003970623016357422
-0.1951007843017578
0.430279016494751
0.2270190715789795
-0.08658170700073242
0.2827003002166748
-0.15746617317199707
0.19132494926452637
-0.1481008529663086
0.05896806716918945
0.10233020782470703
-0.2521860599517822
0.04236483573913574
0.13489627838134766
0.12600421905517578
-0.11885261535644531
0.15543460845947266
0.06519889831542969
0.2959001064300537
-0.26427268981933594
-0.08167791366577148
0.5465602874755859
-0.00034880638122558594
0.0513911247253418
0.19350743293762207
-0.3436012268066406
-0.34242749214172363
-0.14216041564941406
0.16434621810913086
0.06148982048034668
0.04232001304626465
-0.07956266403198242
0.24760103225708008
0.13492393493652344
0.003568887710571289
-0.029276132583618164
-0.13204717636108398
-0.3998575210571289
0.14875507354736328
-0.06702566146850586
0.2345108985900879
0.0849606990814209
-0.3551182746887207
0.15523552894592285
-0.0734868049621582
0.030792236328125
0.0908658504486084
0.17999839782714844
0.3875746726989746
0.07217550277709961
0.05561208724975586
0.2654104232788086
0.00927877426147461
0.01818060874938965
0.34612226486206055
0.1278212070465088
0.0005095005035400391
0.02056884765625
0.002807140350341797
0.28542637825012207
0.08487129211425781
0.1769019365310669
0.2687513828277588
0.2467890977859497
0.09883570671081543
-0.17599058151245117
-0.15088319778442383
0.1962594985961914
0.13010048866271973
-0.07135915756225586
0.2691037654876709
-0.17614102363586426
-0.12397599220275879
-0.22419357299804688
0.30280637741088867
-0.19401788711547852
0.052507638931274414
0.12228775024414062
-0.1542520523071289
0.06688928604125977
-0.2623201608657837
0.23079276084899902
-0.238905668258667
0.35874950885772705
-0.2033367156982422
0.13204717636108398
-0.03094625473022461
-0.007564544677734375
0.18496370315551758
0.2210545539855957
0.31965160369873047
0.10888528823852539
0.0016582012176513672
0.33508992195129395
0.10024571418762207
-0.1655282974243164
-0.1475353240966797
0.06394004821777344
-0.005786895751953125
0.16940045356750488
0.02659463882446289
-0.009661078453063965
0.12811040878295898
-0.1983804702758789
-0.1787126064300537
0.2664618492126465
0.3202505111694336
0.04104971885681152
0.08900094032287598
0.32416224479675293
0.0849759578704834
-0.07375717163085938
0.0674750804901123
-0.5259652137756348
0.0028209686279296875
-0.10283863544464111
-0.1964867115020752
0.15395021438598633
0.326981782913208
0.07882404327392578
-0.047371625900268555
-0.06179618835449219
0.06522750854492188
-0.13612711429595947
0.10123610496520996
0.2760181427001953
0.15742945671081543
0.29526567459106445
0.10334157943725586
0.19667315483093262
-0.0615534782409668
0.38860392570495605
0.060828208923339844
-0.02469348907470703
0.08649492263793945
-0.16927766799926758
0.18472051620483398
-0.08648347854614258
-0.07321548461914062
-0.2656280994415283
0.04176139831542969
0.10201907157897949
-0.13897252082824707
0.3847465515136719
0.004667043685913086
-0.0992746353149414
0.10085439682006836
0.3482189178466797
0.1997077465057373
0.08315515518188477
0.1400914192199707
-0.12636899948120117
0.19721698760986328
0.30573320388793945
-0.1033487319946289
0.22337627410888672
0.2111988067626953
0.20176959037780762
-0.18591558933258057
-0.03190803527832031
-0.07027292251586914
-0.09633493423461914
0.04555654525756836
-0.2908886671066284
0.07241964340209961
0.37387943267822266
0.11638975143432617
0.014759540557861328
-0.37230825424194336
0.13118672370910645
0.2786839008331299
0.14139509201049805
-0.14093971252441406
0.032601356506347656
0.21552348136901855
-0.10009765625
0.22347354888916016
0.4199364185333252
-0.3999737501144409
-0.1983950138092041
-0.03670549392700195
0.30675649642944336
0.03824472427368164
0.1059732437133789
0.051672935485839844
0.05878925323486328
-0.18039464950561523
0.11267304420471191
0.46672534942626953
-0.016758441925048828
-0.25109291076660156
0.0049381256103515625
0.029959678649902344
0.3850269317626953
-0.09786748886108398
-0.19086360931396484
0.0068302154541015625
0.09108638763427734
0.33013916015625
0.06322979927062988
0.19201231002807617
0.01633167266845703
-0.12984895706176758
-0.6316322088241577
0.18765950202941895
-0.05906820297241211
0.15662813186645508
0.0890357494354248
-0.21250128746032715
-0.20574498176574707
0.38992834091186523
0.03541231155395508
0.23290085792541504
0.3706321716308594
-0.15797686576843262
0.31198835372924805
0.03314352035522461
-0.354337215423584
-0.2179851531982422
0.16130781173706055
0.4647095203399658
0.05224466323852539
-0.05503201484680176
0.3651154041290283
-0.04878044128417969
-0.1291193962097168
-0.02832794189453125
0.013433456420898438
0.0450434684753418
-0.3082714080810547
0.36477160453796387
-0.22066950798034668
-0.33194828033447266
0.07395195960998535
-0.12885499000549316
0.16553115844726562
-0.1744678020477295
-0.12476134300231934
0.08594965934753418
-0.38617992401123047
-0.024387359619140625
-0.11545753479003906
0.2537088394165039
0.14312052726745605
-0.07074832916259766
-0.041406869888305664
0.1558074951171875
0.2049846649169922
0.2554445266723633
0.0667576789855957
0.18546557426452637
-0.23549509048461914
0.32186007499694824
-0.10707807540893555
-0.03875851631164551
0.03930521011352539
-0.054645538330078125
-0.09942150115966797
-0.16842222213745117
0.12123298645019531
0.24601507186889648
0.15284252166748047
-0.13309431076049805
-0.01621079444885254
0.293656587600708
0.03867840766906738
-0.13838958740234375
0.6099181175231934
0.4208611845970154
-0.10212492942810059
-0.08083462715148926
0.32939624786376953
0.2632880210876465
0.01289665699005127
0.12869548797607422
0.02196645736694336
-0.32544994354248047
0.024554014205932617
0.3289151191711426
-0.4417458772659302
0.007179737091064453
-0.02448272705078125
-0.12120890617370605
0.01752758026123047
0.2568182945251465
0.35898447036743164
-0.03592348098754883
0.4001784324645996
0.28351593017578125
-0.11456966400146484
0.13527631759643555
-0.05072164535522461
0.3624753952026367
0.14912152290344238
0.21532106399536133
0.09842324256896973
0.01427912712097168
0.19334006309509277
-0.18199539184570312
-0.31118345260620117
0.34792375564575195
0.35694313049316406
-0.003441333770751953
0.4295172691345215
0.25839900970458984
-0.06264066696166992
-0.04627490043640137
0.558884859085083
-0.18040704727172852
0.007033824920654297
0.21508049964904785
-0.12936854362487793
-0.09183359146118164
0.05790281295776367
0.12736296653747559
0.4321119785308838
-0.05971503257751465
0.13756680488586426
0.2787940502166748
0.04043936729431152
0.06085801124572754
-0.06113481521606445
0.054015398025512695
0.24481439590454102
-0.1621556282043457
0.08652448654174805
-0.04744267463684082
-0.055426597595214844
-0.1250457763671875
0.18239903450012207
0.1701040267944336
0.06319332122802734
-0.3148818016052246
0.22739672660827637
-0.13474249839782715
0.0076770782470703125
0.07166814804077148
0.11519503593444824
-0.3019256591796875
0.03515028953552246
-0.026009559631347656
0.1642909049987793
-0.09739255905151367
-0.19474494457244873
0.25160884857177734
-0.08686208724975586
0.14861392974853516
-0.208709716796875
0.35929012298583984
-0.06236696243286133
0.16267752647399902
0.3893272876739502
0.08261728286743164
0.13980722427368164
-0.5523961782455444
-0.053438663482666016
-0.14239192008972168
0.306215763092041
-0.23152375221252441
-0.13733983039855957
0.408907413482666
-0.22557830810546875
-0.04943561553955078
0.003609895706176758
-0.36097097396850586
0.11475706100463867
0.07788300514221191
-0.025155305862426758
-0.04385995864868164
0.21985769271850586
0.13643312454223633
0.4420478343963623
0.2951655387878418
-0.18512725830078125
0.3144845962524414
-0.15989398956298828
0.26485729217529297
0.07969427108764648
0.06790995597839355
0.01291799545288086
0.13502216339111328
-0.09346485137939453
-0.11258864402770996
0.31090736389160156
0.04541349411010742
-0.030215740203857422
0.2953057289123535
-0.14059734344482422
0.13199806213378906
0.4118594527244568
0.3208045959472656
0.1654038429260254
0.08073186874389648
-0.1083383560180664
0.046343088150024414
0.1573498249053955
0.023877620697021484
0.10286235809326172
0.021120071411132812
0.015614032745361328
0.27240848541259766
0.0369420051574707
0.1873922348022461
-0.024587631225585938
-0.22786188125610352
0.2747189998626709
0.2948307991027832
0.15722417831420898
0.05185747146606445
0.08433842658996582
0.1115870475769043
-0.03374457359313965
0.07657814025878906
0.09646463394165039
-0.015788555145263672
-0.10814285278320312
0.12721776962280273
-0.018833637237548828
-0.007234096527099609
-0.035123348236083984
-0.13011860847473145
0.11320161819458008
0.027132511138916016
0.30147361755371094
0.21277427673339844
-0.17714500427246094
-0.1733255386352539
-0.21290373802185059
0.2964038848876953
0.6011834144592285
-0.45568835735321045
0.12693190574645996
0.4652373790740967
0.16016364097595215
-0.09373831748962402
-0.08129763603210449
0.02105545997619629
0.20033979415893555
-0.17620468139648438
0.17322444915771484
-0.07538747787475586
-0.10089397430419922
0.1469428539276123
0.08458495140075684
0.5322461128234863
0.1751561164855957
-0.02084803581237793
0.035669565200805664
0.28583645820617676
0.17366325855255127
0.13924193382263184
-0.013134479522705078
0.3136866092681885
-0.03851008415222168
0.009367227554321289
0.03237652778625488
-0.12351584434509277
0.39249324798583984
0.22929048538208008
0.22472238540649414
0.008121967315673828
0.0042819976806640625
-0.1713273525238037
0.052858829498291016
-0.04400205612182617
0.09254741668701172
0.1712322235107422
0.3646354675292969
-0.3880969285964966
-0.10354852676391602
0.47507143020629883
-0.10874557495117188
0.4516439437866211
-0.07837677001953125
0.3697834014892578
0.16541528701782227
0.2972991466522217
-0.09875822067260742
-0.3614668846130371
-0.13404083251953125
-0.01461935043334961
-0.1216726303100586
0.25322771072387695
-0.07080984115600586
0.12819528579711914
-0.1405322551727295
-0.029775023460388184
0.015066146850585938
0.15378165245056152
0.264101505279541
0.42160701751708984
-0.103424072265625
-0.05831456184387207
-0.06322669982910156
-0.01459646224975586
0.22835969924926758
-0.034299612045288086
0.09047818183898926
-0.18026351928710938
0.11658382415771484
0.38027048110961914
0.22545862197875977
0.11327695846557617
-0.008621931076049805
-0.43575143814086914
-0.0628957748413086
-0.005962371826171875
-0.1271970272064209
0.09115839004516602
-0.29015564918518066
0.12534713745117188
-0.18526744842529297
0.17284584045410156
0.1335155963897705
0.06258440017700195
-0.4810755252838135
0.11472940444946289
-0.18563663959503174
0.5361804962158203
0.19929146766662598
0.2696514129638672
0.3777885437011719
0.12835001945495605
0.15994811058044434
0.23513007164001465
0.14869284629821777
-0.1338176727294922
-0.07164406776428223
0.32726240158081055
0.13895177841186523
0.37265563011169434
0.323974609375
0.3478279113769531
-0.03457450866699219
0.08784818649291992
0.343015193939209
-0.035006165504455566
-0.05669975280761719
-0.07140541076660156
-0.0050144195556640625
0.35349607467651367
0.44724607467651367
0.1835341453552246
0.03252124786376953
0.018985748291015625
0.12504959106445312
0.07830333709716797
-0.047036170959472656
0.28511834144592285
-0.1641101837158203
0.017179489135742188
0.32567358016967773
0.5692744255065918
0.12449240684509277
0.023215413093566895
0.032190799713134766
-0.16516739130020142
0.3063545227050781
0.30893492698669434
0.30390310287475586
0.32255983352661133
0.3083634376525879
0.29597043991088867
-0.08665752410888672
-0.07570600509643555
0.4682755470275879
-0.09435677528381348
0.19945430755615234
0.10764932632446289
0.13393068313598633
0.024235248565673828
-0.08824586868286133
0.7086801528930664
0.28587841987609863
0.02224588394165039
0.3488736152648926
0.30362939834594727
0.09409523010253906
0.1538405418395996
0.04771995544433594
-0.17149782180786133
0.05241823196411133
0.05934309959411621
0.4204897880554199
0.07330036163330078
-0.06789875030517578
-0.22093451023101807
0.1554257869720459
0.06751680374145508
0.03571939468383789
-0.15576887130737305
-0.07974660396575928
0.5635981559753418
-0.15608692169189453
0.24207448959350586
0.22076869010925293
0.09176111221313477
0.18516087532043457
-0.007146120071411133
-0.06549692153930664
-0.21830034255981445
0.2683558464050293
-0.12277603149414062
0.2644381523132324
0.1241612434387207
0.024974822998046875
-0.07541179656982422
0.019269466400146484
0.09788990020751953
-0.18094086647033691
0.1294863224029541
0.0022215843200683594
-0.03136920928955078
0.08102846145629883
0.16088652610778809
0.09232544898986816
-0.06354880332946777
0.12901854515075684
-0.03479599952697754
0.3004176616668701
-0.04898262023925781
0.2189466953277588
-0.1018059253692627
-0.34004390239715576
0.3277416229248047
-0.18064117431640625
-0.3239903450012207
0.05420827865600586
0.27093076705932617
-0.028246402740478516
7.581710815429688e-05
-0.062422752380371094
-0.08927679061889648
0.06839370727539062
-0.18896913528442383
0.3429112434387207
0.451296329498291
0.17941594123840332
0.14119291305541992
-0.07451891899108887
0.22825050354003906
0.48903942108154297
-0.2541837692260742
0.15340757369995117
0.2720956802368164
0.12129545211791992
-0.10539555549621582
0.012999296188354492
0.35355281829833984
0.06734991073608398
-0.09461510181427002
-0.21603155136108398
0.07614409923553467
-0.31136560440063477
0.19334936141967773
0.17137765884399414
0.2035975456237793
-0.17734050750732422
-0.1890699863433838
-0.0678246021270752
0.26392292976379395
0.2942357063293457
-0.20534372329711914
-0.26638317108154297
0.18707704544067383
0.08440494537353516
0.036115407943725586
-0.2838585376739502
-0.06681275367736816
-0.10671043395996094
0.3151075839996338
-0.22336435317993164
0.19016337394714355
0.3194146156311035
0.14261889457702637
-0.1620163917541504
0.015742778778076172
-0.004930973052978516
-0.24757850170135498
0.5277183055877686
0.29401397705078125
-0.017790794372558594
0.3712728023529053
0.3992574214935303
0.30327749252319336
-0.17448949813842773
-0.3965606689453125
0.17910265922546387
0.13486576080322266
0.37664854526519775
0.21221637725830078
0.10682392120361328
0.14537382125854492
-0.1515101194381714
0.013653755187988281
0.3585221767425537
-0.14961647987365723
-0.1386404037475586
0.21271014213562012
0.22914671897888184
0.36334896087646484
-0.2281022071838379
0.17896127700805664
0.07182788848876953
0.10988903045654297
0.2227017879486084
-0.055869102478027344
-0.04575991630554199
0.2963857650756836
0.09084558486938477
0.2550344467163086
0.11885762214660645
0.14650964736938477
-0.08923077583312988
-0.05035507678985596
0.046944379806518555
0.18856501579284668
-0.0701744556427002
-0.14600419998168945
0.04801797866821289
-0.1306300163269043
0.0009562969207763672
0.43262696266174316
0.16643428802490234
0.38904881477355957
0.4442873001098633
0.2145693302154541
0.17520666122436523
-0.10319554805755615
0.06043815612792969
-0.15767621994018555
0.348649263381958
0.31641149520874023
0.2930641174316406
0.14553165435791016
0.27460145950317383
0.10101604461669922
0.12823867797851562
-0.14568185806274414
-0.018000125885009766
0.34133338928222656
0.09199881553649902
0.40817713737487793
0.09099936485290527
0.14414739608764648
0.23296833038330078
0.10498332977294922
0.3520350456237793
-0.018985271453857422
0.23182201385498047
0.007868051528930664
0.23132824897766113
0.1993846893310547
0.20262467861175537
0.09684276580810547
-0.05318307876586914
0.3990147113800049
0.7121787071228027
0.41702914237976074
0.18591976165771484
0.18678736686706543
0.16934490203857422
-0.18807470798492432
-0.09607863426208496
-0.18793797492980957
-0.17802667617797852
-0.23155879974365234
-0.15808391571044922
-0.025604724884033203
-0.1656196117401123
-0.032022953033447266
-0.09157013893127441
-0.16717445850372314
0.10335159301757812
0.384385347366333
-0.41292548179626465
-0.0420379638671875
-0.37974321842193604
0.0032448768615722656
-0.038870811462402344
0.20864057540893555
-0.03849339485168457
-0.3894902467727661
-0.06471610069274902
0.09040260314941406
-0.15694069862365723
0.1255474090576172
0.249955415725708
0.05697941780090332
-0.2476511001586914
0.5246932506561279
-0.34334611892700195
-0.22122836112976074
-0.1674203872680664
0.5738365650177002
-0.14554834365844727
-0.1401968002319336
0.21796560287475586
0.28390979766845703
-0.27113986015319824
-0.009746074676513672
0.09701061248779297
0.022114276885986328
-0.0019421577453613281
-0.0725545883178711
0.09295153617858887
0.40094423294067383
-0.21614742279052734
0.17180371284484863
-0.3519324064254761
-0.02416205406188965
-0.007657289505004883
-0.020203590393066406
0.39685821533203125
0.29448366165161133
0.10392904281616211
-0.24154925346374512
0.014674663543701172
0.28351640701293945
0.2583613395690918
0.21539068222045898
-0.011866092681884766
0.001683950424194336
0.12526512145996094
0.20261216163635254
0.13497447967529297
0.012151002883911133
0.26895952224731445
-0.12782490253448486
0.04901385307312012
-0.09407734870910645
0.1795363426208496
0.20354557037353516
0.11667156219482422
0.20253050327301025
0.27628815174102783
0.052475929260253906
0.336794376373291
0.2548410892486572
0.09551048278808594
0.4308147430419922
0.18854308128356934
0.1048898696899414
0.15693271160125732
-0.14635205268859863
0.1513960361480713
0.1600027084350586
0.1404261589050293
0.03540825843811035
0.08354425430297852
0.059247493743896484
-0.0469517707824707
-0.35851120948791504
0.04109764099121094
-0.46002697944641113
0.35425496101379395
0.17899751663208008
-0.17338991165161133
0.3513195514678955
0.0968790054321289
-0.06381630897521973
0.539656400680542
0.46706104278564453
0.2854428291320801
0.0681302547454834
0.10529017448425293
-0.1321115493774414
0.2197120189666748
0.1156911849975586
-0.22005987167358398
0.14036798477172852
0.21610021591186523
-0.15793585777282715
-0.1672515869140625
0.20416760444641113
0.2617371082305908
0.33486318588256836
0.4646577835083008
0.11010122299194336
0.2888455390930176
0.17140674591064453
0.07119512557983398
0.15048885345458984
0.15207290649414062
0.300961971282959
0.1244816780090332
0.39589548110961914
-0.053267478942871094
-0.01601409912109375
0.055142879486083984
0.38893699645996094
0.3105149269104004
-0.1390242576599121
0.45435571670532227
-0.06886720657348633
0.05201435089111328
-0.0024619102478027344
-0.12243688106536865
0.20630836486816406
0.6310809254646301
-0.03894364833831787
-0.09636354446411133
-0.09789705276489258
0.3947436809539795
0.14726877212524414
0.13776516914367676
0.18769550323486328
0.21266865730285645
0.005534172058105469
-0.23662209510803223
0.09355545043945312
-0.027662277221679688
0.0923309326171875
-0.10881555080413818
0.054650306701660156
-0.042302846908569336
0.16494464874267578
0.09247016906738281
0.12984752655029297
-0.006104469299316406
0.03959512710571289
-0.22204327583312988
-0.028378963470458984
-0.15539288520812988
-0.08911585807800293
0.28011035919189453
-0.012997627258300781
0.3160088062286377
-0.06741034984588623
-0.12191474437713623
-0.12824153900146484
-0.1518847942352295
-0.1842358112335205
-0.39226722717285156
-0.11608219146728516
0.20517301559448242
0.31560373306274414
-0.13282561302185059
0.03314781188964844
-0.28864240646362305
0.2542862892150879
-0.33856773376464844
0.3401358127593994
0.30567073822021484
0.37113475799560547
0.24679183959960938
0.17564654350280762
-0.3500262498855591
0.5856383442878723
-0.13292622566223145
-0.015122413635253906
0.29847049713134766
0.3711891174316406
-0.04229402542114258
0.1465538740158081
0.2270221710205078
0.3515753746032715
0.2525055408477783
0.08465766906738281
0.16356515884399414
0.07128334045410156
-0.13732945919036865
-0.3025059700012207
0.373859167098999
0.22794723510742188
-0.12684869766235352
0.09195709228515625
0.24342775344848633
-0.1119997501373291
0.0668785572052002
-0.17624330520629883
0.044060468673706055
-0.06584358215332031
0.16274356842041016
0.12943482398986816
0.37456369400024414
-0.0458223819732666
0.03136134147644043
0.3720269203186035
0.11636042594909668
-0.14685559272766113
0.18596601486206055
0.10081648826599121
0.3693058490753174
-0.1558666229248047
0.056694984436035156
0.02251148223876953
0.13190364837646484
-0.0900120735168457
0.1744081974029541
0.45432186126708984
0.20055437088012695
-0.09136629104614258
-0.04416942596435547
0.192124605178833
0.4438333511352539
0.19205188751220703
-0.21801841259002686
-0.31484293937683105
0.305889368057251
0.23069024085998535
0.02188849449157715
0.07624149322509766
0.0990743637084961
-0.24200940132141113
0.2972586154937744
0.07600283622741699
-0.14698123931884766
-0.021741390228271484
0.017176151275634766
0.30971574783325195
-0.029778242111206055
0.04943346977233887
0.1030266284942627
0.2250351905822754
-0.009273409843444824
0.01641368865966797
0.5227117538452148
0.20641672611236572
-0.11480951309204102
-0.12647676467895508
0.31731462478637695
0.07680559158325195
-0.09775972366333008
-0.06497001647949219
0.2398076057434082
-0.02241683006286621
-0.034162044525146484
-0.06547164916992188
0.12064218521118164
0.17284250259399414
0.04620218276977539
0.26936864852905273
0.05264091491699219
0.0762791633605957
-0.1980135440826416
0.2954716682434082
0.06306743621826172
0.2997218370437622
-0.004010438919067383
0.14719057083129883
0.1928091049194336
-0.04405665397644043
-0.16537237167358398
0.3710225820541382
0.344327449798584
0.21815085411071777
0.039789676666259766
0.03447592258453369
-0.16390609741210938
-0.08202552795410156
-0.06362247467041016
-0.3813101053237915
0.2643580436706543
0.5756211280822754
0.18862009048461914
-0.23791146278381348
0.11092567443847656
-0.08288192749023438
-0.17760753631591797
0.4839799404144287
0.17893123626708984
0.0015366077423095703
-0.016716480255126953
-0.0353548526763916
-0.07037019729614258
0.41185617446899414
-0.025049448013305664
0.03989005088806152
-0.18200445175170898
0.4572787284851074
0.19418001174926758
-0.15876197814941406
0.27703237533569336
0.16716766357421875
0.4450714588165283
-0.06591558456420898
0.045067548751831055
-0.12226533889770508
-0.18343448638916016
-0.0272369384765625
-0.5555174350738525
0.20078659057617188
-0.393324613571167
0.07715916633605957
-0.16414427757263184
0.010204315185546875
0.5456962585449219
0.24785709381103516
0.042615413665771484
0.19646811485290527
-0.18565869331359863
0.27006053924560547
-0.07221674919128418
-0.343802809715271
-0.05592775344848633
-0.24802589416503906
-0.08122968673706055
0.11646127700805664
0.3152942657470703
0.0369945764541626
0.39697980880737305
-0.11158132553100586
0.2825498580932617
0.5024573802947998
0.28716790676116943
0.429013729095459
0.4658602476119995
-0.36885929107666016
0.23316311836242676
0.04673004150390625
0.33675336837768555
0.0634603500366211
0.44584035873413086
0.24511289596557617
-0.07124781608581543
0.136002779006958
-0.20768201351165771
0.3920154571533203
-0.046704769134521484
-0.17689919471740723
0.02472090721130371
-0.1826934814453125
-0.17330718040466309
0.09054279327392578
0.0495610237121582
0.10881495475769043
-0.34353208541870117
0.23362421989440918
0.036450862884521484
0.4090843200683594
-0.20422792434692383
-0.014156103134155273
0.3251199722290039
0.36444568634033203
0.6042153835296631
-0.39114904403686523
0.5348196029663086
-0.015838146209716797
0.2485370635986328
0.10611081123352051
0.32707881927490234
-0.0025768280029296875
0.5202808380126953
0.08242464065551758
0.19147181510925293
0.10658407211303711
-0.2383425235748291
-0.040209293365478516
-0.11537861824035645
-0.23267483711242676
0.09232759475708008
-0.19902539253234863
0.22744441032409668
0.04591870307922363
0.025093555450439453
0.4243297576904297
-0.017623424530029297
-0.21455764770507812
0.19762158393859863
0.3006632328033447
0.14158225059509277
-0.14357566833496094
-0.10377359390258789
0.558861255645752
0.220367431640625
-0.011237025260925293
-0.04860210418701172
-0.20416617393493652
-0.1103823184967041
0.14080524444580078
0.387955904006958
-0.04782581329345703
-0.30583882331848145
0.08107519149780273
-0.15217208862304688
0.06417393684387207
0.1944108009338379
0.33731651306152344
-0.06984031200408936
-0.016992688179016113
0.005343437194824219
0.56282639503479
-0.15103816986083984
0.2615140676498413
0.6042206287384033
-0.0047986507415771484
0.22085261344909668
0.16581392288208008
0.020086288452148438
0.3068368434906006
0.1604478359222412
0.30419158935546875
0.01422119140625
0.17240667343139648
-0.1476459503173828
0.031006336212158203
-0.20569229125976562
0.13887310028076172
0.36477160453796387
-0.17724990844726562
0.100677490234375
-0.049256086349487305
0.07121574878692627
0.0011906623840332031
-0.0685734748840332
0.3926658630371094
0.13888883590698242
0.04465317726135254
0.2891275882720947
0.147857666015625
-0.037137508392333984
0.18537259101867676
-0.21783733367919922
0.3835868835449219
0.4677419662475586
-0.005265235900878906
0.5027422904968262
-0.0872199535369873
0.15683889389038086
-0.2509419918060303
0.12329864501953125
0.052780866622924805
0.25526952743530273
-0.17226362228393555
0.08877849578857422
-0.11065268516540527
0.11004114151000977
-0.17370271682739258
0.2586240768432617
-0.0567927360534668
0.23710870742797852
0.13035106658935547
0.011229515075683594
-0.019237518310546875
0.20662927627563477
0.16863036155700684
-0.011527538299560547
0.3963942527770996
0.058624267578125
0.22256135940551758
-0.02469158172607422
0.034647464752197266
0.17674922943115234
0.3544583320617676
0.35241246223449707
-0.37349236011505127
-0.01125955581665039
-0.17045831680297852
0.0795598030090332
0.49864840507507324
0.03192615509033203
-0.028878092765808105
0.05328202247619629
0.043447017669677734
-0.1546158790588379
0.33925676345825195
0.12766456604003906
-0.07504439353942871
0.4770183563232422
-0.2085866928100586
0.025270462036132812
0.1947169303894043
0.06274890899658203
-0.15135836601257324
-0.026854276657104492
-0.3265516757965088
0.13377082347869873
0.05387592315673828
0.0012445449829101562
0.25464582443237305
-0.0007987022399902344
0.44875597953796387
0.07159185409545898
0.05430746078491211
-0.12263250350952148
0.3226749897003174
-0.22793793678283691
-0.27217817306518555
-0.19386649131774902
-0.2537198066711426
-0.44079136848449707
-0.057062625885009766
-0.22174382209777832
0.14051902294158936
0.23025298118591309
-0.03786730766296387
0.2512526512145996
-0.06621527671813965
0.3299245834350586
-0.05018973350524902
-0.2389669418334961
0.07995033264160156
0.17978286743164062
0.05215859413146973
-0.15855789184570312
0.1199483871459961
-0.09294342994689941
0.08115863800048828
0.15917015075683594
0.12023472785949707
0.2019362449645996
-0.07256126403808594
-0.14445734024047852
-0.15182018280029297
0.3202805519104004
0.25518202781677246
0.16229820251464844
0.08043456077575684
0.20888566970825195
0.19407272338867188
-0.014578580856323242
0.18117189407348633
0.19563531875610352
0.06857872009277344
0.05872917175292969
0.09810328483581543
0.23927950859069824
0.3675241470336914
0.031236648559570312
0.0185239315032959
0.005983591079711914
-0.15096306800842285
0.18996071815490723
0.1609560251235962
0.2510542869567871
0.19840002059936523
-0.034422874450683594
0.17258155345916748
0.047553062438964844
-0.14444208145141602
0.04088139533996582
0.4072742462158203
0.17061221599578857
0.19330453872680664
0.5760350227355957
0.06247222423553467
0.2071065902709961
0.43973469734191895
0.26132965087890625
0.22352147102355957
0.05446767807006836
-0.2053847312927246
0.505821943283081
0.30623817443847656
-0.12019491195678711
0.1511068344116211
-0.2259526252746582
0.0013303756713867188
0.2358255386352539
0.22356462478637695
-0.22025978565216064
-0.14124679565429688
0.15363764762878418
-0.02891254425048828
0.060068607330322266
0.1387190818786621
0.44650697708129883
0.4228677749633789
-0.11720848083496094
-0.10049223899841309
0.2588682174682617
-0.2242945432662964
0.08870744705200195
0.13229584693908691
-0.02814316749572754
0.030465364456176758
0.2323923110961914
0.16412973403930664
-0.11321163177490234
0.09864282608032227
0.1565723419189453
0.3204214572906494
0.10117435455322266
0.3406999111175537
-0.09425103664398193
0.24472594261169434
0.052315711975097656
0.18805360794067383
-0.12007761001586914
0.2779409885406494
-0.016446828842163086
-0.08170151710510254
-0.09954750537872314
0.04756307601928711
-0.1684577465057373
-0.16326260566711426
-0.3027184009552002
0.40696144104003906
0.3832085132598877
-0.02756500244140625
0.10776567459106445
0.2711338996887207
0.1509108543395996
0.08394479751586914
0.1629774570465088
-0.28009915351867676
0.4896202087402344
0.3218111991882324
0.33191633224487305
-0.21732866764068604
-0.1068577766418457
0.0502619743347168
0.22873473167419434
-0.1467275619506836
0.2234501838684082
0.18083906173706055
0.2276749610900879
0.45769309997558594
0.1688861846923828
0.30972957611083984
-0.12784624099731445
0.5886178016662598
0.10724925994873047
-0.1894007921218872
0.26554274559020996
0.1368870735168457
-0.1827864646911621
-0.04448986053466797
0.22244572639465332
-0.07678699493408203
0.05092906951904297
0.06110811233520508
-0.10854542255401611
0.45517563819885254
0.28301382064819336
0.1406862735748291
0.30408215522766113
0.09613227844238281
0.12264251708984375
-0.1736745834350586
0.025012731552124023
-0.1457531452178955
0.01180410385131836
0.1857900619506836
0.06832027435302734
0.4082517623901367
-0.3116936683654785
0.20269060134887695
0.3123798370361328
-0.19204378128051758
0.5885379314422607
-0.2140648365020752
0.046990394592285156
-0.43167567253112793
0.34403038024902344
-0.30089616775512695
0.6176824569702148
0.3197941780090332
0.08193206787109375
0.19971847534179688
0.5578489303588867
0.004222393035888672
0.19956016540527344
-0.14766764640808105
0.12865948677062988
0.18315625190734863
0.19532489776611328
0.5294930934906006
0.18236303329467773
0.21612095832824707
-0.11832642555236816
-0.4171102046966553
0.3053722381591797
-0.13628888130187988
0.1519472599029541
0.13911795616149902
0.09392452239990234
-0.12253308296203613
-0.1869502067565918
0.026801109313964844
0.06976163387298584
0.19525432586669922
0.00669097900390625
0.23707342147827148
-0.0734548568725586
0.18132483959197998
0.35140371322631836
0.17944812774658203
0.09766197204589844
0.04489755630493164
0.29006361961364746
0.5148518085479736
-0.08417654037475586
-0.09535074234008789
0.25293731689453125
-0.12206530570983887
-0.06920361518859863
0.10400748252868652
0.1289365291595459
-0.09650230407714844
-0.0848245620727539
0.04346966743469238
0.15607905387878418
-0.08526992797851562
-0.14109456539154053
0.4843559265136719
0.10163307189941406
-0.27865147590637207
-0.2974715232849121
0.2954139709472656
-0.06369209289550781
0.17333364486694336
0.22351551055908203
0.33530664443969727
0.15869426727294922
-0.1020660400390625
0.3325834274291992
0.4610271453857422
-0.33570945262908936
-0.14580821990966797
0.26511335372924805
0.13121771812438965
-0.0039408206939697266
-0.02644801139831543
-0.10283350944519043
0.03374886512756348
-0.04357719421386719
-0.13335132598876953
0.48644840717315674
-0.3567056655883789
-0.11396944522857666
0.020772933959960938
0.3899996280670166
-0.020116329193115234
0.5044848918914795
0.1298055648803711
0.45813941955566406
-0.20696008205413818
0.25192928314208984
0.2626793384552002
-0.048775434494018555
0.3292880058288574
0.48747920989990234
-0.16819477081298828
0.23590803146362305
0.024257659912109375
-0.1689152717590332
0.15801143646240234
-0.011731863021850586
0.06634998321533203
0.08319640159606934
-0.1068871021270752
0.01614522933959961
-0.21822643280029297
-0.0838022232055664
0.31737279891967773
0.17817902565002441
-0.12938642501831055
-0.028414249420166016
0.2830085754394531
-0.31420135498046875
0.09843635559082031
0.16852474212646484
-0.07380914688110352
0.11992025375366211
0.0046291351318359375
-0.01611018180847168
0.011553287506103516
0.12951350212097168
-0.11974358558654785
0.29059362411499023
0.09498047828674316
-0.4454340934753418
0.08456087112426758
0.3117852210998535
0.15511298179626465
0.338908314704895
0.26204848289489746
-0.11425352096557617
-0.20550203323364258
0.08306026458740234
-0.07917451858520508
0.2233877182006836
0.13841605186462402
-0.018535137176513672
-0.20160198211669922
0.4773573875427246
0.017483234405517578
0.031735897064208984
0.3817439079284668
-0.0678638219833374
-0.20164084434509277
-0.05540800094604492
-0.4155704975128174
0.2757539749145508
-0.116943359375
0.22440481185913086
0.39272427558898926
0.112335205078125
-0.005316257476806641
-0.023293256759643555
0.01183462142944336
0.20692968368530273
0.1953742504119873
0.010639190673828125
0.09934210777282715
0.4352588653564453
-0.03186178207397461
-0.050171852111816406
0.3474712371826172
0.0002713203430175781
0.45465517044067383
0.07389593124389648
-0.07979249954223633
0.05109596252441406
0.10111021995544434
-0.11125349998474121
0.24547719955444336
-0.2651078701019287
0.3912849426269531
0.17305541038513184
-0.13883256912231445
0.4370906352996826
0.19964981079101562
-0.11935091018676758
0.2950859069824219
0.05679512023925781
-0.006617546081542969
0.22495126724243164
-0.17088556289672852
0.15028929710388184
0.28040552139282227
0.08180832862854004
-0.09821724891662598
0.28323793411254883
-0.06399250030517578
-0.12140655517578125
0.018661081790924072
0.14043712615966797
0.06361103057861328
-0.025196075439453125
-0.20732903480529785
0.33739280700683594
-0.1106722354888916
-0.06754827499389648
0.09279441833496094
0.11283063888549805
0.29776978492736816
0.05904960632324219
0.05551481246948242
-0.2320265769958496
0.2837209701538086
0.08774423599243164
0.0675053596496582
-0.20032000541687012
0.20699214935302734
-0.08387041091918945
0.22311067581176758
-0.14037489891052246
-0.20466768741607666
0.3012657165527344
0.07250404357910156
0.26270103454589844
0.025399208068847656
-0.09039926528930664
0.40627217292785645
0.06992769241333008
-0.061368346214294434
0.3497908115386963
-0.017889022827148438
0.01067495346069336
-0.0006670951843261719
-0.03141617774963379
-0.11377215385437012
-0.07571554183959961
-0.05962800979614258
-0.15460753440856934
-0.08965659141540527
0.16411733627319336
-0.0016772747039794922
0.05427742004394531
-0.06392478942871094
-0.04242992401123047
0.2460641860961914
-0.03727531433105469
0.30941176414489746
-0.010659217834472656
0.2992534637451172
-0.18602848052978516
-0.1697232723236084
-0.2866666316986084
-0.016164779663085938
0.1608889102935791
-0.19367265701293945
0.04783296585083008
-0.09162569046020508
-0.013630390167236328
0.14515089988708496
-0.24432086944580078
-0.017484426498413086
-0.3327500820159912
-0.12290823459625244
0.04686927795410156
-0.028851985931396484
-0.175429105758667
-0.27097606658935547
0.5269322395324707
-0.17580246925354004
0.2644195556640625
0.20313572883605957
0.1282649040222168
-0.045557260513305664
0.06678438186645508
0.07512044906616211
0.006381988525390625
0.16250503063201904
0.10849809646606445
0.4278564453125
0.22022414207458496
0.15620660781860352
0.6232309341430664
0.3048604726791382
-0.2509547472000122
0.0805659294128418
0.17258381843566895
0.3658771514892578
-0.3088662624359131
-0.03207111358642578
-0.05528593063354492
-0.07140755653381348
-0.30937623977661133
0.06915998458862305
-0.35577845573425293
0.10666060447692871
0.26299428939819336
0.06347990036010742
-0.04418659210205078
0.0743100643157959
0.1519489288330078
0.16810274124145508
-0.040128231048583984
0.4720315933227539
0.6290616989135742
0.31457042694091797
0.13075971603393555
-0.022122621536254883
0.07423162460327148
0.10590696334838867
0.08758974075317383
0.07812929153442383
0.17725467681884766
0.1269397735595703
0.11568784713745117
-0.1760103702545166
0.03291940689086914
0.2828347682952881
-0.03854107856750488
0.27907466888427734
-0.08274555206298828
-0.19084644317626953
-0.37657928466796875
0.13013410568237305
0.06259846687316895
-0.11319112777709961
0.10890913009643555
0.08691668510437012
0.1310253143310547
0.15340971946716309
-0.046677589416503906
0.4244976043701172
0.25589919090270996
-0.2528419494628906
0.43721723556518555
-0.013376116752624512
-0.2293860912322998
0.08847737312316895
-0.03202033042907715
0.21166348457336426
0.029398441314697266
0.1375751495361328
-0.016104459762573242
-0.2381744384765625
0.08124876022338867
-0.01860523223876953
0.06383800506591797
-0.0009050369262695312
0.21231579780578613
-0.06911993026733398
-0.29839038848876953
0.24073457717895508
0.13742685317993164
0.09308052062988281
0.37059688568115234
0.2783074378967285
-0.09365826845169067
-0.03100895881652832
0.2440929412841797
-0.19882476329803467
0.030321121215820312
0.17749738693237305
0.06694400310516357
0.0560302734375
-0.05171966552734375
-0.021301746368408203
0.14138364791870117
0.34496641159057617
0.030564308166503906
0.3994121551513672
0.10171282291412354
-0.008962631225585938
0.14368343353271484
0.11502730846405029
0.1454753875732422
0.04226124286651611
-0.12392950057983398
0.39495086669921875
0.036376953125
0.29036402702331543
0.07972419261932373
-0.002960205078125
0.09110879898071289
0.06666111946105957
-0.4413580894470215
-0.18726158142089844
-0.06034970283508301
-0.025487422943115234
0.12869548797607422
0.41794824600219727
0.19479751586914062
0.1759343147277832
-0.1174933910369873
0.020940780639648438
0.14197683334350586
0.11495018005371094
0.17462515830993652
0.4555935859680176
0.543027400970459
-0.2292943000793457
-0.0038137435913085938
0.10096406936645508
0.18669915199279785
0.3218057155609131
0.2208341360092163
0.14534664154052734
0.14626646041870117
-0.24508333206176758
0.23843622207641602
-0.09766101837158203
0.2458658218383789
0.5121443271636963
0.4402956962585449
0.18697381019592285
0.09502005577087402
-0.30993175506591797
0.20590972900390625
0.059648752212524414
-0.01717829704284668
-0.08975076675415039
-0.3645913600921631
0.1439814567565918
-0.07092976570129395
0.06555509567260742
-0.13106560707092285
-0.31034350395202637
0.11435222625732422
0.31173133850097656
0.02455306053161621
-0.20706236362457275
-0.0893864631652832
-0.09636878967285156
-0.2260594367980957
-0.08116269111633301
0.08242368698120117
0.3351917266845703
0.34996771812438965
-0.16804063320159912
0.3966691493988037
0.22574448585510254
0.10941648483276367
-0.017547011375427246
0.2646327018737793
-0.2777676582336426
-0.0005178451538085938
0.12427091598510742
-0.2950429916381836
-0.021214962005615234
0.3349645137786865
-0.3611283302307129
0.13359570503234863
-0.07744967937469482
-0.24516868591308594
0.3943331241607666
0.5327749252319336
-0.25163841247558594
0.07097434997558594
0.10796141624450684
-0.021428823471069336
0.11546063423156738
0.2690749168395996
-0.15797114372253418
0.11728382110595703
0.16141486167907715
0.07729768753051758
-0.036052703857421875
0.09783530235290527
0.4926433563232422
0.2711830139160156
0.006169557571411133
0.2277688980102539
0.009008646011352539
0.11879467964172363
0.02550363540649414
0.23979592323303223
-0.2414569854736328
-0.007225751876831055
0.13110065460205078
-0.21939325332641602
0.20557832717895508
0.005477428436279297
0.06164050102233887
0.04421806335449219
0.16451549530029297
0.605898380279541
0.041060447692871094
0.039740562438964844
0.07557201385498047
0.03321695327758789
0.22649717330932617
-0.02172720432281494
-0.148154616355896
0.1577317714691162
0.26662588119506836
0.5373344421386719
-0.01032876968383789
-0.401164174079895
0.2484910488128662
0.05923175811767578
-0.12007761001586914
0.2680833339691162
-0.03766632080078125
0.20253705978393555
0.014267444610595703
0.058005332946777344
0.3218355178833008
-0.10791921615600586
-0.2962355613708496
0.049210548400878906
-0.23850202560424805
-0.27589941024780273
0.14297914505004883
0.43746113777160645
0.723560094833374
0.20400285720825195
-0.08539748191833496
0.09872031211853027
0.08609914779663086
-0.06432008743286133
0.14437437057495117
-0.12483668327331543
0.5317225456237793
-0.03255176544189453
-0.18098711967468262
0.19101238250732422
0.17214250564575195
-0.2916550636291504
-0.1909341812133789
0.009366989135742188
-0.10801935195922852
0.21045660972595215
0.20433664321899414
-0.14921212196350098
-0.14223122596740723
-0.18666839599609375
-0.014772653579711914
-0.15752339363098145
-0.03473782539367676
0.14961671829223633
0.089813232421875
-0.0863194465637207
-0.3745296001434326
0.0025048255920410156
-0.05538475513458252
-0.07772207260131836
-0.2546567916870117
0.29315662384033203
0.2340223789215088
0.034507036209106445
-0.18955516815185547
-0.10029315948486328
-0.039072513580322266
-0.1211237907409668
0.14483308792114258
0.12541484832763672
0.1461930274963379
0.19661712646484375
-0.04903364181518555
0.45041608810424805
0.011706352233886719
0.1708301305770874
0.09500551223754883
0.41873693466186523
-0.20086216926574707
0.020587921142578125
0.0434035062789917
0.3951387405395508
-0.22597599029541016
0.0993657112121582
0.3437221050262451
-0.12618303298950195
-0.11680841445922852
-0.17441260814666748
0.18640851974487305
-0.1961524486541748
-0.15014100074768066
-0.23525190353393555
0.3062400817871094
0.16713690757751465
0.13589096069335938
0.23050880432128906
-0.3625648021697998
-0.10001516342163086
0.29903626441955566
-0.07218503952026367
-0.09697508811950684
0.22134733200073242
0.4240999221801758
0.002096891403198242
-0.39932727813720703
-0.27589941024780273
0.07173848152160645
0.1764209270477295
0.28048229217529297
0.24770736694335938
-0.19299077987670898
0.1132814884185791
0.47613525390625
-0.11895406246185303