0.2707979679107666
0.09714889526367188
-0.10123109817504883
0.18157458305358887
0.06647992134094238
0.17807555198669434
0.21006989479064941
0.05092048645019531
0.14298009872436523
0.16254258155822754
0.11806321144104004
0.23318421840667725
0.24219655990600586
0.0682828426361084
0.6727004051208496
0.2795984745025635
0.047368526458740234
0.14952707290649414
0.10889172554016113
0.29242777824401855
-0.09145009517669678
0.1817338466644287
0.08135080337524414
0.09749364852905273
-0.0004241466522216797
-0.03485703468322754
0.3629370927810669
0.20622634887695312
0.11557149887084961
0.1277914047241211
0.06311368942260742
0.16121697425842285
0.23806142807006836
0.19201838970184326
0.054074764251708984
-0.13306641578674316
0.3174506425857544
0.18176007270812988
-0.0595088005065918
0.20553719997406006
0.33881545066833496
0.2613081932067871
0.1881483793258667
0.1804347038269043
0.3951432704925537
-0.12172102928161621
0.10019731521606445
0.0029158592224121094
0.3151710033416748
0.2718315124511719
0.169089674949646
0.3342031240463257
0.4419287443161011
0.14419925212860107
0.22478127479553223
0.381544828414917
0.26117563247680664
0.20018267631530762
0.3641030788421631
0.1203165054321289
0.20134902000427246
0.2018526792526245
0.31464099884033203
0.11954760551452637
0.30207645893096924
0.0933847427368164
0.218896746635437
0.2436809539794922
0.11435210704803467
0.10995221138000488
0.3927311897277832
0.23506617546081543
0.3189351558685303
0.2566695213317871
-0.17038846015930176
0.3431359529495239
0.1461343765258789
0.33913350105285645
0.2842899560928345
0.23026835918426514
0.07687103748321533
0.14740681648254395
0.033187150955200195
0.1746295690536499
0.19864511489868164
-0.17314505577087402
0.1801694631576538
0.4319617748260498
0.24768352508544922
0.07758665084838867
0.17895030975341797
0.15013694763183594
0.11342442035675049
0.23835301399230957
0.19668364524841309
0.2056429386138916
0.10258293151855469
0.28397202491760254
0.24985718727111816
0.06059563159942627
0.0889582633972168
-0.0733189582824707
0.2575974464416504
0.11946821212768555
0.37343382835388184
0.09288132190704346
0.32057857513427734
0.09102582931518555
0.12211883068084717
0.0733189582824707
-0.21555674076080322
0.30766940116882324
0.17460310459136963
0.41828417778015137
0.34963035583496094
0.14165472984313965
0.27731871604919434
0.2814006805419922
0.16272783279418945
0.16378819942474365
0.26380014419555664
0.2060939073562622
0.19745230674743652
0.22785639762878418
0.03472447395324707
0.15101170539855957
0.23938679695129395
0.009436368942260742
0.3937385082244873
-0.01304161548614502
0.1713162660598755
0.0093306303024292
0.17812860012054443
-0.002889275550842285
0.02857494354248047
-0.0335315465927124
0.04092717170715332
0.3291935920715332
0.2687833309173584
0.05659294128417969
0.13571739196777344
0.3339911699295044
0.3059730529785156
0.5669366121292114
0.17778420448303223
0.46750807762145996
-0.1651400327682495
0.18528544902801514
0.25722622871398926
0.05176901817321777
0.10144329071044922
0.21587491035461426
0.25348854064941406
0.06231844425201416
0.07626128196716309
0.06051599979400635
0.18684959411621094
0.11840784549713135
0.5468707084655762
0.09818291664123535
0.38925862312316895
0.041536808013916016
0.13974618911743164
0.22931408882141113
0.16498100757598877
0.46965527534484863
0.07957470417022705
0.24694132804870605
0.0951080322265625
-0.019800901412963867
0.21987760066986084
0.3911142349243164
0.2498835325241089
0.1130533218383789
0.12805640697479248
0.07199358940124512
0.1157834529876709
0.4386415481567383
-0.38682007789611816
0.2616795301437378
0.14223766326904297
0.2311694622039795
0.19135570526123047
0.12097907066345215
0.09089326858520508
0.2587902545928955
-0.1773068904876709
0.17733335494995117
0.24786913394927979
0.13489532470703125
-0.22311151027679443
0.3312873840332031
0.17521286010742188
0.11228442192077637
0.08392190933227539
0.07448530197143555
0.38165104389190674
0.06748747825622559
0.13913631439208984
0.17857933044433594
0.2581009864807129
-0.276019811630249
0.388171911239624
-0.007925629615783691
0.04763352870941162
0.15379488468170166
0.1761937141418457
0.05948221683502197
0.36916613578796387
0.03838241100311279
0.2927725315093994
0.042676687240600586
0.14003777503967285
0.18915581703186035
0.3044090270996094
0.1137690544128418
0.22154748439788818
0.2007390260696411
0.21651113033294678
0.17436456680297852
0.07456481456756592
0.15633976459503174
0.005858182907104492
0.0372161865234375
0.11334514617919922
0.15830111503601074
-0.021258831024169922
0.255291223526001
0.6231054067611694
0.24747145175933838
0.11904394626617432
-0.09277534484863281
0.10091304779052734
0.12765872478485107
0.11469686031341553
0.14873206615447998
-0.2245163917541504
0.39116692543029785
0.17277419567108154
0.12665152549743652
0.33295750617980957
0.15811562538146973
-0.1746295690536499
0.0139693021774292
0.022716641426086426
0.22080540657043457
0.29370009899139404
0.3147468566894531
0.1344447135925293
0.14899706840515137
0.31628406047821045
0.2881866693496704
0.06557893753051758
0.03392922878265381
0.34666144847869873
0.178314208984375
0.08811008930206299
0.29131460189819336
0.20031523704528809
0.2423555850982666
0.17834055423736572
0.1071157455444336
0.2502812147140503
0.10870611667633057
0.2494065761566162
0.5177127122879028
0.25751781463623047
0.16193246841430664
0.2139664888381958
0.17309212684631348
0.04781901836395264
0.06754052639007568
0.14329814910888672
0.2478954792022705
0.07135748863220215
0.3149590492248535
0.569587230682373
0.22093796730041504
0.06952846050262451
0.18133604526519775
-0.014154791831970215
0.10799038410186768
0.27143394947052
0.19843316078186035
0.22512590885162354
0.2385120391845703
0.2002887725830078
0.05879330635070801
0.31925320625305176
0.06592345237731934
0.1593613624572754
0.13969314098358154
0.48526787757873535
-0.2261066436767578
0.3862636089324951
0.2924013137817383
-0.09457778930664062
0.20983123779296875
0.1612699031829834
0.0542604923248291
0.16818833351135254
0.14329814910888672
0.15962672233581543
0.19284021854400635
0.23872411251068115
0.1199188232421875
0.1956498622894287
0.25749123096466064
0.18350958824157715
0.21730637550354004
0.09452462196350098
0.29152655601501465
0.2794921398162842
-0.02003931999206543
0.1258561611175537
0.2886636257171631
0.21539759635925293
0.31591320037841797
0.1551201343536377
0.19411230087280273
0.15082621574401855
0.29425668716430664
0.2577563524246216
0.19074630737304688
0.1762995719909668
0.2183666229248047
0.20280683040618896
0.2525343894958496
0.055294036865234375
0.036606550216674805
0.27275943756103516
0.17974519729614258
0.12426590919494629
0.10857367515563965
-0.017203330993652344
0.2998497486114502
0.31151294708251953
0.36919260025024414
0.1832975149154663
0.12569737434387207
-0.08575093746185303
0.554398775100708
0.2007129192352295
0.4365476369857788
0.2016141414642334
0.2173062562942505
0.48195433616638184
0.6152591705322266
0.14560437202453613
0.17022943496704102
-0.004082083702087402
0.0676729679107666
0.1404353380203247
0.10239744186401367
0.20999014377593994
0.193953275680542
0.1937943696975708
0.11368954181671143
0.17656469345092773
0.05773282051086426
0.3437991142272949
-0.032047152519226074
0.14202570915222168
0.14883804321289062
0.18891680240631104
0.31400465965270996
0.03406190872192383
0.14027619361877441
0.5413041114807129
0.09306669235229492
-0.025287866592407227
0.17773103713989258
0.09805011749267578
0.08826911449432373
0.23090457916259766
0.2749595642089844
0.1615084409713745
0.25452232360839844
0.34512412548065186
0.24643778800964355
0.05730867385864258
0.4200866222381592
0.2520836591720581
0.0784614086151123
0.05084085464477539
0.07848799228668213
0.04864072799682617
0.33356714248657227
0.20951330661773682
0.23254787921905518
0.08310019969940186
0.14857304096221924
0.1589905023574829
0.1937943696975708
0.2529585361480713
0.14123070240020752
0.10541927814483643
0.4584161043167114
0.09720206260681152
-0.09264278411865234
0.1900038719177246
0.3045682907104492
0.2811887264251709
0.1064000129699707
0.15143585205078125
0.30838513374328613
0.35588622093200684
0.18515300750732422
0.1627810001373291
0.13667118549346924
0.2510499954223633
0.07156956195831299
0.33499836921691895
0.26316380500793457
0.44060325622558594
-0.06372320652008057
0.25934696197509766
0.15363597869873047
0.04108619689941406
-0.13301336765289307
0.11843430995941162
0.13558459281921387
0.08887887001037598
0.1649014949798584
0.20264768600463867
0.18083226680755615
-0.08970046043395996
0.015453815460205078
0.08251690864562988
0.3841691017150879
0.19853901863098145
0.15146243572235107
0.22841286659240723
0.1095808744430542
0.2100433111190796
0.1922835111618042
0.1431124210357666
0.10836160182952881
-0.012087345123291016
0.16850638389587402
0.1213235855102539
0.21916186809539795
0.008508801460266113
0.13905692100524902
0.1013106107711792
0.36028623580932617
0.442113995552063
0.22891652584075928
0.1641327142715454
0.2064647674560547
0.1416015625
0.2850058078765869
0.055797696113586426
0.03779935836791992
0.028389334678649902
0.4731011390686035
0.034114718437194824
0.10390841960906982
-0.03758740425109863
-0.03970777988433838
0.40500402450561523
0.2635878324508667
0.34467363357543945
0.3715519905090332
0.13767850399017334
0.16678357124328613
0.22114980220794678
0.11692333221435547
0.13812923431396484
0.0537567138671875
0.24529790878295898
0.25200438499450684
0.19286668300628662
0.22780323028564453
0.12760591506958008
0.22968530654907227
0.21256160736083984
0.09402108192443848
0.15588903427124023
0.44715046882629395
0.44009971618652344
0.24778962135314941
0.27912116050720215
0.0962212085723877
0.28752386569976807
0.2102816104888916
0.47967529296875
0.21640491485595703
0.332003116607666
0.2016669511795044
0.19967901706695557
0.03472459316253662
0.08911728858947754
0.17001724243164062
0.2749859094619751
0.03716325759887695
0.42249882221221924
0.2623155117034912
-0.012458562850952148
0.1760876178741455
0.19281363487243652
0.18117690086364746
0.14663803577423096
0.39925193786621094
0.17971885204315186
0.2720435857772827
0.10515427589416504
-0.0011397600173950195
0.1903219223022461
0.21828711032867432
0.06022453308105469
0.23776984214782715
0.21656405925750732
0.43848252296447754
0.620879054069519
0.2258152961730957
0.15077316761016846
0.17041516304016113
0.21788954734802246
0.38422250747680664
0.46419453620910645
0.09274864196777344
0.07644689083099365
-0.016169428825378418
0.18300604820251465
0.1172415018081665
0.207763671875
0.2869143486022949
0.1281360387802124
-0.14284753799438477
0.16299283504486084
0.2343769073486328
0.08161568641662598
0.16455698013305664
0.32694029808044434
0.1990957260131836
0.3147733211517334
0.1331193447113037
0.3880128860473633
0.5070302486419678
0.18008995056152344
0.10401427745819092
0.3179013729095459
0.1997852325439453
0.28034043312072754
0.28797447681427
-0.1261744499206543
0.3659590482711792
0.19090509414672852
-0.12848055362701416
0.21820735931396484
0.2530381679534912
-0.046387672424316406
0.29295778274536133
0.2819044589996338
0.1265721321105957
0.11501479148864746
0.06687784194946289
0.16007709503173828
0.06653320789337158
0.03207385540008545
0.5401113033294678
0.6382942199707031
0.27042675018310547
0.327364444732666
0.02637481689453125
-0.018024921417236328
0.11334490776062012
0.29902803897857666
0.16055428981781006
0.13850045204162598
0.14618706703186035
0.19851267337799072
0.14671754837036133
0.0904160737991333
0.16908955574035645
0.5314168930053711
0.5737223625183105
0.21269404888153076
0.3055753707885742
0.1162872314453125
0.18510007858276367
0.24391961097717285
0.12845396995544434
0.23501312732696533
0.43755483627319336
0.29004204273223877
0.12198615074157715
0.22981762886047363
0.14398717880249023
0.09160900115966797
0.0014579296112060547
-0.30578744411468506
0.11339807510375977
-0.06769955158233643
0.3122551441192627
0.273157000541687
0.16765820980072021
0.3184312582015991
0.04158985614776611
-0.004373669624328613
-0.044956207275390625
0.0651017427444458
0.3164966106414795
0.043524861335754395
-0.012643933296203613
0.049091339111328125
0.20561659336090088
0.06701040267944336
-0.09062814712524414
0.2928783893585205
0.33908045291900635
0.2373192310333252
0.21091806888580322
0.31670844554901123
-0.031835079193115234
0.1768561601638794
0.21454954147338867
0.0769505500793457
0.01190173625946045
0.15649878978729248
0.056858062744140625
0.18920862674713135
0.04158985614776611
0.12983238697052002
0.2273789644241333
-0.3106117248535156
0.021550416946411133
0.29648327827453613
0.04585742950439453
0.20638537406921387
0.36261892318725586
0.46244513988494873
0.24794864654541016
0.14515364170074463
0.16985845565795898
0.3363502025604248
0.022053956985473633
0.07480347156524658
0.15962648391723633
0.1282418966293335
0.09402108192443848
0.3615586757659912
0.28275275230407715
0.3115658760070801
0.04180192947387695
0.2505466938018799
0.052086710929870605
0.13518691062927246
0.16869211196899414
0.193131685256958
0.24611973762512207
0.07602274417877197
0.35527634620666504
0.1868760585784912
0.44463229179382324
0.1723499298095703
0.15347695350646973
0.17242956161499023
0.21746528148651123
0.3722677230834961
0.16376161575317383
0.3569197654724121
0.07188761234283447
0.3700674772262573
0.029688119888305664
0.3461313247680664
0.2729450464248657
-0.006547331809997559
0.15469610691070557
0.4865138530731201
-0.04832267761230469
0.30122828483581543
0.0925368070602417
0.27639102935791016
0.11557149887084961
0.26915454864501953
0.33550214767456055
0.18242275714874268
0.3811209201812744
0.19628620147705078
0.3285837173461914
0.2038670778274536
0.05282890796661377
0.2119518518447876
0.24455583095550537
0.19636571407318115
0.1831650733947754
0.07803726196289062
0.14735352993011475
0.20930111408233643
0.14398741722106934
0.3255883455276489
0.12129712104797363
0.15925538539886475
0.1638944149017334
0.4577004909515381
0.36275148391723633
0.18130946159362793
0.46480441093444824
0.18308532238006592
0.18321800231933594
0.09611523151397705
0.11808955669403076
0.4099874496459961
0.12028980255126953
0.25592732429504395
-0.005195498466491699
0.13497471809387207
0.26353490352630615
0.2120048999786377
0.18268775939941406
0.2867022752761841
0.10009121894836426
0.30101609230041504
0.18926167488098145
0.003021836280822754
-0.01084136962890625
0.3410952091217041
0.15835416316986084
-0.01667308807373047
0.2878684997558594
0.1188584566116333
0.3067946434020996
0.12063431739807129
0.26064562797546387
0.200209379196167
0.2711426019668579
0.14255595207214355
0.13537240028381348
0.1282949447631836
0.1559154987335205
-0.011504173278808594
0.20853209495544434
0.41475892066955566
0.15570342540740967
0.03517508506774902
0.18801581859588623
0.2598240375518799
0.12911665439605713
0.23405873775482178
0.05598330497741699
0.02261066436767578
0.26369404792785645
0.42231321334838867
0.0993492603302002
0.2504934072494507
0.18467581272125244
0.25401878356933594
0.0279386043548584
0.23549020290374756
0.22690188884735107
0.27981019020080566
0.25438976287841797
0.24203753471374512
0.1022648811340332
0.3658263683319092
0.1666243076324463
0.049435973167419434
0.2865166664123535
0.32805347442626953
0.2961918115615845
0.15183353424072266
0.17009687423706055
0.24773669242858887
-0.08646655082702637
0.1194150447845459
0.3230702877044678
0.14364278316497803
0.21966564655303955
0.07475042343139648
0.25057291984558105
0.14748620986938477
0.14963340759277344
0.331684947013855
0.2157689332962036
0.05327951908111572
0.01831650733947754
-0.0033930540084838867
0.3100285530090332
0.22014284133911133
0.20991086959838867
0.25653696060180664
0.19864511489868164
0.055506110191345215
0.4419287443161011
0.2662651538848877
0.11021709442138672
0.12063455581665039
0.330968976020813
0.3009364604949951
-0.029767751693725586
0.2448737621307373
0.26523125171661377
0.222581148147583
0.24206387996673584
-0.16413283348083496
0.2688100337982178
0.18504703044891357
-0.07456481456756592
0.042597055435180664
0.2570672035217285
0.07162261009216309
0.07159602642059326
0.2831237316131592
0.1838541030883789
0.12174773216247559
0.28304409980773926
0.2230318784713745
0.3608429431915283
0.1312638521194458
0.2926664352416992
0.037534356117248535
0.21860504150390625
0.1365652084350586
0.13643276691436768
0.31925296783447266
0.16217124462127686
0.24360144138336182
0.3670189380645752
0.06425344944000244
0.24985718727111816
-0.06459808349609375
0.11936211585998535
0.18751227855682373
0.21500027179718018
0.5098931789398193
0.4120817184448242
0.16132307052612305
0.1971607208251953
0.13916301727294922
0.4558448791503906
0.013174057006835938
0.11032295227050781
0.21338319778442383
0.2006068229675293
0.17598140239715576
0.21751832962036133
-0.008164167404174805
0.3252437114715576
0.12887811660766602
0.21568942070007324
0.16198551654815674
0.28007543087005615
0.08222544193267822
0.12100553512573242
0.08143019676208496
0.1604217290878296
-0.03164958953857422
0.050310730934143066
0.1541130542755127
0.10934245586395264
0.163496732711792
0.1055518388748169
0.5607340335845947
0.1324831247329712
0.07003211975097656
0.21497368812561035
0.027620553970336914
0.03000617027282715
0.4145996570587158
0.1924424171447754
0.06268966197967529
0.12203919887542725
0.16577625274658203
0.11997175216674805
0.05847477912902832
0.030536413192749023
0.03066849708557129
0.09052228927612305
0.3018643856048584
0.2920567989349365
0.2068624496459961
-0.14027631282806396
0.2798900604248047
0.19109058380126953
-0.01675248146057129
0.2734220027923584
0.04164290428161621
0.13256263732910156
0.11148953437805176
0.15901672840118408
0.1700969934463501
0.2501487731933594
0.13683032989501953
0.08479642868041992
0.1302034854888916
0.2603806257247925
0.14759230613708496
0.13476276397705078
0.11273527145385742
0.35344743728637695
0.28195738792419434
0.33255982398986816
0.18348288536071777
0.12129712104797363
0.2419581413269043
0.21680283546447754
-0.16434478759765625
0.06125807762145996
0.29120826721191406
0.348410964012146
0.029131770133972168
0.2273792028427124
0.1520453691482544
-0.06563174724578857
0.09998536109924316
0.06404149532318115
0.24993658065795898
0.23411190509796143
0.1915147304534912
0.48476457595825195
0.16940760612487793
0.2166435718536377
0.23570239543914795
0.09858047962188721
0.19058704376220703
0.0025976896286010742
-0.1069035530090332
0.051583051681518555
0.25025486946105957
0.21197819709777832
0.01062929630279541
0.013889789581298828
0.1747356653213501
0.17521286010742188
0.281612753868103
0.08810997009277344
0.2234560251235962
0.375262975692749
0.164636492729187
0.28264665603637695
0.1273406744003296
0.2388300895690918
0.01797199249267578
0.058713555335998535
0.1315288543701172
0.13391458988189697
0.14404034614562988
0.18499398231506348
0.36010074615478516
0.3105323314666748
0.01577162742614746
-0.04371047019958496
0.5072159767150879
0.21505320072174072
0.2784850597381592
-0.011928200721740723
0.11679089069366455
0.313183069229126
0.18175983428955078
0.2311166524887085
0.13566410541534424
0.4012134075164795
0.2760196924209595
0.23305153846740723
-0.07390213012695312
0.3111686706542969
0.3431892395019531
0.035095930099487305
0.14952707290649414
0.05752062797546387
0.3297765254974365
0.06478369235992432
0.03337264060974121
0.1336231231689453
0.2873915433883667
0.4201925992965698
0.12559127807617188
0.0015903711318969727
0.0991901159286499
0.020145535469055176
0.18006348609924316
0.16111087799072266
-0.05089378356933594
0.03286886215209961
0.19037508964538574
-0.06987309455871582
0.4113924503326416
0.03700375556945801
0.2093806266784668
0.357635498046875
0.13868582248687744
0.260433554649353
0.12089943885803223
0.03986692428588867
0.06587052345275879
0.31538307666778564
0.24323034286499023
-0.09327912330627441
0.19207119941711426
0.10133707523345947
0.17431151866912842
0.23697471618652344
0.38149213790893555
0.17028236389160156
0.1520986557006836
0.20357561111450195
0.19766449928283691
0.26552319526672363
-0.031252145767211914
0.34022021293640137
0.1651930809020996
0.2928783893585205
0.3565751314163208
0.46027159690856934
0.3448061943054199
0.20142853260040283
0.32267236709594727
0.216033935546875
-0.016514062881469727
0.12100553512573242
-0.04119217395782471
0.02295529842376709
0.2514474391937256
0.2137012481689453
-0.19997060298919678
0.20479464530944824
0.36969637870788574
-0.02337932586669922
0.15419268608093262
0.00911855697631836
0.3615851402282715
0.21746540069580078
0.10655927658081055
0.15241658687591553
0.0900183916091919
0.14878511428833008
0.10693001747131348
0.4851353168487549
0.20227670669555664
0.26740503311157227
0.10526013374328613
-0.07872641086578369
-0.18409252166748047
0.18014311790466309
0.22313785552978516
0.05704355239868164
0.26358795166015625
0.12119102478027344
0.08108556270599365
-0.16744613647460938
0.2421170473098755
0.14714157581329346
0.17134249210357666
0.0036050081253051758
0.18801569938659668
0.13709545135498047
0.2578887939453125
0.16068685054779053
0.21807503700256348
0.21195173263549805
0.06080770492553711
0.287603497505188
0.10313963890075684
0.15877830982208252
0.10425293445587158
0.2913939952850342
0.14186668395996094
0.10234451293945312
0.09762609004974365
0.5118281841278076
-0.13415312767028809
0.0568314790725708
0.3616645336151123
0.2837333679199219
0.12458395957946777
0.055082082748413086
-0.051158905029296875
0.09245729446411133
0.1203165054321289
0.23771679401397705
0.09346449375152588
0.35387158393859863
0.19784998893737793
0.19880425930023193
0.06584405899047852
0.29192423820495605
0.249353289604187
0.16174674034118652
0.1893939971923828
0.5332989692687988
0.29274582862854004
-0.09431266784667969
0.03260385990142822
0.2037346363067627
0.27737176418304443
0.20627927780151367
0.23898935317993164
0.12689006328582764
0.10971343517303467
0.3081200122833252
0.1549612283706665
0.15840721130371094
0.1468501091003418
0.16095185279846191
0.1945631504058838
0.13314580917358398
0.19639205932617188
0.1106412410736084
-0.012935638427734375
0.18160104751586914
-0.13871240615844727
0.3196241855621338
0.25934672355651855
0.17659127712249756
-0.05876636505126953
0.44895315170288086
0.1671280860900879
0.18311190605163574
0.19191241264343262
0.06202685832977295
0.09380912780761719
0.12826848030090332
0.17176687717437744
0.038673996925354004
0.15671074390411377
0.1296999454498291
0.16598820686340332
0.18963265419006348
0.26273977756500244
-0.1919388771057129
0.17309236526489258
0.15151536464691162
0.039601802825927734
0.2930638790130615
0.479144811630249
0.16879796981811523
0.24187839031219482
0.26629161834716797
0.04140424728393555
0.28821325302124023
0.4031749963760376
0.09786474704742432
0.22576212882995605
0.21203136444091797
0.06025099754333496
0.06807053089141846
0.4516303539276123
0.42504358291625977
0.17394042015075684
-0.03292191028594971
0.2627131938934326
0.3775160312652588
0.1520456075668335
0.5511648654937744
0.17786359786987305
0.16887760162353516
0.1875917911529541
0.18918204307556152
0.32264602184295654
0.2841310501098633
-0.22486090660095215
0.14592218399047852
-0.1065061092376709
0.18194580078125
0.168135404586792
0.3696434497833252
0.17971885204315186
0.13783776760101318
0.14700913429260254
0.0019085407257080078
0.19130277633666992
0.003976106643676758
0.07469737529754639
0.22223663330078125
0.19315814971923828
0.26186513900756836
0.2578624486923218
0.10613501071929932
0.05741465091705322
0.10123097896575928
0.1900569200515747
0.25611305236816406
0.06695723533630371
0.14046168327331543
0.16914260387420654
0.23779630661010742
-0.12211883068084717
0.20169341564178467
0.2046358585357666
0.22472810745239258
0.1418401002883911
0.21415185928344727
0.19066643714904785
0.28444910049438477
0.20548415184020996
0.12153565883636475
0.26952576637268066
0.14165472984313965
0.16063380241394043
0.01916491985321045
0.12479603290557861
0.19678974151611328
0.2654433250427246
0.16415929794311523
0.15225768089294434
0.13020360469818115
0.055718302726745605
0.22668981552124023
0.069793701171875
-0.10936880111694336
0.15970587730407715
0.24495327472686768
0.2675374746322632
0.24678242206573486
0.3516714572906494
0.017096996307373047
-0.012246370315551758
0.16052794456481934
0.3201543092727661
0.2768416404724121
0.32240748405456543
0.4067268371582031
0.07546603679656982
0.02502286434173584
0.2093275785446167
0.5770623683929443
0.19570302963256836
0.016381263732910156
0.0319676399230957
0.1612699031829834
0.3178746700286865
-0.16972589492797852
0.268332839012146
0.11636662483215332
-0.059720754623413086
0.15058767795562744
0.004665255546569824
0.23474788665771484
0.19366180896759033
0.16060733795166016
0.0454864501953125
0.24540376663208008
0.15331792831420898
0.1688246726989746
0.06377649307250977
0.11790406703948975
-0.04477071762084961
0.09404754638671875
0.0352017879486084
-0.16800284385681152
0.1432182788848877
0.16460978984832764
0.09335851669311523
0.3290606737136841
0.3478279113769531
0.07045626640319824
0.23432409763336182
0.2949986457824707
0.2612287998199463
0.5285806655883789
0.2964566946029663
0.06844174861907959
0.22276687622070312
0.39829766750335693
0.11236417293548584
0.36715173721313477
0.03472423553466797
0.15252256393432617
0.19641876220703125
0.5238094329833984
0.14661157131195068
0.38674044609069824
0.17722749710083008
0.1446232795715332
0.12214529514312744
0.22120285034179688
0.17754554748535156
0.07459127902984619
0.04585754871368408
0.3108236789703369
0.415289044380188
0.29229533672332764
-0.19673669338226318
0.09099936485290527
0.20551049709320068
-0.09134387969970703
0.2678290605545044
0.36818552017211914
0.216033935546875
0.06343185901641846
0.08005177974700928
0.19578254222869873
0.21624600887298584
0.10502171516418457
0.2095397710800171
0.3973963260650635
0.1924954652786255
0.1440138816833496
-0.03652691841125488
-0.016593456268310547
0.02102029323577881
0.16068673133850098
0.2521634101867676
0.4706624746322632
0.17409932613372803
0.234483003616333
0.22152090072631836
0.11339795589447021
0.18218445777893066
0.22684895992279053
0.21404588222503662
0.019005775451660156
0.23146116733551025
0.1897122859954834
0.06160295009613037
0.38623690605163574
0.1085737943649292
0.22867798805236816
0.19146156311035156
0.14017033576965332
0.13266849517822266
0.17818140983581543
0.16598844528198242
0.33428263664245605
0.14581608772277832
0.506818413734436
0.14801645278930664
0.4092980623245239
0.28113555908203125
0.03488349914550781
0.2721230983734131
0.17704200744628906
0.1897122859954834
0.1519923210144043
0.2080552577972412
0.3046739101409912
0.09521400928497314
0.161773681640625
0.20924806594848633
0.14761888980865479
0.1909846067428589
0.32420992851257324
-0.019721388816833496
0.10194683074951172
0.15665769577026367
0.2016141414642334
0.2671663761138916
0.17929506301879883
0.11938858032226562
-0.12296712398529053
0.19562339782714844
0.09296107292175293
0.32155919075012207
0.14483559131622314
0.3010956048965454
0.2016139030456543
0.22634518146514893
0.43206799030303955
0.23599398136138916
0.21439051628112793
0.22348237037658691
0.21913528442382812
0.17107748985290527
0.23443007469177246
0.2112891674041748
0.3163900375366211
-0.08328568935394287
0.2601950168609619
0.18342995643615723
0.2265838384628296
0.17531847953796387
0.16580259799957275
0.4359644651412964
0.29857730865478516
0.14059436321258545
0.07289481163024902
0.23617959022521973
0.08156275749206543
0.06891894340515137
0.21963882446289062
0.21409881114959717
0.17961299419403076
0.027752995491027832
0.15140938758850098
0.23209714889526367
0.33791422843933105
0.10602915287017822
0.3000352382659912
0.20537805557250977
0.269287109375
0.24516534805297852
0.23199129104614258
0.1809384822845459
0.036606550216674805
0.14091241359710693
0.319730281829834
0.4530881643295288
0.3482520580291748
-0.007899165153503418
0.07596957683563232
0.1326155662536621
0.16871857643127441
0.08596277236938477
0.19742584228515625
0.29544973373413086
0.1371217966079712
-0.011186003684997559
0.37422895431518555
0.15164780616760254
0.07265627384185791
0.17897677421569824
0.1443319320678711
0.1324831247329712
0.01746833324432373
0.28007543087005615
-0.12283444404602051
0.09436571598052979
0.30878281593322754
0.0915825366973877
0.40033864974975586
0.24582815170288086
0.22899603843688965
0.25099706649780273
-0.0029953718185424805
0.05805075168609619
0.1617734432220459
0.23686861991882324
0.20423829555511475
0.3001413345336914
0.12233090400695801
0.3023414611816406
0.16850638389587402
0.47967493534088135
0.4977262020111084
0.18075287342071533
0.26764345169067383
0.47699761390686035
0.13107824325561523
0.08726179599761963
0.12280809879302979
0.31026697158813477
0.19554388523101807
0.20543110370635986
0.10093951225280762
-0.17232346534729004
0.3304924964904785
0.03819704055786133
0.24187850952148438
-0.05444598197937012
0.2161400318145752
0.24662339687347412
0.28556275367736816
0.23739886283874512
0.679088830947876
0.13136982917785645
0.26782917976379395
0.4800194501876831
0.483412504196167
0.23925447463989258
0.3134479522705078
0.3801140785217285
0.1460282802581787
0.25924062728881836
-0.07620835304260254
0.10507464408874512
-0.03432667255401611
0.23904216289520264
0.14923596382141113
0.21314465999603271
0.04657316207885742
0.30435609817504883
0.2703739404678345
0.10173475742340088
0.19885718822479248
0.15302634239196777
0.035890817642211914
0.3073514699935913
0.39220094680786133
0.2709568738937378
0.05937623977661133
0.36352014541625977
-0.08121824264526367
0.21831345558166504
0.31896138191223145
0.3287692070007324
0.274747371673584
0.13094568252563477
0.08805704116821289
0.056142330169677734
0.11477625370025635
0.19260156154632568
0.14565730094909668
0.08792448043823242
0.1540600061416626
0.2605130672454834
0.13932204246520996
0.08755338191986084
0.1532118320465088
0.2894325256347656
-0.07308042049407959
0.1891024112701416
0.1008598804473877
-0.3373309373855591
-0.10210585594177246
0.21786284446716309
0.20166707038879395
0.4304776191711426
0.05805087089538574
0.09235119819641113
0.17918896675109863
0.19631266593933105
0.05396866798400879
0.19053387641906738
0.127923846244812
0.33680081367492676
0.17107760906219482
0.12731420993804932
-0.005460500717163086
0.3748915195465088
0.1392955780029297
0.3655877113342285
0.17889738082885742
-0.007050991058349609
0.007395625114440918
0.10518062114715576
0.1902158260345459
0.26520490646362305
0.1585397720336914
0.2811092138290405
0.1012575626373291
0.016725778579711914
0.08129763603210449
0.13261568546295166
0.33269238471984863
0.21322417259216309
0.25409841537475586
0.1632845401763916
0.11342453956604004
0.02936995029449463
0.09964072704315186
0.13205909729003906
0.17245590686798096
0.27116894721984863
0.09783816337585449
-0.18263483047485352
0.13884496688842773
0.07604920864105225
0.21815454959869385
0.25089097023010254
-0.020172119140625
-0.08991241455078125
-0.01932382583618164
0.12097907066345215
0.22011613845825195
0.1456838846206665
0.1370687484741211
0.04675877094268799
0.3238654136657715
0.2168821096420288
0.1519395112991333
0.15721428394317627
0.06541979312896729
0.07734823226928711
0.11983919143676758
0.06936931610107422
0.2416398525238037
0.31201648712158203
0.1168438196182251
0.32243382930755615
0.17060041427612305
0.12007761001586914
0.09513425827026367
0.13258910179138184
0.1892085075378418
0.2411363124847412
0.15737342834472656
0.16943418979644775
0.2005535364151001
0.09688377380371094
0.29221582412719727
0.20190560817718506
-0.09645986557006836
0.29285192489624023
0.1090242862701416
0.256483793258667
0.26038050651550293
0.07103931903839111
0.30260658264160156
0.20081889629364014
0.2521369457244873
0.09481632709503174
0.2693135738372803
0.48558592796325684
0.34671473503112793
0.22483444213867188
-0.018290042877197266
0.19519948959350586
0.055214524269104004
0.048746585845947266
0.23729276657104492
0.19700169563293457
0.13447117805480957
0.1852325201034546
0.272017240524292
0.17221736907958984
0.12723469734191895
0.1688246726989746
0.21248197555541992
0.11930906772613525
0.15649867057800293
-0.06881272792816162
0.21396636962890625
0.23928093910217285
0.22202444076538086
0.18443775177001953
0.1801697015762329
0.009754657745361328
-0.05004560947418213
0.07718873023986816
0.46085476875305176
0.16946065425872803
-0.0398404598236084
0.3437192440032959
0.21258807182312012
0.17160773277282715
-0.11591613292694092
0.2288370132446289
0.0004769563674926758
0.04400205612182617
-0.01982736587524414
0.24476778507232666
0.5351545810699463
0.10804343223571777
0.3530232906341553
0.33250677585601807
0.42528200149536133
0.26215648651123047
0.22443664073944092
0.2533297538757324
0.17672371864318848
0.28495264053344727
0.11546564102172852
0.30220890045166016
0.588619589805603
0.8247723579406738
0.20079219341278076
0.22024869918823242
0.26244819164276123
-0.2988954782485962
0.22284626960754395
0.32288455963134766
0.308146595954895
0.21651101112365723
0.1467442512512207
0.26493990421295166
0.042464494705200195
0.18719422817230225
0.16885113716125488
-0.26883625984191895
0.15029609203338623
0.04463815689086914
0.10976624488830566
0.23400592803955078
0.17969250679016113
0.26690125465393066
0.0711984634399414
-0.06976711750030518
0.33923959732055664
0.24725961685180664
0.13232409954071045
0.18804240226745605
0.18236982822418213
0.20410573482513428
0.4225780963897705
0.34798717498779297
0.29348814487457275
0.19220376014709473
0.04675877094268799
0.09741413593292236
0.3034813404083252
0.15960001945495605
0.221388578414917
0.13905692100524902
0.20710086822509766
0.21749186515808105
0.4356198310852051
0.03324007987976074
0.3232293128967285
-0.20344305038452148
0.31845784187316895
0.15066730976104736
0.16442441940307617
0.2679617404937744
0.3081996440887451
0.2684652805328369
0.22295236587524414
0.10822939872741699
-0.22242212295532227
0.16956675052642822
0.25311756134033203
0.4159517288208008
0.22865140438079834
0.22714054584503174
0.2499101161956787
0.19633913040161133
0.101920485496521
0.2125084400177002
0.4935380220413208
0.17810213565826416
0.4232673645019531
0.31877613067626953
0.4910728931427002
0.2287839651107788
0.13139653205871582
0.24193143844604492
0.1769622564315796
0.2863575220108032
0.0444258451461792
0.1570286750793457
0.062212347984313965
0.1906135082244873
0.24696779251098633
0.24495327472686768
0.006812572479248047
0.08174824714660645
0.14510059356689453
0.25054633617401123
0.014366984367370605
0.2570936679840088
0.04325985908508301
0.30568134784698486
-0.09415388107299805
0.2439725399017334
0.17738640308380127
0.1640002727508545
0.044585227966308594
0.1427680253982544
0.1821047067642212
0.35456085205078125
-0.030854225158691406
-0.006732821464538574
0.3211348056793213
0.2956881523132324
0.23556995391845703
0.1834566593170166
0.16092538833618164
0.1712101697921753
0.17876482009887695
0.35506439208984375
0.03689777851104736
0.022213220596313477
0.2854299545288086
0.37632322311401367
0.12270212173461914
0.1928403377532959
0.2643563747406006
0.46013903617858887
0.1505875587463379
0.2596118450164795
0.16765820980072021
0.25823330879211426
0.24919462203979492
0.17749249935150146
0.12195968627929688
0.46514892578125
0.1308131217956543
0.21404600143432617
0.20739245414733887
0.3843284845352173
0.12681055068969727
0.19946694374084473
0.25696098804473877
0.02523493766784668
0.3138720989227295
0.07551908493041992
0.14123058319091797
0.07162261009216309
0.10751330852508545
0.2134096622467041
0.09924304485321045
0.22679603099822998
0.14891743659973145
-0.15962660312652588
0.4861164093017578
0.01447296142578125
0.005805253982543945
0.19917535781860352
0.28505873680114746
0.2112891674041748
0.20452988147735596
0.00911855697631836
0.1335434913635254
0.19906926155090332
0.1577446460723877
0.1989898681640625
0.1763526201248169
0.11928272247314453
0.24296534061431885
0.06152355670928955
0.1816539764404297
0.18549764156341553
0.14889109134674072
0.21637845039367676
0.15215134620666504
0.29314374923706055
0.3610548973083496
0.025049209594726562
0.19400644302368164
0.0610196590423584
0.08940887451171875
0.11429917812347412
0.19453668594360352
0.26745784282684326
0.3603391647338867
0.09492242336273193
0.26960504055023193
0.22054016590118408
0.18104445934295654
0.17900347709655762
0.1614820957183838
0.16360259056091309
-0.0216829776763916
0.2142047882080078
0.19678950309753418
0.24148082733154297
0.16739296913146973
0.16028916835784912
0.070747971534729
0.14838755130767822
0.19570302963256836
0.2686506509780884
0.12214529514312744
0.20187914371490479
0.15074658393859863
0.278378963470459
0.12262225151062012
0.11019062995910645
0.226027250289917
0.13330471515655518
-0.2561924457550049
0.12524676322937012
-0.08211934566497803
0.10295414924621582
0.10624098777770996
0.12529969215393066
0.31641721725463867
0.14565706253051758
0.13470995426177979
0.11520040035247803
0.22175920009613037
0.3063175678253174
0.5468707084655762
0.4963747262954712
0.2637467384338379
0.020039677619934082
0.41942381858825684
0.13293373584747314
0.01903212070465088
0.18790996074676514
0.13197946548461914
0.00805819034576416
0.0005036592483520508
0.16802942752838135
0.4203517436981201
0.18578922748565674
0.07835531234741211
0.19085216522216797
0.1665184497833252
0.19816803932189941
0.15056109428405762
0.09078717231750488
0.026692628860473633
0.10048902034759521
0.13447117805480957
0.004877328872680664
0.2625541687011719
0.004373669624328613
0.1703883409500122
0.08492910861968994
0.11968004703521729
0.10944843292236328
0.3345212936401367
0.13614118099212646
0.11260271072387695
0.19845962524414062
0.14602839946746826
0.2249138355255127
0.17425847053527832
0.24079155921936035
0.11710882186889648
0.13584959506988525
0.3429241180419922
0.15909624099731445
0.48908495903015137
0.21717381477355957
0.23705410957336426
0.2563513517379761
0.13150238990783691
0.10398781299591064
-0.00013256072998046875
-0.04251754283905029
0.1733839511871338
0.16185331344604492
0.15090560913085938
-0.10889172554016113
0.2302151918411255
-0.001988053321838379
0.4088475704193115
-0.10335159301757812
0.004294157028198242
0.1376786231994629
0.3367743492126465
0.10976636409759521
0.11453759670257568
-0.1780226230621338
0.32553529739379883
0.2961916923522949
0.2825140953063965
0.10189378261566162
0.3647129535675049
0.18040812015533447
0.3889937400817871
0.10213243961334229
0.1351604461669922
0.30843818187713623
0.3138723373413086
0.19461607933044434
-0.11390137672424316
0.19991755485534668
0.46681880950927734
0.16283392906188965
0.29144716262817383
0.16397368907928467
-0.0454334020614624
0.18740618228912354
0.09770560264587402
0.3820221424102783
0.25582122802734375
-0.0006361007690429688
0.2084263563156128
0.1714489459991455
0.2358614206314087
0.38795995712280273
0.28585386276245117
0.1697523593902588
0.2953965663909912
0.32993555068969727
0.02929067611694336
0.1461343765258789
0.12044882774353027
0.169275164604187
0.1942448616027832
0.09603583812713623
0.2504403591156006
0.06918394565582275
0.2609637975692749
0.28770923614501953
0.17272114753723145
0.1607663631439209
0.48073506355285645
0.14080655574798584
0.2682002782821655
0.18218421936035156
0.31108903884887695
0.21526527404785156
0.057441115379333496
0.1529996395111084
0.157187819480896
0.19891023635864258
0.3122551441192627
0.18032872676849365
0.31209611892700195
0.09113192558288574
0.16296648979187012
0.280287504196167
-0.014340400695800781
0.15827453136444092
0.21690857410430908
0.3768002986907959
0.2799164056777954
0.09828877449035645
0.022583961486816406
0.2925602197647095
0.1333315372467041
0.36739015579223633
0.10247683525085449
0.22645127773284912
0.5190114974975586
0.1447826623916626
0.21714723110198975
0.2897239923477173
0.17364907264709473
0.12829506397247314
0.3001413345336914
0.12726116180419922
0.05916428565979004
0.3066887855529785
0.4966394901275635
0.4037051200866699
0.3217182159423828
-0.05844855308532715
0.2614142894744873
0.06316673755645752
0.263932466506958
0.19551753997802734
0.04683828353881836
0.48476433753967285
0.22732627391815186
-0.1399846076965332
0.21738576889038086
0.380908727645874
0.27214980125427246
0.16686296463012695
0.04644060134887695
0.17319822311401367
0.1749742031097412
0.13871228694915771
0.3252173662185669
0.03058946132659912
0.38393068313598633
0.2547874450683594
0.26838576793670654
0.12837481498718262
0.19307851791381836
0.20079243183135986
0.1787647008895874
0.1374133825302124
0.18878459930419922
-0.07771921157836914
0.16773784160614014
0.1979825496673584
0.03843557834625244
0.38472604751586914
0.12699604034423828
0.17672359943389893
0.24556303024291992
0.10215878486633301
0.2082141637802124
0.10221195220947266
0.20869147777557373
0.21046757698059082
0.20940709114074707
0.11777162551879883
0.06608247756958008
0.12720811367034912
0.3472977876663208
0.49886608123779297
0.19843316078186035
0.25412487983703613
-0.03599667549133301
0.23538446426391602
0.11522698402404785
0.080025315284729
0.09942865371704102
-0.026931405067443848
0.38634276390075684
0.3089948892593384
0.31363368034362793
0.18955326080322266
0.0857243537902832
0.05661940574645996
0.24643778800964355
-0.04519498348236084
0.23713374137878418
0.36049818992614746
0.10144329071044922
0.3753688335418701
-0.009145021438598633
0.12463700771331787
0.26647722721099854
0.11983907222747803
0.09797072410583496
0.1234971284866333
0.10152268409729004
0.28235507011413574
0.23747849464416504
0.2816126346588135
0.4851619005203247
0.13571703433990479
0.08535337448120117
0.35114121437072754
-0.06915736198425293
0.09383559226989746
0.25743818283081055
0.2934086322784424
0.16445088386535645
0.18878448009490967
0.08975362777709961
0.18388056755065918
0.2285454273223877
0.008800387382507324
0.24370765686035156
0.13799643516540527
0.1382617950439453
0.016646504402160645
0.12824177742004395
0.26138782501220703
0.37221455574035645
0.08060848712921143
0.19395339488983154
0.18904972076416016
0.27302467823028564
0.24044716358184814
0.18069982528686523
0.139640212059021
0.3479342460632324
0.2852442264556885
0.036712646484375
0.2630048990249634
0.10072743892669678
0.2369745969772339
-0.027620553970336914
0.26438307762145996
0.18064665794372559
0.1047830581665039
0.05916428565979004
0.04691791534423828
0.40362560749053955
0.28617215156555176
-0.09277510643005371
0.37531590461730957
0.275834321975708
0.19936084747314453
0.11064112186431885
0.21136879920959473
0.26016855239868164
0.14981889724731445
0.3952491283416748
0.08585703372955322
0.23299860954284668
0.14624035358428955
0.025977253913879395
0.01945638656616211
0.136962890625
0.2650456428527832
0.12013077735900879
0.06589698791503906
0.2769739627838135
0.11692333221435547
0.3443554639816284
0.32004833221435547
0.22247529029846191
0.2376636266708374
0.26064562797546387
0.23527812957763672
-0.07663238048553467
0.022451400756835938
0.04315388202667236
0.12251651287078857
0.12050199508666992
0.4876270294189453
0.25364768505096436
0.17192590236663818
0.06754052639007568
0.1210319995880127
0.12901055812835693
0.13863277435302734
0.21168673038482666
0.19024205207824707
0.42194199562072754
0.10324573516845703
0.17611396312713623
0.14215826988220215
0.31840479373931885
0.18883752822875977
0.3647925853729248
0.19376778602600098
0.11488234996795654
0.11559796333312988
0.0769505500793457
0.20219707489013672
0.07801079750061035
0.37444114685058594
0.2953435182571411
0.19440388679504395
0.33473336696624756
0.10165524482727051
0.15018999576568604
0.08779168128967285
0.033823251724243164
0.23877716064453125
0.38491153717041016
0.0619739294052124
0.07162261009216309
0.08344483375549316
0.2030189037322998
0.6192090511322021
0.17515981197357178
0.16787028312683105
0.2075251340866089
0.268571138381958
0.13428568840026855
0.15233707427978516
0.1867433786392212
0.3558330535888672
0.10947489738464355
0.1319265365600586
0.17433810234069824
0.19861865043640137
0.06157636642456055
0.21030831336975098
0.3066091537475586
-0.06298112869262695
-0.029608488082885742
-0.08869338035583496
0.30382585525512695
0.2376108169555664
0.09714889526367188
0.3100285530090332
0.137864351272583
0.2537801265716553
0.19262802600860596
0.09752011299133301
0.12148261070251465
0.07435286045074463
0.3432157039642334
0.06921029090881348
0.12312614917755127
0.211395263671875
0.2537801265716553
0.3315523862838745
0.18851947784423828
0.30313682556152344
0.25375378131866455
0.14700889587402344
0.28683483600616455
0.09457778930664062
0.20108401775360107
0.24145424365997314
0.28871679306030273
0.07822275161743164
0.008535385131835938
0.23273348808288574
0.14793682098388672
0.3569464683532715
0.35416316986083984
0.06568503379821777
0.12018394470214844
0.10735428333282471
0.31612515449523926
0.21529173851013184
0.14875853061676025
0.09831547737121582
0.2137542963027954
0.2680938243865967
0.25470805168151855
0.18443727493286133
0.12166821956634521
0.1972668170928955
0.24667644500732422
0.14385461807250977
0.1366182565689087
0.062212467193603516
0.4504638910293579
0.3701205253601074
0.37038540840148926
0.1419992446899414
0.08482301235198975
0.18780362606048584
0.11482930183410645
0.20842647552490234
0.031490445137023926
0.24678254127502441
0.23159360885620117
0.18653130531311035
0.01240527629852295
0.12691664695739746
0.25301146507263184
0.14242327213287354
0.28908777236938477
0.31156599521636963
0.3695638179779053
0.10735428333282471
0.12320554256439209
0.16103148460388184
0.1807793378829956
0.8060848712921143
0.18772435188293457
0.2372661828994751
0.35013389587402344
0.1475658416748047
0.07146334648132324
-0.031172513961791992
0.27639126777648926
0.37634968757629395
0.06963443756103516
0.23782289028167725
0.1489706039428711
0.2027270793914795
0.5480635166168213
0.023114323616027832
0.1508791446685791
0.15125012397766113
-0.06563186645507812
0.13240361213684082
0.2328658103942871
0.12742042541503906
-0.045380353927612305
0.1295938491821289
0.13144934177398682
0.1951460838317871
0.15366244316101074
0.2934083938598633
0.3015463352203369
0.035466670989990234
0.14793682098388672
0.1429004669189453
-0.04198741912841797
0.32026052474975586
0.12079346179962158
0.1456305980682373
0.37693285942077637
0.11840784549713135
0.13160836696624756
0.001166224479675293
0.18560373783111572
0.1022118330001831
0.42109382152557373
0.21913516521453857
0.5180838108062744
0.027143239974975586
0.3722940683364868
-0.03970789909362793
0.26064562797546387
0.23265397548675537
0.2931699752807617
0.21749186515808105
0.05290842056274414
-0.1408064365386963
0.09592974185943604
0.07867348194122314
0.44341278076171875
0.2948664426803589
0.19681620597839355
-0.0007156133651733398
0.182184100151062
0.2210172414779663
0.15024292469024658
-0.004532814025878906
0.3247663974761963
0.19625961780548096
0.0018024444580078125
0.3333549499511719
0.4160311222076416
0.059005022048950195
0.10618782043457031
0.16760516166687012
0.1618797779083252
0.19631242752075195
0.2078167200088501
-0.012087345123291016
0.1887580156326294
0.12810945510864258
0.11435222625732422
0.17404663562774658
0.2384324073791504
0.18210458755493164
0.1509852409362793
0.25110292434692383
0.20712757110595703
0.21025538444519043
-0.04384315013885498
0.09563815593719482
0.27784883975982666
0.1531059741973877
0.1527876853942871
0.014711737632751465
0.11090636253356934
0.33987581729888916
0.10306012630462646
0.25160670280456543
0.13632678985595703
0.1080700159072876
0.16696906089782715
0.42252516746520996
-0.20460927486419678
0.180090069770813
0.18976521492004395
0.1265188455581665
0.20696842670440674
0.22024846076965332
-0.03814387321472168
0.1482548713684082
0.2668217420578003
0.25338268280029297
0.38915276527404785
0.18920862674713135
0.28468751907348633
0.42021918296813965
0.15443110466003418
0.03954875469207764
0.2408977746963501
0.22059321403503418
0.061284780502319336
0.12140321731567383
0.4917621612548828
0.2940182685852051
0.1788179874420166
0.023114323616027832
-0.3702530860900879
0.44614315032958984
0.22828030586242676
0.008481979370117188
0.3282921314239502
0.2891407012939453
0.2892998456954956
0.32328224182128906
0.2886636257171631
0.22022199630737305
0.10192012786865234
0.13526642322540283
0.01709723472595215
0.13126373291015625
0.09354400634765625
0.19967913627624512
0.19138216972351074
0.18146836757659912
0.15331792831420898
0.05277609825134277
0.2755160331726074
0.15846037864685059
0.16765832901000977
0.22533786296844482
0.2908107042312622
0.24619901180267334
0.4395427703857422
0.24047362804412842
0.2250199317932129
0.45075535774230957
0.30584049224853516
0.22528481483459473
0.49078142642974854
0.026692628860473633
0.11167502403259277
0.1034841537475586
0.36829161643981934
0.1559685468673706
-0.013571619987487793
0.1307600736618042
0.2446882724761963
0.2358083724975586
-0.0878978967666626
0.12580323219299316
0.39903974533081055
0.19294607639312744
0.09693729877471924
0.23517227172851562
0.06345832347869873
0.22292566299438477
0.17301297187805176
0.3643152713775635
0.2591346502304077
0.26843881607055664
-0.07822263240814209
0.20516586303710938
0.483783483505249
0.21325087547302246
0.12575030326843262
0.017494916915893555
0.35108792781829834
0.278564453125
-0.12715542316436768
0.1752922534942627
0.05619537830352783
0.22170650959014893
0.0216829776763916
0.2139664888381958
0.2256028652191162
0.04068863391876221
0.0460430383682251
0.225258469581604
0.23602020740509033
0.41486477851867676
0.17436444759368896
0.1999971866607666
0.3885960578918457
0.27678847312927246
0.18414556980133057
0.2045297622680664
0.23583483695983887
0.06870675086975098
0.49899864196777344
0.10276854038238525
0.11644637584686279
-0.06592345237731934
0.32063162326812744
0.03477752208709717
0.13701581954956055
0.20670342445373535
0.34528326988220215
0.5224840641021729
0.12190675735473633
0.15869879722595215
0.20858538150787354
0.08609533309936523
0.3441166877746582
0.15154194831848145
0.2537802457809448
0.19649803638458252
0.3483316898345947
0.09190058708190918
-0.06374990940093994
0.2707979679107666
0.3669130802154541
0.26239490509033203
0.07133090496063232
0.036394357681274414
0.061205267906188965
0.33308982849121094
0.2782994508743286
0.1245574951171875
0.31185758113861084
0.30019450187683105
0.34093594551086426
0.30382609367370605
0.09585022926330566
-0.08832204341888428
0.16484856605529785
0.21184563636779785
0.09595608711242676
0.1565781831741333
-0.2100433111190796
0.44672632217407227
-0.13123738765716553
0.17449712753295898
0.12225127220153809
0.19994401931762695
0.35111474990844727
0.153556227684021
-0.004956960678100586
0.3406708240509033
0.2545754909515381
0.3058936595916748
0.3959653377532959
0.2537271976470947
0.21110355854034424
0.14732718467712402
0.2789621353149414
0.043604373931884766
0.0955585241317749
0.1952524185180664
0.0910787582397461
0.18051421642303467
0.14844048023223877
0.14597535133361816
0.23909521102905273
-0.014075279235839844
-0.079071044921875
0.16182661056518555
0.1431654691696167
0.21788954734802246
0.07286834716796875
0.0786736011505127
0.10873270034790039
0.10722172260284424
0.2672724723815918
0.0759960412979126
0.07016468048095703
0.16354966163635254
0.23538422584533691
0.23042750358581543
0.049515485763549805
0.21902894973754883
0.20959270000457764
0.3710482120513916
0.38361263275146484
0.189261794090271
0.21393966674804688
0.1281890869140625
0.2622889280319214
0.17401981353759766
0.14536559581756592
0.012935519218444824
0.2339792251586914
0.23843252658843994
0.3726651668548584
0.06754040718078613
0.12307310104370117
0.09744071960449219
0.24739205837249756
0.22348248958587646
0.2609903812408447
0.0863339900970459
0.21651101112365723
0.27246785163879395
0.2030719518661499
0.49860095977783203
0.1899508237838745
0.07923018932342529
0.38915276527404785
0.1641857624053955
0.2812948226928711
0.06457149982452393
0.1651930809020996
0.11843430995941162
0.3056812286376953
0.03305459022521973
-0.008323192596435547
0.14083313941955566
0.5791565179824829
0.22040772438049316
0.09160900115966797
0.02062249183654785
0.21507978439331055
0.07448530197143555
0.2349865436553955
0.20980477333068848
0.16392064094543457
0.13102519512176514
0.19580888748168945
-0.13131678104400635
0.15655171871185303
0.18051433563232422
0.185815691947937
0.09534657001495361
0.20951306819915771
0.1708921194076538
-0.024916887283325195
0.09754657745361328
0.17128992080688477
0.20975160598754883
0.006785869598388672
0.15745294094085693
0.38138580322265625
0.07480359077453613
0.17481517791748047
-0.16140258312225342
0.12887811660766602
0.3681589365005493
0.23458898067474365
0.03175556659698486
0.1982210874557495
0.48526787757873535
0.2650458812713623
0.021974563598632812
0.2159278392791748
0.0300062894821167
0.29942572116851807
0.11914992332458496
0.06279563903808594
0.214310884475708
0.225072979927063
0.32569432258605957
0.25669610500335693
0.27021491527557373
0.1436161994934082
0.14146912097930908
0.08132410049438477
0.1979295015335083
0.2481076717376709
0.42607736587524414
0.30311012268066406
0.28606629371643066
-0.02345895767211914
0.06094014644622803
0.1284540891647339
0.24664974212646484
0.05680501461029053
0.5122523307800293
0.07920360565185547
0.17428505420684814
0.25356829166412354
0.03514862060546875
0.3712337017059326
0.2240920066833496
0.09224522113800049
0.261202335357666
0.3547201156616211
0.03331959247589111
0.20315146446228027
0.203125
0.39310240745544434
-0.011424779891967773
0.11453771591186523
0.19991755485534668
0.45894622802734375
0.10531330108642578
0.08482301235198975
0.333726167678833
0.2755162715911865
0.24585461616516113
0.19466876983642578
0.16089880466461182
0.17796945571899414
0.17895030975341797
0.2266368865966797
0.15880489349365234
-0.1670750379562378
0.1827143430709839
0.25224292278289795
0.20354902744293213
0.15800952911376953
0.19087862968444824
0.09357070922851562
0.0362088680267334
0.19933438301086426
0.2169351577758789
0.14104485511779785
0.0831000804901123
0.20095133781433105
0.38819849491119385
0.2346951961517334
0.25812721252441406
0.12490200996398926
0.20304524898529053
0.3370128870010376
0.13529300689697266
0.23708057403564453
0.1770153045654297
0.3107442855834961
0.2206195592880249
0.06319332122802734
0.11907052993774414
0.32630395889282227
0.26096367835998535
0.08317971229553223
0.313183069229126
0.03406178951263428
0.019800901412963867
0.19469571113586426
0.19946694374084473
0.5154860019683838
0.013677716255187988
0.24002289772033691
0.11117124557495117
0.13916301727294922
0.06775259971618652
0.32842469215393066
0.14674413204193115
0.22356200218200684
0.3847789764404297
0.18608081340789795
0.138685941696167
0.2503345012664795
0.13839423656463623
0.24150729179382324
0.24187850952148438
0.18464970588684082
0.3032956123352051
0.08596301078796387
0.07212626934051514
0.3471386432647705
0.14883804321289062
0.22835981845855713
0.14123058319091797
0.09961414337158203
0.1848083734512329
-0.08145666122436523
0.20667672157287598
0.18502044677734375
0.2652313709259033
0.27938616275787354
0.38443446159362793
0.29404473304748535
0.1809384822845459
0.04612255096435547
0.1804877519607544
0.32227492332458496
0.1492091417312622
0.06785869598388672
0.41004037857055664
0.37353992462158203
0.06730186939239502
0.06682455539703369
0.1795334815979004
-0.05558574199676514
-0.09717559814453125
0.1476452350616455
0.0704030990600586
0.0888521671295166
0.06931638717651367
0.006839156150817871
0.3590935468673706
0.15973258018493652
0.437608003616333
0.16474246978759766
0.24031448364257812
0.39771437644958496
0.38292360305786133
0.041457295417785645
0.2546815872192383
0.06160283088684082
0.2630575895309448
0.3138986825942993
0.1555178165435791
0.2837865352630615
0.22533786296844482
0.18878448009490967
0.2487173080444336
0.19403290748596191
0.17113065719604492
0.04925048351287842
0.15469622611999512
0.13163506984710693
0.43636202812194824
0.232574462890625
0.36757588386535645
0.02724933624267578
0.13767850399017334
0.20439743995666504
0.20503342151641846
0.2418520450592041
0.16646575927734375
0.14706206321716309
0.28858423233032227
0.14213180541992188
0.2542574405670166
0.17698884010314941
0.19816803932189941
0.16686296463012695
0.5063412189483643
0.42679286003112793
0.21998357772827148
0.1632845401763916
0.13630008697509766
0.22228968143463135
0.2325214147567749
0.3409625291824341
0.3202075958251953
0.31554222106933594
0.14563071727752686
0.2710099220275879
0.16378819942474365
0.029184341430664062
0.07994592189788818
-0.11302661895751953
0.133331298828125
0.08628106117248535
0.05842185020446777
0.13431215286254883
0.1652989387512207
0.044876813888549805
0.23859143257141113
0.24047374725341797
0.27821993827819824
0.1457897424697876
0.41001367568969727
0.17887091636657715
0.2398374080657959
0.2561659812927246
0.20219719409942627
0.13150238990783691
0.032047271728515625
0.21213722229003906
0.3349454402923584
0.22692835330963135
0.05134463310241699
0.14459693431854248
0.26790881156921387
0.053014516830444336
0.009091854095458984
0.16240978240966797
0.24818730354309082
0.23405885696411133
0.3155949115753174
0.3890199661254883
0.22324395179748535
0.2816658020019531
0.20177316665649414
0.3377816677093506
0.1533973217010498
0.05256378650665283
0.5154330730438232
0.17651164531707764
0.18388044834136963
0.15419256687164307
-0.09465718269348145
-0.18915557861328125
0.2869408130645752
0.19896304607391357
0.31798064708709717
0.34045886993408203
0.12853360176086426
0.3989074230194092
0.2110506296157837
0.14610791206359863
0.11074721813201904
0.21142172813415527
0.21433746814727783
0.22093772888183594
0.34729790687561035
0.37494492530822754
0.1304950714111328
0.11586296558380127
0.32924628257751465
0.2838129997253418
-0.16845345497131348
0.10154926776885986
0.35543549060821533
0.10995209217071533
0.14902353286743164
0.1725093126296997
0.02451920509338379
0.1892085075378418
0.16360259056091309
0.25004255771636963
0.12818896770477295
0.07056212425231934
0.4666597843170166
0.04463815689086914
0.04803133010864258
0.29566192626953125
0.4019557237625122
0.40659427642822266
-0.009038925170898438
-0.07538652420043945
0.2642505168914795
0.04328632354736328
0.0929872989654541
0.280472993850708
0.16145563125610352
0.13465642929077148
0.3188819885253906
0.2368687391281128
-0.04617571830749512
0.12137651443481445
0.46448612213134766
0.17181992530822754
0.11379539966583252
0.2789355516433716
0.06462466716766357
0.18348300457000732
0.21778345108032227
0.1599712371826172
0.041589975357055664
0.26329636573791504
0.08439910411834717
0.03366422653198242
0.31591320037841797
-0.18525898456573486
0.16018295288085938
0.12384176254272461
0.10258305072784424
0.21507978439331055
0.5274409055709839
0.18438410758972168
0.1775188446044922
0.30403780937194824
0.23567581176757812
0.16180014610290527
0.26138806343078613
0.2154771089553833
0.11008453369140625
0.38260531425476074
0.25653696060180664
0.038886189460754395
0.22992384433746338
0.27299797534942627
0.24813425540924072
0.16455698013305664
0.1636291742324829
0.13274836540222168
0.2626070976257324
0.301519513130188
0.1714489459991455
0.21205782890319824
0.014287471771240234
0.22072601318359375
0.27215003967285156
0.12919628620147705
0.2472594976425171
0.012166738510131836
-0.04882633686065674
0.09211266040802002
0.3043559789657593
0.2068624496459961
0.0925898551940918
0.1997849941253662
0.14586937427520752
0.29786157608032227
0.008774042129516602
0.1446765661239624
0.20031511783599854
0.13797008991241455
0.21343636512756348
0.06674528121948242
0.0753335952758789
0.17555737495422363
0.44736266136169434
0.18790972232818604
0.16977882385253906
0.3180074691772461
-0.03236532211303711
0.13216543197631836
0.4155538082122803
0.02139139175415039
0.3145347833633423
0.06194734573364258
0.14120399951934814
-0.10374927520751953
0.25825977325439453
0.054657816886901855
0.7433158159255981
0.14963340759277344
0.030430316925048828
0.18618667125701904
0.32720518112182617
0.2136218547821045
0.3122286796569824
-0.0033663511276245117
0.11578357219696045
0.10096609592437744
0.07716250419616699
0.29263973236083984
0.23951935768127441
0.2140195369720459
0.30220890045166016
-0.011185884475708008
0.12479615211486816
0.15978562831878662
-0.0024123191833496094
0.017653822898864746
-0.01569223403930664
0.20169353485107422
0.20940721035003662
-0.07867348194122314
0.08710277080535889
0.3459724187850952
-0.10001170635223389
0.1337289810180664
0.06276905536651611
0.2238537073135376
0.18080592155456543
0.28585386276245117
0.1684269905090332
0.2464907169342041
0.17298603057861328
0.309922456741333
-0.060224294662475586
0.08235788345336914
0.1356903314590454
0.17653822898864746
0.1289045810699463
0.25714683532714844
0.28656983375549316
0.09288144111633301
0.12010419368743896
0.13563752174377441
0.10345768928527832
0.17229700088500977
0.03785240650177002
0.22345590591430664
0.07628774642944336
-0.0009278059005737305
-0.10523378849029541
0.17189931869506836
0.22019553184509277
0.1205284595489502
0.1850203275680542
0.16726064682006836
0.24344241619110107
0.011928319931030273
0.20132243633270264
0.4511531591415405
0.16225075721740723
0.06907784938812256
0.32468724250793457
0.2829383611679077
-0.046891212463378906
0.1699378490447998
-0.11721491813659668
0.20309829711914062
0.034327030181884766
0.0361027717590332
0.2964833974838257
0.24312448501586914
0.04842865467071533
0.10316610336303711
0.2889552116394043
0.05595660209655762
0.17303907871246338
0.09205985069274902
0.3388420343399048
-0.11443161964416504
0.2830972671508789
0.14451754093170166
0.18581557273864746
0.2214946746826172
0.19013643264770508
0.34223484992980957
0.11647284030914307
0.07268285751342773
0.19554376602172852
0.2219715118408203
0.011954784393310547
0.2889021635055542
0.17963945865631104
0.17717432975769043
0.07114541530609131
0.21677613258361816
-0.004903554916381836
0.10722172260284424
0.12418651580810547
0.08848106861114502
0.20617330074310303
0.49648046493530273
0.26451563835144043
0.2724943161010742
0.1715548038482666
-0.09950816631317139
0.21995699405670166
-0.06602954864501953
0.10950136184692383
0.1725621223449707
0.19347631931304932
0.09531998634338379
0.1906135082244873
0.04349839687347412
0.015082597732543945
0.12161517143249512
0.16492795944213867
0.2510230541229248
0.12262248992919922
0.24344241619110107
0.2676964998245239
0.06449222564697266
0.1985921859741211
0.026348233222961426
0.04190802574157715
0.25783586502075195
0.29656314849853516
0.1261214017868042
0.309736967086792
0.09945511817932129
0.42212748527526855
0.3833211660385132
0.06955504417419434
0.12058138847351074
0.09118497371673584
0.14409339427947998
0.11832821369171143
0.3586428165435791
-0.09529352188110352
0.32969701290130615
0.38682007789611816
0.15660476684570312
0.16370868682861328
0.16071343421936035
0.0987393856048584
0.20657086372375488
0.04670572280883789
0.26841235160827637
0.21136868000030518
0.15856623649597168
0.12792372703552246
0.3892587423324585
0.2864370346069336
0.3700144290924072
0.15106475353240967
0.0031278133392333984
0.13614106178283691
0.21211087703704834
0.01054990291595459
0.08633410930633545
-0.028627753257751465
0.17280054092407227
0.057891845703125
0.1312108039855957
0.18462276458740234
0.20715391635894775
0.19466900825500488
0.21884369850158691
0.06345832347869873
0.09012460708618164
0.2235351800918579
0.021285295486450195
0.1298058032989502
0.36688661575317383
0.17391395568847656
-0.08861374855041504
0.32770872116088867
0.1283482313156128
0.5375136137008667
0.3880128860473633
0.06324625015258789
0.25187158584594727
0.18989777565002441
0.3285834789276123
0.4011073112487793
-0.05948221683502197
0.20953965187072754
0.10478341579437256
0.2923218011856079
0.23485398292541504
0.32230138778686523
0.17364907264709473
0.3847525119781494
0.49202728271484375
0.2576768398284912
0.08763289451599121
0.0289459228515625
0.1784203052520752
0.26509881019592285
0.16132307052612305
0.27821993827819824
0.07599639892578125
0.284926176071167
0.07819628715515137
0.21921467781066895
0.2591876983642578
0.14565742015838623
0.19838011264801025
0.4537508487701416
0.05020463466644287
0.22255480289459229
0.3633081912994385
0.4237711429595947
0.08211934566497803
0.1984330415725708
-0.23877716064453125
0.16349661350250244
0.330280065536499
0.21070599555969238
0.01640796661376953
0.27207016944885254
0.13205909729003906
0.20752525329589844
-0.060860514640808105
0.1491560935974121
0.07114553451538086
0.24309778213500977
0.22210407257080078
-0.015162110328674316
0.25592732429504395
0.20956623554229736
0.10865318775177002
0.06974053382873535
0.20951318740844727
0.39771461486816406
0.09794425964355469
0.21648454666137695
0.28357434272766113
0.08590996265411377
0.5276796817779541
0.01704418659210205
-0.008217215538024902
0.3691396713256836
0.10242390632629395
0.3734867572784424
0.23453593254089355
0.11284136772155762
0.11660552024841309
0.3258798122406006
0.15649855136871338
0.06523442268371582
0.38719117641448975
0.26687467098236084
0.13508093357086182
0.24675559997558594
0.4021940231323242
0.10032987594604492
0.18745911121368408
-0.042040348052978516
0.3159928321838379
0.09577071666717529
0.11347746849060059
0.225205659866333
0.5317084789276123
0.17224419116973877
0.4152092933654785
0.3142697811126709
0.410941481590271
0.13163495063781738
0.15175378322601318
0.1823960542678833
-0.07398176193237305
-0.3282123804092407
0.033690690994262695
0.14973926544189453
0.31278538703918457
0.2121373414993286
0.2166435718536377
0.13139653205871582
0.06865382194519043
0.3680795431137085
0.3223280906677246
0.13317227363586426
0.2423555850982666
0.29242777824401855
0.4345858097076416
0.23366117477416992
-0.041960954666137695
0.29616522789001465
0.19010984897613525
0.0749889612197876
0.17606103420257568
0.612105131149292
0.03528118133544922
0.16545820236206055
0.08055543899536133
-0.037825822830200195
0.11485600471496582
0.23946595191955566
0.19991767406463623
-0.004453182220458984
0.09547913074493408
-0.13651227951049805
0.06231844425201416
0.13431227207183838
0.20985770225524902
0.08264970779418945
0.08272910118103027
0.12121748924255371
0.12686359882354736
0.2456953525543213
0.19883084297180176
0.12659835815429688
0.14809584617614746
0.2991870641708374
0.04161632061004639
-0.0620267391204834
0.37767505645751953
0.18533849716186523
0.40065670013427734
0.23951935768127441
0.25184524059295654
-0.015082597732543945
0.15114426612854004
0.12837445735931396
0.07467079162597656
0.12561774253845215
0.18313848972320557
0.1260683536529541
0.15766501426696777
0.11657881736755371
0.12021017074584961
0.11188697814941406
0.2965099811553955
0.3267812728881836
0.39400362968444824
0.05797123908996582
0.12771189212799072
0.1178511381149292
0.049250245094299316
0.08527374267578125
0.20346951484680176
-0.1693282127380371
0.06144392490386963
0.04116559028625488
0.09569096565246582
0.23466849327087402
0.41836369037628174
0.07872664928436279
0.28031396865844727
0.1708390712738037
0.21290600299835205
0.35236048698425293
0.09187400341033936
0.1735694408416748
0.22411870956420898
-0.026215672492980957
0.31766271591186523
0.25356805324554443
0.27047979831695557
0.21234941482543945
0.08211922645568848
-0.053147077560424805
0.03843557834625244
0.36993491649627686
0.13068068027496338
0.28296470642089844
0.09216570854187012
0.1614820957183838
0.21908235549926758
0.25621891021728516
0.503770112991333
-0.1531587839126587
0.13068056106567383
0.3101346492767334
0.3059732913970947
0.3066091537475586
0.3019440174102783
0.313315749168396
0.27819299697875977
0.23101043701171875
0.20802855491638184
0.21327722072601318
0.2843695878982544
0.31482625007629395
0.15398037433624268
0.20219719409942627
0.13110482692718506
0.11938846111297607
0.19599449634552002
0.21314454078674316
0.3437190055847168
0.4877595901489258
0.1969752311706543
0.08461129665374756
-0.09025704860687256
0.2669808864593506
0.16103148460388184
0.09468376636505127
0.15962660312652588
-0.09717559814453125
0.276788592338562
0.184728741645813
0.1827406883239746
0.07718896865844727
0.1141667366027832
0.15424561500549316
0.2830972671508789
0.21892333030700684
0.0776132345199585
0.11647284030914307
0.07997238636016846
0.24222302436828613
0.08999204635620117
0.23970484733581543
0.3722144365310669
0.18411946296691895
0.1003565788269043
0.026189088821411133
0.4077872037887573
0.04983353614807129
0.14459693431854248
0.04583108425140381
-0.06080758571624756
-0.01261758804321289
0.14793682098388672
0.11082673072814941
0.004055619239807129
0.2934083938598633
0.3368537425994873
0.17611396312713623
0.10785794258117676
0.017362356185913086
0.13701581954956055
0.37027955055236816
0.19511961936950684
0.1950666904449463
0.11148941516876221
0.17757201194763184
0.04450559616088867
0.42726969718933105
-0.04819011688232422
0.20471525192260742
0.2661592960357666
0.2431774139404297
0.209672212600708
0.1295938491821289
0.25701427459716797
0.2101759910583496
0.16694259643554688
0.2324686050415039
0.27867066860198975
0.23644447326660156
0.046944379806518555
0.18899667263031006
0.15201902389526367
0.19305205345153809
0.16437125205993652
0.05717611312866211
0.11421966552734375
0.060648322105407715
-0.028336286544799805
0.1294083595275879
0.21667003631591797
0.38472604751586914
0.15771794319152832
0.06921041011810303
0.2745354175567627
0.21608710289001465
0.26814723014831543
0.4336583614349365
-0.1702558994293213
0.11130392551422119
0.43230676651000977
0.5453598499298096
0.04797816276550293
0.09346449375152588
0.043233275413513184
-0.1120462417602539
0.041589975357055664
0.12490200996398926
0.24890291690826416
0.08781850337982178
-0.031914710998535156
0.21947979927062988
0.15249598026275635
0.10112524032592773
0.0992431640625
0.12569725513458252
0.0002650022506713867
-0.04021143913269043
0.04606962203979492
0.25632500648498535
0.27321016788482666
0.2943096160888672
-0.0454866886138916
0.2447679042816162
0.48110640048980713
0.03164958953857422
0.21648454666137695
0.3372516632080078
0.29778218269348145
0.15880489349365234
0.11909711360931396
0.32328224182128906
0.13690996170043945
-0.02308797836303711
0.010443925857543945
0.17584896087646484
0.19843316078186035
0.6567168235778809
0.29322290420532227
-0.002915620803833008
-0.026056647300720215
0.09738779067993164
0.06250405311584473
0.13258910179138184
0.07615530490875244
0.2064913511276245
0.05433952808380127
0.27819323539733887
-0.03408825397491455
0.1460282802581787
0.27281248569488525
0.11233758926391602
0.06139087677001953
0.28656959533691406
0.1310253143310547
0.03870034217834473
0.005301475524902344
0.06282210350036621
0.23326325416564941
0.3115661144256592
0.37592554092407227
0.3390011787414551
0.1605541706085205
0.35464024543762207
0.23808789253234863
0.2511560916900635
-0.014419913291931152
0.12296700477600098
0.3707832098007202
0.28789520263671875
-0.07278883457183838
0.19122302532196045
0.07040321826934814
0.22388017177581787
0.20158743858337402
0.36929869651794434
0.252932071685791
0.21932077407836914
0.07602262496948242
0.19196546077728271
-0.018661141395568848
0.1734102964401245
0.03748118877410889
0.11329197883605957
0.1589374542236328
0.2806851863861084
0.1715017557144165
0.21226978302001953
0.029502391815185547
0.005248308181762695
0.21741223335266113
0.17815518379211426
0.14040899276733398
0.5103172063827515
0.28561556339263916
0.13452434539794922
0.14973926544189453
-0.04021143913269043
0.20007658004760742
0.14337754249572754
0.46978771686553955
0.26390600204467773
0.1395869255065918
0.23244190216064453
0.22072577476501465
0.03114604949951172