0.03175473213195801
0.3440903425216675
-0.04812300205230713
0.16484105587005615
-0.12233912944793701
-0.1943655014038086
-0.09100341796875
-0.41335463523864746
-0.25603318214416504
0.282939076423645
0.13990890979766846
0.020769238471984863
-0.049243927001953125
0.03943657875061035
0.6360958814620972
0.0032317638397216797
0.06869232654571533
-0.203910231590271
-0.380373477935791
0.018695473670959473
-0.08396995067596436
-0.30255794525146484
-0.301594614982605
0.36460983753204346
0.14117443561553955
-0.23753833770751953
0.29868924617767334
0.25029444694519043
0.046288251876831055
-0.23399841785430908
0.08720695972442627
0.001002669334411621
0.10996568202972412
0.13308453559875488
-0.261610746383667
-0.6469409465789795
0.3480546474456787
0.22049462795257568
0.07447540760040283
0.14539587497711182
0.26332902908325195
0.17234539985656738
0.0032923221588134766
0.19708466529846191
-0.034808993339538574
-0.30703413486480713
0.1506977081298828
0.0015954971313476562
0.30803394317626953
0.18980073928833008
0.043504953384399414
0.16935718059539795
0.6277782917022705
0.29469001293182373
0.23818886280059814
-0.12521183490753174
0.3985452651977539
0.12296867370605469
0.16268813610076904
0.0005959272384643555
-0.012538433074951172
0.24792885780334473
0.38733041286468506
-0.08173501491546631
0.14992153644561768
-0.10876703262329102
0.2996593713760376
0.3337820768356323
0.1868300437927246
-0.1604076623916626
0.20086848735809326
0.2492234706878662
-0.3524177074432373
-0.11275434494018555
-0.6973518133163452
0.3247793912887573
-0.15563511848449707
0.4128093719482422
0.031252264976501465
0.2915377616882324
-0.1965087652206421
-0.09409475326538086
-0.3625199794769287
-0.009393930435180664
-0.0850832462310791
-0.21036803722381592
0.588373064994812
0.34782254695892334
0.03063488006591797
-0.34492409229278564
-0.17841362953186035
0.22953522205352783
-0.3142200708389282
0.30668795108795166
0.27039408683776855
0.29152870178222656
-0.3624502420425415
0.43224775791168213
0.19408679008483887
0.33164191246032715
-0.3305182456970215
0.034992098808288574
-0.3053717613220215
-0.11882376670837402
0.036832213401794434
0.45117056369781494
0.30314743518829346
-0.08966064453125
-0.04762566089630127
0.01642739772796631
-0.058907389640808105
0.15013444423675537
0.10689127445220947
0.13592815399169922
0.12363958358764648
-0.019242167472839355
0.019096016883850098
0.2712792158126831
-0.3585396409034729
-0.04051625728607178
0.3189113140106201
-0.06382942199707031
-0.13881385326385498
0.09455215930938721
0.057825446128845215
0.2957644462585449
-0.17283248901367188
-0.3023167848587036
0.2059396505355835
-0.3147721290588379
0.45586371421813965
-0.314416766166687
-0.006531953811645508
-0.20277690887451172
0.10735023021697998
-0.03357803821563721
-0.315598726272583
0.26122307777404785
0.30081987380981445
0.31869256496429443
0.07184386253356934
0.2934126853942871
0.06566715240478516
0.8024841547012329
0.04313516616821289
0.37995386123657227
-0.12463700771331787
0.21794259548187256
0.09074997901916504
0.16060400009155273
0.06001734733581543
0.13796889781951904
0.3077183961868286
-0.13822782039642334
-0.2418651580810547
-0.08363068103790283
0.05328249931335449
-0.186492919921875
0.6135122776031494
0.011538505554199219
0.041603684425354004
0.3197596073150635
0.00040459632873535156
-0.04821038246154785
-0.0783313512802124
0.435705304145813
0.19699883460998535
0.17459440231323242
-0.013100385665893555
0.08837294578552246
-0.2182995080947876
0.44983887672424316
0.44521141052246094
-0.02246236801147461
0.05927765369415283
-0.016270875930786133
0.11340069770812988
0.09246587753295898
-0.18358659744262695
0.14967811107635498
-0.27877533435821533
0.17850136756896973
-0.008542776107788086
0.22785699367523193
0.06576788425445557
0.47097110748291016
-0.03569495677947998
0.0374143123626709
0.2029041051864624
-0.0028405189514160156
-0.24246692657470703
0.29906654357910156
0.3199082612991333
0.04606759548187256
0.06906628608703613
0.0922849178314209
0.4928022623062134
-0.45383238792419434
-0.2490553855895996
0.17757940292358398
0.14299273490905762
-0.05606687068939209
-0.08755505084991455
-0.28678250312805176
-0.18310749530792236
0.17167246341705322
-0.08856511116027832
0.025574922561645508
0.5281784534454346
0.09003591537475586
0.18390905857086182
-0.36053740978240967
0.06940913200378418
0.42798614501953125
-0.20702743530273438
-0.12964940071105957
0.11432027816772461
-0.020742416381835938
0.2533174753189087
0.02817380428314209
0.10795772075653076
-0.09464490413665771
-0.3608992099761963
-0.48024898767471313
0.05662858486175537
0.013883590698242188
0.10697412490844727
0.22570741176605225
0.8078329563140869
0.31100893020629883
-0.38821518421173096
-0.39423131942749023
-0.2046602964401245
0.09724640846252441
-0.1932227611541748
-0.1330099105834961
-0.47435569763183594
0.018486976623535156
0.12058353424072266
0.1090996265411377
0.07931053638458252
0.176194429397583
-0.40650343894958496
0.17638075351715088
-0.0627824068069458
0.10161590576171875
0.40822720527648926
0.30101752281188965
-0.36555421352386475
-0.029114127159118652
0.21087658405303955
0.4100545644760132
-0.10056507587432861
-0.2378389835357666
0.149658203125
0.10489237308502197
-0.3879963159561157
0.19288361072540283
-0.2893702983856201
-0.36874258518218994
-0.18891620635986328
-0.22894370555877686
0.25570523738861084
0.14277243614196777
-0.04206359386444092
0.14574503898620605
0.24610304832458496
-0.05024445056915283
-0.12390470504760742
0.05795633792877197
-0.27341532707214355
0.16695332527160645
-0.08204984664916992
0.11262631416320801
0.0991295576095581
0.16722333431243896
0.2958033084869385
-0.10366272926330566
0.06930434703826904
0.054558515548706055
-0.318184494972229
0.13900506496429443
0.29843199253082275
-0.10598170757293701
-0.04429268836975098
0.1566908359527588
0.43187808990478516
0.0025451183319091797
0.09211349487304688
-0.17911016941070557
0.16402137279510498
-0.16990530490875244
0.27364981174468994
-0.12440669536590576
0.33807432651519775
0.032896995544433594
-0.18542051315307617
-0.06687188148498535
0.4015958309173584
0.24608922004699707
-0.052103281021118164
-0.0132523775100708
-0.22826993465423584
-0.04989981651306152
0.037435293197631836
-0.02673053741455078
0.4267451763153076
0.28655409812927246
-0.02414858341217041
-0.0005950927734375
-0.023412585258483887
0.35363173484802246
-0.005883693695068359
-0.029208898544311523
0.14861202239990234
-0.22282516956329346
0.1678222417831421
-0.014576911926269531
-0.15984821319580078
0.37438201904296875
0.07577347755432129
0.3504641056060791
0.0275728702545166
0.06302845478057861
0.05211281776428223
0.011431217193603516
-0.18861424922943115
-0.0764157772064209
0.26136279106140137
0.01928079128265381
0.3941754102706909
0.22839045524597168
0.19887995719909668
-0.017365217208862305
-0.1180715560913086
0.20384979248046875
-0.17838692665100098
0.2900707721710205
-0.14327645301818848
-0.3726271390914917
-0.36714911460876465
0.3359801769256592
0.2424023151397705
0.602629542350769
0.30422091484069824
0.17849230766296387
0.4392348527908325
0.27341461181640625
-0.2654881477355957
0.08588302135467529
-0.37728655338287354
-0.28917813301086426
0.09929275512695312
-0.05820906162261963
0.0935133695602417
0.22709178924560547
0.18542397022247314
-0.18134260177612305
0.06398391723632812
-0.060607194900512695
0.13870525360107422
-0.5136605501174927
-0.08966827392578125
-0.07391786575317383
0.3374391794204712
0.28391361236572266
-0.067344069480896
-0.07816946506500244
0.245680570602417
0.13215160369873047
-0.203436017036438
0.06350624561309814
-0.22210156917572021
-0.16059327125549316
0.12733948230743408
0.01799643039703369
0.10182464122772217
0.7460932731628418
0.364579439163208
0.3592597246170044
0.1332409381866455
0.19104790687561035
0.05786311626434326
-0.07840967178344727
0.00019121170043945312
-0.018998384475708008
0.03396737575531006
0.1461564302444458
-0.20775330066680908
0.297585129737854
-0.12062692642211914
-0.49532175064086914
-0.16056764125823975
0.19299674034118652
-0.12531721591949463
0.15805983543395996
0.11687231063842773
0.32127273082733154
-0.04737579822540283
-0.2692105770111084
-0.33991295099258423
0.35777223110198975
0.3442798852920532
0.16107285022735596
-0.0483860969543457
0.2569150924682617
0.20490169525146484
-0.0029599666595458984
-0.25318872928619385
0.19435977935791016
0.354864239692688
-0.05097508430480957
0.24179530143737793
0.12669086456298828
0.5733871459960938
0.052085041999816895
0.1255253553390503
-0.1203470230102539
-0.02991938591003418
-0.3571738004684448
-0.08807969093322754
0.27149498462677
-0.5413501262664795
-0.11896693706512451
0.2532914876937866
-0.19405901432037354
0.036167025566101074
-0.4847456216812134
0.05588996410369873
0.23730623722076416
-0.0961371660232544
0.29201769828796387
0.10827326774597168
-0.20524919033050537
-0.046373605728149414
0.5237835645675659
-0.2210155725479126
-0.23372173309326172
-0.26717138290405273
0.1361154317855835
-0.27990102767944336
0.15429985523223877
-0.22995257377624512
0.2720290422439575
-0.11493945121765137
0.3977537155151367
0.42142975330352783
0.0849614143371582
0.08250248432159424
0.09635567665100098
0.19323623180389404
0.3245241641998291
0.08747386932373047
-0.28977036476135254
0.050459980964660645
0.39543330669403076
-0.0033415555953979492
-0.06169891357421875
-0.1068882942199707
-0.18610477447509766
-0.10392403602600098
0.10029339790344238
0.5489464998245239
0.5918397903442383
-0.1979820728302002
0.03186166286468506
0.14932358264923096
-0.10509049892425537
0.0762563943862915
-0.22770535945892334
-0.048864006996154785
0.2480682134628296
0.08011388778686523
0.2862180471420288
0.0866011381149292
0.17685961723327637
0.4277231693267822
-0.16129565238952637
0.0014786720275878906
0.2237844467163086
0.7327654361724854
0.1922006607055664
0.007880091667175293
-0.006163239479064941
0.29217851161956787
-0.006944060325622559
0.48063385486602783
0.03882241249084473
0.16968321800231934
-0.0769343376159668
0.04006612300872803
-0.35694432258605957
-0.10320210456848145
0.06144130229949951
0.09694349765777588
-0.14547908306121826
0.23948168754577637
0.2483128309249878
-0.43819689750671387
0.1877274513244629
0.19494450092315674
0.21229803562164307
-0.1723114252090454
-0.04843616485595703
0.08830976486206055
0.10222840309143066
0.1679750680923462
-0.3252429962158203
0.18102574348449707
0.37396323680877686
-0.31034255027770996
0.185235857963562
0.24408340454101562
0.535372257232666
0.6747119426727295
0.568273663520813
-0.17712879180908203
-0.07298600673675537
0.038985490798950195
-0.18682551383972168
0.27919673919677734
-0.22303926944732666
-0.2397679090499878
-0.284443736076355
0.03261005878448486
-0.19317245483398438
0.06382942199707031
0.2265533208847046
-0.16201293468475342
-0.6741683483123779
0.04068601131439209
0.47687220573425293
-0.4932609796524048
0.07931745052337646
0.5450764894485474
0.2724778652191162
0.34267091751098633
-0.27797889709472656
0.11847376823425293
0.23678326606750488
0.07333803176879883
-0.29059743881225586
0.25418245792388916
0.43156516551971436
0.3796122074127197
0.17236244678497314
0.0654228925704956
0.40884387493133545
0.46163201332092285
0.05044722557067871
0.22775745391845703
0.5195173025131226
-0.6105791330337524
0.6128085851669312
-0.6782004833221436
-0.17247426509857178
-0.176682710647583
-0.04473590850830078
0.31896495819091797
-0.2113323211669922
0.2148303985595703
0.715924859046936
0.12427210807800293
-0.4864441156387329
0.3276998996734619
-0.12340569496154785
0.02254354953765869
-0.2399834394454956
0.1119152307510376
0.24290931224822998
-0.028762221336364746
0.07944130897521973
0.2383500337600708
-0.2631276845932007
0.07190918922424316
0.06698215007781982
0.26110363006591797
1.0220965147018433
0.1433548927307129
-0.05312764644622803
0.23143720626831055
0.03038465976715088
0.2540942430496216
-0.17861080169677734
0.19406020641326904
0.6589518785476685
-0.04008972644805908
-0.07334721088409424
0.00391232967376709
-0.16448068618774414
0.07181966304779053
-0.1415691375732422
-0.13113582134246826
0.07553935050964355
-0.26583850383758545
0.3967806100845337
0.15823447704315186
-0.12211227416992188
0.08468210697174072
-0.06439971923828125
-0.2357238531112671
-0.37655842304229736
-0.07705652713775635
-0.017868757247924805
-0.10842454433441162
-0.0009993314743041992
0.23215150833129883
-0.026477813720703125
0.08599734306335449
-0.09209513664245605
0.19544744491577148
0.12804436683654785
-0.01745164394378662
-0.005982041358947754
0.5495396852493286
-0.6112886667251587
0.34443652629852295
0.21718859672546387
0.06669747829437256
-0.33895373344421387
-0.06779718399047852
-0.4966731071472168
0.14774549007415771
-0.44527506828308105
-0.05606210231781006
0.398105263710022
-0.36039435863494873
-0.23576557636260986
0.17213881015777588
0.03428518772125244
-0.0070133209228515625
0.06144535541534424
0.18549346923828125
0.2815227508544922
0.05198812484741211
0.14867162704467773
-0.49705934524536133
-0.1409662961959839
0.05808150768280029
0.0922774076461792
-0.104775071144104
0.0280686616897583
0.33746278285980225
-0.03254377841949463
0.33395838737487793
-0.10094523429870605
0.301344633102417
-0.02433454990386963
-0.09200167655944824
0.34338319301605225
0.32762742042541504
0.15671968460083008
-0.0889425277709961
-0.1603025197982788
0.1569530963897705
0.2911936044692993
0.18048691749572754
-0.07982742786407471
0.12409436702728271
0.05155825614929199
0.3874009847640991
0.4319700002670288
0.035309672355651855
-0.4346100091934204
0.47552692890167236
-0.2859172821044922
0.1547996997833252
0.3749120235443115
-0.06388163566589355
-0.1047142744064331
0.5271031856536865
-0.4192078113555908
0.3941749334335327
-0.15220367908477783
0.04622602462768555
0.14171063899993896
-0.48481595516204834
-0.02847588062286377
-0.002344965934753418
0.0812157392501831
-0.01183009147644043
0.2610507011413574
0.28661036491394043
-0.012025952339172363
-0.06719493865966797
0.19118428230285645
-0.01216268539428711
0.03667867183685303
0.047026753425598145
0.25850558280944824
0.2865046262741089
-0.1394650936126709
0.3970907926559448
-0.0826491117477417
-0.41646718978881836
0.46021318435668945
0.40211164951324463
0.17820942401885986
-0.1619277000427246
0.3965722322463989
0.1396235227584839
0.3801232576370239
0.3430619239807129
-0.10586988925933838
0.504725456237793
-0.13932788372039795
0.1322801113128662
0.08790826797485352
-0.09148430824279785
-0.0956498384475708
0.18593347072601318
0.20575904846191406
0.4485933780670166
0.14306902885437012
0.0027666091918945312
-0.06783568859100342
-0.26922643184661865
-0.5346840620040894
0.5590593814849854
0.22977793216705322
0.15550053119659424
-0.013181447982788086
0.12817811965942383
-0.01112675666809082
0.18381011486053467
-0.11098706722259521
0.0003230571746826172
0.12084460258483887
0.3015333414077759
-0.015358328819274902
-0.03856384754180908
0.18440663814544678
-0.15741372108459473
0.18443143367767334
0.40231502056121826
0.07982325553894043
-0.2531764507293701
-0.047130584716796875
-0.05917084217071533
0.03346407413482666
0.12191247940063477
-0.2611633539199829
0.050635457038879395
0.15577960014343262
0.40554749965667725
-0.21231067180633545
0.30071425437927246
0.06035900115966797
0.30780279636383057
-0.22607898712158203
0.2822084426879883
0.05362570285797119
-0.09321558475494385
0.38447773456573486
0.23326325416564941
0.045507073402404785
0.12005698680877686
0.0014606714248657227
-0.003956198692321777
-0.001458287239074707
0.16009867191314697
0.27970337867736816
0.008732914924621582
0.19683837890625
-0.22641241550445557
-0.20000457763671875
-0.08717143535614014
0.15836632251739502
0.11900389194488525
0.22292590141296387
-0.03129458427429199
0.4483720064163208
0.12986505031585693
0.15897095203399658
0.38553428649902344
0.4220097064971924
-0.09932577610015869
-0.18612432479858398
-0.1426236629486084
0.1629709005355835
0.013321638107299805
-0.2714557647705078
0.30434608459472656
0.07695841789245605
-0.40103787183761597
0.6277782917022705
-0.11699295043945312
0.07718205451965332
0.060729265213012695
0.28170061111450195
0.29402124881744385
-0.2172093391418457
0.3653980493545532
0.19076228141784668
0.21581041812896729
0.19078612327575684
-0.16619622707366943
0.41653454303741455
0.1578531265258789
-0.8111751675605774
-0.07060158252716064
0.38114333152770996
-0.23706459999084473
-0.24823439121246338
0.11392557621002197
0.093039870262146
-0.10116374492645264
0.08739614486694336
0.1900782585144043
0.2794736623764038
-0.2825927734375
0.26913702487945557
0.0487903356552124
0.42958033084869385
0.1363213062286377
0.22710120677947998
0.2779378890991211
-0.16289889812469482
0.05754685401916504
0.2865121364593506
0.02884984016418457
0.3500635623931885
0.541245698928833
0.03949737548828125
-0.1323699951171875
0.05299723148345947
0.7372705936431885
0.5938922166824341
0.007620453834533691
0.36641132831573486
0.20842885971069336
0.44912028312683105
-0.0007984638214111328
0.015197277069091797
0.06884539127349854
0.24321472644805908
-0.27213817834854126
0.09984159469604492
-0.1384422779083252
0.468593955039978
0.10259473323822021
-0.027729034423828125
-0.18393290042877197
0.43092644214630127
0.16258537769317627
0.03703022003173828
-0.19971072673797607
0.4961918592453003
-0.3832188844680786
-0.09124994277954102
0.18360483646392822
0.16831016540527344
0.14754760265350342
0.04270899295806885
0.7950749397277832
-0.0939784049987793
-0.22752892971038818
0.13334882259368896
0.10167467594146729
-0.2143416404724121
0.3757826089859009
0.13650596141815186
-0.13485801219940186
0.19471383094787598
0.22499704360961914
-0.20294690132141113
-0.25463008880615234
0.06151175498962402
0.00754547119140625
-0.44942402839660645
0.34329867362976074
0.05346322059631348
0.3133002519607544
-0.08372974395751953
0.14456260204315186
-0.04295492172241211
0.16647207736968994
0.7126162052154541
-0.39444994926452637
0.34728574752807617
0.30392026901245117
0.3105471134185791
-0.10979008674621582
0.26547491550445557
-0.04966473579406738
-0.1622546911239624
-0.10467493534088135
0.222387433052063
-0.17772769927978516
0.16011857986450195
0.18349921703338623
-0.01771557331085205
0.44817185401916504
-0.09623205661773682
-0.04481911659240723
-0.06834924221038818
0.05327129364013672
0.08252441883087158
-0.08090007305145264
-0.09673702716827393
0.5089794397354126
0.31569719314575195
0.05791914463043213
0.10608398914337158
0.20475852489471436
-0.38453423976898193
-0.11157441139221191
-0.0825340747833252
0.025601863861083984
0.01488041877746582
0.08207142353057861
0.1482865810394287
0.1800469160079956
-0.18398022651672363
0.05401110649108887
0.13571369647979736
0.03270912170410156
-0.27418410778045654
-0.40414416790008545
0.10972464084625244
0.27566027641296387
0.005327701568603516
-0.3906383514404297
-0.4146616458892822
-0.060819149017333984
0.2713644504547119
0.49380195140838623
-0.14726793766021729
0.19916296005249023
0.18998348712921143
-0.0708538293838501
0.23182082176208496
-0.5841490626335144
0.27679598331451416
-0.20322930812835693
0.31768667697906494
-0.02262437343597412
-0.357113242149353
-0.07131147384643555
0.1413261890411377
0.17006385326385498
0.5357493162155151
-0.45517730712890625
-0.41901373863220215
0.5385507345199585
0.304088830947876
0.14184308052062988
-0.657949686050415
-0.10055196285247803
0.269580602645874
0.2790701389312744
0.10634243488311768
-0.3684655427932739
0.47096729278564453
0.1204993724822998
0.1433182954788208
-0.276561975479126
0.0896458625793457
0.2730525732040405
-0.028853893280029297
0.44425320625305176
0.16775429248809814
0.08430624008178711
-0.03565037250518799
0.2216968536376953
-0.12937676906585693
-0.01777470111846924
0.5373052358627319
-0.22293901443481445
-0.3401358127593994
0.19260656833648682
-0.23299956321716309
0.06308722496032715
0.03434598445892334
-0.29544126987457275
0.28207898139953613
0.2070835828781128
0.030159831047058105
-0.05122041702270508
-0.584943413734436
-0.053000450134277344
0.2304832935333252
0.12142622470855713
0.018117308616638184
0.0433504581451416
-0.22032153606414795
-0.418559193611145
0.3662146329879761
-0.36234068870544434
-0.006269335746765137
0.2111048698425293
-0.030222415924072266
0.24343085289001465
0.09591102600097656
0.4220099449157715
-0.001981496810913086
0.10852885246276855
0.16399574279785156
0.15261709690093994
0.3579850196838379
0.030249714851379395
0.6107207536697388
0.3545466661453247
0.19544744491577148
0.29215848445892334
0.28667140007019043
0.24639558792114258
0.14872586727142334
0.3893624544143677
0.16562879085540771
0.03451693058013916
-0.1665022373199463
-0.4574688673019409
0.24741590023040771
0.023827672004699707
0.12726294994354248
-0.1539287567138672
0.21052134037017822
0.1812838315963745
-0.10221350193023682
0.06520271301269531
0.0505601167678833
0.14700043201446533
0.11173868179321289
-0.006770491600036621
-0.046723127365112305
-0.27605128288269043
0.07967329025268555
-0.4770834445953369
0.394980788230896
0.22925984859466553
0.2194368839263916
0.026717662811279297
-0.010245442390441895
-0.5238015651702881
0.29557013511657715
0.36287617683410645
0.23585247993469238
0.25591909885406494
0.07730472087860107
-0.01777637004852295
-0.11226105690002441
0.19440484046936035
-0.00017309188842773438
0.1276618242263794
-0.006180286407470703
0.2307736873626709
0.02109348773956299
0.4097156524658203
0.12409985065460205
0.20260226726531982
0.12454259395599365
0.1920539140701294
0.17680621147155762
0.0037508010864257812
0.10470724105834961
-0.09200489521026611
0.2755904197692871
0.28592944145202637
0.25044357776641846
-0.19586193561553955
0.056528329849243164
-0.5579264163970947
-0.2725781202316284
0.6762031316757202
0.386615514755249
-0.014862298965454102
0.1291806697845459
0.13798630237579346
0.17580926418304443
-0.09849584102630615
-0.022151708602905273
-0.01977980136871338
0.5803872346878052
0.5430192947387695
0.048725247383117676
-0.07696175575256348
0.44600439071655273
-0.058737874031066895
0.11075091361999512
0.18937718868255615
0.7283461093902588
0.3469308614730835
-0.2734088897705078
-0.02435779571533203
0.10689830780029297
0.09132778644561768
-0.15724420547485352
0.06779301166534424
-0.0626605749130249
0.029297471046447754
0.131392240524292
0.12911784648895264
-0.0918583869934082
-0.10883867740631104
0.009660124778747559
-0.03921222686767578
0.08285748958587646
-0.01894056797027588
-0.2604029178619385
-0.23264598846435547
-0.024602055549621582
-0.08331429958343506
0.3973681926727295
0.2496633529663086
0.12679684162139893
0.09363090991973877
0.24510657787322998
0.06884026527404785
0.09468674659729004
-0.0726935863494873
-0.2521857023239136
-0.1848357915878296
-0.007552027702331543
-0.28945982456207275
-0.20024502277374268
0.43199753761291504
-0.2328181266784668
-0.1243276596069336
0.18997740745544434
0.13252460956573486
0.09123742580413818
-0.11906564235687256
0.1050419807434082
0.1368328332901001
0.11937510967254639
0.48572397232055664
0.04535675048828125
-0.005464673042297363
0.25017035007476807
0.09103989601135254
-0.4650627374649048
0.4917566776275635
-0.26834309101104736
0.48968517780303955
0.08318531513214111
-0.35313689708709717
-0.1291295289993286
0.3983839750289917
0.29520273208618164
0.0006113052368164062
-0.17525219917297363
0.12222683429718018
0.4237511157989502
0.21775364875793457
0.11862194538116455
-0.08170688152313232
0.17303955554962158
-0.17271530628204346
-0.05170488357543945
0.28234899044036865
0.09276211261749268
0.015771865844726562
-0.5472551584243774
-0.19945621490478516
0.19604170322418213
-0.11698710918426514
0.10593116283416748
-0.07463192939758301
0.07980620861053467
-0.14760804176330566
-0.23969995975494385
-0.08876931667327881
-0.15851986408233643
-0.4674670100212097
0.19910204410552979
0.48724234104156494
0.20144450664520264
0.42362773418426514
0.025273919105529785
-0.38640475273132324
0.03894162178039551
0.12747085094451904
0.1288621425628662
0.004178166389465332
-0.31924986839294434
-0.004227876663208008
0.1881413459777832
-0.6780650615692139
-0.0014545917510986328
0.04023885726928711
0.36276769638061523
0.4204651117324829
0.34638285636901855
0.3179638385772705
0.26880407333374023
0.06265223026275635
0.16160213947296143
0.1905972957611084
0.14711260795593262
0.1523076295852661
0.08047926425933838
-0.0008046627044677734
0.06736433506011963
0.033035874366760254
-0.12745332717895508
0.12342965602874756
-0.23930275440216064
-0.22247099876403809
0.0274050235748291
-0.10447955131530762
-0.40905463695526123
0.31450414657592773
0.1484222412109375
0.47761261463165283
-0.043076395988464355
0.28621768951416016
-0.10585331916809082
-0.10637390613555908
0.19725358486175537
0.3774440288543701
0.23726236820220947
0.1146010160446167
-0.0021457672119140625
-0.10798764228820801
-0.23105788230895996
-0.15195512771606445
0.49788081645965576
-0.33986127376556396
0.10161793231964111
-0.6512250900268555
0.25002479553222656
-0.008789777755737305
-0.06401360034942627
0.09679067134857178
0.012112140655517578
-0.3324458599090576
-0.017552733421325684
-0.20884883403778076
0.21486806869506836
-0.03610372543334961
0.2931288480758667
0.02307450771331787
-0.04649031162261963
-0.010201215744018555
0.09048330783843994
-0.24966251850128174
-0.14313745498657227
-0.38351118564605713
-0.036309123039245605
-0.5746688842773438
-0.297335147857666
0.12766635417938232
0.4078561067581177
-0.27317607402801514
0.3365896940231323
0.3579174280166626
0.024460434913635254
0.01188361644744873
0.5366801023483276
0.39423954486846924
0.3750619888305664
0.2054082155227661
-0.04015684127807617
0.1085582971572876
0.3980371952056885
0.17245852947235107
-0.034451961517333984
0.11482393741607666
-0.021296143531799316
-0.23091530799865723
0.5926607847213745
-0.35515546798706055
0.3621525764465332
0.03935730457305908
0.09663450717926025
-0.4146866798400879
-0.28601980209350586
-0.03070235252380371
0.026730895042419434
-0.46455371379852295
0.19159257411956787
0.3853342533111572
-0.1212540864944458
-0.022411823272705078
0.07149744033813477
0.04072749614715576
-0.27256548404693604
0.10723912715911865
0.40779805183410645
0.4898189306259155
-0.30541419982910156
-0.2118208408355713
0.05966198444366455
0.012866735458374023
-0.04000973701477051
-0.03924977779388428
0.2305002212524414
0.09385013580322266
0.3026728630065918
-0.14890897274017334
-0.30571889877319336
-0.22356796264648438
0.17677593231201172
0.17049527168273926
0.9181540012359619
0.09417188167572021
0.26896679401397705
0.18214726448059082
-0.042519330978393555
0.21479356288909912
0.06935286521911621
-0.11944663524627686
-0.07771086692810059
0.28709733486175537
-0.12106764316558838
0.10531723499298096
0.2919178009033203
-0.27428603172302246
-0.11249208450317383
-0.05144143104553223
0.07431924343109131
0.08552181720733643
0.14813196659088135
0.33485662937164307
0.6938918828964233
0.06203269958496094
0.20361816883087158
0.3558753728866577
0.3662968873977661
0.23866164684295654
0.14946866035461426
-0.05290639400482178
-0.3470715284347534
0.19557487964630127
0.17453551292419434
0.30258214473724365
-0.3630537986755371
-0.05521667003631592
0.29709506034851074
0.234954833984375
0.1385056972503662
-0.05442845821380615
0.34520816802978516
0.11454272270202637
-0.2371978759765625
-0.15187644958496094
-0.03896200656890869
-0.04095661640167236
0.1418626308441162
-0.043668150901794434
-0.4941197633743286
-0.013828516006469727
-0.13058757781982422
0.16712236404418945
0.11498618125915527
0.2337895631790161
0.04691660404205322
0.10481870174407959
0.11257040500640869
-0.09174370765686035
0.21013689041137695
0.22076284885406494
0.09600627422332764
0.4291360378265381
0.30300748348236084
-0.09854888916015625
0.340190052986145
0.014743447303771973
-0.22054553031921387
0.10290396213531494
0.21610760688781738
-0.4663996696472168
-0.25825202465057373
0.5070904493331909
0.4335472583770752
0.12187325954437256
0.05658292770385742
-0.0299527645111084
0.11570584774017334
0.21829330921173096
0.007262229919433594
-0.3087664842605591
-0.0011720657348632812
-0.1335592269897461
-0.13634800910949707
0.09947502613067627
0.1596604585647583
0.1558448076248169
0.1514979600906372
0.21476447582244873
0.3464357852935791
0.1579892635345459
0.10950469970703125
0.04398000240325928
-0.366707444190979
-0.11956989765167236
0.015194416046142578
0.5170451402664185
0.364469051361084
-0.2815014123916626
-0.11968934535980225
-0.02406454086303711
-0.14490437507629395
0.05028581619262695
0.16716623306274414
0.23975825309753418
0.09511697292327881
0.031942129135131836
0.13582301139831543
-0.07774734497070312
-0.15127384662628174
0.12630200386047363
-0.17472362518310547
-0.13822197914123535
0.09777355194091797
0.166509747505188
-0.12899911403656006
0.09549605846405029
0.2585258483886719
-0.29471397399902344
0.3351263999938965
0.38193273544311523
-0.13955986499786377
0.10283851623535156
-0.2674199342727661
0.1176912784576416
-0.04414355754852295
-0.23213481903076172
0.008467793464660645
0.3620361089706421
0.0912710428237915
-0.20275354385375977
0.44343942403793335
0.37319326400756836
0.10281705856323242
0.17956626415252686
0.003976583480834961
0.29223549365997314
0.222556471824646
-0.00967264175415039
0.011952757835388184
0.15841543674468994
0.1406341791152954
-0.26812148094177246
-0.08600997924804688
-0.6186257600784302
0.4206308126449585
-0.23566877841949463
0.4762554168701172
0.08840620517730713
0.17612969875335693
0.22441232204437256
0.3779374361038208
0.06278359889984131
0.27501916885375977
-0.04408895969390869
0.24018442630767822
0.3089890480041504
0.1777338981628418
0.144567608833313
0.28849899768829346
0.2689223289489746
-0.02600562572479248
0.20603573322296143
-0.08103930950164795
-0.3198660612106323
-0.1907796859741211
0.21463298797607422
-0.2433081865310669
0.20540547370910645
0.03323185443878174
0.6429390907287598
0.45087742805480957
0.09191584587097168
0.1296766996383667
-0.18102705478668213
-0.0307466983795166
0.0716705322265625
0.03869974613189697
0.3361903429031372
0.12994182109832764
0.445589542388916
-0.413851261138916
0.30234062671661377
-0.0676577091217041
0.2530851364135742
0.1025775671005249
0.26840806007385254
-0.4062991142272949
0.03851580619812012
-0.11387872695922852
-0.31891930103302
-0.43235647678375244
-0.1921248435974121
-0.4689211845397949
0.2952388525009155
0.31445538997650146
-0.09012460708618164
0.05281400680541992
-0.032628774642944336
-0.01014566421508789
0.015799880027770996
-0.21646177768707275
-0.04936516284942627
-0.11396503448486328
-0.07331323623657227
0.013063907623291016
0.2623739242553711
-0.3978792428970337
-0.26359379291534424
0.3963799476623535
-0.34078848361968994
-0.24678564071655273
0.30162155628204346
0.042685747146606445
0.019947052001953125
-0.11794722080230713
-0.008193254470825195
-0.021991491317749023
0.01940333843231201
-0.24655497074127197
0.12943971157073975
0.14429378509521484
-0.3624145984649658
-0.22547101974487305
-0.09179365634918213
-0.01403796672821045
-0.06987214088439941
0.08726465702056885
-0.11397111415863037
0.2633981704711914
-0.0956045389175415
-0.1862419843673706
0.008541107177734375
0.40555810928344727
0.13130569458007812
0.12612390518188477
0.29339027404785156
-0.13432049751281738
-0.12565207481384277
0.03513813018798828
-0.08196365833282471
-0.21668052673339844
0.28672540187835693
0.049372196197509766
-0.17333364486694336
0.046613454818725586
-0.11284375190734863
0.2849154472351074
0.40001237392425537
-0.0737464427947998
-0.35870254039764404
-0.19441485404968262
0.06234335899353027
-0.03599727153778076
0.10122692584991455
0.11499917507171631
-0.1907651424407959
0.00306856632232666
-0.0265805721282959
0.0297853946685791
0.037662625312805176
0.3737342357635498
-0.03327739238739014
0.24819469451904297
-0.2654550075531006
-0.264689564704895
0.29405367374420166
0.0029712915420532227
0.5675005912780762
0.28723597526550293
-0.07429850101470947
-0.015088558197021484
0.19639623165130615
0.2381521463394165
0.12441015243530273
-0.22297930717468262
-0.10386765003204346
0.3917595148086548
-0.20178508758544922
0.2615816593170166
0.12813425064086914
-0.4651278257369995
-0.41483449935913086
0.1290069818496704
0.2749209403991699
0.278475284576416
-0.017311692237854004
-0.1881939172744751
0.09697222709655762
0.3996063470840454
0.047063589096069336
0.20147311687469482
0.5439164638519287
0.46949565410614014
0.49799561500549316
-0.17585229873657227
0.20500195026397705
0.22228467464447021
-0.07713770866394043
0.345737099647522
0.1899946928024292
-0.16002345085144043
-0.06622505187988281
0.32159900665283203
0.1843407154083252
0.013590693473815918
0.20211517810821533
0.3445732593536377
0.01142585277557373
-0.03542900085449219
-0.15546321868896484
0.24330544471740723
0.5794386863708496
0.07493853569030762
0.2178562879562378
-0.11480855941772461
-0.1976933479309082
-0.33790719509124756
-0.19812792539596558
0.49661755561828613
-0.11404657363891602
-0.3010910749435425
0.17557525634765625
0.17706918716430664
-0.0848546028137207
-0.3451017141342163
0.1479583978652954
-0.11057412624359131
-0.04507887363433838
-0.48688948154449463
0.1710723638534546
-0.002136707305908203
-0.16727018356323242
0.25248801708221436
0.20076870918273926
0.4423767328262329
0.5727052688598633
0.06765758991241455
0.43270790576934814
-0.12091600894927979
-0.21091175079345703
-0.0404360294342041
0.14069628715515137
0.3175532817840576
0.5304749011993408
-0.23027336597442627
0.1076810359954834
-0.10828280448913574
-0.3902742862701416
0.14920222759246826
0.5211859941482544
0.6659955978393555
-0.1509082317352295
0.16486835479736328
0.20741486549377441
-0.21204626560211182
0.051856040954589844
0.019058823585510254
-0.6057312488555908
-0.04192709922790527
-0.19035017490386963
-0.48343634605407715
0.1220555305480957
0.029413342475891113
0.1309494972229004
-0.030440330505371094
-0.2523592710494995
0.1905430555343628
0.15701758861541748
-0.0579911470413208
-0.05305004119873047
0.12217247486114502
0.30086374282836914
0.18112587928771973
0.0043479204177856445
0.4392927885055542
0.2512972354888916
0.04064583778381348
-0.1160895824432373
0.16876614093780518
-0.2152329683303833
0.2554769515991211
-0.020033597946166992
-0.14452910423278809
-0.2069162130355835
0.37806010246276855
0.07510125637054443
-0.007360696792602539
0.027681827545166016
0.0058290958404541016
-0.0430448055267334
0.19656848907470703
0.1888885498046875
0.23878049850463867
-0.1535816192626953
0.08593118190765381
-0.01911163330078125
-0.2510814666748047
0.18754780292510986
0.20005154609680176
0.371258020401001
0.1457599401473999
-0.060339927673339844
-0.0021544694900512695
0.10184085369110107
-0.13284850120544434
0.30702996253967285
0.3896716833114624
-0.04972422122955322
0.2992650270462036
0.17075347900390625
0.42516207695007324
-0.10397708415985107
0.33735883235931396
0.19940388202667236
0.3797367811203003
0.0724632740020752
-0.2638282775878906
-0.33146023750305176
0.15574753284454346
-0.12290418148040771
0.29115617275238037
0.31024277210235596
-0.30042922496795654
-0.15320420265197754
0.2161470651626587
0.009206295013427734
0.2306879758834839
0.2042713165283203
-0.024036288261413574
0.41633832454681396
-0.21562719345092773
0.22359848022460938
0.2505906820297241
-0.1614600419998169
0.15481340885162354
0.11194467544555664
0.030365347862243652
0.10229647159576416
0.06055295467376709
-0.43760383129119873
0.11720907688140869
0.38378989696502686
0.5567405223846436
0.16552770137786865
0.27652835845947266
0.15472280979156494
0.02684640884399414
-0.23840773105621338
-0.06280028820037842
-0.07095575332641602
0.1906670331954956
0.2532409429550171
0.007833719253540039
-0.052526116371154785
0.39777231216430664
0.05886340141296387
0.1450977325439453
0.271099328994751
0.0584331750869751
0.2988516092300415
0.25426721572875977
-0.33893561363220215
-0.633503794670105
0.006248593330383301
0.21662688255310059
-0.3313959836959839
-0.11051201820373535
0.4534797668457031
0.05441427230834961
-0.034774184226989746
0.07913327217102051
-0.2669718265533447
0.33909010887145996
-0.06958317756652832
0.24053168296813965
-0.34346628189086914
-0.40670621395111084
0.13032031059265137
-0.180830717086792
0.06296670436859131
-0.18411600589752197
-0.5943597555160522
0.33075571060180664
-0.0636059045791626
-0.32744288444519043
0.05834603309631348
0.17005622386932373
0.0753711462020874
-0.0529325008392334
-0.3961070775985718
-0.02617466449737549
0.12412965297698975
-0.07799088954925537
0.2622619867324829
0.2835432291030884
0.7069814205169678
0.10149121284484863
0.0042188167572021484
0.09528601169586182
0.011304974555969238
-0.06847643852233887
-0.24556636810302734
0.14310002326965332
0.2699553966522217
0.36489689350128174
0.3222072124481201
0.03232884407043457
-0.0185849666595459
-0.04390096664428711
-0.27894604206085205
0.01887810230255127
0.345866322517395
0.3845595121383667
-0.06606054306030273
-0.12405431270599365
0.18504071235656738
0.1995704174041748
0.10542333126068115
0.0748223066329956
0.14231228828430176
-0.323589563369751
0.3416318893432617
0.2554013729095459
-0.46124398708343506
0.04890239238739014
0.07538068294525146
-0.19537615776062012
-0.054955482482910156
-0.005128145217895508
0.20807170867919922
-0.20627224445343018
0.07697248458862305
0.10291147232055664
0.037984490394592285
0.1379237174987793
-0.09817159175872803
-0.024786710739135742
-0.018778681755065918
-0.10370874404907227
-0.07658767700195312
-0.2681910991668701
-0.35920000076293945
-0.019281625747680664
-0.1542062759399414
0.3259706497192383
0.28446483612060547
0.12378561496734619
0.4033728837966919
0.04263031482696533
0.3086804151535034
0.09926426410675049
0.3582807779312134
-0.052011728286743164
0.11030972003936768
0.1344165802001953
0.22477257251739502
0.08340370655059814
0.0003769397735595703
0.13131439685821533
0.20510923862457275
-0.2281348705291748
0.07952582836151123
0.3709803819656372
0.06669843196868896
0.02176499366760254
0.284784197807312
0.10164940357208252
-0.01482999324798584
0.14920926094055176
-0.054473280906677246
-0.11551558971405029
0.12359082698822021
0.039830923080444336
-0.14256548881530762
0.25112080574035645
0.009235739707946777
-0.01343834400177002
0.02691638469696045
-0.22521746158599854
0.048102736473083496
0.21241939067840576
-0.007113099098205566
0.044287800788879395
0.12174439430236816
0.06334269046783447
-0.27398741245269775
-0.14319837093353271
0.0195082426071167
0.12740206718444824
0.13407278060913086
0.6787731647491455
0.007409930229187012
0.14691591262817383
0.2587474584579468
0.1513422727584839
0.2926892042160034
-0.02177441120147705
-0.0429764986038208
-0.4758826494216919
-0.05449509620666504
-0.06449055671691895
0.2671710252761841
-0.15930092334747314
-0.012108445167541504
0.41755807399749756
0.10436809062957764
0.5015844106674194
-0.06675183773040771
-0.36896491050720215
0.07220160961151123
0.3565441370010376
-0.054764389991760254
-0.09961652755737305
0.030448555946350098
0.055284976959228516
0.40998828411102295
0.24238169193267822
0.004339337348937988
0.6407561302185059
-0.10752105712890625
0.054737091064453125
0.007668495178222656
0.03924715518951416
0.2572448253631592
0.09880149364471436
0.15356171131134033
-0.3423192501068115
0.3443429470062256
0.3928922414779663
0.02327573299407959
0.385664701461792
-0.04990983009338379
-0.02759230136871338
0.14261186122894287
0.11668229103088379
0.03342270851135254
0.05113828182220459
0.04593455791473389
0.007066249847412109
-0.04583621025085449
-0.14093351364135742
-0.26245057582855225
0.19179093837738037
0.25605154037475586
0.3931872844696045
0.09483003616333008
-0.19479286670684814
0.2954148054122925
0.034534454345703125
0.24296152591705322
0.2463914155960083
-0.027115583419799805
0.16450965404510498
0.1173255443572998
0.3724498748779297
-0.07363831996917725
0.15156376361846924
-0.03106689453125
0.3064241409301758
0.171828031539917
0.358615517616272
0.30567848682403564
0.09806311130523682
0.1095050573348999
-0.14054465293884277
0.18728923797607422
0.22677600383758545
0.11287486553192139
0.3967806100845337
-0.01824045181274414
0.13291895389556885
0.004915475845336914
0.3514155149459839
0.4473450183868408
-0.389351487159729
-0.11989545822143555
0.40591657161712646
0.2316732406616211
0.09960412979125977
0.13703155517578125
-0.17298078536987305
0.22859346866607666
-0.26522815227508545
0.2403857707977295
-0.04631471633911133
0.015391826629638672
0.944066047668457
0.08110678195953369
0.29894566535949707
0.026811957359313965
0.20059537887573242
0.05827677249908447
0.4539341926574707
0.14567327499389648
-0.1691368818283081
0.39406871795654297
0.260103702545166
0.40601205825805664
-0.0023131370544433594
-0.019692301750183105
-0.16035127639770508
0.01748979091644287
-0.2725379467010498
0.03288841247558594
-0.30959296226501465
-0.008159160614013672
-0.1762528419494629
-0.40423595905303955
0.2123051881790161
0.17970895767211914
0.22736907005310059
0.06072378158569336
-0.45039308071136475
-0.1864469051361084
0.196416974067688
-0.06481349468231201
0.521389365196228
0.0471339225769043
0.23789453506469727
0.09148728847503662
0.35430920124053955
-0.08939886093139648
0.040108680725097656
-0.04942810535430908
-0.23729228973388672
0.11127030849456787
0.23007571697235107
0.0363922119140625
-0.027680516242980957
-0.23529267311096191
-0.24803030490875244
0.27776098251342773
-0.06389355659484863
0.3766893148422241
0.6238833665847778
0.022216796875
-0.23317837715148926
0.04152262210845947
-0.0857691764831543
0.20374703407287598
0.050484657287597656
-0.12072157859802246
-0.045189857482910156
-0.09684038162231445
0.276350736618042
0.28055739402770996
0.2222684621810913
0.24485957622528076
-0.5261359214782715
0.11868655681610107
-0.12799596786499023
-0.0632483959197998
0.36981356143951416
-0.2443854808807373
0.168412446975708
0.11248719692230225
0.03380739688873291
0.20264530181884766
0.1459815502166748
-0.3477827310562134
0.28479576110839844
0.04594004154205322
0.34614336490631104
0.3644545078277588
0.031951069831848145
0.20851576328277588
0.015457868576049805
0.19227099418640137
0.18296027183532715
0.31717395782470703
0.042255520820617676
-0.001964092254638672
0.26107215881347656
0.019460678100585938
0.3551037311553955
0.24489891529083252
0.47907280921936035
0.2485259771347046
-0.04105353355407715
0.25453484058380127
0.004878520965576172
-0.1064828634262085
0.14987313747406006
0.11854028701782227
0.37940549850463867
0.04546940326690674
-0.2326211929321289
0.1836404800415039
0.1001443862915039
-0.11725151538848877
0.03586554527282715
0.32606756687164307
0.17662012577056885
0.04565703868865967
0.008113265037536621
0.23384714126586914
0.34231770038604736
0.21621084213256836
-0.1432591676712036
-0.15934455394744873
-0.0026532411575317383
0.5978167057037354
0.14539217948913574
-0.0842432975769043
0.3230990171432495
0.24927258491516113
0.2620953321456909
0.4721052646636963
0.0899510383605957
0.2135716676712036
0.08903002738952637
0.055043935775756836
0.22662854194641113
-0.011443614959716797
0.11272573471069336
-0.23273837566375732
0.6481759548187256
0.19676077365875244
-1.212448239326477
-0.08792245388031006
0.181907057762146
-0.25585222244262695
-0.054569244384765625
0.30393362045288086
0.05676102638244629
-0.05804300308227539
0.3122713565826416
0.1314101219177246
-0.022922873497009277
-0.11731564998626709
-0.1883082389831543
0.2255955934524536
0.010323762893676758
0.2758467197418213
-0.20093607902526855
0.010271549224853516
0.3235100507736206
-0.16858184337615967
0.6140784025192261
-0.06710457801818848
-0.235870361328125
0.04304385185241699
-0.015317082405090332
0.2764625549316406
-0.05162370204925537
-0.12836205959320068
-0.1921302080154419
0.12878906726837158
0.08339178562164307
0.22409629821777344
0.3578770160675049
-0.0690227746963501
0.03107142448425293
0.03155159950256348
-0.09018135070800781
0.04126095771789551
-0.3879125118255615
-0.034177303314208984
0.31123781204223633
2.6464462280273438e-05
0.3035409450531006
0.05155658721923828
0.1867302656173706
-0.04999947547912598
0.09851038455963135
0.36515653133392334
-0.24304723739624023
-0.16225934028625488
-0.3134803771972656
0.1867591142654419
-0.09520196914672852
0.14521408081054688
0.11880457401275635
-0.16810226440429688
-0.013577103614807129
-0.2671945095062256
0.025095701217651367
-0.261885404586792
-0.037131667137145996
0.11895990371704102
0.5284489393234253
-0.20248663425445557
0.09051132202148438
-0.24807167053222656
0.2780039310455322
0.4384427070617676
-0.21211373805999756
0.12723231315612793
0.1924598217010498
0.08112621307373047
-0.12946712970733643
-0.07454574108123779
0.5039715766906738
0.3305729627609253
-0.17658257484436035
-0.09324586391448975
-0.005300998687744141
-0.10412001609802246
0.1141815185546875
0.246901273727417
0.18498444557189941
-0.361663818359375
-0.24674391746520996
0.10579633712768555
0.07976937294006348
0.3382686376571655
-0.4716745615005493
-0.13806700706481934
0.2590622901916504
0.18185198307037354
-0.0073822736740112305
-0.3577631711959839
-0.18802237510681152
-0.31731343269348145
0.19492018222808838
-0.2064669132232666
0.2723510265350342
0.4271101951599121
0.28681373596191406
-0.21999585628509521
0.2352210283279419
-0.11276137828826904
-0.06209397315979004
0.2821364402770996
-0.10104382038116455
0.18732762336730957
0.20066213607788086
0.11187338829040527
0.031008601188659668
-0.049939632415771484
-0.26320695877075195
0.04539787769317627
0.08263885974884033
0.2999981641769409
0.44596219062805176
-0.06404638290405273
-0.02263808250427246
0.22774183750152588
0.3805811405181885
0.33954381942749023
-0.09187650680541992
0.0005768537521362305
0.19554972648620605
0.3893618583679199
0.12833726406097412
0.140328049659729
-0.1534942388534546
0.39096808433532715
0.29784095287323
0.15645968914031982
0.001862168312072754
0.015461444854736328
0.40062785148620605
0.3345726728439331
0.27310895919799805
0.08461391925811768
-0.09890091419219971
-0.07749807834625244
0.016352057456970215
0.1507021188735962
-0.06352663040161133
0.06306695938110352
0.2628002166748047
0.13450336456298828
0.05312013626098633
-0.057759642601013184
0.3447232246398926
0.05547606945037842
0.20590901374816895
0.26200246810913086
0.42444002628326416
0.09289538860321045
-0.1388382911682129
0.01176464557647705
-0.008056998252868652
0.6493809223175049
0.3231043815612793
0.32920730113983154
0.25233232975006104
0.371213436126709
0.19059312343597412
0.07193446159362793
0.23985600471496582
-0.20657682418823242
-0.060611724853515625
-0.07941198348999023
0.09734618663787842
-0.38809823989868164
0.44458603858947754
0.13027191162109375
-0.061805009841918945
0.19132673740386963
-0.08030903339385986
0.15881216526031494
0.23106694221496582
-0.03925800323486328
-0.0033560991287231445
0.11357438564300537
-0.19139838218688965
-0.10579586029052734
0.008519530296325684
0.46302247047424316
0.4649922847747803
-0.16085374355316162
-0.03704965114593506
0.15818524360656738
-0.3173398971557617
0.031445980072021484
0.03397071361541748
-0.17090868949890137
0.08955514430999756
0.07306087017059326
-0.05622255802154541
-0.1417217254638672
-0.06704306602478027
-0.059902191162109375
-0.036656975746154785
0.27169501781463623
0.3848862648010254
-0.20787465572357178
0.11331844329833984
-0.1618746519088745
0.16127002239227295
0.04423069953918457
-0.08815860748291016
0.017192840576171875
-0.48151183128356934
-0.18792009353637695
0.3323240280151367
-0.2516542673110962
0.399192214012146
0.1837615966796875
0.2104860544204712
-0.18618762493133545
0.31699132919311523
0.18880033493041992
-0.21709752082824707
-0.36627697944641113
0.1489722728729248
0.06802940368652344
-0.2651071548461914
0.3540463447570801
0.34176933765411377
-0.22675204277038574
0.001883387565612793
0.22920358180999756
-0.07099628448486328
-0.4488164186477661
-0.027359604835510254
0.050240516662597656
0.4836944341659546
-0.09179127216339111
-0.1174083948135376
-0.14178717136383057
0.01558375358581543
0.31413590908050537
0.10641825199127197
0.3378657102584839
0.43055856227874756
0.061942338943481445
0.016151905059814453
-0.09823250770568848
0.2912842035293579
0.20029854774475098
0.22571158409118652
-0.14678704738616943
-0.28634774684906006
0.39355039596557617
0.1721665859222412
0.04095339775085449
-0.08366930484771729
-0.007774472236633301
-0.17757320404052734
0.4676811695098877
-0.18790817260742188
0.1580038070678711
-0.056171298027038574
-0.1341937780380249
0.08449006080627441
0.08562755584716797
-0.13398170471191406
0.05071282386779785
0.32994210720062256
0.08097171783447266
0.4136735200881958
-0.021912217140197754
0.22556543350219727
0.23979520797729492
0.16268908977508545
-0.048044800758361816
0.2640409469604492
0.19843947887420654
0.015248656272888184
-0.5940523147583008
0.19618844985961914
-0.11787056922912598
-0.21068859100341797
-0.16368532180786133
-0.3370175361633301
0.37936484813690186
0.1128230094909668
-0.1367814540863037
0.24448275566101074
0.0235368013381958
0.07870244979858398
0.1462569236755371
0.40293240547180176
-0.02947103977203369
-0.42374634742736816
-0.05601775646209717
-0.32147932052612305
0.030988097190856934
0.21422278881072998
0.25872206687927246
-0.005636930465698242
0.03198599815368652
-0.38713395595550537
-0.04687809944152832
0.0818336009979248
0.27211666107177734
0.35816943645477295
0.20655560493469238
0.16735339164733887
0.16231536865234375
0.6478464603424072
0.003522515296936035
-0.17584240436553955
0.31904733180999756
0.28942906856536865
-0.07327747344970703
0.3749631643295288
-0.6212645769119263
0.09680843353271484
-0.17001330852508545
0.21484088897705078
0.18786168098449707
0.1004343032836914
0.25695157051086426
0.2601395845413208
-0.011739373207092285
0.2787458896636963
-0.17170429229736328
0.328116774559021
0.33124327659606934
-0.11704802513122559
0.029483437538146973
0.05898749828338623
0.28337061405181885
-0.27368998527526855
0.06454432010650635
0.4613957405090332
0.11678338050842285
-0.43355095386505127
-0.15242362022399902
0.0676034688949585
0.0008187294006347656
-0.33156049251556396
-0.2261906862258911
0.2343921661376953
0.04898488521575928
-0.24676835536956787
-0.16622614860534668
0.2677726745605469
0.28236913681030273
0.10121536254882812
-0.26459741592407227
0.048026204109191895
-0.3838222026824951
-0.23780417442321777
0.24299836158752441
0.027037858963012695
0.7080925703048706
-0.043813109397888184
-0.08419656753540039
0.08247947692871094
-0.04584157466888428
-0.23020398616790771
0.046489596366882324
-0.042557716369628906
0.015964746475219727
0.1960996389389038
-0.15078520774841309
-0.10897946357727051
-0.6064537763595581
0.07619249820709229
-0.395290732383728
-0.10436844825744629
0.20844590663909912
0.6305928230285645
0.5266098976135254
0.19469690322875977
-0.19848155975341797
0.47272539138793945
-0.04575812816619873
-0.19120049476623535
0.24305474758148193
0.26815783977508545
0.046986937522888184
-0.05052328109741211
-0.12026000022888184
-0.36566483974456787
0.03175473213195801
0.37410640716552734
0.2812645435333252
0.1118854284286499
-0.15734195709228516
-0.47709619998931885
0.254899263381958
0.24948525428771973
-0.07551336288452148
0.12760376930236816
0.15655505657196045
-0.13486289978027344
0.2343146800994873
0.12335467338562012
-0.009386897087097168
0.23163890838623047
0.1604682207107544
-0.2286527156829834
0.13394427299499512
-0.06286180019378662
0.20960843563079834
-0.09250199794769287
0.11005198955535889
-0.22087228298187256
-0.06073558330535889
0.27954018115997314
0.2306894063949585
-0.4225658178329468
0.18108749389648438
0.09272229671478271
0.15033161640167236
0.00010025501251220703
0.19784128665924072
0.28752613067626953
-0.4385182857513428
-0.17277252674102783
0.029004216194152832
-0.04635119438171387
0.3650803565979004
0.13826310634613037
-0.4745168685913086
-0.07437026500701904
0.16373848915100098
0.30409014225006104
0.03806102275848389
-0.2948821783065796
-0.0014657974243164062
-0.11051774024963379
-0.09292817115783691
0.11458420753479004
-0.053513526916503906
0.005832791328430176
0.12484288215637207
0.2590070962905884
-0.05562925338745117
0.07292306423187256
0.11793112754821777
0.023424148559570312
0.03989410400390625
-0.34386885166168213
0.145410418510437
0.15377748012542725
0.10698151588439941
-0.06936454772949219
0.31956708431243896
0.11482810974121094
0.08037567138671875
-0.02185690402984619
0.023247718811035156
-0.08954358100891113
-0.15316498279571533
0.079833984375
0.17864465713500977
0.2902333736419678
-0.022599220275878906
0.18603432178497314
-0.05723154544830322
0.21279263496398926
-0.1681746244430542
0.16041803359985352
0.028917312622070312
0.48983681201934814
-0.12907648086547852
-0.15343177318572998
0.3050600290298462
-0.39661526679992676
-0.23345577716827393
0.5256067514419556
0.2896491289138794
-0.08385610580444336
0.00023233890533447266
-0.06720614433288574
0.03649759292602539
0.5146985054016113
-0.1369110345840454
-0.3846290111541748
0.37326157093048096
0.5137680768966675
0.10301625728607178
-0.5846819877624512
-0.15372121334075928
-0.18216311931610107
-0.2756859064102173
0.5561714172363281
0.16889548301696777
-0.11157798767089844
-0.07265138626098633
0.18784260749816895
-0.21211254596710205
-0.1533132791519165
-0.02663278579711914
-0.04382729530334473
0.05528700351715088
0.14358556270599365
0.04489338397979736
-0.2013033628463745
0.33045828342437744
0.4851350784301758
0.3444478511810303
-0.3794208765029907
0.19533634185791016
0.26971590518951416
0.05172884464263916
-0.045719027519226074
-0.9270333051681519
0.23189020156860352
-0.012906074523925781
0.09158039093017578
-0.08200514316558838
-0.048127174377441406
0.759555459022522
0.1675095558166504
-0.21918344497680664
0.13558697700500488
-0.14399516582489014
0.41660964488983154
0.04172325134277344
-0.5743757486343384
0.12274014949798584
0.0033298730850219727
0.20317339897155762
0.5567182302474976
0.11310386657714844
0.13531410694122314
0.016224145889282227
-0.05669569969177246
0.24099504947662354
0.2093677520751953
0.28501224517822266
0.3348276615142822
0.27125346660614014
-0.5680375099182129
-0.05521535873413086
0.10358500480651855
0.2487049102783203
-0.2289823293685913
0.17782282829284668
-0.4321991205215454
-0.060204148292541504
0.466860294342041
-0.13910913467407227
0.4083375930786133
0.039775848388671875
-0.30799782276153564
0.2721008062362671
0.24131560325622559
-0.05703234672546387
0.25644755363464355
0.4161478281021118
0.49397289752960205
-0.03636884689331055
0.24588274955749512
0.3009532690048218
0.6090598106384277
-0.043561339378356934
0.3912041187286377
0.3181830644607544
0.21800947189331055
0.6052780151367188
-0.12164497375488281
0.21442246437072754
0.0813133716583252
0.06490135192871094
-0.058834075927734375
0.04564464092254639
-0.19150304794311523
0.20223534107208252
0.09835052490234375
0.1538236141204834
-0.3176630735397339
0.13780808448791504
-0.19601678848266602
-0.35491442680358887
0.06032967567443848
0.38497865200042725
0.09786462783813477
-0.05936717987060547
0.2530815601348877
0.11216247081756592
0.3458601236343384
-0.0219113826751709
0.10282027721405029
0.23942911624908447
0.2630573511123657
0.14065659046173096
0.0061223506927490234
-0.1273975372314453
0.2038518190383911
0.1401822566986084
-0.2197035551071167
0.00271451473236084
0.04099440574645996
-0.029143095016479492
0.15260827541351318
0.269580602645874
0.00909280776977539
-0.35965096950531006
0.26550304889678955
0.30079329013824463
0.5219208002090454
0.3108721971511841
0.36122584342956543
-0.06409990787506104
0.27045202255249023
-0.011191010475158691
0.5308279991149902
0.04636359214782715
0.254425048828125
0.33963167667388916
-0.10393941402435303
0.21965956687927246
0.24996733665466309
-0.005179286003112793
0.13217532634735107
0.45123469829559326
0.15572869777679443
0.14366960525512695
-0.21123230457305908
0.2554999589920044
-0.07461750507354736
-0.5689483880996704
-0.16513347625732422
0.24053168296813965
-0.45336031913757324
-0.2572399377822876
-0.2623627185821533
0.08858263492584229
-0.30559515953063965
-0.16820812225341797
0.3915966749191284
0.18669414520263672
0.12377047538757324
0.22373175621032715
-0.22727715969085693
0.0920790433883667
0.30550456047058105
-0.0006655454635620117
-0.029090404510498047
0.49819648265838623
0.35377538204193115
0.11846411228179932
-0.2884645462036133
-0.23571383953094482
-0.2778811454772949
-0.3041161894798279
-0.2146000862121582
-0.07425785064697266
-0.1442199945449829
-0.16491055488586426
0.09241414070129395
0.478873610496521
-0.3254350423812866
0.6181524991989136
-0.12262451648712158
0.1805572509765625
0.3869161605834961
-0.003496885299682617
0.006042003631591797
0.2735285758972168
0.19793832302093506
0.2990320920944214
0.19389331340789795
0.030779004096984863
-0.3061167001724243
0.08502113819122314
0.03410613536834717
0.28068387508392334
0.20284652709960938
-0.21090292930603027
-0.23968780040740967
0.09494888782501221
0.05595588684082031
0.14850354194641113
0.27382826805114746
-0.6113367080688477
-0.1946500539779663
0.16270923614501953
-0.03747057914733887
-0.08473455905914307
0.37213993072509766
-0.16897869110107422
-0.11357927322387695
0.22118711471557617
-0.31525468826293945
0.5132691860198975
0.18557214736938477
0.45398974418640137
-0.22961556911468506
-0.1729111671447754
-0.23996448516845703
-0.2907510995864868
-0.04636275768280029
-0.07611870765686035
-0.011139273643493652
0.04332113265991211
0.032528042793273926
0.4144331216812134
0.14179301261901855
0.1038123369216919
0.32841384410858154
0.12248730659484863
-0.267203688621521
-0.051274895668029785
-0.4196932315826416
-0.2953721284866333
0.08603012561798096
0.030199766159057617
0.2578362226486206
0.3133237361907959
0.02604830265045166
0.3169640302658081
-0.06879949569702148
0.3429206609725952
0.25981009006500244
0.55019211769104
0.19872772693634033
0.13925445079803467
0.3410109281539917
0.042502760887145996
0.04766499996185303
-0.29245567321777344
-0.14057135581970215
0.2029256820678711
0.2518432140350342
-0.18249773979187012
0.21788692474365234
-0.07806873321533203
-0.14914047718048096
0.025712966918945312
0.25274860858917236
0.09368240833282471
0.16313397884368896
0.05815601348876953
-0.18053948879241943
-0.02546846866607666
0.2228844165802002
-0.009227514266967773
0.2663102149963379
0.12329721450805664
0.2914639711380005
0.3702641725540161
0.3153085708618164
0.3300158977508545
0.035530805587768555
-0.4433896541595459
-0.4580010175704956
0.3266623020172119
0.35739028453826904
0.37162327766418457
0.41891980171203613
0.20550644397735596
0.33209049701690674
0.05469191074371338
-0.060355305671691895
-0.1214064359664917
0.0119476318359375
0.1702113151550293
0.0034297704696655273
0.34867405891418457
-0.23840093612670898
-0.028800129890441895
0.21489620208740234
0.4420585632324219
-0.0025641918182373047
-0.5397847890853882
0.006102442741394043
0.4376087188720703
0.1520223617553711
0.17913711071014404
0.1340653896331787
-0.2299051284790039
0.1755084991455078
-0.0928267240524292
0.12449407577514648
0.07881498336791992
0.09559416770935059
0.27490925788879395
-0.03502798080444336
-0.058153748512268066
0.23661184310913086
0.5641368627548218
0.5590311288833618
-0.3524782657623291
-0.17125368118286133
0.04024672508239746
-0.1064460277557373
0.058066487312316895
0.020888924598693848
-0.05723118782043457
-0.08487772941589355
0.3024876117706299
0.13741302490234375
-0.13590705394744873
-0.060848116874694824
0.6083070039749146
0.13328289985656738
-0.0038431882858276367
0.40471982955932617
-0.14179503917694092
-0.15248703956604004
0.07940030097961426
0.3330070972442627
0.08803439140319824
-0.06995177268981934
0.062047719955444336
-0.035997986793518066
-0.30251455307006836
-0.29441213607788086
-0.0254518985748291
-0.3162710666656494
0.055757999420166016
0.3202967643737793
0.38985586166381836
0.20728790760040283
-0.021842360496520996
-0.02351844310760498
-0.022994160652160645
0.2410675287246704
-0.04959571361541748
-0.25460028648376465
0.340761661529541
0.45266783237457275
0.004197597503662109
0.04811060428619385
0.0468369722366333
0.11050152778625488
0.10049271583557129
-0.2647969722747803
0.4727398157119751
0.03696799278259277
0.013342618942260742
0.5112532377243042
0.23322641849517822
0.37703561782836914
-0.2723095417022705
0.33137714862823486
0.21342194080352783
-0.027207255363464355
0.2524566650390625
0.14973032474517822
-0.5511010885238647
0.08030581474304199
0.0758202075958252
0.15213000774383545
-0.02294623851776123
0.16875720024108887
-0.15483009815216064
0.35305893421173096
0.050003767013549805
0.07399535179138184
0.1100473403930664
-0.05664551258087158
-0.03674435615539551
-0.31582164764404297
-0.020657777786254883
0.2181006669998169
0.061278462409973145
0.2343132495880127
0.0431666374206543
0.11527371406555176
-0.8402444124221802
-0.09087836742401123
0.3530552387237549
-0.10966336727142334
0.40046966075897217
0.051756978034973145
-0.04954111576080322
-0.4383659362792969
-0.039688825607299805
-0.22476065158843994
0.665231466293335
0.04200601577758789
-0.30577683448791504
0.2462083101272583
0.6096398830413818
0.3630636930465698
0.4615004062652588
-0.2721273899078369
0.030478477478027344
0.03517460823059082
0.2304319143295288
0.3798983097076416
-0.005046248435974121
0.40640807151794434
0.23102045059204102
-0.48363566398620605
0.09275209903717041
-0.3608797788619995
0.0847933292388916
0.07545936107635498
-0.06663501262664795
0.093772292137146
0.08927798271179199
-0.15410971641540527
0.11579442024230957
0.2854137420654297
-0.006827354431152344
-0.1181485652923584
-0.018875718116760254
0.20177972316741943
0.2625993490219116
0.46670687198638916
0.22667527198791504
0.21321797370910645
0.40394532680511475
0.6355996131896973
-0.35568487644195557
-0.14751946926116943
0.0704110860824585
0.22012722492218018
-0.16031479835510254
0.027783751487731934
0.14947843551635742
-0.5101492404937744
0.21432256698608398
-0.014978647232055664
-0.03763151168823242
0.3264509439468384
0.13421761989593506
0.3600788116455078
-0.00030493736267089844
-0.39489901065826416
-0.24161756038665771
-0.02114403247833252
0.34805822372436523
0.040995121002197266
0.27229511737823486
0.42546379566192627
0.27243471145629883
-0.193611741065979
0.1325693130493164
0.26124322414398193
-0.09082412719726562
0.04901766777038574
0.3143129348754883
0.27066361904144287
-0.06308853626251221
0.011619329452514648
-0.18041527271270752
-0.07605385780334473
-0.24594402313232422
-0.3058040142059326
0.27585792541503906
0.10166299343109131
-0.06820237636566162
-0.006639242172241211
0.369193434715271
-0.23531723022460938
0.5234839916229248
-0.08376312255859375
0.5209325551986694
-0.4542578458786011
0.15738868713378906
0.06838333606719971
0.23434710502624512
0.09122753143310547
0.3662090301513672
0.4247262477874756
0.06621015071868896
0.029748201370239258
0.14291632175445557
0.17509675025939941
0.05582785606384277
0.23569774627685547
0.05052971839904785
-0.05784130096435547
-0.10497450828552246
0.20947706699371338
-0.284226655960083
0.27073943614959717
0.08714163303375244
-0.04480087757110596
-0.03785347938537598
0.11640238761901855
0.08467400074005127
0.22564935684204102
-0.12326693534851074
-0.06432688236236572
-0.016450166702270508
-0.4277198314666748
-0.11548542976379395
-0.22397053241729736
0.3050084114074707
0.07393109798431396
0.17744874954223633
-0.12271773815155029
-0.14323770999908447
-0.11016452312469482
0.2711982727050781
0.152579665184021
0.1156240701675415
0.15045678615570068
0.008637189865112305
0.031812429428100586
0.07810282707214355
-0.1375654935836792
0.23938226699829102
0.34401631355285645
0.05236923694610596
-0.0535736083984375
0.5569238662719727
-0.07806050777435303
0.4178816080093384
0.4381086826324463
-0.2552783489227295
-0.10637760162353516
-0.00960397720336914
-0.037233591079711914
0.19010663032531738
0.12708723545074463
-0.07370209693908691
0.7715328931808472
0.3901395797729492
0.12042224407196045
0.18842816352844238
0.267132043838501
-0.11363935470581055
-0.08355534076690674
-0.21261286735534668
0.2083503007888794
0.11402618885040283
-0.10821855068206787
-0.022597789764404297
0.38750553131103516
-0.4301496744155884
0.4660782814025879
0.17896783351898193
-0.5576941967010498
-5.710124969482422e-05
-0.06778323650360107
0.1339576244354248
0.009114265441894531
-0.011097311973571777
0.30252790451049805
-0.10715508460998535
0.17439651489257812
0.20450162887573242
0.205047607421875
-0.07229840755462646
0.33522868156433105
0.054266929626464844
0.0636739730834961
0.2779216766357422
-0.3546668291091919
0.15784227848052979
0.007451415061950684
0.017329096794128418
0.004128932952880859
0.08548510074615479
0.03977823257446289
0.23829197883605957
0.0989999771118164
0.02883279323577881
0.29895925521850586
0.06835305690765381
-0.28335368633270264
-0.21488666534423828
0.07771050930023193
0.10926699638366699
-0.15062403678894043
0.3081461191177368
0.34339380264282227
-0.10299921035766602
0.19717109203338623
0.21905028820037842
0.44611871242523193
-0.008033990859985352
-0.17292332649230957
-0.08886587619781494
0.17398476600646973
-0.030760526657104492
0.19179964065551758
0.0517115592956543
-0.02071821689605713
-0.23327159881591797
-0.22167634963989258
0.24000883102416992
-0.18437862396240234
-0.14809668064117432
0.5921322107315063
0.5096811056137085
-0.2731802463531494
0.2922157049179077
-0.02009105682373047
0.17059075832366943
-0.02678382396697998
0.154382586479187
-0.06377065181732178
0.06616377830505371
0.26168036460876465
-0.07644093036651611
-0.17381668090820312
0.19473254680633545
-0.18411266803741455
-0.34331321716308594
-0.3696300983428955
-0.05619359016418457
0.1856909990310669
-0.022426724433898926
0.27068936824798584
0.10229229927062988
0.3560044765472412
0.1374722719192505
0.014755487442016602
0.031407833099365234
-0.30774569511413574
0.27522945404052734
-0.34827613830566406
0.07110595703125
0.06943738460540771
-0.03696763515472412
0.29013657569885254
-0.08158552646636963
-0.04158782958984375
-0.2088679075241089
-0.3936361074447632
0.17453598976135254
-0.09269869327545166
-0.3312351703643799
-0.08127963542938232
0.13817965984344482
-0.2210456132888794
0.028017282485961914
0.29299139976501465
0.19921958446502686
-0.08736991882324219
0.19913136959075928
0.464168906211853
-0.08766520023345947
0.2019578218460083
-0.2226790189743042
0.2908298969268799
0.21974694728851318
-0.014925956726074219
0.11231231689453125
0.12999427318572998
0.00011050701141357422
0.28747105598449707
0.21196377277374268
0.3527710437774658
-0.23853075504302979
0.1410759687423706
-0.17368078231811523
-0.2458409070968628
-0.05586731433868408
0.10313677787780762
0.032462239265441895
0.12330174446105957
0.43572998046875
0.1404021978378296
0.3220028877258301
0.11732840538024902
0.2230217456817627
0.2935631275177002
0.0657416582107544
0.5401477813720703
0.2519437074661255
0.510342001914978
0.24281704425811768
-0.1418907642364502
0.26830577850341797
0.21576964855194092
-0.12820255756378174
0.22447967529296875
0.8490362167358398
-0.36154723167419434
0.07618927955627441
-0.2764878273010254
-0.2871513366699219
0.23812735080718994
0.19587361812591553
0.24603271484375
-0.0923910140991211
-0.30421972274780273
-0.1602034568786621
-0.13822782039642334
0.022800326347351074
-0.2118433713912964
-0.17099320888519287
-0.0301743745803833
-0.3659241199493408
-0.29020166397094727
-0.18635118007659912
0.1792997121810913
0.07426917552947998
-0.34297335147857666
0.21314668655395508
0.007355809211730957
-0.23544180393218994
0.17249000072479248
0.09101927280426025
0.3727455139160156
0.4410667419433594
0.1484239101409912
-0.35296201705932617
-0.1261810064315796
-0.016642332077026367
-0.16161620616912842
0.38369953632354736
-0.13330411911010742
0.12643826007843018
0.023203372955322266
-0.09975016117095947
-0.13523495197296143
-0.08586561679840088
0.4022986888885498
0.3130793571472168
0.08683896064758301
-0.2720763683319092
-0.04487133026123047
0.16020309925079346
-0.23592615127563477
-0.01751387119293213
0.08012640476226807
-0.12116742134094238
-0.047960638999938965
-0.2530921697616577
0.13868165016174316
0.7187775373458862
0.076271653175354
-0.0003947019577026367
-0.1566014289855957
0.3620457649230957
0.07508373260498047
0.613448977470398
0.02168560028076172
-0.18466222286224365
0.19028794765472412
-0.7403151988983154
0.0538867712020874
0.015832185745239258
0.41899192333221436
-0.0933682918548584
0.04133760929107666
-0.24168884754180908
-0.09239339828491211
0.06714451313018799
-0.29096341133117676
0.06323468685150146
-0.09848594665527344
0.0748223066329956
0.4242180585861206
0.278522253036499
0.362811803817749
-0.0810084342956543
0.24740839004516602
0.21787691116333008
0.04266834259033203
0.3480445146560669
0.6016275882720947
0.5420687198638916
0.04754185676574707
0.19542467594146729
-0.0311586856842041
-0.02529776096343994
0.1272670030593872
0.009255170822143555
-0.045491814613342285
0.17355191707611084
0.03099691867828369
0.2012186050415039
0.1131136417388916
0.17087233066558838
0.25968682765960693
0.765571117401123
0.15585100650787354
-0.2494032382965088
-0.1852705478668213
0.2604038715362549
0.2689034938812256
-0.1219930648803711
0.5125477313995361
-0.5079208612442017
0.3210461139678955
-0.2968796491622925
0.17592191696166992
-0.05215954780578613
-0.10342717170715332
-0.1120145320892334
0.13816678524017334
0.17841601371765137
-0.09207117557525635
0.02252042293548584
0.042759060859680176
-0.06911444664001465
-0.14762747287750244
0.3191474676132202
0.10012435913085938
-0.0005259513854980469
-0.08769679069519043
0.17172455787658691
0.3651632070541382
-0.10451555252075195
0.14710640907287598
0.06838536262512207
-0.552641749382019
-0.008564233779907227
0.10073328018188477
-0.04092967510223389
-0.22140657901763916
0.2714332342147827
0.15425467491149902
0.07683300971984863
0.04914712905883789
-0.10473752021789551
0.22499918937683105
0.2943263053894043
-0.010438919067382812
0.2421485185623169
-0.035797119140625
0.09891462326049805
-0.020552992820739746
0.0714421272277832
-0.10237753391265869
0.08256471157073975
0.23143959045410156
-0.14940571784973145
0.0993201732635498
0.2050231695175171
0.3642383813858032
0.3289182186126709
-0.16380751132965088
0.16825461387634277
0.14946556091308594
0.16220200061798096
0.23391711711883545
0.20138955116271973
0.2551450729370117
-0.016891002655029297
0.09917259216308594
-0.08204329013824463
0.14757108688354492
-0.17631030082702637
-0.20236742496490479
0.2921738624572754
0.04740774631500244
0.5114767551422119
-0.018067479133605957
0.0355759859085083
0.23934412002563477
-0.028454303741455078
0.10106217861175537
0.04182016849517822
-0.2721041440963745
0.294370174407959
0.1249915361404419
0.40660881996154785
-0.1573784351348877
-0.28958451747894287
-0.2636944055557251
-0.27179598808288574
0.08803439140319824
0.22214341163635254
0.07050597667694092
0.19423913955688477
-0.26941490173339844
0.17768871784210205
0.45650362968444824
-0.2839851379394531
-0.2352811098098755
0.2335672378540039
-0.2264631986618042
0.10888671875
0.046175599098205566
0.3908640146255493
0.3063943386077881
0.2302539348602295
-0.37877678871154785
-0.07562553882598877
0.21516788005828857
0.12868845462799072
-0.19082844257354736
0.06656205654144287
0.3123202323913574
0.3141213655471802
0.045913100242614746
0.2945702075958252
-0.2265685796737671
-0.07382512092590332
-0.40460968017578125
0.24611926078796387
0.3203531503677368
0.1328890323638916
0.3365868330001831
-0.28592610359191895
-0.15374112129211426
-0.12312984466552734
-0.18754446506500244
-0.03338932991027832
0.018010377883911133
0.16183745861053467
-0.5486077070236206
-0.11184477806091309
-0.31500327587127686
0.01188647747039795
-0.39185631275177
0.2563626766204834
-0.3404672145843506
0.36496734619140625
0.008040428161621094
-0.20389437675476074
-0.24509847164154053
0.07362174987792969
0.31639933586120605
0.3603053092956543
0.6220111846923828
0.28954005241394043
0.15505027770996094
0.49338769912719727
0.11071944236755371
0.1635197401046753
-0.24903333187103271
0.12516844272613525
0.038648366928100586
0.44482994079589844
-0.24892377853393555
0.40820229053497314
0.07963728904724121
-0.06234335899353027
0.11311256885528564
0.16433000564575195
0.22348415851593018
0.3552590608596802
-0.20259809494018555
0.15066289901733398
-0.047894835472106934
-0.15570056438446045
-0.44092297554016113
-0.0740889310836792
0.4344642162322998
0.3105289936065674
0.22094404697418213
0.23735785484313965
-0.38645684719085693
-0.2323988676071167
0.18225550651550293
-0.16171562671661377
0.17237019538879395
0.4132634401321411
0.3731878995895386
-0.10139918327331543
-0.7728822231292725
0.10888671875
0.38775110244750977
-0.13879930973052979
0.3652229309082031
-0.03671371936798096
-0.02532017230987549
0.18342018127441406
0.03793179988861084
-0.2990173101425171