-0.05800282955169678
0.348659873008728
-0.036684632301330566
0.0332413911819458
-0.24883675575256348
-0.06463503837585449
0.16903448104858398
-0.32373046875
-0.1113203763961792
-0.06474804878234863
-0.020267248153686523
0.08701169490814209
0.09716427326202393
0.06647181510925293
0.3974202871322632
0.07361555099487305
0.04211258888244629
-0.16493630409240723
-0.39486491680145264
-0.014313817024230957
-0.311745285987854
0.18320727348327637
-0.2740612030029297
0.16840624809265137
0.23907160758972168
-0.14485275745391846
0.12191259860992432
0.13086140155792236
-0.13717281818389893
-0.16543984413146973
0.0060312747955322266
0.10855293273925781
0.0031490325927734375
0.027962327003479004
-0.11111629009246826
-0.4199292063713074
0.18389391899108887
-0.11498379707336426
-0.05216872692108154
0.08737003803253174
0.3319840431213379
0.10836362838745117
-0.054840147495269775
0.19257581233978271
-0.28316688537597656
-0.09363365173339844
0.033843994140625
0.03982090950012207
0.10683572292327881
0.15371453762054443
0.04086887836456299
0.11522531509399414
0.5307964086532593
-0.04607832431793213
0.33894145488739014
-0.28803515434265137
0.25982677936553955
0.07373565435409546
0.05346095561981201
-0.009684205055236816
-0.05762135982513428
0.12016904354095459
0.10034191608428955
-0.3135566711425781
0.051483750343322754
-0.09462255239486694
0.116554856300354
0.1955326795578003
0.4025839567184448
0.31150269508361816
0.12729120254516602
0.22349202632904053
-0.22358441352844238
0.34390366077423096
-0.6089589595794678
0.3395988941192627
-0.10943973064422607
0.1500234603881836
0.029264450073242188
0.20437288284301758
-0.18728774785995483
0.3127458095550537
-0.13789153099060059
0.09091317653656006
-0.10711073875427246
-0.056003570556640625
0.24764597415924072
0.2814664840698242
0.1924583911895752
-0.11571085453033447
0.03213047981262207
0.039514780044555664
-0.05015552043914795
0.11417198181152344
0.09182476997375488
-0.006786704063415527
-0.15170252323150635
0.3389441967010498
-0.0806494951248169
0.28247833251953125
-0.34417855739593506
-0.14294111728668213
-0.15117979049682617
-0.3566439151763916
0.1228799819946289
0.2928684949874878
0.23883509635925293
-0.11253607273101807
0.013974189758300781
-0.31747710704803467
-0.3294144868850708
0.02218329906463623
0.017420649528503418
0.3305927515029907
0.12952470779418945
-0.05573892593383789
-0.0609816312789917
-0.030962109565734863
-0.21125513315200806
-0.23652935028076172
0.03544414043426514
-0.14035344123840332
-0.11447608470916748
0.12728655338287354
-0.07225954532623291
0.3011375665664673
0.08406007289886475
-0.08121943473815918
0.15969324111938477
-0.16726899147033691
0.06045639514923096
-0.5869306325912476
0.04684722423553467
0.06065964698791504
-0.07657516002655029
-0.2122727632522583
-0.27050793170928955
0.16711485385894775
0.38375580310821533
0.1851646900177002
-0.06819891929626465
-0.18796610832214355
-0.02273237705230713
0.5685299634933472
-0.006349325180053711
0.22364485263824463
-0.16027653217315674
0.13971996307373047
0.11131227016448975
-0.11052393913269043
-0.12603652477264404
0.011147022247314453
0.15134096145629883
-0.18558049201965332
0.009201645851135254
-0.08363461494445801
-0.008933663368225098
-0.21800053119659424
0.4138219356536865
0.07739651203155518
-0.07079625129699707
0.08580255508422852
0.08528661727905273
-0.2113724946975708
0.08197987079620361
0.3585628271102905
0.06880414485931396
0.09124445915222168
0.03744029998779297
-0.17859327793121338
-0.13366317749023438
0.2630345821380615
0.22988569736480713
-0.15034806728363037
-0.03154474496841431
0.14531207084655762
0.23057031631469727
0.37451672554016113
-0.008846759796142578
0.0009413957595825195
-0.04070019721984863
0.011400580406188965
-0.05129814147949219
0.14603281021118164
0.18051207065582275
0.23978066444396973
-0.1689620018005371
-0.06068873405456543
0.10689914226531982
-0.04633963108062744
-0.052252769470214844
0.12007772922515869
0.11436712741851807
-0.0739281177520752
-0.1310749053955078
-0.05255472660064697
0.11211323738098145
-0.32261693477630615
-0.1107177734375
0.016301989555358887
0.17015409469604492
-0.012704730033874512
-0.2166692018508911
-0.26211631298065186
-0.27729421854019165
-0.03947138786315918
-0.20873284339904785
-0.21375346183776855
0.25033509731292725
-0.06143796443939209
0.1328064203262329
-0.22348737716674805
0.2654092311859131
0.08642351627349854
0.019898176193237305
-0.1617412567138672
0.03652989864349365
-0.023006439208984375
0.24412798881530762
-0.19865304231643677
-0.09420204162597656
-0.14580976963043213
-0.19845342636108398
-0.3050472140312195
0.134024977684021
0.09963250160217285
-0.04742765426635742
0.015493035316467285
0.49510741233825684
0.16527259349822998
-0.25217562913894653
-0.528617262840271
0.0024508237838745117
0.06510424613952637
-0.24374604225158691
-0.06891679763793945
-0.3166799545288086
0.0833817720413208
0.08561921119689941
-0.020406603813171387
0.05120038986206055
-0.0011066198348999023
-0.3678494691848755
-0.12175488471984863
-0.19828617572784424
-0.0875781774520874
0.30967819690704346
0.5030498504638672
-0.006211400032043457
0.17389154434204102
0.08022916316986084
0.18655717372894287
-0.15891540050506592
-0.21125304698944092
0.10747933387756348
0.10077071189880371
-0.33649444580078125
0.11530983448028564
-0.057878971099853516
-0.31659364700317383
-0.038361310958862305
-0.13008415699005127
0.12092733383178711
-0.08225774765014648
0.1095496416091919
0.18095946311950684
0.0570145845413208
-0.19150406122207642
-0.19730663299560547
-0.06676089763641357
-0.22255098819732666
-0.014161467552185059
-0.06219625473022461
0.012729287147521973
0.0865246057510376
-0.05221879482269287
0.11800932884216309
-0.1245737075805664
0.000675201416015625
-0.07681381702423096
-0.10874664783477783
-0.02880382537841797
0.10739821195602417
-0.12043488025665283
0.02559840679168701
0.24709653854370117
0.09541440010070801
0.21224427223205566
-0.05647069215774536
-0.09332406520843506
0.06310129165649414
-0.14049530029296875
-0.05504190921783447
-0.35502302646636963
0.1276993751525879
0.021672546863555908
-0.3452256917953491
-0.15373945236206055
0.24865615367889404
-0.0571211576461792
0.015396595001220703
0.2408360242843628
-0.12619853019714355
-0.24420559406280518
0.033553123474121094
-0.13030672073364258
0.21173399686813354
0.11454284191131592
-0.058254122734069824
-6.99758529663086e-05
0.17849767208099365
0.3249417543411255
0.048825860023498535
-0.2664594054222107
-0.013888120651245117
-0.0388798713684082
0.12498950958251953
-0.08876383304595947
-0.03746640682220459
0.24585819244384766
0.17132830619812012
0.0487368106842041
0.09297990798950195
-0.03806352615356445
-0.1609489917755127
-0.03159666061401367
-0.19659948348999023
0.07382667064666748
0.3624321222305298
-0.19738280773162842
0.14660727977752686
-0.05308651924133301
0.005437612533569336
-0.12364864349365234
-0.2782602310180664
0.06778109073638916
-0.0045326948165893555
0.2095276117324829
-0.19113242626190186
-0.3564518690109253
-0.3493119478225708
-0.02800571918487549
0.24540364742279053
0.5528653860092163
0.20306479930877686
0.10656821727752686
0.6956233978271484
0.05542004108428955
-0.12327432632446289
-0.07726407051086426
-0.24213659763336182
-0.3580969572067261
0.03697502613067627
-0.12809991836547852
0.01621091365814209
0.10604631900787354
0.11236286163330078
-0.17548906803131104
0.0027894973754882812
-0.14444971084594727
-0.07578170299530029
-0.5398669242858887
-0.1101909875869751
-0.11293816566467285
0.1323002576828003
0.21343088150024414
-0.3551805019378662
-0.19369584321975708
0.014277458190917969
0.17310798168182373
-0.19931459426879883
-0.05475902557373047
-0.016291141510009766
-0.18467628955841064
0.0956430435180664
-0.09314429759979248
0.0687713623046875
0.18625807762145996
0.3736534118652344
0.3363858461380005
-0.058330416679382324
0.018067002296447754
0.12080264091491699
-0.013912200927734375
-0.018085956573486328
-0.10627865791320801
0.012380480766296387
0.06512737274169922
-0.09436154365539551
0.1966630220413208
-0.1603224277496338
-0.16912841796875
-0.04795646667480469
0.23397743701934814
0.02414560317993164
-0.023458003997802734
0.35399508476257324
0.26974761486053467
0.004913926124572754
-0.03746676445007324
-0.28722286224365234
0.21646559238433838
0.23611557483673096
0.13683032989501953
-0.10025405883789062
0.2107689380645752
0.2856278419494629
0.021768689155578613
-0.03872120380401611
-0.0657268762588501
0.13140404224395752
-0.15012776851654053
0.07294011116027832
0.0038957595825195312
0.5001239776611328
-0.17827188968658447
0.059708356857299805
-0.2596607208251953
-0.026113271713256836
-0.2824552059173584
-0.046702444553375244
0.16078007221221924
-0.41666173934936523
-0.059813857078552246
0.034959375858306885
-0.09043896198272705
-0.07248890399932861
-0.3745981454849243
-0.03757774829864502
-0.09361565113067627
0.11273860931396484
0.09347033500671387
-0.0065343379974365234
-0.24031245708465576
-0.015755653381347656
0.44139719009399414
-0.0801781415939331
-0.15458190441131592
-0.06259727478027344
0.037725090980529785
-0.13659173250198364
-0.10435724258422852
-0.17981553077697754
0.18866181373596191
-0.12383592128753662
0.07735228538513184
0.08391720056533813
-0.09486520290374756
0.08480000495910645
0.41458773612976074
-0.0610809326171875
0.2793712615966797
-0.19094067811965942
-0.3149402141571045
-0.11429822444915771
-0.017838597297668457
-0.0478132963180542
-0.17505371570587158
-0.17002558708190918
-0.3010011911392212
-0.15913152694702148
0.022110700607299805
0.20520901679992676
0.15190136432647705
-0.05833292007446289
0.03946638107299805
0.12078523635864258
-0.02083134651184082
-0.09103620052337646
0.15363216400146484
0.07771551609039307
0.25129103660583496
0.13971257209777832
0.08283638954162598
0.14000368118286133
0.07004868984222412
0.1836913824081421
-0.03138375282287598
-0.028703153133392334
0.20357763767242432
0.5891138315200806
-0.21309316158294678
-0.08720552921295166
-0.057883501052856445
0.0869370698928833
0.04768681526184082
0.30945074558258057
-0.0373072624206543
-0.019525527954101562
-0.06022775173187256
-0.005256295204162598
-0.11990189552307129
-0.03185749053955078
-0.0682288408279419
0.40193653106689453
-0.17612528800964355
0.11888325214385986
0.22992658615112305
-0.27998876571655273
0.012767791748046875
0.173028826713562
0.1021186113357544
-0.21240663528442383
-0.23984086513519287
0.15947115421295166
0.21000432968139648
0.02641892433166504
-0.23115503787994385
0.2727857828140259
0.2965282201766968
0.1887822151184082
0.1928873062133789
0.049219608306884766
0.5954949855804443
0.32772135734558105
0.17189526557922363
-0.142744779586792
-0.09240001440048218
0.19838345050811768
-0.05826413631439209
-0.025878190994262695
-0.1885700225830078
-0.07146108150482178
-0.19982802867889404
0.03052997589111328
-0.2572050094604492
0.07341670989990234
0.04718363285064697
0.08641195297241211
-0.3408862352371216
0.07846224308013916
0.3200641870498657
-0.31108880043029785
0.196022629737854
0.37251436710357666
0.31827276945114136
0.08991038799285889
0.028594613075256348
0.13418543338775635
0.40311700105667114
-0.08324527740478516
-0.15810692310333252
0.30520594120025635
0.48258984088897705
0.18873393535614014
-0.00622713565826416
-0.23931604623794556
0.23374414443969727
0.38711047172546387
-0.21782493591308594
-0.004530668258666992
0.44110846519470215
-0.3058074116706848
0.37200868129730225
-0.5827287435531616
-0.20931434631347656
-0.1351536512374878
-0.19846630096435547
0.1306154727935791
-0.20061707496643066
-0.08512508869171143
0.528724193572998
0.1503605842590332
-0.19442808628082275
0.1371065378189087
0.16377413272857666
-0.17448759078979492
-0.11883068084716797
0.13064754009246826
0.11375439167022705
0.0039011240005493164
-0.04661130905151367
0.07136619091033936
-0.1606292724609375
-9.21487808227539e-05
0.029531478881835938
0.16508197784423828
0.653606653213501
0.02709043025970459
-0.14122676849365234
0.3621988296508789
-0.05586063861846924
0.2047741413116455
-0.07706141471862793
0.1528518795967102
0.5109537839889526
0.19844311475753784
-0.1412564516067505
-0.07701635360717773
0.23570919036865234
0.026200294494628906
-0.13063514232635498
-0.16498112678527832
0.14710187911987305
-0.21821749210357666
0.05594015121459961
-0.00905144214630127
-0.11640703678131104
-0.13841652870178223
-0.2052297592163086
-0.11626565456390381
-0.0937197208404541
-0.22521692514419556
0.17026174068450928
-0.06291937828063965
-0.19397413730621338
0.13222932815551758
0.04877316951751709
0.06063365936279297
-0.037967801094055176
0.018027901649475098
0.055433571338653564
0.09627091884613037
0.045154690742492676
0.33391284942626953
-0.2310316562652588
0.09324240684509277
0.07913148403167725
-0.20578885078430176
-0.2725406885147095
-0.23481184244155884
-0.4356139898300171
0.033814191818237305
-0.33208632469177246
-0.03424811363220215
0.2570236921310425
-0.34518957138061523
-0.10794699192047119
-0.06160235404968262
-0.08435308933258057
-0.15967047214508057
0.18569475412368774
0.03298652172088623
0.13223516941070557
-0.08127856254577637
-0.014786481857299805
-0.22795021533966064
-0.14983630180358887
-0.07304930686950684
-0.18236887454986572
-0.1185685396194458
-0.07286298274993896
0.1250213384628296
0.09452879428863525
0.037682533264160156
-0.1322934627532959
0.0666351318359375
-0.060328006744384766
0.1210716962814331
0.24395179748535156
0.20897388458251953
0.08073604106903076
0.10633993148803711
-0.0738152265548706
-0.05472254753112793
0.061115264892578125
0.07252097129821777
-0.12213122844696045
-0.05697357654571533
0.13580965995788574
0.34824037551879883
0.2246110439300537
-0.11188578605651855
-0.3197108507156372
0.16860699653625488
0.005098462104797363
0.0102691650390625
0.16262602806091309
-0.19322067499160767
-0.11939346790313721
0.4150063991546631
-0.26542770862579346
0.036963462829589844
-0.10267698764801025
0.019350290298461914
-0.06890463829040527
-0.1520826816558838
-0.00025463104248046875
-0.17323100566864014
0.13030457496643066
0.0876380205154419
0.14012384414672852
-0.08217024803161621
-0.17752599716186523
-0.056174278259277344
-0.02955758571624756
-0.06740212440490723
0.0019532442092895508
0.05542945861816406
0.11572480201721191
0.08105123043060303
-0.14225363731384277
0.11868029832839966
-0.18551254272460938
-0.24096524715423584
0.18571054935455322
0.24566900730133057
0.13278555870056152
-0.15244674682617188
0.3615061044692993
-0.07737791538238525
0.19464755058288574
0.06914162635803223
-0.08129274845123291
0.1358243227005005
-0.3501315712928772
-0.051291584968566895
0.024693608283996582
-0.028276562690734863
-0.1813628077507019
0.143135666847229
0.06800317764282227
0.32627832889556885
0.0006738901138305664
-0.02454078197479248
-0.09432756900787354
-0.16396355628967285
-0.18685483932495117
0.353618860244751
-0.08110964298248291
0.15241408348083496
0.2788734436035156
0.17607098817825317
-0.09397566318511963
0.10361051559448242
-0.018090367317199707
-0.13222932815551758
0.11945807933807373
0.08516848087310791
0.0017398595809936523
-0.01569199562072754
0.12950479984283447
-0.15555322170257568
0.14273393154144287
0.547747015953064
0.11629271507263184
-0.15352773666381836
-0.010705351829528809
0.003813028335571289
-0.1221163272857666
-0.06491875648498535
-0.24333679676055908
-0.1339658498764038
-0.08343565464019775
0.2923312783241272
-0.19732189178466797
0.07345402240753174
0.04536747932434082
0.09069204330444336
-0.05016326904296875
0.1688489317893982
0.14373624324798584
0.01042640209197998
0.07439625263214111
0.12474548816680908
0.07560944557189941
0.12778723239898682
-0.1100078821182251
-0.06824827194213867
-0.01699244976043701
0.13322865962982178
0.2098839282989502
-0.007631182670593262
0.32425928115844727
0.014547467231750488
-0.10664558410644531
-0.12805521488189697
0.11237657070159912
0.21943438053131104
0.0577317476272583
-0.18993258476257324
0.0684276819229126
0.004319429397583008
0.051021695137023926
0.08114862442016602
0.3650529384613037
-0.2546103000640869
-0.15064966678619385
-0.4141576290130615
0.19803643226623535
-0.03833270072937012
-0.08894753456115723
0.17209327220916748
-0.030724406242370605
-0.22643637657165527
0.5307964086532593
-0.154211163520813
-0.05198562145233154
-0.021593451499938965
0.08636295795440674
0.20308136940002441
-0.25919806957244873
0.19867467880249023
-0.010742902755737305
0.017397403717041016
0.09308016300201416
-0.37095141410827637
0.4199789762496948
0.15444731712341309
-0.4818475842475891
-0.01142585277557373
0.18449616432189941
-0.23447179794311523
-0.02563917636871338
0.07837522029876709
-0.05325663089752197
-0.053933143615722656
-0.14045262336730957
-0.012246251106262207
-0.025734305381774902
-0.22248637676239014
0.08724772930145264
0.027879834175109863
-0.024260282516479492
0.03253436088562012
0.0770876407623291
0.14140117168426514
-0.12156260013580322
-0.055871009826660156
0.09131860733032227
-0.1560070514678955
0.1744825839996338
0.2970151901245117
0.054213523864746094
-0.007253050804138184
-0.001948714256286621
0.28106772899627686
0.19322454929351807
-0.24017620086669922
0.3806629180908203
0.09965050220489502
0.1707683801651001
-0.0066988468170166016
-0.023502469062805176
0.0035619735717773438
0.02938532829284668
-0.2328193187713623
-0.14604413509368896
-0.1290186643600464
0.19341135025024414
0.0591280460357666
-0.14534413814544678
-0.021749138832092285
0.49229109287261963
0.10086333751678467
0.07596313953399658
-0.31433844566345215
0.26143598556518555
-0.2043827772140503
-0.06911802291870117
0.2586977481842041
-0.03769409656524658
0.08317255973815918
0.008340120315551758
0.5468325614929199
-0.13925576210021973
-0.3679227828979492
0.004555463790893555
0.03465712070465088
-0.3129986524581909
0.20457220077514648
-0.1304537057876587
-0.18768858909606934
0.06184184551239014
0.05484926700592041
-0.03134894371032715
-0.029182791709899902
-0.29914283752441406
0.08333325386047363
-0.21519887447357178
0.5876917839050293
0.0023533105850219727
0.10449892282485962
-0.11590254306793213
0.00013625621795654297
-0.01927816867828369
-0.06379544734954834
0.47978925704956055
-0.2829408645629883
0.2536020278930664
0.06128263473510742
0.07359439134597778
-0.22776710987091064
0.1467597484588623
-0.029811620712280273
0.13521885871887207
-0.0341876745223999
0.2438206672668457
-0.1579291820526123
0.00010597705841064453
-0.027216196060180664
-0.0280914306640625
0.3789067268371582
-0.22670578956604004
-0.07763934135437012
0.056532859802246094
0.02064037322998047
0.0503765344619751
-0.18433046340942383
0.14710688591003418
0.2209542989730835
-0.08560013771057129
0.19062304496765137
0.06846404075622559
-0.08166754245758057
-0.19081354141235352
-0.13017654418945312
-0.0453261137008667
0.0019398927688598633
-0.004427075386047363
0.14181041717529297
0.11781466007232666
-0.12094336748123169
-0.08676719665527344
-0.05940854549407959
-0.14434432983398438
-0.08478260040283203
-0.2753795385360718
-0.22035253047943115
-0.21517658233642578
0.5035581588745117
-0.09181439876556396
-0.2874084711074829
-0.2702951431274414
0.0030388832092285156
0.2003573179244995
0.2500948905944824
-0.14872503280639648
-0.004899740219116211
-0.012117981910705566
-0.12737023830413818
0.018346667289733887
-0.3770442605018616
0.02728426456451416
-0.08384156227111816
0.22004783153533936
0.018593192100524902
-0.1377166509628296
-0.09242641925811768
0.1531810760498047
0.016600966453552246
0.322515606880188
-0.055390238761901855
-0.32211923599243164
0.22208952903747559
0.24818766117095947
0.05225968360900879
-0.3767845630645752
-0.1848497986793518
-0.023508191108703613
0.036777615547180176
-0.04828953742980957
-0.07387650012969971
0.38123440742492676
0.23288261890411377
0.10502207279205322
0.3015713691711426
0.1920076608657837
0.051662564277648926
-0.07173526287078857
-0.0029398202896118164
0.07011282444000244
0.10995221138000488
-0.026117920875549316
-0.031029224395751953
-0.18521064519882202
-0.10283398628234863
0.4777235984802246
-0.07718825340270996
-0.1137545108795166
0.004132628440856934
-0.2551432251930237
-0.05253732204437256
-0.07980918884277344
-0.33472776412963867
0.13968849182128906
0.11629104614257812
-0.0022526979446411133
-0.20973551273345947
-0.3223152160644531
0.09774577617645264
0.3184022903442383
-0.05639445781707764
-0.01238560676574707
-0.16406655311584473
-0.013993382453918457
-0.33731114864349365
0.2706190347671509
-0.18796396255493164
0.07797598838806152
0.17551946640014648
-0.2463512420654297
0.13349604606628418
-0.12585961818695068
0.3555794954299927
-0.05770242214202881
-0.007910728454589844
-0.02627694606781006
-0.008662104606628418
-0.04531872272491455
-0.20409786701202393
0.35230064392089844
0.2457200288772583
0.018027901649475098
0.2583390474319458
0.5021259784698486
0.1378570795059204
-0.05889618396759033
0.15702009201049805
0.12103325128555298
-0.008692741394042969
-0.07129907608032227
-0.33450305461883545
-0.04977679252624512
-0.11751693487167358
0.08677387237548828
-0.3563247323036194
-0.09052717685699463
0.01418304443359375
-0.1977912187576294
-0.1797090768814087
0.022296786308288574
-0.059072256088256836
-0.06097412109375
-0.05969512462615967
-0.048631906509399414
-0.18032652139663696
0.09038054943084717
-0.35964417457580566
0.03223860263824463
0.11071562767028809
0.17026090621948242
0.09544646739959717
-0.09669137001037598
-0.336810827255249
0.04284334182739258
0.33119213581085205
0.35270774364471436
0.07793629169464111
0.12257075309753418
-0.018687129020690918
-0.10160958766937256
0.1747274398803711
-0.012190699577331543
0.2169896364212036
-0.15647470951080322
-0.002060532569885254
-0.12412381172180176
0.5185468196868896
0.03836178779602051
0.14068090915679932
0.07462930679321289
-0.07880139350891113
0.005190730094909668
-0.08234715461730957
0.04639601707458496
0.02665877342224121
0.10822486877441406
0.2968714237213135
0.24090802669525146
-0.13899433612823486
-0.13554644584655762
-0.3157554268836975
-0.18458640575408936
0.2959407567977905
0.2557497024536133
0.08730947971343994
0.2141556739807129
-0.06277823448181152
0.23120546340942383
-0.07851099967956543
-0.09834635257720947
-0.005004405975341797
0.46116936206817627
0.4064234495162964
0.03654813766479492
-0.19903361797332764
0.16968941688537598
-0.09261012077331543
-0.01958167552947998
-0.04835784435272217
0.8284732103347778
0.1308293342590332
0.026335716247558594
0.3182647228240967
0.0008878707885742188
-0.026285171508789062
-0.2921837568283081
0.0451434850692749
0.06887495517730713
-0.10887181758880615
-0.0774914026260376
-0.08256053924560547
-0.13194310665130615
-0.09862279891967773
-0.10134708881378174
-0.06367206573486328
-0.04409801959991455
-0.07253170013427734
-0.27064836025238037
-0.17920458316802979
-0.016198039054870605
0.15875756740570068
0.1610736846923828
0.2807871103286743
0.03264617919921875
0.005258798599243164
0.254014253616333
0.013360738754272461
-0.053775250911712646
0.029613137245178223
-0.16609716415405273
-0.08451545238494873
0.07093620300292969
-0.09292757511138916
-0.15667957067489624
0.34632277488708496
-0.19421148300170898
-0.0023860931396484375
0.03412353992462158
0.20864415168762207
-0.11986029148101807
-0.07715177536010742
-0.07778549194335938
0.042450904846191406
0.09756779670715332
0.5356813669204712
-0.001933455467224121
-0.08499336242675781
0.019477784633636475
-0.09016573429107666
-0.20731806755065918
0.4903784394264221
-0.38319194316864014
0.36296021938323975
-0.012262940406799316
-0.20287644863128662
0.021241426467895508
0.5750007629394531
0.2110285758972168
-0.026500582695007324
-0.07929980754852295
0.00810384750366211
0.24742674827575684
0.08447021245956421
-0.004260897636413574
-0.04045867919921875
0.1681290864944458
-0.09148144721984863
-0.2236419916152954
0.4303925037384033
0.17024636268615723
0.025075793266296387
-0.3669387698173523
-0.16972613334655762
0.03172588348388672
-0.23569154739379883
0.002844572067260742
-0.04253649711608887
-0.032328009605407715
-0.10088038444519043
-0.12531542778015137
-0.11906015872955322
-0.13160669803619385
-0.4582669734954834
0.1260794997215271
0.28165173530578613
0.20219504833221436
0.2259228229522705
-0.10503363609313965
-0.3277572989463806
0.01535487174987793
0.06188356876373291
0.24285638332366943
-0.1176609992980957
-0.25797009468078613
-0.20590245723724365
-0.037592291831970215
-0.6443212032318115
-0.13821089267730713
0.15860235691070557
0.23579084873199463
0.32371747493743896
0.21714138984680176
0.06307685375213623
0.0727618932723999
-0.00080108642578125
0.23292028903961182
0.15452301502227783
0.1996011734008789
0.09813141822814941
-0.059535980224609375
-0.13234150409698486
-0.043901681900024414
0.1025538444519043
-0.14247965812683105
-0.05818212032318115
-0.0729743242263794
-0.13814234733581543
-0.009782791137695312
-0.10014307498931885
-0.37881696224212646
0.2278670072555542
0.07397544384002686
0.2848716974258423
-0.10410881042480469
0.13587987422943115
-0.10192978382110596
-0.19238996505737305
-0.0037506818771362305
0.3011183738708496
0.04204881191253662
0.11079442501068115
0.2726707458496094
-0.09226417541503906
-0.0940026044845581
-0.0009053945541381836
0.4029375910758972
-0.17767179012298584
-0.11499416828155518
-0.5815670490264893
0.20878219604492188
-0.08295297622680664
-0.296541690826416
0.04013538360595703
-0.21663320064544678
-0.36930394172668457
-0.10548186302185059
-0.260431170463562
0.10351979732513428
-0.1051948070526123
0.04588890075683594
0.0099409818649292
0.051271677017211914
0.10126674175262451
0.01102447509765625
-0.0747537612915039
0.026403427124023438
-0.2847369909286499
-0.1614687442779541
-0.2870628833770752
-0.23694205284118652
-0.12756872177124023
0.1494382619857788
-0.09401828050613403
0.2052936553955078
0.12326526641845703
-0.0909186601638794
0.24760925769805908
0.3195197582244873
-0.040644288063049316
0.22455477714538574
0.24865686893463135
-0.034836769104003906
0.20402681827545166
0.1735532283782959
0.03514719009399414
-0.018890023231506348
-0.04912447929382324
-0.11146378517150879
-0.14190387725830078
0.0790557861328125
-0.23042315244674683
0.1493830680847168
0.054724693298339844
-0.11533546447753906
-0.3336210250854492
-0.0003802776336669922
-0.09310293197631836
-0.006847500801086426
-0.1928609013557434
0.12268376350402832
0.03837001323699951
0.007078289985656738
-0.09007811546325684
0.13043439388275146
-0.06691288948059082
-0.36962997913360596
0.08628475666046143
0.24832868576049805
0.2672334909439087
-0.2651779055595398
-0.23239761590957642
0.03287768363952637
-0.06973212957382202
0.23911714553833008
-0.07161259651184082
0.19757318496704102
-0.0800701379776001
0.05272328853607178
0.14513909816741943
-0.4048469066619873
-0.30605125427246094
0.01821458339691162
0.07791054248809814
0.5906788110733032
0.038474440574645996
0.13136577606201172
-0.05016946792602539
-0.05278205871582031
0.2609139680862427
-0.07694602012634277
-0.09547591209411621
-0.2533283233642578
0.19787108898162842
-0.048126816749572754
-0.12991774082183838
0.06732261180877686
-0.14492326974868774
0.2269681692123413
-0.05903911590576172
-0.007804751396179199
-0.2387470006942749
-0.04337799549102783
0.17943203449249268
0.42078661918640137
0.04264390468597412
0.3032796382904053
0.11774587631225586
0.012987017631530762
0.10464227199554443
0.13476526737213135
0.19799327850341797
-0.1236497163772583
0.12206339836120605
0.3559408187866211
0.052947282791137695
-0.3099249601364136
-0.178003191947937
0.31891965866088867
0.2507915496826172
0.14607346057891846
-0.17995643615722656
0.41327714920043945
-0.0872654914855957
-0.007374763488769531
-0.20411694049835205
0.025296449661254883
0.01836574077606201
0.0033957958221435547
-0.021294355392456055
-0.30426526069641113
-0.034915804862976074
-0.3599590063095093
-0.054842591285705566
-0.13836199045181274
0.31176507472991943
-0.040883779525756836
-0.0166928768157959
0.06942033767700195
0.05749034881591797
0.14050984382629395
0.023442745208740234
-0.07346832752227783
0.21172142028808594
0.2580205202102661
0.005930542945861816
0.2518000602722168
-0.2504080533981323
-0.20039021968841553
-0.031261563301086426
0.32552003860473633
-0.11400556564331055
-0.1782010793685913
0.25628674030303955
0.2279050350189209
-0.0024743080139160156
-0.07350659370422363
-0.02663135528564453
-0.05242955684661865
0.021938085556030273
-0.011083364486694336
-0.16469192504882812
-0.10968363285064697
0.014955520629882812
-0.012004494667053223
0.0008424520492553711
0.12160348892211914
-0.09222495555877686
0.19328105449676514
0.004520297050476074
0.15908896923065186
0.20548737049102783
-0.06419801712036133
-0.07963395118713379
-0.3042081594467163
-0.09434163570404053
0.014077067375183105
0.4645347595214844
0.03578472137451172
-0.23679125308990479
-0.22646915912628174
-0.1140974760055542
-0.16737830638885498
0.14942872524261475
0.005115866661071777
0.09916317462921143
-0.012711524963378906
0.06078898906707764
0.028854727745056152
-0.11178350448608398
-0.370547890663147
0.021332979202270508
-0.16594767570495605
-0.0330958366394043
-0.17242294549942017
-0.029126882553100586
-0.12151169776916504
0.11488813161849976
-0.22576338052749634
-0.145835280418396
0.31087470054626465
0.13885807991027832
-0.15004754066467285
0.313883900642395
-0.2897815704345703
-0.06448125839233398
-0.1818486452102661
-0.25405430793762207
0.13714635372161865
0.3230705261230469
-0.11017441749572754
0.06292986869812012
0.04470980167388916
0.2128058671951294
-0.13627982139587402
0.09598350524902344
-0.013022065162658691
0.2137916088104248
-0.02157902717590332
-0.0013970136642456055
-0.1447688341140747
0.15997731685638428
0.039792537689208984
-0.07644891738891602
-0.12819230556488037
-0.3876934051513672
0.23456120491027832
-0.31054842472076416
0.09188687801361084
-0.18162846565246582
0.0712747573852539
0.22531437873840332
0.09035384654998779
0.1571364402770996
0.20511019229888916
-0.11040139198303223
0.10836362838745117
0.36302387714385986
0.14188909530639648
0.10065972805023193
0.2572133541107178
0.15764153003692627
-0.13153380155563354
0.023989081382751465
-0.22767984867095947
-0.21123528480529785
-0.09470498561859131
0.061112046241760254
-0.05367422103881836
0.07221150398254395
0.043741583824157715
0.7032113075256348
0.36710119247436523
-0.10231411457061768
0.12224853038787842
-0.13202381134033203
-0.006893038749694824
0.19290435314178467
-0.005904555320739746
0.06178164482116699
0.08247137069702148
0.08921337127685547
-0.13338112831115723
0.16543495655059814
-0.03871166706085205
0.1386871337890625
-0.05430328845977783
0.10944616794586182
-0.36489200592041016
0.09975147247314453
-0.16095197200775146
-0.13780450820922852
-0.1953669786453247
-0.018082380294799805
-0.21456360816955566
0.1055365800857544
0.03430372476577759
0.05254483222961426
-0.031243324279785156
0.04514014720916748
-0.18406563997268677
-0.10720968246459961
-0.2188279628753662
-0.21970808506011963
0.27303481101989746
-0.15585052967071533
0.061371445655822754
0.07482004165649414
-0.367417573928833
-0.2282811403274536
0.11978578567504883
-0.18895936012268066
-0.3700826168060303
0.16071879863739014
-0.012988924980163574
-0.07394397258758545
-0.10472762584686279
0.12963294982910156
-0.09633219242095947
0.2094515562057495
-0.1723877191543579
0.15868008136749268
0.08819782733917236
-0.23788464069366455
-0.18086576461791992
-0.04157614707946777
-0.1448667049407959
0.017278194427490234
-0.09195935726165771
-0.20720529556274414
0.07398998737335205
-0.10828530788421631
-0.15732836723327637
-0.25107502937316895
0.16266727447509766
-0.061031222343444824
0.012108862400054932
0.037859320640563965
-0.1836644411087036
-0.34620893001556396
-0.04000067710876465
-0.12767088413238525
-0.14039552211761475
0.3806253671646118
-6.222724914550781e-05
-0.21426236629486084
-0.06922042369842529
-0.08756256103515625
0.0896918773651123
0.09683293104171753
-0.06457042694091797
-0.1725316047668457
-0.17010223865509033
0.03100883960723877
-0.16981244087219238
0.12520945072174072
-0.02175295352935791
-0.13549041748046875
0.11367249488830566
0.03707444667816162
-0.14671015739440918
0.09532833099365234
0.32114458084106445
-0.15120017528533936
0.17123174667358398
-0.17133104801177979
-0.215856671333313
0.16423213481903076
-0.06364631652832031
0.2866988182067871
0.03888440132141113
-0.19592905044555664
-0.2549017667770386
0.2362574338912964
-0.01731419563293457
-0.013733625411987305
0.09204840660095215
0.01969277858734131
0.15562224388122559
-0.149214506149292
0.13186347484588623
0.02670729160308838
-0.3297072649002075
-0.16808736324310303
0.1027216911315918
0.08026385307312012
0.3298509120941162
-0.1601690649986267
-0.2645135521888733
0.13755464553833008
0.24033904075622559
0.03179335594177246
0.041348814964294434
0.5722219944000244
0.3033747673034668
0.18734896183013916
-0.20037603378295898
0.011357426643371582
-0.015277862548828125
0.09257328510284424
0.11144757270812988
-0.011077880859375
0.12838280200958252
-0.01910543441772461
0.4031590223312378
0.03599059581756592
-0.11152505874633789
0.14571845531463623
0.18787872791290283
0.05119049549102783
0.04960167407989502
0.013451099395751953
0.004066348075866699
0.3607431650161743
0.12816989421844482
-0.06476974487304688
-0.13423395156860352
-0.4331843852996826
-0.3123342990875244
-0.37467390298843384
0.19545769691467285
0.06191045045852661
-0.05462610721588135
0.14821982383728027
0.028390049934387207
0.2505744695663452
-0.2053126096725464
-0.02484309673309326
0.14248967170715332
0.07500874996185303
-0.42297089099884033
0.09285318851470947
-0.1292870044708252
-0.23376059532165527
0.22056174278259277
0.009183168411254883
0.08239054679870605
0.019544124603271484
-0.09146285057067871
0.13466954231262207
-0.08315157890319824
-0.1881176233291626
-0.14992904663085938
0.04169297218322754
-0.1296941041946411
0.42036008834838867
-0.3119819164276123
0.03668522834777832
-0.15507233142852783
-0.2044353485107422
-0.03786766529083252
0.3706481456756592
0.47046899795532227
-0.28770339488983154
-0.11834615468978882
0.12725090980529785
-0.1759500503540039
-0.05022585391998291
-0.010182857513427734
-0.751158595085144
0.14640605449676514
-0.10347557067871094
-0.30966949462890625
0.07717323303222656
-0.019858360290527344
0.17474961280822754
0.030912399291992188
-0.2558887004852295
0.2586345672607422
0.09094542264938354
-0.09297788143157959
0.2510565519332886
-0.04265177249908447
0.19527292251586914
0.1228402853012085
-0.04979431629180908
0.09021151065826416
0.20017433166503906
0.011398553848266602
-0.13335037231445312
0.037462592124938965
0.05331873893737793
0.2158869504928589
-0.19353091716766357
-0.07768195867538452
-0.22060370445251465
0.289591908454895
-0.12304913997650146
-0.17089545726776123
0.14333105087280273
0.011335134506225586
-0.25523459911346436
-0.02785879373550415
0.16534221172332764
-0.03431856632232666
-0.13588273525238037
0.017111659049987793
-0.10936224460601807
-0.1943378448486328
0.018766283988952637
-0.005967378616333008
0.265378475189209
0.01524960994720459
0.15936386585235596
-0.009904265403747559
-0.1001584529876709
-0.05879223346710205
0.09127599000930786
0.323275089263916
-0.14159905910491943
0.05335211753845215
0.21657013893127441
0.7192339897155762
0.17101240158081055
0.06911349296569824
0.025108933448791504
0.1954435110092163
0.0009149312973022461
-0.15883970260620117
-0.22220969200134277
0.07581770420074463
-0.0010756254196166992
0.0445094108581543
0.17321276664733887
-0.31989431381225586
-0.16853952407836914
0.21940326690673828
-0.004720330238342285
0.027693867683410645
0.08426487445831299
-0.04234236478805542
0.27477312088012695
-0.23423337936401367
0.191802978515625
0.05575847625732422
-0.20232927799224854
0.07869625091552734
-0.012386798858642578
-0.1143261194229126
0.020284175872802734
-0.13305461406707764
-0.21768558025360107
0.05873912572860718
0.16476809978485107
0.16509485244750977
-0.04506564140319824
0.12195801734924316
0.007297396659851074
0.018782854080200195
-0.29670166969299316
0.15704631805419922
-0.10486352443695068
-0.07434427738189697
0.03671121597290039
-0.0011519193649291992
-0.07967573404312134
0.19866013526916504
0.1154031753540039
0.03971242904663086
0.06424522399902344
-0.07187390327453613
0.10722649097442627
0.12766599655151367
-0.1945497989654541
-0.3390374779701233
-0.2329939603805542
0.4335811138153076
-0.3003028631210327
-0.03422832489013672
0.2657341957092285
0.013503551483154297
-0.028023838996887207
-0.07918089628219604
-0.17432808876037598
0.04085421562194824
0.014853239059448242
0.2533254623413086
-0.39289724826812744
-0.3220938444137573
-0.15687108039855957
-0.16343867778778076
0.012517094612121582
-0.12330877780914307
-0.38075482845306396
0.3265918493270874
-0.09934258460998535
-0.02924633026123047
-0.03974926471710205
0.04541635513305664
0.19549214839935303
-0.049576759338378906
-0.4176671504974365
-0.05564272403717041
-0.14787966012954712
-0.29970526695251465
0.2075495719909668
0.24868667125701904
0.37448394298553467
0.03593885898590088
-0.05930829048156738
-0.02986884117126465
-0.08834528923034668
-0.14414715766906738
-0.2443627119064331
-0.09747421741485596
0.09468346834182739
0.08962762355804443
0.3125169277191162
-0.12503790855407715
-0.072517991065979
-0.0017635226249694824
-0.2673954963684082
-0.19039320945739746
0.1210174560546875
0.0411839485168457
-0.09233009815216064
-0.1244124174118042
0.27389025688171387
0.014857292175292969
0.008708000183105469
-0.04647719860076904
0.08648145198822021
-0.24772906303405762
0.013915419578552246
0.054298341274261475
-0.15465903282165527
0.025472640991210938
0.00556790828704834
-0.22687619924545288
-0.0659416913986206
-0.05498814582824707
0.22986948490142822
-0.2137129306793213
0.047989726066589355
0.07766950130462646
0.006353855133056641
0.056101322174072266
-0.20021867752075195
0.08068883419036865
-0.00011551380157470703
-0.266066312789917
-0.07468456029891968
-0.04306685924530029
-0.18063807487487793
-0.12948787212371826
-0.08816778659820557
0.1389402151107788
0.14984416961669922
0.10023045539855957
0.25434058904647827
-0.07644259929656982
0.035173773765563965
-0.04570353031158447
0.15993225574493408
0.1981412172317505
0.16411542892456055
0.22023487091064453
0.24038344621658325
0.06349480152130127
0.0470806360244751
0.033403754234313965
0.2373979091644287
-0.10092794895172119
0.06675755977630615
0.13050711154937744
0.0021288394927978516
0.10349750518798828
-0.02868330478668213
0.11279618740081787
-0.049613356590270996
-0.10432958602905273
0.026553630828857422
-0.054793357849121094
0.023222804069519043
-0.06513452529907227
0.001122117042541504
-0.0009865760803222656
-0.2319888472557068
-0.10869216918945312
0.02185356616973877
-0.17433100938796997
0.008137345314025879
0.016196727752685547
-0.13679444789886475
-0.06141364574432373
-0.10445296764373779
0.21457266807556152
-0.047775983810424805
-0.07256436347961426
-0.0636223554611206
0.07356417179107666
0.19590044021606445
0.172582745552063
0.06330502033233643
0.08041882514953613
0.05396246910095215
0.13873302936553955
0.35634493827819824
0.10804969072341919
-0.06175720691680908
-0.31021738052368164
-0.24603188037872314
-0.03540647029876709
0.03595089912414551
-0.2911587953567505
-0.31297385692596436
0.24044841527938843
0.0104600191116333
0.17583858966827393
-0.278628945350647
-0.23377680778503418
0.07618105411529541
0.5919111967086792
0.06464624404907227
-0.08082544803619385
-0.08821070194244385
-0.04665684700012207
0.23596251010894775
0.10802924633026123
-0.028168082237243652
0.3675990104675293
-0.18424713611602783
0.07398009300231934
-0.03138124942779541
-0.13437342643737793
0.10586690902709961
-0.07835006713867188
0.009454011917114258
-0.04915332794189453
0.16675138473510742
0.4429664611816406
-0.03232920169830322
0.11664009094238281
0.060547471046447754
-0.014456510543823242
0.10633218288421631
0.05502820014953613
0.056554555892944336
0.11566019058227539
-0.12734520435333252
0.06287562847137451
-0.024863839149475098
-0.12220501899719238
-0.16070592403411865
-0.06509768962860107
0.11612355709075928
0.12708723545074463
0.016650676727294922
-0.2044771909713745
0.038407325744628906
-0.0776185393333435
0.04518246650695801
0.119315505027771
-0.16679096221923828
-0.029456615447998047
0.07178866863250732
0.038011789321899414
-0.013514518737792969
0.08168363571166992
-0.10235393047332764
0.07931756973266602
0.031170129776000977
0.1867823600769043
-0.0583949089050293
0.05716991424560547
0.027891039848327637
-0.04878520965576172
0.06761538982391357
-0.11138081550598145
0.13634002208709717
0.05594015121459961
-0.12462925910949707
0.019048094749450684
0.018771648406982422
0.22722160816192627
0.16082638502120972
-0.24471473693847656
-0.01655876636505127
0.4526752233505249
0.19340425729751587
0.11721789836883545
0.028294920921325684
0.18913626670837402
-0.013137221336364746
0.008791923522949219
0.09193861484527588
-0.14716362953186035
0.023495793342590332
0.9251673221588135
-0.051373064517974854
0.12325811386108398
-0.06267929077148438
-0.021753311157226562
-0.145424485206604
0.4749554395675659
0.05292093753814697
-0.14501821994781494
0.5951371192932129
0.029816508293151855
0.24162089824676514
-0.08716559410095215
-0.08406591415405273
-0.1229708194732666
0.00787961483001709
0.07090187072753906
-0.053137779235839844
-0.0806279182434082
0.08611536026000977
-0.37142467498779297
-0.5014793872833252
0.11009001731872559
0.13860929012298584
0.12303662300109863
0.012095451354980469
-0.2716452479362488
-0.04059338569641113
0.1309046745300293
-0.09053623676300049
0.2936248779296875
-0.03660571575164795
0.16044116020202637
0.057943105697631836
0.2890733480453491
-0.10963058471679688
-0.08862829208374023
-0.13359391689300537
-0.06427669525146484
-0.06189405918121338
0.1126863956451416
-0.19096362590789795
-0.10372817516326904
-0.029677271842956543
-0.15611761808395386
0.16667413711547852
-0.036818623542785645
0.32285964488983154
0.4019123315811157
-0.07498729228973389
0.032451748847961426
-0.04308164119720459
-0.19463598728179932
0.07379233837127686
-0.02886962890625
-0.11065852642059326
-0.21795415878295898
-0.20875930786132812
0.11194372177124023
0.1330324411392212
0.07079577445983887
0.03777194023132324
-0.36069047451019287
-0.11674952507019043
0.052457332611083984
0.03521609306335449
0.32667142152786255
-0.01905226707458496
-0.05532348155975342
0.125984787940979
-0.07678443193435669
0.014312982559204102
-0.03403353691101074
-0.1718902587890625
0.1186211109161377
-0.17438864707946777
0.25036168098449707
0.1561208963394165
0.026209354400634766
0.05281186103820801
0.0255049467086792
0.022517085075378418
0.1226050853729248
0.04700362682342529
-0.2792830467224121
-0.06152176856994629
0.11337554454803467
0.03179752826690674
0.06096172332763672
-0.005337059497833252
0.08527207374572754
0.099845290184021
-0.25546836853027344
0.1370089054107666
-0.19360381364822388
-0.1900475025177002
-0.042821645736694336
-0.04578542709350586
0.15993785858154297
0.11961555480957031
-0.3126453161239624
0.044760823249816895
-0.05859410762786865
-0.020667672157287598
-0.0455780029296875
0.05671811103820801
-0.00964820384979248
-0.02229011058807373
-0.01657569408416748
0.0043408870697021484
0.2482820749282837
-0.02827286720275879
-0.2227194905281067
-0.009011268615722656
-0.007044315338134766
0.4132605791091919
0.07927775382995605
-0.04113757610321045
0.11262714862823486
0.06129133701324463
0.17751145362854004
0.37841761112213135
-0.12073135375976562
0.03853946924209595
-0.08896738290786743
0.12029761075973511
0.08015251159667969
-0.07368230819702148
0.12655425071716309
-0.1421128511428833
0.5093851089477539
0.18074655532836914
-0.745948314666748
0.03537344932556152
-0.00970613956451416
-0.20415008068084717
0.0267026424407959
-0.044898152351379395
-0.1258488893508911
-0.10442042350769043
0.07040119171142578
0.19614696502685547
0.06547462940216064
-0.033181190490722656
-0.28467607498168945
-0.08486330509185791
-0.0706477165222168
0.2431807518005371
-0.13736248016357422
0.07727605104446411
0.16906774044036865
-0.20071184635162354
0.30508363246917725
0.2840679883956909
-0.08269643783569336
-0.13013029098510742
0.1063845157623291
0.047858357429504395
-0.03607964515686035
-0.03641486167907715
-0.16207468509674072
0.04206109046936035
-0.16509193181991577
0.03220832347869873
0.19017112255096436
0.08262467384338379
0.2142939567565918
-0.04237222671508789
-0.0785297155380249
0.0019006729125976562
-0.21374976634979248
-0.06887733936309814
0.1473146677017212
-0.051583290100097656
0.17229998111724854
-0.018624544143676758
0.05658876895904541
-0.08587813377380371
-0.1216806173324585
0.32011616230010986
-0.26780879497528076
-0.25832128524780273
-0.1990734338760376
0.04831063747406006
-0.1538935899734497
0.13567233085632324
0.019228577613830566
-0.0037598609924316406
0.06773674488067627
-0.3552483320236206
0.04503488540649414
-0.36489760875701904
-0.18455862998962402
0.05176544189453125
0.16016507148742676
-0.08955264091491699
-0.12605512142181396
-0.11269712448120117
0.12266039848327637
0.273029088973999
-0.19936585426330566
0.2073976993560791
0.17762160301208496
-0.09612929821014404
-0.11558055877685547
-0.032122254371643066
0.2901327610015869
0.34914839267730713
-0.12096035480499268
-0.05763745307922363
0.09245151281356812
-0.0011816024780273438
-0.009353280067443848
-0.0424351692199707
0.26777100563049316
0.05712771415710449
-0.014241814613342285
-0.15252172946929932
0.125327467918396
0.16036081314086914
-0.22145390510559082
-0.22597050666809082
0.23868298530578613
0.1407468318939209
0.16497433185577393
-0.232094407081604
-0.24337363243103027
-0.3041563034057617
-0.058706045150756836
-0.09208285808563232
0.09882426261901855
0.1689239740371704
0.0007125139236450195
-0.10728228092193604
-0.03667283058166504
-0.058084845542907715
-0.03546154499053955
0.3480607271194458
0.0643230676651001
-0.04180276393890381
0.19444870948791504
0.04137396812438965
0.0042105913162231445
-0.14029157161712646
-0.20642799139022827
0.28085243701934814
0.08591198921203613
0.24539422988891602
0.3267347812652588
0.07879698276519775
-0.12351298332214355
0.10487830638885498
0.34271180629730225
0.18471646308898926
0.06536233425140381
-0.07855486869812012
0.12485897541046143
0.23292481899261475
0.06623369455337524
-0.017209768295288086
-0.06149554252624512
0.06206822395324707
0.5462236404418945
0.05762004852294922
-0.09923934936523438
0.06193256378173828
0.03986024856567383
0.03212547302246094
0.11533999443054199
0.07549715042114258
-0.04707348346710205
-0.091788649559021
-0.0764617919921875
-0.028391659259796143
-0.05036044120788574
-0.015419721603393555
-0.006613969802856445
0.008447051048278809
-0.17724275588989258
-0.06030476093292236
0.2422727346420288
0.043649911880493164
0.030791938304901123
0.2177942991256714
0.10820955038070679
-0.12936818599700928
-0.025655269622802734
0.007854700088500977
-0.09981083869934082
0.37204599380493164
0.29464566707611084
0.17948424816131592
0.09353160858154297
0.24292635917663574
-0.1483556032180786
0.047446250915527344
0.14235007762908936
0.11512327194213867
-0.22301948070526123
-0.06286466121673584
-0.0429081916809082
-0.21679317951202393
0.7809855937957764
-0.0581817626953125
-0.0011832714080810547
0.32011497020721436
-0.08864760398864746
0.21899282932281494
0.062445998191833496
-0.14440393447875977
-0.2286219596862793
0.146770179271698
-0.15859198570251465
-0.025188565254211426
0.13849544525146484
0.2380366325378418
0.1512129306793213
-0.12199831008911133
0.015539169311523438
0.07280206680297852
-0.18485069274902344
0.12986469268798828
0.02732980251312256
-0.32259297370910645
-0.1369168758392334
0.1089017391204834
-0.07212579250335693
-0.20986592769622803
0.13586902618408203
-0.07568228244781494
-0.14702856540679932
0.0943683385848999
0.04856371879577637
-0.2262132167816162
-0.1518871784210205
-0.024961113929748535
-0.06293308734893799
-0.03598189353942871
0.0002199411392211914
0.07122492790222168
-0.17741036415100098
-0.2303478717803955
0.2412174940109253
-0.24031168222427368
0.2285117506980896
-0.02715742588043213
0.0793079137802124
-0.22435486316680908
0.20827394723892212
0.010719656944274902
-0.09833061695098877
-0.19758737087249756
-0.008248686790466309
-0.08033645153045654
-0.06334078311920166
0.14394783973693848
0.2539823055267334
-0.29100555181503296
-0.0813068151473999
0.16079866886138916
0.041452765464782715
-0.27020251750946045
-0.019492030143737793
0.4277617931365967
0.14267098903656006
-0.03232145309448242
-0.1813516616821289
-0.16137969493865967
-0.08243775367736816
0.14875447750091553
-0.03213167190551758
0.18132388591766357
0.12650203704833984
0.17270827293395996
0.04275202751159668
-0.006761908531188965
0.18777352571487427
0.27591466903686523
-0.01999068260192871
-0.23883801698684692
-0.1822655200958252
0.3114215135574341
0.1373687982559204
0.03345799446105957
-0.1525719165802002
-0.07802164554595947
-0.07181131839752197
0.5342977046966553
-0.281704306602478
0.1933537721633911
-0.18188846111297607
-0.04018294811248779
0.22846412658691406
-0.03289794921875
-0.2761639356613159
0.05715179443359375
0.06584692001342773
-0.026790857315063477
0.287822961807251
0.079659104347229
0.05215644836425781
0.0228765606880188
0.11439192295074463
-0.14541566371917725
0.06425774097442627
0.10261738300323486
-0.01975870132446289
-0.2773728370666504
0.19173097610473633
0.12443327903747559
-0.2975059747695923
-0.13371360301971436
-0.1573638916015625
0.13858139514923096
-1.9550323486328125e-05
-0.18687713146209717
0.04498434066772461
0.037642836570739746
-0.014732599258422852
0.25632262229919434
0.5281381607055664
0.18797051906585693
-0.13003087043762207
-0.27653294801712036
-0.3997385501861572
-0.017150163650512695
-0.048694610595703125
-0.028365612030029297
-0.1727086305618286
-0.07229018211364746
-0.20595002174377441
0.020963668823242188
-0.016988158226013184
0.14847159385681152
0.11370563507080078
0.41536378860473633
-0.09259963035583496
-0.03304123878479004
0.4039473533630371
-0.03450131416320801
0.0040721893310546875
0.5090341567993164
0.1213911771774292
0.3746614456176758
0.15513813495635986
-0.41364288330078125
0.011218428611755371
-0.11893045902252197
0.20842766761779785
0.08359086513519287
0.09389734268188477
0.19811463356018066
-0.018278300762176514
-0.1004648208618164
0.12296783924102783
-0.05447804927825928
0.08649313449859619
0.4449225664138794
-0.2288966178894043
0.04671323299407959
0.09134840965270996
0.1833198070526123
-0.17026841640472412
0.09433507919311523
0.23207151889801025
0.04246044158935547
-0.2617347240447998
-0.2196049690246582
0.018906712532043457
0.00282132625579834
-0.22481250762939453
-0.32338619232177734
0.09156250953674316
0.11944246292114258
-0.2663184404373169
-0.3574700355529785
0.17211854457855225
0.0796893835067749
-0.08428514003753662
-0.2910304069519043
0.10780251026153564
-0.28147363662719727
-0.1880892515182495
-0.0009300708770751953
-0.15856456756591797
0.42651331424713135
-0.17140287160873413
-0.12344169616699219
-0.01906871795654297
-0.07192647457122803
-0.16974902153015137
-0.10423475503921509
-0.2991349697113037
0.14082884788513184
0.3763049840927124
-0.09689891338348389
-0.11097705364227295
-0.545468270778656
-0.02392268180847168
-0.434175968170166
0.1496121883392334
0.055750489234924316
0.7405160665512085
0.6127274036407471
-0.005785584449768066
-0.15667927265167236
0.4605506658554077
-0.12446057796478271
-0.2524118423461914
0.28226590156555176
0.12229025363922119
-0.023840785026550293
0.03781628608703613
-0.23006296157836914
-0.1970728635787964
-0.05800282955169678
0.20234954357147217
0.2475055456161499
-0.099753737449646
-0.15594220161437988
-0.36458659172058105
0.11013340950012207
0.3782461881637573
0.051184654235839844
-0.05183231830596924
0.1087716817855835
-0.01824772357940674
-0.03217506408691406
-0.0970686674118042
0.01423180103302002
-0.01642465591430664
0.3913201093673706
0.05348038673400879
0.1241755485534668
-0.15882670879364014
0.0003056526184082031
0.10421770811080933
-0.05991882085800171
-0.06458520889282227
-0.027950167655944824
0.08556604385375977
0.02657639980316162
-0.27459919452667236
0.241227388381958
0.06823325157165527
0.049002766609191895
-0.20396482944488525
0.13708126544952393
0.09010708332061768
-0.22826838493347168
-0.007433652877807617
-0.18322348594665527
-0.07799649238586426
0.1042248010635376
-0.023812174797058105
-0.10528922080993652
-0.1659952998161316
0.2870147228240967
0.13996028900146484
-0.15676414966583252
-0.23743891716003418
-0.0992274284362793
-0.022022485733032227
0.09515178203582764
-0.0816049575805664
-0.1109774112701416
-0.036891818046569824
0.022061467170715332
0.21017968654632568
-0.13908183574676514
-0.17020833492279053
-0.05378890037536621
0.16090798377990723
-0.057131290435791016
-0.09828972816467285
0.21712028980255127
-0.015099883079528809
-0.035193681716918945
-0.0394444465637207
0.14893877506256104
0.31113147735595703
-0.2495429515838623
-0.062352895736694336
-0.0022394657135009766
-0.13195371627807617
-0.2373361587524414
0.007433652877807617
0.17181533575057983
0.1418849229812622
-0.10249447822570801
0.2174992561340332
-0.1136164665222168
0.0834275484085083
-0.20497584342956543
0.2129884958267212
0.03690683841705322
0.3518085479736328
-0.0990787148475647
-0.1574852466583252
0.08443427085876465
-0.3353562355041504
-0.21466553211212158
0.5936974287033081
0.12625467777252197
-0.04009842872619629
-0.07518112659454346
-0.09408694505691528
0.05666041374206543
0.6112667322158813
-0.08523404598236084
-0.24830365180969238
0.11018574237823486
0.2246851921081543
-0.10759031772613525
-0.4238671660423279
-0.13860714435577393
-0.2536199688911438
-0.2790088653564453
0.2501171827316284
0.2290174961090088
0.11303138732910156
-0.18514549732208252
-0.03901040554046631
-0.1900862455368042
0.04169929027557373
0.13068068027496338
0.045110344886779785
0.10188555717468262
0.07617264986038208
0.043364524841308594
-0.15714728832244873
0.10533225536346436
0.31342172622680664
0.17005491256713867
-0.15834462642669678
0.014124631881713867
0.24398040771484375
-0.16864067316055298
-0.055323123931884766
-0.47281694412231445
0.08136111497879028
0.05129814147949219
0.02404499053955078
-0.1474982500076294
-0.025475502014160156
0.453403115272522
0.19551968574523926
-0.1298375129699707
-0.02632749080657959
-0.1556413173675537
0.4606788158416748
0.10013556480407715
-0.3312186002731323
-0.025302410125732422
0.06763243675231934
0.12662744522094727
0.12328934669494629
0.2762957811355591
0.05254310369491577
0.04372715950012207
-0.10275769233703613
0.07691991329193115
0.052199363708496094
0.2969568967819214
0.2497652769088745
0.2127072811126709
-0.3991352319717407
0.21956276893615723
-0.15289533138275146
0.1347339153289795
-0.010934710502624512
0.25468766689300537
-0.2761455774307251
-0.09234201908111572
0.3313143253326416
-0.07793664932250977
0.1853799819946289
-0.1315719485282898
-0.3006383180618286
0.2533475160598755
0.08685219287872314
-0.29596954584121704
-0.08435767889022827
-0.04809415340423584
0.3597288131713867
-0.061599016189575195
0.18328428268432617
-0.05200636386871338
0.38027262687683105
-0.17756617069244385
0.22882866859436035
0.3132929801940918
-0.05199718475341797
0.6503322124481201
-0.18857038021087646
0.134759783744812
0.18659567832946777
-0.0780407190322876
-0.18309414386749268
-0.09125971794128418
-0.17880702018737793
-0.18448328971862793
0.10006403923034668
0.05271804332733154
-0.22200846672058105
-0.1614844799041748
-0.33904290199279785
-0.33579570055007935
-0.1220930814743042
0.07631266117095947
-0.17287194728851318
-0.008591651916503906
-0.010158419609069824
-0.09209692478179932
0.2492748498916626
0.029680728912353516
-0.04324531555175781
0.09968709945678711
0.1107712984085083
0.22748899459838867
-0.09754657745361328
0.0954744815826416
0.13885903358459473
0.14882892370224
-0.17126846313476562
-0.15877127647399902
-0.11708283424377441
0.023231148719787598
-0.02328670024871826
-0.023508191108703613
-0.004536867141723633
-0.22147655487060547
0.12216973304748535
0.12540066242218018
0.22089219093322754
0.17002058029174805
0.3323017358779907
0.04240870475769043
-0.09137451648712158
0.01813185214996338
0.29749488830566406
-0.07469618320465088
0.09116744995117188
0.1799405813217163
-0.015065789222717285
0.19738495349884033
0.06679034233093262
-0.009454488754272461
-0.011619269847869873
0.16904985904693604
-0.06821924448013306
0.04743921756744385
-0.05515086650848389
0.01943051815032959
-0.18013107776641846
-0.3736414313316345
-0.11849641799926758
0.2533254623413086
-0.2863808870315552
-0.03478372097015381
-0.31709229946136475
0.18956482410430908
-0.017749547958374023
-0.11605358123779297
0.3142620325088501
0.06960093975067139
-0.04695761203765869
-0.07273626327514648
-0.06062901020050049
-0.012321710586547852
0.04590892791748047
-0.09421050548553467
0.3383290767669678
0.3316596746444702
0.08912980556488037
0.049208879470825195
-0.2485980987548828
-0.2429143190383911
-0.20222067832946777
-0.22479867935180664
-0.2950478196144104
0.18883371353149414
-0.13801616430282593
-0.13605999946594238
-0.05153250694274902
0.13862287998199463
-0.15557241439819336
0.4083218574523926
0.10122275352478027
0.20162522792816162
0.18491435050964355
-0.07661962509155273
-0.20466721057891846
0.012401223182678223
-0.05965983867645264
0.24257934093475342
0.15065467357635498
0.06564736366271973
-0.07703173160552979
-0.0539020299911499
-0.07928931713104248
0.07429301738739014
0.10925948619842529
0.19785547256469727
-0.49846184253692627
-0.0014417171478271484
0.04687964916229248
0.1867666244506836
0.33810269832611084
-0.15071260929107666
-0.2679852247238159
-0.027812719345092773
0.07422447204589844
-0.15014731884002686
0.04836404323577881
-0.22024857997894287
-0.18623113632202148
0.0435178279876709
-0.16363906860351562
0.8197588920593262
0.027748465538024902
0.2717161178588867
-0.12348723411560059
0.44640666246414185
-0.21304118633270264
0.09568905830383301
0.0031157732009887695
0.07824361324310303
0.0424882173538208
0.021919846534729004
0.19337451457977295
0.17148363590240479
0.016757965087890625
0.03713500499725342
0.1766500473022461
0.0355076789855957
-0.02438342571258545
-0.08577406406402588
-0.43739497661590576
-0.24354028701782227
-0.2230280637741089
-0.10057663917541504
0.18605351448059082
0.5352823734283447
-0.08406710624694824
0.0466916561126709
-0.03500795364379883
0.12157046794891357
-0.0570904016494751
0.4129619598388672
0.0515131950378418
-0.07070720195770264
0.014627814292907715
-0.14783787727355957
-0.0309293270111084
-0.2363264560699463
-0.1256260871887207
-0.0007048845291137695
0.12642550468444824
-0.192940354347229
-0.16769331693649292
0.012143611907958984
-0.2732480764389038
-0.01414632797241211
0.1454840898513794
-0.009829282760620117
0.09601128101348877
0.32970404624938965
0.13422584533691406
-0.07632601261138916
0.18834877014160156
0.08423256874084473
0.27139174938201904
0.1090010404586792
0.015035748481750488
0.17971324920654297
0.19148480892181396
0.036809444427490234
-0.187061607837677
-0.21029376983642578
-0.4260789155960083
0.14646613597869873
0.22860580682754517
0.2118511199951172
0.4495413303375244
-0.014888763427734375
0.5589907169342041
0.20364093780517578
-0.034621357917785645
-0.2704777717590332
0.15114998817443848
0.07921028137207031
0.05378568172454834
0.41662538051605225
0.023221135139465332
-0.11519432067871094
0.15646183490753174
0.3286639451980591
-0.09771335124969482
-0.5796362161636353
-0.07752501964569092
0.3576936721801758
0.15629982948303223
-0.07311451435089111
0.026889443397521973
-0.17202234268188477
0.0945279598236084
-0.11940264701843262
-0.06418395042419434
0.013959765434265137
-0.13254070281982422
0.18722796440124512
0.09516048431396484
-0.07773244380950928
0.07985758781433105
0.528003454208374
0.48125576972961426
-0.3343299627304077
-0.19638550281524658
0.4052731990814209
-0.03662842512130737
0.061856746673583984
0.1626516580581665
-0.009650707244873047
-0.05971932411193848
0.08527028560638428
-0.02630782127380371
-0.2161092758178711
-0.0234907865524292
0.1615370512008667
0.006861627101898193
0.14765524864196777
0.22903025150299072
-0.03647744655609131
-0.07404708862304688
0.08421266078948975
0.27658355236053467
-0.06338095664978027
-0.06811368465423584
-0.06506943702697754
-0.13734638690948486
-0.2108525037765503
-0.16788649559020996
0.009916543960571289
-0.21153509616851807
-0.08196985721588135
0.2495267391204834
0.23609280586242676
-0.04072678089141846
0.10416638851165771
-0.08141148090362549
-0.00322568416595459
0.1266193389892578
-0.07685399055480957
0.06286859512329102
0.08819830417633057
0.1185142993927002
0.13290202617645264
-0.024798333644866943
0.08800691366195679
0.05321037769317627
0.007576584815979004
-0.2464543581008911
0.11464047431945801
0.03715693950653076
0.15516674518585205
0.41588735580444336
-0.12139880657196045
0.21326804161071777
-0.3140774965286255
0.3426504135131836
0.07994651794433594
-0.04373526573181152
0.09818851947784424
-0.16083300113677979
-0.41396212577819824
0.15345454216003418
0.02669978141784668
0.13546764850616455
-0.2851063013076782
0.11295604705810547
-0.2311190366744995
0.19344556331634521
-0.1294492483139038
-0.13811880350112915
0.10537707805633545
0.09063482284545898
-0.10004985332489014
-0.275210976600647
-0.02420496940612793
-0.04002714157104492
0.11234354972839355
0.15271735191345215
-0.04022490978240967
0.2919597625732422
-0.4322696924209595
-0.07158482074737549
0.15418291091918945
0.020076394081115723
0.02184593677520752
-0.04173016548156738
-0.07962071895599365
-0.4052831530570984
-0.13884353637695312
-0.12063097953796387
0.5377836227416992
0.1350858211517334
-0.5926272869110107
0.013534784317016602
0.1819170117378235
0.048551321029663086
0.16050338745117188
-0.22607529163360596
-0.11533421277999878
0.14481866359710693
0.1977522373199463
0.14346742630004883
0.02416837215423584
-0.005060791969299316
-0.04069662094116211
-0.32494139671325684
-0.020831823348999023
-0.1910865306854248
-0.044756174087524414
-0.14338284730911255
-0.12423980236053467
-0.06562244892120361
-0.10718774795532227
-0.07153439521789551
0.1387532353401184
0.01711207628250122
-0.15404832363128662
0.026078104972839355
-0.051711082458496094
0.27374136447906494
0.03249001502990723
0.36363887786865234
0.12182104587554932
0.07571625709533691
0.34616386890411377
0.6933223009109497
-0.39992451667785645
-0.12126600742340088
0.07384705543518066
0.14952576160430908
-0.10556089878082275
-0.03091907501220703
0.031398653984069824
-0.5687763690948486
0.053231239318847656
0.02498018741607666
0.05733180046081543
0.03279531002044678
-0.03994476795196533
0.14667904376983643
-0.05232572555541992
-0.24127912521362305
-0.16882044076919556
0.08176159858703613
0.006988883018493652
0.045963168144226074
0.1933361291885376
0.6404156684875488
0.07712817192077637
-0.18073415756225586
-0.09486269950866699
0.1960313320159912
-0.21267622709274292
-0.06400632858276367
0.3943033218383789
0.07610511779785156
-0.12595319747924805
-0.10376548767089844
-0.2684868574142456
-0.16803306341171265
-0.16611206531524658
-0.039104580879211426
0.2621486186981201
-0.15558302402496338
-0.04309380054473877
-0.024689078330993652
0.34445488452911377
-0.20257675647735596
0.33060145378112793
-0.06874072551727295
0.2208387851715088
-0.025821685791015625
0.03583943843841553
0.020136356353759766
0.28043484687805176
0.04150509834289551
0.20744848251342773
0.2513686418533325
-0.08836960792541504
-0.10804629325866699
0.009199261665344238
0.0482327938079834
-0.03596997261047363
0.03216993808746338
0.01302647590637207
-0.026911139488220215
-0.12524837255477905
0.011210083961486816
-0.42639803886413574
0.21384501457214355
-0.061295151710510254
-0.12597769498825073
-0.09299814701080322
0.2837059497833252
-0.033624351024627686
0.07516616582870483
-0.248329758644104
-0.01647508144378662
-0.0324709415435791
-0.22221505641937256
-0.1179053783416748
-0.1288992166519165
-0.027058959007263184
-0.06406092643737793
0.36327099800109863
0.11198067665100098
-0.15059471130371094
-0.06386768817901611
0.18674933910369873
0.2958451509475708
0.1883392333984375
-0.02048182487487793
-0.12223601341247559
-0.02471470832824707
-0.10453081130981445
-0.21730738878250122
0.14582866430282593
0.08960437774658203
-0.15268182754516602
-0.10943222045898438
0.35323619842529297
0.02793872356414795
0.08623802661895752
0.14382660388946533
-0.3317441940307617
-0.08500981330871582
0.24955737590789795
-0.12940669059753418
0.3862344026565552
0.11849892139434814
-0.2467566728591919
0.4257628917694092
0.16078543663024902
-0.026158034801483154
-0.09760129451751709
0.07847094535827637
-0.11518466472625732
0.07641744613647461
-0.030905842781066895
0.0038849711418151855
0.14219558238983154
-0.16177481412887573
-0.12906169891357422
0.184004545211792
-0.1802445650100708
0.29714035987854004
0.07232451438903809
-0.6262059211730957
0.08624875545501709
-0.2050250768661499
-0.09197139739990234
0.054512619972229004
-0.0072994232177734375
0.12555640935897827
0.022801637649536133
-0.0889284610748291
0.17455589771270752
0.12577366828918457
-0.040171265602111816
0.021649718284606934
0.08988404273986816
0.15445387363433838
-5.0067901611328125e-06
-0.1905280351638794
0.10626745223999023
0.03530764579772949
-0.0005292892456054688
0.04712986946105957
0.04227149486541748
0.06402373313903809
0.0321730375289917
-0.011646568775177002
-0.013063788414001465
0.15521883964538574
0.033641695976257324
-0.04711616039276123
-0.15539324283599854
0.03301715850830078
-0.04937756061553955
0.04103982448577881
0.08739268779754639
0.13168489933013916
-0.09280788898468018
-0.027973413467407227
0.10682952404022217
0.24406784772872925
0.07362926006317139
-0.07747399806976318
-0.2545663118362427
0.07787322998046875
0.0751575231552124
0.07092678546905518
0.17021167278289795
0.02449345588684082
-0.2957627773284912
-0.09333693981170654
0.10227489471435547
-0.20277297496795654
-0.1692897081375122
0.3121185302734375
0.22238075733184814
-0.11803090572357178
0.08555948734283447
0.2739231586456299
0.05718940496444702
-0.09684789180755615
-0.07588809728622437
-0.18136203289031982
-0.0967186689376831
0.23211538791656494
-0.11887121200561523
-0.2503686547279358
-0.04694622755050659
-0.2455294132232666
-0.1319119930267334
-0.27039921283721924
-0.01979386806488037
-0.11107075214385986
-0.1202012300491333
0.08977711200714111
-0.1497902274131775
0.24225115776062012
-0.08627855777740479
0.23364055156707764
-0.19845843315124512
-0.13155877590179443
0.22143018245697021
-0.16586649417877197
-0.09001338481903076
0.04607534408569336
-0.12006783485412598
0.09674477577209473
-0.05154496431350708
-0.23455923795700073
-0.1389256715774536
-0.21737301349639893
0.16406822204589844
0.01715266704559326
-0.07087540626525879
-0.18043220043182373
-0.02192974090576172
-0.0574336051940918
-0.1638677716255188
-0.03557479381561279
-0.004906296730041504
-0.2910999059677124
-0.02255403995513916
0.3866147994995117
-0.010080218315124512
-0.03879493474960327
-0.13679134845733643
0.1067429780960083
0.24709045886993408
0.27324771881103516
0.1380610466003418
-0.008156180381774902
-0.006910562515258789
0.18789076805114746
0.1026911735534668
0.2157663106918335
-0.07354390621185303
0.06015574932098389
-0.22775518894195557
-0.07899057865142822
-0.10127949714660645
-0.021944761276245117
-0.06491124629974365
0.028211116790771484
0.10767579078674316
-0.139815092086792
0.07623982429504395
0.07821369171142578
-0.05198967456817627
0.16028594970703125
0.1125633716583252
0.3722517490386963
0.16736328601837158
0.43074750900268555
0.11156463623046875
-0.3283653259277344
-0.026018500328063965
0.09702229499816895
-0.23598861694335938
0.17658400535583496
0.4608515501022339
-0.1726548671722412
-0.15612387657165527
-0.14886248111724854
-0.22942590713500977
0.24763023853302002
0.004938244819641113
0.02140176296234131
-0.036423444747924805
-0.24597012996673584
-0.21490079164505005
-0.18558049201965332
-0.280185341835022
-0.026026368141174316
-0.056504249572753906
-0.24004089832305908
-0.27400898933410645
-0.08689236640930176
-0.1044301986694336
0.21030163764953613
0.12886321544647217
-0.14871346950531006
0.18001556396484375
-0.04158902168273926
-0.09961426258087158
-0.10549712181091309
-0.007012844085693359
0.22476589679718018
0.2544541358947754
0.06544053554534912
-0.41880226135253906
-0.08529078960418701
-0.045420050621032715
-0.08103013038635254
0.18414092063903809
-0.2666700482368469
0.04571187496185303
-0.02875518798828125
-0.17562782764434814
-0.15419507026672363
0.10606741905212402
0.32290172576904297
0.12692075967788696
0.2260979413986206
-0.3577098250389099
-0.0634835958480835
0.12273967266082764
-0.2019519805908203
-0.04780411720275879
-0.006573915481567383
-0.22357523441314697
0.03667616844177246
-0.19477343559265137
0.01010429859161377
0.7902783155441284
0.2920377254486084
-0.016518473625183105
-0.16309082508087158
-0.005532264709472656
0.030573606491088867
0.21244215965270996
-0.03492164611816406
-0.2354832887649536
0.0017200708389282227
-0.4269980192184448
-0.05235016345977783
-0.07573366165161133
0.14888572692871094
-0.04223430156707764
0.037122249603271484
-0.05809807777404785
-0.15540099143981934
0.09301447868347168
-0.15451276302337646
-0.03768038749694824
0.01228940486907959
-0.04647719860076904
0.198333740234375
0.12873411178588867
-0.06962990760803223
0.01793825626373291
0.2612135410308838
0.03453850746154785
-0.07428812980651855
-0.10161042213439941
0.26196515560150146
0.4015456438064575
0.02894759178161621
-0.12969529628753662
-0.013138532638549805
0.0005429983139038086
0.002330183982849121
-0.1940370798110962
-0.06562858819961548
-0.009949326515197754
0.056220173835754395
0.10156619548797607
-0.044484496116638184
0.0962684154510498
0.18712544441223145
0.4789847135543823
-0.03579592704772949
-0.14227509498596191
-0.19075512886047363
0.06996047496795654
0.11778032779693604
0.021897196769714355
0.17940592765808105
-0.3170820474624634
0.06190192699432373
-0.11462891101837158
0.05705761909484863
-0.18453919887542725
-0.040665388107299805
-0.057996511459350586
0.037650108337402344
0.03139042854309082
-0.07222634553909302
-0.09856796264648438
-0.05127573013305664
-0.11298418045043945
0.012436866760253906
0.21334362030029297
0.3655799627304077
0.00667262077331543
0.08628559112548828
-0.0035005807876586914
0.31315934658050537
-0.17706668376922607
0.04534804821014404
-0.17124342918395996
-0.20446157455444336
0.1583806276321411
0.1522047519683838
-0.047509074211120605
-0.02148747444152832
0.1145024299621582
-0.0027878284454345703
-0.0007545948028564453
0.005757808685302734
-0.10721099376678467
0.07009422779083252
0.32988548278808594
-0.13836514949798584
0.0034029483795166016
0.04851698875427246
-0.07904541492462158
0.1929614543914795
0.37854814529418945
-0.2866475582122803
0.10864126682281494
0.09474396705627441
-0.0359339714050293
0.04218947887420654
-0.012244701385498047
0.2445768117904663
0.12005257606506348
-0.007059574127197266
0.0923926830291748
0.1916576623916626
0.05702531337738037
0.11560261249542236
0.05056875944137573
-0.025512337684631348
-0.11169147491455078
-0.14348435401916504
-0.2444239854812622
0.030217409133911133
-0.07320928573608398
-0.011576652526855469
0.14201462268829346
0.04201018810272217
0.40314722061157227
0.09549152851104736
0.04664766788482666
-0.03417360782623291
-0.0851205587387085
0.18166816234588623
0.01074528694152832
-0.29701846837997437
0.17943155765533447
0.20384764671325684
0.2100238800048828
-0.012003302574157715
-0.23849964141845703
-0.10394728183746338
-0.4251995086669922
-0.06338095664978027
0.0809941291809082
-0.014855265617370605
0.1617370843887329
-0.328662633895874
0.21219372749328613
0.3157682418823242
-0.23492860794067383
-0.26424235105514526
0.17241716384887695
0.06609582901000977
0.10881423950195312
-0.07004034519195557
0.1409895420074463
0.3473649024963379
0.11566054821014404
-0.37390685081481934
0.09905171394348145
0.0030263662338256836
-0.18186450004577637
-0.029780149459838867
0.03650867938995361
0.08538973331451416
0.26503753662109375
-0.025357842445373535
-0.015308380126953125
-0.08900666236877441
-0.12301218509674072
-0.23308730125427246
-0.031470298767089844
0.12591087818145752
0.581588625907898
0.33145225048065186
-0.27221691608428955
-0.19533193111419678
-0.25996625423431396
0.018337011337280273
-0.1502598524093628
-0.13890784978866577
0.04440665245056152
-0.36776554584503174
-0.12045097351074219
-0.24329626560211182
0.08375990390777588
-0.06372588872909546
-0.01204836368560791
-0.24085509777069092
0.0603635311126709
-0.04969930648803711
-0.26545000076293945
0.04171276092529297
0.09560620784759521
0.2291172742843628
0.6032810211181641
0.3945941925048828
0.24804723262786865
-0.053597211837768555
0.385520339012146
0.07544374465942383
-0.03775620460510254
-0.14466404914855957
0.05565941333770752
-0.03894448280334473
-0.12714481353759766
-0.2915140390396118
0.19940316677093506
-0.06563478708267212
-0.14064157009124756
0.057320237159729004
0.0360870361328125
0.12297242879867554
0.018410921096801758
-0.13082444667816162
0.01693403720855713
0.053740859031677246
-0.03695821762084961
-0.24949443340301514
-0.03440427780151367
0.22022831439971924
0.16905993223190308
-0.022521257400512695
0.4042785167694092
-0.4730187654495239
-0.2256966233253479
0.4923696517944336
-0.3191056251525879
0.10144555568695068
0.32742953300476074
0.22499775886535645
0.10779690742492676
-0.6894690990447998
0.10881423950195312
0.3943173885345459
-0.16286122798919678
0.20630097389221191
0.10188305377960205
-0.0035288333892822266
-0.06784284114837646
-0.015934109687805176
-0.13904321193695068