0.13126373291015625
-0.32243382930755615
-0.3525991439819336
-0.18761801719665527
-0.5414896011352539
-0.3953816890716553
-0.18846631050109863
-0.33870959281921387
-0.5011987686157227
-0.1654052734375
-0.05110597610473633
0.0527496337890625
-0.45459890365600586
0.2385120391845703
0.18077945709228516
-0.2595059871673584
-0.13508105278015137
-0.2438664436340332
-0.19763803482055664
-0.3661177158355713
-0.39357948303222656
-0.5339615345001221
-0.28516483306884766
-0.07374334335327148
-0.25712013244628906
-0.3346273899078369
-0.2889289855957031
0.04877328872680664
-0.06372332572937012
-0.23294568061828613
-0.20219731330871582
-0.3565223217010498
-0.11350393295288086
-0.01733565330505371
-0.256801962852478
-0.348358154296875
-0.012299537658691406
-0.31013476848602295
-0.17621994018554688
0.20209121704101562
0.06674528121948242
-0.009224653244018555
-0.09781169891357422
-0.1754779815673828
0.125962495803833
-0.46249818801879883
-0.11361002922058105
-0.12734055519104004
-0.21322417259216309
-0.21083855628967285
-0.20378756523132324
-0.0929872989654541
-0.07024407386779785
-0.10088658332824707
-0.0402379035949707
0.019191265106201172
-0.006149768829345703
-0.17908310890197754
0.2920036315917969
-0.22759103775024414
-0.12962031364440918
-0.05057573318481445
-0.032179832458496094
-0.00975489616394043
-0.04522132873535156
-0.20108389854431152
-0.5563337802886963
0.09839463233947754
-0.07024431228637695
-0.17261505126953125
-0.14133620262145996
-0.3228580951690674
-0.622018575668335
-0.2560598850250244
-0.9204373359680176
-0.1334373950958252
-0.5127029418945312
-0.17203164100646973
0.0015902519226074219
0.06017136573791504
-0.24153399467468262
-0.2162461280822754
-0.17876458168029785
-0.22642481327056885
-0.17325115203857422
-0.544034481048584
-0.08450508117675781
0.1519923210144043
0.011663198471069336
-0.4291520118713379
-0.2732365131378174
-0.11429905891418457
-0.407257080078125
0.3519630432128906
0.08328580856323242
-0.004983186721801758
-0.29285192489624023
-0.4999793767929077
0.11535954475402832
-0.2874445915222168
-0.3291666507720947
-0.16688942909240723
0.12299346923828125
-0.19090509414672852
-0.3685035705566406
-0.03870058059692383
0.07390213012695312
-0.2910494804382324
-0.348410964012146
-0.21253514289855957
-0.5695874691009521
-0.3070598840713501
-0.1507730484008789
0.26931333541870117
0.074432373046875
-0.16688942909240723
-0.38965654373168945
0.22626590728759766
-0.435884952545166
-0.09144997596740723
-0.016063451766967773
-0.3584308624267578
-0.06584405899047852
0.010656118392944336
-0.2985246181488037
0.3494713306427002
-0.6083941459655762
-0.4614908695220947
-0.05974721908569336
-0.270479679107666
-0.02194809913635254
-0.259929895401001
-0.1976909637451172
-0.15952062606811523
-0.3923070430755615
-0.37613749504089355
-0.4077341556549072
-0.2823023796081543
-0.21767759323120117
0.08328557014465332
-0.7232761383056641
-0.34284448623657227
0.01055002212524414
0.08821606636047363
-0.2845287322998047
0.2181544303894043
-0.43482446670532227
-0.08180117607116699
-0.05529427528381348
-0.055135250091552734
-0.27244138717651367
-0.4217829704284668
-0.08243751525878906
-0.13158178329467773
-0.07697701454162598
-0.27625834941864014
-0.11159539222717285
-0.36585259437561035
0.49759387969970703
-0.6633169651031494
0.344541072845459
-0.31490588188171387
-0.3540835380554199
-0.38059067726135254
-0.008853435516357422
0.18671703338623047
-0.4819016456604004
0.12500786781311035
-0.12272834777832031
-0.378629207611084
-0.33558154106140137
0.35737085342407227
0.05958819389343262
-0.29210972785949707
0.0030748844146728516
0.009807586669921875
-0.565028190612793
0.19504022598266602
-0.33759617805480957
-0.09585022926330566
-0.3817042112350464
0.10443854331970215
-0.24672937393188477
-0.09330558776855469
-0.35758256912231445
-0.3415191173553467
-0.5614233016967773
-0.3813328742980957
0.015109062194824219
-0.29555559158325195
-0.7228522300720215
0.13317227363586426
-0.061072587966918945
-0.25187158584594727
-0.23103690147399902
-0.6009719371795654
-0.130415678024292
-0.015215158462524414
0.03880643844604492
0.03748130798339844
-0.143510103225708
-0.3282126188278198
-0.39962315559387207
-0.4646718502044678
-0.30918049812316895
-0.15003085136413574
0.06621503829956055
-0.37693262100219727
0.262845516204834
-0.37825822830200195
-0.11313295364379883
-0.06038331985473633
-0.5130209922790527
-0.23978447914123535
-0.16577625274658203
-0.5652403831481934
-0.14769816398620605
-0.16264843940734863
-0.2833089828491211
0.08190727233886719
-0.23029470443725586
-0.10268914699554443
-0.277371883392334
-0.3395044803619385
-0.04129838943481445
0.08323287963867188
-0.40206170082092285
-0.17812871932983398
-0.13073372840881348
0.05349135398864746
-0.42358577251434326
-0.5945041179656982
-0.33388519287109375
-0.0567784309387207
-0.2285454273223877
-0.3723205327987671
-0.4367859363555908
-0.057997703552246094
-0.30631744861602783
-0.4439432621002197
0.15628647804260254
0.0030748844146728516
-0.3083319664001465
-0.20415878295898438
-0.19238948822021484
-0.4835977554321289
-0.29221582412719727
-0.7701408863067627
-0.6487905979156494
-0.5041675567626953
-0.09266948699951172
0.1383681297302246
-0.47606992721557617
-0.3527050018310547
0.22891664505004883
-0.4946777820587158
-0.3747062683105469
-0.18464946746826172
-0.5946102142333984
-0.0993490219116211
-0.06096673011779785
-0.30976343154907227
-0.253939151763916
-0.32863664627075195
0.06658625602722168
0.12262225151062012
0.009754657745361328
0.033770084381103516
-0.20691537857055664
0.024121522903442383
-0.459423303604126
-0.20723354816436768
-0.38440775871276855
-0.016275644302368164
0.0755457878112793
0.036898136138916016
-0.09855389595031738
-0.1528937816619873
-0.2026212215423584
-0.0816953182220459
-0.2874443531036377
-0.19270753860473633
-0.1573469638824463
0.1033782958984375
-0.015639066696166992
-0.3479340076446533
-0.21778345108032227
-0.30271244049072266
-0.27970433235168457
-0.3367478847503662
-0.1941390037536621
-0.3710482120513916
0.18056726455688477
-0.5421788692474365
0.054286956787109375
0.11541247367858887
-0.31342148780822754
-0.3164963722229004
-0.28034043312072754
-0.15840721130371094
-0.057732582092285156
-0.0506289005279541
0.1137690544128418
-0.1189112663269043
-0.12076687812805176
-0.4473891258239746
-0.04734182357788086
-0.05566525459289551
-0.18051433563232422
-0.2368156909942627
-0.48062896728515625
0.09070777893066406
-0.19164729118347168
-0.3057873249053955
0.15162134170532227
-0.452054500579834
-0.25086450576782227
-0.31464099884033203
-0.2130119800567627
0.07353091239929199
-0.2400493621826172
-0.016646623611450195
-0.27254724502563477
0.00927734375
-0.06266307830810547
-0.15326476097106934
-0.21014928817749023
-0.11504125595092773
-0.08609533309936523
-0.18242287635803223
0.08609533309936523
-0.10512757301330566
0.09452486038208008
-0.08264946937561035
-0.5007216930389404
-0.04935646057128906
-0.19228339195251465
-0.019297122955322266
-0.07114529609680176
-0.5226166248321533
-0.4621272087097168
0.11541247367858887
0.19853925704956055
-0.46281635761260986
-0.09903097152709961
-0.20293951034545898
0.002438783645629883
0.24996280670166016
-0.040025949478149414
-0.30939245223999023
-0.4346656799316406
-0.15416598320007324
-0.1953582763671875
-0.24667644500732422
-0.17235016822814941
0.06520771980285645
-0.22175908088684082
-0.30849123001098633
0.020728588104248047
-0.5045914649963379
0.2978353500366211
-0.5431861877441406
-0.2285451889038086
-0.310823917388916
-0.11101245880126953
-0.10284805297851562
-0.4807354211807251
0.03186154365539551
0.07172846794128418
-0.48545360565185547
-0.7758665084838867
-0.15888428688049316
-0.3462374210357666
-0.07962775230407715
0.004824399948120117
-0.1882014274597168
-0.11795735359191895
0.16354966163635254
-0.3901863098144531
-0.23013615608215332
-0.685265064239502
-0.2755160331726074
-0.2961387634277344
-0.2222895622253418
-0.19504022598266602
-0.13317203521728516
-0.3081200122833252
-0.16678357124328613
-0.22605371475219727
-0.2893531322479248
-0.21910881996154785
-0.38944435119628906
-0.12198615074157715
-0.10931587219238281
-0.5068185329437256
-0.14218473434448242
-0.536400318145752
-0.023114442825317383
-0.12044882774353027
-0.46286964416503906
-0.2723352909088135
0.17908263206481934
0.011345148086547852
-0.16158795356750488
-0.3291137218475342
0.001802682876586914
0.07088017463684082
-0.2961387634277344
-0.12071394920349121
-0.08551239967346191
-0.23294544219970703
-0.2727062702178955
-0.18666410446166992
0.036527156829833984
0.2511293888092041
-0.36484551429748535
-0.11832809448242188
-0.22011613845825195
-0.25966501235961914
-0.44696497917175293
-0.4095897674560547
-0.0016965866088867188
-0.3082261085510254
-0.49022483825683594
-0.02565908432006836
-0.3365359306335449
-0.4435718059539795
-0.3612406253814697
-0.1500840187072754
0.1882011890411377
0.05555915832519531
0.4029099941253662
-0.45422792434692383
-0.29131460189819336
-0.20760464668273926
-0.11429905891418457
-0.33086323738098145
0.0268251895904541
-0.41388392448425293
-0.1157834529876709
-0.35572731494903564
-0.10677123069763184
-0.4284098148345947
0.001272439956665039
-0.16535210609436035
0.011291980743408203
-0.07830214500427246
-0.25197768211364746
-0.39076972007751465
-0.08121824264526367
-0.32147979736328125
-0.17791664600372314
-0.16445088386535645
-0.34697961807250977
-0.13831472396850586
-0.24736547470092773
-0.3686094284057617
-0.24142789840698242
-0.39835071563720703
-0.4761228561401367
-0.0031812191009521484
0.005831718444824219
0.22679591178894043
-0.3498423099517822
-0.2522428035736084
-0.19678974151611328
-0.32630395889282227
-0.1220393180847168
-0.0848233699798584
-0.3242366313934326
0.07294797897338867
0.012723445892333984
-0.2629516124725342
0.0640416145324707
-0.28341543674468994
0.04029107093811035
-0.1364593505859375
-0.3493654727935791
-0.1382613182067871
0.21857857704162598
0.2727060317993164
0.03976082801818848
-0.2377166748046875
-0.37088918685913086
-0.007315874099731445
-0.20548391342163086
0.17049455642700195
-0.6170353889465332
0.10401439666748047
-0.31453466415405273
-0.13380861282348633
-0.37788712978363037
-0.24291229248046875
-0.05455183982849121
0.05168890953063965
-0.3715784549713135
-0.05746769905090332
-0.36866259574890137
-0.526857852935791
-0.03991985321044922
-0.46451282501220703
-0.26963162422180176
-0.07771921157836914
-0.28717947006225586
-0.5054398775100708
-0.3000619411468506
-0.19774413108825684
-0.31421685218811035
-0.21221709251403809
-0.23077178001403809
-1.0466115474700928
-0.012935638427734375
-0.31612539291381836
0.26629185676574707
-0.09372949600219727
-0.36012721061706543
-0.2657613754272461
-0.22001004219055176
-0.11530661582946777
-0.0774540901184082
-0.1570289134979248
-0.30849123001098633
0.0051953792572021484
-0.3413071632385254
-0.019138336181640625
-0.45671939849853516
0.09150290489196777
0.13751935958862305
-0.4139368534088135
-0.35837769508361816
-0.3529701232910156
0.13900399208068848
-0.1705474853515625
-0.5292434692382812
-0.2597709894180298
0.1331193447113037
0.4185490608215332
-0.47278308868408203
0.20558977127075195
0.03435325622558594
-0.06499576568603516
-0.25802135467529297
-0.09383547306060791
0.08339190483093262
-0.23464202880859375
-0.1137690544128418
-0.18963265419006348
-0.13471007347106934
-0.04882621765136719
-0.6599240303039551
0.03392934799194336
-0.002756834030151367
-0.2252054214477539
-0.2255234718322754
-0.1385800838470459
-0.4675877094268799
-0.32948482036590576
-0.2028334140777588
0.11520028114318848
-0.3837716579437256
-0.005354166030883789
-0.12755274772644043
0.5533115863800049
0.05847501754760742
-0.12013077735900879
-0.22372126579284668
-0.37444114685058594
-0.13370275497436523
0.2669806480407715
0.11488223075866699
-0.07761311531066895
-0.19286656379699707
-0.24959206581115723
-0.18555068969726562
-0.2489027976989746
-0.2785379886627197
-0.2086648941040039
0.008747339248657227
-0.26873016357421875
0.5329015254974365
-0.3998880386352539
-0.08190751075744629
-0.11090612411499023
-0.19509339332580566
0.09118485450744629
0.36754918098449707
-0.21025538444519043
-0.26528429985046387
-0.21942687034606934
-0.19074606895446777
-0.3177156448364258
-0.21735930442810059
-0.6209052801132202
-0.3598620891571045
-0.19371485710144043
0.45009279251098633
0.2575443983078003
-0.2789621353149414
0.025341033935546875
-0.36728405952453613
-0.38106822967529297
-0.44887351989746094
-0.37120723724365234
-0.11721491813659668
-0.32338833808898926
-0.07390213012695312
-0.11965346336364746
0.13359642028808594
-0.3492593765258789
-0.4574618339538574
0.1799309253692627
-0.0629812479019165
-0.32932567596435547
-0.4917623996734619
-0.15527939796447754
-0.333726167678833
-0.3292198181152344
0.09494900703430176
-0.3690868616104126
-0.37937116622924805
-0.022425174713134766
-0.44108057022094727
-0.11408734321594238
-0.18014311790466309
-0.3463435173034668
-0.15973258018493652
-0.6926867961883545
-0.42400968074798584
-0.13248324394226074
-0.2975170612335205
-0.16222429275512695
-0.03965497016906738
-0.018342971801757812
0.20521879196166992
-0.25319719314575195
-0.2930641174316406
-0.08206653594970703
-0.32068467140197754
-0.39098167419433594
-0.02375030517578125
-0.27461493015289307
-0.5227756500244141
0.18226361274719238
-0.1446235179901123
-0.04182839393615723
-0.30159926414489746
-0.04421401023864746
-0.19053435325622559
-0.07506847381591797
0.09415364265441895
-0.15034890174865723
0.08948850631713867
-0.4153681993484497
-0.35562098026275635
-0.09903097152709961
0.21587467193603516
0.07066822052001953
0.0981827974319458
-0.0714104175567627
-0.45793890953063965
-0.06298112869262695
-0.19419193267822266
-0.13672423362731934
-0.35938501358032227
0.11498832702636719
-0.45422792434692383
0.28246092796325684
0.15124988555908203
-0.33600568771362305
-0.19822096824645996
-0.04463815689086914
-0.5432922840118408
-0.09839487075805664
-0.22684884071350098
0.17086577415466309
-0.29889559745788574
-0.11535954475402832
-0.0516362190246582
-0.28426337242126465
-0.03180861473083496
-0.1971607208251953
-0.12967348098754883
-0.1693282127380371
-0.11228466033935547
-0.16911602020263672
-0.17128968238830566
-0.0713043212890625
-0.25510573387145996
-0.21343612670898438
-0.12935543060302734
-0.18252873420715332
-0.22160053253173828
0.12914323806762695
-0.23898935317993164
-0.25012218952178955
0.11117124557495117
0.29131460189819336
0.20930123329162598
-0.31342148780822754
-0.11875247955322266
-0.07814335823059082
-0.005089282989501953
-0.32015442848205566
-0.28829288482666016
0.2724943161010742
-0.344912052154541
0.2273261547088623
-0.3408830165863037
-0.26369404792785645
-0.15347695350646973
0.08975338935852051
-0.3471386432647705
-0.2718050479888916
-0.21184563636779785
0.08423995971679688
-0.2379288673400879
-0.44945669174194336
-0.676782488822937
-0.1012575626373291
-0.05927014350891113
-0.348358154296875
-0.13460373878479004
-0.15777087211608887
-0.3902924060821533
-0.2417459487915039
-0.3728506565093994
-0.2212824821472168
-0.17017650604248047
0.12124419212341309
-0.15649867057800293
-0.22043418884277344
-0.5229346752166748
-0.18523263931274414
-0.19811511039733887
0.027567386627197266
-0.1343386173248291
-0.2927989959716797
-0.1043858528137207
0.09001827239990234
-0.16879820823669434
-0.4495096206665039
-0.44585180282592773
-0.4869379997253418
0.36182355880737305
0.30281853675842285
-0.25552964210510254
-0.014207839965820312
-0.14637303352355957
-0.0733189582824707
-0.4292581081390381
-0.09839487075805664
-0.14769840240478516
0.062345027923583984
0.24460864067077637
-0.025341033935546875
-0.21216392517089844
-0.1375722885131836
-0.0009014606475830078
-0.5853856801986694
0.319094181060791
0.19705438613891602
0.28346824645996094
-0.016169309616088867
-0.3184046745300293
-0.14557766914367676
-0.4986538887023926
-0.1527876853942871
0.48306798934936523
-0.09341144561767578
-0.0009012222290039062
-0.07718896865844727
0.08445215225219727
-0.14716815948486328
-0.4842870235443115
0.0734250545501709
-0.20707416534423828
-0.2139129638671875
-0.4360969066619873
-0.44526851177215576
-0.3614528179168701
-0.12633347511291504
-0.363361120223999
0.3268871307373047
-0.29263997077941895
-0.31851089000701904
-0.07024407386779785
-0.08514142036437988
-0.13280129432678223
-0.29799413681030273
-0.1768033504486084
0.056354522705078125
-0.3831355571746826
0.009330511093139648
-0.05105304718017578
0.12352371215820312
0.21428465843200684
-0.14743304252624512
-0.03843545913696289
-0.2430713176727295
-0.5918534994125366
-0.031702518463134766
-0.15315866470336914
-0.18724703788757324
-0.27016162872314453
-0.3752363920211792
-0.10920977592468262
-0.20612025260925293
-0.26841235160827637
-0.16010355949401855
0.046016573905944824
-0.020993709564208984
0.006944894790649414
-0.31331539154052734
0.19429802894592285
-0.024121522903442383
-0.13709545135498047
0.36394405364990234
-0.31813979148864746
-0.0764470100402832
0.2607254981994629
-0.2559540271759033
0.0372161865234375
-0.7745413780212402
-0.3894970417022705
-0.18783020973205566
-0.018926143646240234
0.2707977294921875
0.13481569290161133
0.1687450408935547
0.09272241592407227
0.04129838943481445
-0.2202751636505127
0.4746384620666504
-0.033770084381103516
0.19127655029296875
-0.002226591110229492
0.13842058181762695
0.21730613708496094
-0.31039929389953613
-0.0516359806060791
-0.32762908935546875
-0.15162134170532227
-0.17462968826293945
0.11997175216674805
-0.16063404083251953
-0.19641876220703125
-0.23633837699890137
-0.37714481353759766
-0.5624305009841919
-0.23877716064453125
-0.5540542602539062
-0.1765909194946289
-0.13375568389892578
-0.10359001159667969
0.4646186828613281
-0.2647542953491211
-0.18862557411193848
-0.19228363037109375
-0.47034430503845215
-0.27392578125
-0.4988131523132324
-0.1973726749420166
-0.14589571952819824
-0.20659756660461426
-0.1869819164276123
-0.22515249252319336
-0.6601359844207764
-0.17500090599060059
0.2682530879974365
-0.3168144226074219
0.48799824714660645
-0.07883262634277344
0.04988670349121094
-0.47023820877075195
-0.07586383819580078
-0.12500810623168945
-0.21969199180603027
0.2586047649383545
-0.3838777542114258
-0.2441847324371338
0.0464937686920166
0.1820516586303711
-0.12532615661621094
0.2615203857421875
-0.4382174015045166
-0.5874533653259277
-0.39612412452697754
-0.14547157287597656
-0.19297266006469727
-0.20951318740844727
0.05041694641113281
-0.01691150665283203
0.13407349586486816
0.02173590660095215
-0.45067572593688965
-0.2182077169418335
-0.10003829002380371
-0.1694340705871582
-0.509044885635376
-0.6195273399353027
-0.09553217887878418
-0.05121207237243652
-0.5721851587295532
-0.3027125597000122
-0.06775236129760742
-0.33711886405944824
-0.37290382385253906
-0.640149712562561
-0.3613464832305908
-0.003870248794555664
-0.1449415683746338
0.22711396217346191
0.19965267181396484
-0.02438664436340332
0.15877842903137207
-0.5775927305221558
-0.3005390167236328
-0.2636408805847168
-0.5129680633544922
-0.08678460121154785
-0.12977933883666992
-0.26215648651123047
-0.3312346935272217
-0.3456542491912842
-0.3117251396179199
-0.03080129623413086
-0.16386771202087402
-0.38271164894104004
-0.20458269119262695
-0.3219568729400635
-0.3065826892852783
-0.2333695888519287
-0.1811504364013672
-0.39691925048828125
-0.2542574405670166
-0.2048478126525879
-0.2663445472717285
-0.4311666488647461
-0.12256932258605957
0.09001851081848145
0.1901099681854248
0.16386771202087402
-0.6096131801605225
-0.3481459617614746
-0.29062533378601074
0.09744071960449219
0.270108699798584
-0.19090509414672852
-0.06367039680480957
0.3294847011566162
-0.007157087326049805
-0.3295910358428955
-0.17929482460021973
0.2905724048614502
-0.08302068710327148
-0.32057833671569824
-0.6994727849960327
-0.05190110206604004
0.29857730865478516
-0.3530232906341553
-0.31564784049987793
-0.2935941219329834
-0.05805087089538574
-0.5173681974411011
-0.11827516555786133
-0.09129095077514648
0.001802682876586914
-0.04718279838562012
-0.20156097412109375
-0.42475175857543945
-0.222395658493042
-0.09123778343200684
-0.14123058319091797
-0.1384737491607666
-0.37078309059143066
0.3284776210784912
0.05131793022155762
0.024280548095703125
-0.10083341598510742
-0.24524521827697754
-0.6535623073577881
-0.19493412971496582
0.25886964797973633
-0.3005390167236328
-0.13126397132873535
-0.2213883399963379
-0.6723291873931885
0.0537564754486084
-0.2930107116699219
-0.40296292304992676
-0.16991138458251953
-0.09659242630004883
-0.09770584106445312
-0.1837482452392578
0.32964396476745605
-0.13879179954528809
-0.08333873748779297
-0.20643830299377441
0.03970766067504883
-0.10104560852050781
-0.5218214988708496
-0.028468847274780273
-0.34003472328186035
0.1799309253692627
-0.17966604232788086
-0.1458427906036377
0.0124053955078125
-0.28357458114624023
0.31644320487976074
0.023273468017578125
-0.3188290596008301
-0.38329458236694336
-0.7159603834152222
-0.1922304630279541
-0.03414130210876465
0.2818777561187744
-0.5361354351043701
-0.2357553243637085
0.09982609748840332
-0.28055262565612793
-0.12622737884521484
-0.35726451873779297
-0.05608940124511719
-0.09012460708618164
-0.19594144821166992
-0.3957529067993164
-0.3611346483230591
-0.09871292114257812
-0.2027273178100586
0.3641033172607422
-0.08222556114196777
0.2587106227874756
-0.042888641357421875
-0.3690338134765625
-0.4674816131591797
-0.05306744575500488
-0.22547030448913574
-0.25139474868774414
-0.1403822898864746
-0.17621994018554688
-0.11917638778686523
-0.6219658851623535
-0.2778489589691162
-0.09659218788146973
-0.18268799781799316
-0.5824168920516968
-0.14833450317382812
0.03541374206542969
-0.15405988693237305
-0.1983799934387207
-0.13068079948425293
-0.14266180992126465
-0.2662386894226074
0.0062558650970458984
-0.36304306983947754
-0.38663434982299805
-0.3948519229888916
0.04113912582397461
-0.08630752563476562
-0.18279409408569336
-0.23225641250610352
0.12622761726379395
-0.2620503902435303
-0.3005390167236328
0.2231910228729248
-0.08015751838684082
-0.0828087329864502
-0.21258807182312012
-0.32190370559692383
0.014525890350341797
-0.0001590251922607422
-0.11323904991149902
-0.4249110221862793
0.2003946304321289
-0.06663942337036133
-0.07024407386779785
-0.16423892974853516
0.25218987464904785
-0.40147852897644043
-0.05184817314147949
-0.23686885833740234
-0.1458958387374878
0.17664432525634766
-0.8628635406494141
-0.6180425882339478
-0.027302265167236328
-0.23697471618652344
-0.552039623260498
-0.3278946876525879
-0.16598820686340332
-0.1231527328491211
0.1397993564605713
0.01860809326171875
-0.2168292999267578
-0.35143280029296875
-0.18926167488098145
-0.0007421970367431641
-0.016063451766967773
0.08779215812683105
-0.2719111442565918
-0.34316277503967285
-0.22690176963806152
-0.5524107217788696
0.052590370178222656
0.1404883861541748
-0.24471473693847656
-0.26417088508605957
-0.11217856407165527
-0.16392064094543457
-0.03870058059692383
-0.3833475112915039
-0.259929895401001
0.006944894790649414
-0.07411432266235352
-0.04193425178527832
-0.08047604560852051
-0.259929895401001
-0.20278048515319824
-0.03414106369018555
-0.015639066696166992
-0.09982633590698242
-0.6590228080749512
0.05603647232055664
-0.08768606185913086
-0.004718303680419922
0.21953296661376953
0.2368159294128418
-0.2002887725830078
-0.2763645648956299
0.03817033767700195
-0.3341500759124756
-0.23527812957763672
0.035254716873168945
-0.3452301025390625
-0.029900074005126953
-0.13820862770080566
-0.19779682159423828
-0.08519434928894043
0.003604888916015625
0.005884647369384766
-0.08461117744445801
-0.48306775093078613
-0.05895209312438965
0.2884516716003418
-0.07146358489990234
0.17637920379638672
-0.48720288276672363
-0.06080746650695801
-0.22769713401794434
-0.4795687198638916
-0.3765087127685547
-0.1941922903060913
-0.5597796440124512
-0.1366713047027588
-0.47373735904693604
-0.1126556396484375
-0.12066078186035156
-0.04479718208312988
-0.12956738471984863
-0.3369600772857666
-0.13105177879333496
-0.6572203636169434
-0.18512654304504395
-0.5317879915237427
-0.529455304145813
0.10417342185974121
-0.05566525459289551
0.11143636703491211
-0.2138073444366455
-0.280287504196167
-0.2441844940185547
-0.09966707229614258
-0.26751089096069336
-0.23008275032043457
-0.13046860694885254
-0.18523240089416504
-0.47606968879699707
-0.09229826927185059
-0.48232579231262207
-0.12914323806762695
-0.4412393569946289
-0.0475010871887207
-0.035254478454589844
-0.15883135795593262
-0.12469005584716797
0.24015569686889648
0.0548701286315918
-0.4762289524078369
-0.18581557273864746
-0.13179397583007812
-0.03774619102478027
-0.31973016262054443
-0.19906926155090332
-0.1044914722442627
-0.23453617095947266
-0.21884369850158691
0.2178363800048828
-0.4876270294189453
-0.18661093711853027
0.05752086639404297
-0.2562720775604248
-0.18724703788757324
-0.03594374656677246
-0.23686885833740234
-0.33961057662963867
-0.1672074794769287
-0.04018521308898926
-0.23485445976257324
-0.2688363790512085
-0.10162878036499023
-0.08423995971679688
-0.4084763526916504
-0.2641181945800781
-0.009754657745361328
-0.13598203659057617
-0.35010743141174316
-0.20622634887695312
0.009542465209960938
-0.2842104434967041
-0.5222985744476318
-0.31119489669799805
-0.26915431022644043
-0.5166258811950684
-0.37322163581848145
-0.2754631042480469
-0.19906949996948242
-0.771996259689331
-0.2528259754180908
0.07708287239074707
0.01717662811279297
-0.168320894241333
-0.060860633850097656
-0.107513427734375
-0.3791065216064453
-0.1593613624572754
-0.054021596908569336
-0.5155124664306641
-0.3213207721710205
-0.3256678581237793
-0.4420877695083618
-0.804229736328125
-0.5897860527038574
-0.23602056503295898
-0.10189390182495117
-0.3900805711746216
0.589838981628418
-0.3883838653564453
-0.24312400817871094
-0.5309929847717285
-0.26491308212280273
0.20431780815124512
-0.3841428756713867
-0.04893231391906738
-0.2266371250152588
-0.7116659879684448
0.3121490478515625
-0.05911111831665039
-0.2910492420196533
-0.363997220993042
-0.08614850044250488
0.03928375244140625
-0.062132835388183594
-0.3720555305480957
-0.15273451805114746
-0.1696462631225586
0.17945408821105957
-0.18904948234558105
-0.28882288932800293
-0.24906206130981445
-0.3052043914794922
-0.25722622871398926
0.2785379886627197
0.09791779518127441
-0.12638640403747559
-0.5070302486419678
-0.4250168800354004
-0.22912836074829102
-0.5819401741027832
0.08222556114196777
0.16784381866455078
-0.08747386932373047
-0.39760851860046387
-0.19392693042755127
-0.029635190963745117
-0.0753335952758789
-0.6244044303894043
-0.26660990715026855
0.26740503311157227
-0.059058189392089844
-0.16773772239685059
-0.6480488777160645
-0.729426383972168
-0.5000324249267578
-0.267564058303833
0.18353605270385742
0.04755377769470215
-0.0600125789642334
0.18401312828063965
0.018131017684936523
-0.06891894340515137
-0.0704033374786377
-0.14817547798156738
-0.35212206840515137
-0.37279772758483887
0.033982038497924805
-0.05105280876159668
-0.3604452610015869
0.0064678192138671875
-0.41043806076049805
-0.3431096076965332
-0.17648530006408691
-0.4104909896850586
-0.32996201515197754
-0.13190007209777832
-0.17372822761535645
-0.34003472328186035
-0.11233758926391602
-0.06409454345703125
-0.22669005393981934
-0.06738114356994629
0.026401281356811523
-0.2568550109863281
0.15506720542907715
-0.07962775230407715
-0.04378986358642578
-0.221388578414917
-0.03774619102478027
-0.25399231910705566
-0.402803897857666
-0.013041496276855469
-0.21651101112365723
-0.25388622283935547
-0.10242390632629395
0.1842784881591797
-0.05391573905944824
-0.5248961448669434
-0.1404883861541748
-0.06520771980285645
-0.03557276725769043
0.1592555046081543
0.0059375762939453125
-0.32259297370910645
-0.22499346733093262
-0.32280516624450684
-0.26279282569885254
-0.09675145149230957
-0.051583051681518555
-0.1137690544128418
-0.36261892318725586
0.0557713508605957
-0.2564840316772461
0.1325361728668213
0.26470136642456055
-0.14499449729919434
-0.24116277694702148
0.04697084426879883
-0.3085970878601074
-0.3383915424346924
-0.3222219944000244
-0.30478012561798096
-0.30382585525512695
-0.2730245590209961
-0.43816471099853516
-0.09266924858093262
-0.16031575202941895
0.14266204833984375
-0.16985821723937988
-0.4047125577926636
0.27641773223876953
-0.049462318420410156
-0.0018553733825683594
0.060860633850097656
-0.13280129432678223
-0.336641788482666
-0.513763427734375
-0.362990140914917
-0.36150574684143066
0.20368146896362305
-0.2825140953063965
0.27456188201904297
0.2650723457336426
-0.3407238721847534
0.1249551773071289
-0.11414003372192383
0.04262351989746094
-0.35980916023254395
-0.40206170082092285
-0.055506229400634766
-0.08514142036437988
0.11737418174743652
-0.23729276657104492
-0.2326803207397461
-0.5477983951568604
-0.3350515365600586
-0.5760022401809692
-0.11048221588134766
-0.048243045806884766
0.03864741325378418
-0.3432154655456543
0.27657651901245117
-0.4998204708099365
-0.44229984283447266
-0.11583662033081055
-0.09542584419250488
-0.32884860038757324
-0.14838767051696777
-0.09754657745361328
-0.7754426002502441
-0.11260247230529785
-0.08832216262817383
-0.25340914726257324
-0.47527480125427246
0.07194066047668457
-0.3425264358520508
0.24694132804870605
-0.431060791015625
-0.3570525646209717
-0.0724174976348877
-0.31644344329833984
-0.1570289134979248
-0.24026179313659668
-0.24853181838989258
-0.2284395694732666
0.051954030990600586
-0.03371715545654297
0.3445408344268799
-0.12532615661621094
-0.15888428688049316
0.0021736621856689453
-0.15607452392578125
-0.39729034900665283
-0.06181502342224121
0.10465049743652344
-0.11260271072387695
-0.29316985607147217
-0.29566168785095215
-0.4895355701446533
-0.11292099952697754
-0.4382176399230957
0.10189366340637207
-0.34459400177001953
-0.10555148124694824
-0.07135748863220215
0.2451920509338379
0.15856623649597168
0.11318588256835938
-0.5555915832519531
0.22859835624694824
0.394533634185791
0.03573179244995117
-0.28256726264953613
-0.06648015975952148
-0.26316380500793457
-0.09266948699951172
0.042040348052978516
-0.31400465965270996
-0.5294023752212524
-0.48306775093078613
-0.20357537269592285
-0.45963549613952637
0.034247398376464844
-0.32943224906921387
-0.2552647590637207
-0.15496134757995605
-0.2619442939758301
-0.2803405523300171
-0.18661093711853027
-0.08609557151794434
-0.08991241455078125
-0.3312873840332031
-0.18168020248413086
-0.22011590003967285
-0.12442493438720703
-0.6664979457855225
-0.0004241466522216797
0.3560452461242676
-0.10083365440368652
0.2345890998840332
0.011185884475708008
-0.24715352058410645
-0.31230807304382324
-0.3255617618560791
-0.1964714527130127
-0.049727678298950195
-0.21788954734802246
-0.45581841468811035
-0.2162461280822754
0.1972668170928955
-0.08317971229553223
-0.1961534023284912
-0.11228442192077637
-0.2773716449737549
-0.16195917129516602
-0.23199129104614258
-0.43895936012268066
-0.7494657039642334
-0.025658845901489258
-0.29195070266723633
-0.00869441032409668
-0.41960954666137695
-0.291473388671875
0.04257059097290039
-0.9709069728851318
-0.46514892578125
-0.06764650344848633
-0.18364238739013672
0.14027643203735352
-0.05227231979370117
-0.14738059043884277
-0.01569223403930664
0.09054875373840332
-0.3807499408721924
-0.10374951362609863
-0.1199188232421875
-0.3550379276275635
-0.25351524353027344
-0.13470959663391113
-0.14515376091003418
-0.2406327724456787
-0.21879065036773682
-0.18056726455688477
-0.1591494083404541
-0.15554428100585938
-0.07305383682250977
0.06038355827331543
-0.25309109687805176
0.03170275688171387
-0.22186541557312012
0.17637872695922852
0.04940938949584961
-0.42374467849731445
-0.27429699897766113
-0.14791035652160645
-0.08031702041625977
-0.3149057626724243
-0.2750391960144043
-0.7835536003112793
-0.25462841987609863
-0.19185948371887207
-0.21407246589660645
-0.1366713047027588
-0.35100889205932617
-0.6496922969818115
-0.2643303871154785
-0.2643299102783203
-0.29868340492248535
-0.2953965663909912
-0.04060935974121094
-0.6913087368011475
-0.30493927001953125
0.12749981880187988
-0.1901097297668457
-0.4564545154571533
-0.08408093452453613
-0.04940938949584961
-0.3459193706512451
-0.0476069450378418
-0.016222238540649414
-0.08948850631713867
-0.1933438777923584
-0.12914323806762695
-0.22615981101989746
-0.453061580657959
-0.10947489738464355
0.06955504417419434
-0.16492795944213867
0.09251022338867188
-0.6522369384765625
-0.2588167190551758
-0.21470856666564941
-0.646564245223999
0.24179887771606445
0.009277582168579102
-0.4204576015472412
-0.144464373588562
-0.4056665897369385
0.025500059127807617
0.06457161903381348
-0.1528937816619873
-0.27981042861938477
-0.4900127649307251
-0.2457749843597412
-0.09977340698242188
0.04262351989746094
-0.08540630340576172
-0.01076197624206543
-0.1508793830871582
-0.33632373809814453
-0.06663918495178223
-0.23819398880004883
-0.24747157096862793
0.0682823657989502
-0.028362751007080078
-0.015692472457885742
-0.10910391807556152
0.2832033634185791
0.11732101440429688
-0.006043434143066406
0.10995197296142578
0.02587103843688965
-0.16073977947235107
-0.07840824127197266
-0.5009866952896118
-0.27843189239501953
0.0014841556549072266
0.01362466812133789
-0.03350520133972168
-0.17712140083312988
0.049091339111328125
-0.479144811630249
-0.32004833221435547
0.2586047649383545
-0.05905795097351074
-0.571124792098999
0.4980177879333496
-0.05534696578979492
-0.13190007209777832
-0.5305157899856567
-0.45884013175964355
-0.5542130470275879
-0.3853621482849121
-0.31400489807128906
-0.14366912841796875
-0.0003180503845214844
-0.08249068260192871
-0.08715581893920898
-0.20781660079956055
-0.6434364318847656
0.21587491035461426
-0.01733565330505371
-0.024704694747924805
-0.20908904075622559
-0.0918738842010498
-0.5436103343963623
-0.03228580951690674
-0.04092693328857422
-0.6426413059234619
-0.4902247190475464
-0.01611638069152832
0.013995885848999023
-0.6875977516174316
-0.2015078067779541
-0.49372339248657227
-0.14043521881103516
0.05911111831665039
0.0516359806060791
-0.46265721321105957
-0.2832033634185791
-0.10353708267211914
-0.34597253799438477
-0.48243165016174316
-0.1830589771270752
-0.16360259056091309
-0.18655776977539062
-0.16291356086730957
0.08418703079223633
0.2396254539489746
-0.38318872451782227
-0.2667686939239502
-0.45650744438171387
-0.3157541751861572
-0.298153281211853
0.005248546600341797
0.07199358940124512
-0.3732748031616211
-0.450516939163208
0.1486525535583496
-0.1345505714416504
-0.40275096893310547
-0.35000157356262207
-0.5182693004608154
-0.07973384857177734
-0.6653842926025391
0.030430316925048828
-0.22928762435913086
0.02295541763305664
-0.17452359199523926
0.5013048648834229
-0.25743818283081055
-0.28044652938842773
-0.5680501461029053
0.23008275032043457
0.019880294799804688
-0.12882518768310547
-0.20638537406921387
-0.10184097290039062
0.31946492195129395
-0.18231678009033203
-0.176591157913208
-0.622654914855957
-0.08206653594970703
-0.33982276916503906
-0.36839771270751953
-0.29778242111206055
-0.22875738143920898
0.04644060134887695
0.2250993251800537
-0.40550756454467773
-0.06902480125427246
-0.08858704566955566
-0.08355081081390381
0.276841402053833
0.07337188720703125
0.5130209922790527
0.13598203659057617
-0.09828877449035645
-0.09526705741882324
-0.08121824264526367
-0.045380353927612305
-0.3582189083099365
0.08742094039916992
-0.1941390037536621
-0.21990394592285156
-0.143510103225708
-0.2623155117034912
-0.18035531044006348
-0.13518691062927246
-0.5169969797134399
-0.10099244117736816
-0.28458142280578613
-0.4083704948425293
-0.11106538772583008
0.032974958419799805
-0.5922245979309082
0.21242904663085938
-0.08333873748779297
-0.1499779224395752
-0.3881185054779053
-0.24121582508087158
-0.08477020263671875
-0.049515724182128906
-0.15013670921325684
-0.41377782821655273
0.1311047077178955
0.3380732536315918
0.19376802444458008
-0.0785675048828125
-0.1828467845916748
-0.11854028701782227
-0.24301815032958984
-0.15464329719543457
-0.19763779640197754
-0.6221246719360352
0.058634042739868164
0.18427824974060059
-0.04288887977600098
-0.11620783805847168
-0.0165407657623291
-0.05836892127990723
-0.3806968927383423
0.301652193069458
0.0012192726135253906
0.13985204696655273
-0.11907052993774414
-0.24179887771606445
-0.3878006935119629
0.11027050018310547
-0.19472169876098633
-0.12543201446533203
-0.782705545425415
0.15172743797302246
-0.1417076587677002
-0.0037109851837158203
-0.17060065269470215
-0.49022483825683594
0.5605220794677734
-0.6948604583740234
-0.46350550651550293
-0.279386043548584
-0.20972514152526855
-0.2375049591064453
0.026772260665893555
-0.2015078067779541
-0.2914736270904541
-0.3499481678009033
-0.22828006744384766
-0.33568787574768066
-0.3465554714202881
0.16927528381347656
-0.0620269775390625
-0.0599064826965332
-0.1488114595413208
-0.36717820167541504
-0.14165496826171875
0.06791162490844727
-0.055718183517456055
0.15050792694091797
-0.10152268409729004
-0.3206315040588379
-0.20134902000427246
-0.020357847213745117
-0.11753320693969727
0.046864986419677734
-0.36728429794311523
-0.38742971420288086
0.02666616439819336
0.40799927711486816
-0.22239553928375244
-0.6018731594085693
0.2970399856567383
-0.5776984691619873
-0.05412769317626953
-0.3829765319824219
0.08439898490905762
-0.3273113965988159
-0.16487503051757812
-0.2758340835571289
-0.13518691062927246
0.19875144958496094
-0.05619549751281738
-0.24444985389709473
-0.2737135887145996
0.06738138198852539
-0.2537271976470947
-0.07809019088745117
0.19774389266967773
-0.0940476655960083
0.07098627090454102
0.05805063247680664
-0.37847018241882324
-0.19392681121826172
-0.0372159481048584
0.12378883361816406
-0.25128865242004395
-0.305098295211792
-0.12803006172180176
-0.21152758598327637
-0.20882391929626465
-0.1458427906036377
-0.22388005256652832
-0.2847938537597656
-0.27779579162597656
-0.18390727043151855
-0.199493408203125
-0.23496007919311523
-0.03843545913696289
-0.33510446548461914
0.07681798934936523
0.06462478637695312
-0.11684393882751465
0.10268902778625488
-0.25197792053222656
-0.20622634887695312
0.13741350173950195
0.28839850425720215
-0.06663918495178223
0.14780449867248535
-0.7724738121032715
-0.17712140083312988
-0.33992886543273926
-0.5757900476455688
-0.3656407594680786
-0.19005680084228516
-0.3397167921066284
-0.1911172866821289
0.056513309478759766
-0.15872526168823242
-0.1168968677520752
0.33176445960998535
0.11610174179077148
-0.04585742950439453
-0.2057490348815918
-0.14578962326049805
-0.36929869651794434
-0.389815092086792
-0.176591157913208
-0.4719877243041992
0.002226591110229492
-0.5524637699127197
-0.05767965316772461
-0.1302034854888916
-0.3396637439727783
-0.4652550220489502
-0.10067439079284668
-0.2905724048614502
-0.2314612865447998
-0.2212824821472168
-0.503955602645874
0.2459869384765625
-0.2757284641265869
0.016222238540649414
-0.10947489738464355
-0.04824328422546387
0.1076195240020752
-0.20532488822937012
0.24323034286499023
-0.21343636512756348
0.16996431350708008
0.056566476821899414
0.05635428428649902
-0.4452683925628662
-0.41436100006103516
0.09643316268920898
-0.1972668170928955
-0.08514118194580078
-0.18724703788757324
-0.43683922290802
0.09261631965637207
-0.3698289394378662
0.31098318099975586
-0.6244573593139648
-0.19175338745117188
-0.2800755500793457
0.29396510124206543
-0.3525991439819336
-0.5378847122192383
-0.2785911560058594
0.1735689640045166
-0.05656623840332031
-0.3461313247680664
-0.32874274253845215
0.21635222434997559
-0.49414777755737305
-0.07199358940124512
-0.30886244773864746
-0.34257960319519043
-0.1780226230621338
0.04151034355163574
-0.2635347843170166
-0.5260624885559082
-0.42130589485168457
0.008747339248657227
-0.08757972717285156
0.3532884120941162
-0.19816803932189941
-0.07395529747009277
-0.14154863357543945
-0.369351863861084
0.47993993759155273
-0.09828877449035645
-0.21439051628112793
0.13205909729003906
-0.23856496810913086
-0.24222302436828613
-0.44452643394470215
0.06319332122802734
0.09807682037353516
0.2763645648956299
0.0610196590423584
-0.2398374080657959
-0.045751333236694336
-0.0021207332611083984
0.15739989280700684
-0.09850072860717773
-0.25977087020874023
-0.08551239967346191
0.07400822639465332
-0.06796455383300781
0.05327963829040527
0.2131180763244629
-0.1395871639251709
0.3765084743499756
-0.1116485595703125
-0.1528935432434082
-0.2192678451538086
-0.19641852378845215
0.04092717170715332
-0.16190624237060547
0.06981992721557617
-0.14207887649536133
0.04119229316711426
0.45009279251098633
-0.22494029998779297
-0.0970163345336914
-0.19074606895446777
0.2406327724456787
-0.015533447265625
-0.4088475704193115
-0.09860706329345703
-0.06319332122802734
0.25823330879211426
-0.01532125473022461
-0.06017160415649414
-0.590793251991272
-0.11323904991149902
-0.20431756973266602
0.1903219223022461
-0.3530232906341553
-0.21831345558166504
0.09828901290893555
-0.006414651870727539
0.018236875534057617
0.15909647941589355
-0.22144150733947754
-0.5182163715362549
-0.05884599685668945
-0.09362363815307617
-0.172774076461792
-0.2703738212585449
-0.20437097549438477
0.33621788024902344
-0.08349776268005371
-0.5295083522796631
-0.2843163013458252
0.10814952850341797
-0.3660116195678711
-0.13306641578674316
-0.30403780937194824
0.366912841796875
-0.29778218269348145
-0.8649840354919434
0.23644447326660156
-0.011345148086547852
-0.24874377250671387
-0.23225665092468262
-0.3365359306335449
-0.27572810649871826
-0.3117249011993408
-0.17341041564941406
-0.21545076370239258
0.12087297439575195
-0.3186163902282715
-0.1820516586303711
-0.09091997146606445
0.3994112014770508
-0.2580742835998535
-0.3501605987548828
-0.14070045948028564
-0.1569228172302246
0.007315874099731445
-0.03286886215209961
-0.11313295364379883
-0.4077339172363281
-0.20076584815979004
-0.08779191970825195
-0.06838870048522949
-0.3590669631958008
-0.0951077938079834
-0.2017202377319336
-0.0900716781616211
-0.31066465377807617
-0.21216392517089844
-0.04988670349121094
-0.08424019813537598
-0.1951463222503662
-0.42363858222961426
-0.4020085334777832
-0.12055468559265137
0.3074839115142822
-0.09325242042541504
-0.13942813873291016
-0.06043648719787598
-0.10406732559204102
-0.0889582633972168
-0.19678974151611328
0.0724174976348877
-0.43885374069213867
-0.09463071823120117
-0.32672810554504395
-0.15952062606811523
-0.1022648811340332
-0.09261631965637207
-0.5772745609283447
0.011875152587890625
-0.3621947765350342
-0.09166193008422852
0.0765528678894043
-0.45995354652404785
0.05561208724975586
-0.4099607467651367
-0.21884369850158691
0.11573052406311035
-0.07766604423522949
0.23506617546081543
-0.4253880977630615
-0.2921626567840576
-0.0588991641998291
0.12018370628356934
-0.004029035568237305
-0.20845270156860352
-0.06679821014404297
-0.004347085952758789
-0.18984484672546387
-0.3590669631958008
-0.41234660148620605
-0.16402673721313477
-0.07082724571228027
-0.08604288101196289
-0.24874377250671387
-0.5087270736694336
-0.1353459358215332
-0.0516362190246582
-0.1945629119873047
-0.4483962059020996
-0.04691791534423828
-0.09447169303894043
-0.1827409267425537
-0.15045499801635742
-0.3069007396697998
0.28861069679260254
-0.12352395057678223
-0.38170409202575684
-0.4415574073791504
-0.16445088386535645
-0.010284900665283203
0.030748367309570312
0.10115170478820801
0.3369598388671875
0.07252383232116699
0.14642596244812012
-0.2511296272277832
-0.2437605857849121
-0.20834684371948242
-0.04967474937438965
-0.02396249771118164
-0.4093247652053833
-0.21126246452331543
-0.5837421417236328
-0.6915738582611084
-0.056089162826538086
-0.11859345436096191
-0.5089387893676758
-0.19795584678649902
-0.04591083526611328
-0.38027262687683105
-0.2589225769042969
-0.0682826042175293
-0.13285422325134277
-0.14759230613708496
0.042888641357421875
-0.22737908363342285
-0.08148312568664551
-0.5112714767456055
-0.4989192485809326
-0.2566959857940674
-0.3830294609069824
0.07321286201477051
-0.4300004243850708
-0.24582815170288086
0.028415679931640625
-0.33356690406799316
-0.3389744758605957
0.17929482460021973
-0.0124053955078125
-0.35567426681518555
-0.6291756629943848
0.2473127841949463
-0.545730710029602
-0.21333026885986328
-0.30048608779907227
-0.3629370927810669
0.062132835388183594
-0.456878662109375
-0.1944568157196045
-0.13953423500061035
-0.21476173400878906
-0.2766294479370117
-0.37099528312683105
0.2225017547607422
-0.2663447856903076
-0.2833096981048584
0.22075223922729492
-0.25754427909851074
-0.07559871673583984
-0.2843167781829834
0.041245222091674805
-0.6648015975952148
-0.18639874458312988
0.1158895492553711
-0.4754338264465332
-0.10899806022644043
-0.7225344181060791
-0.10920977592468262
-0.264754056930542
-0.16726064682006836
-0.13561105728149414
-0.32985591888427734
0.008429288864135742
-0.38933825492858887
-0.24853157997131348
-0.5618472099304199
-0.21571588516235352
-0.1095278263092041
-0.15506744384765625
-0.28484678268432617
-0.24026155471801758
-0.34178435802459717
-0.1076195240020752
0.3871116638183594
-0.25552988052368164
-0.18464970588684082
-0.011133193969726562
-0.3699350357055664
-0.23554325103759766
-0.21788930892944336
-0.2107856273651123
0.13677740097045898
-0.28696751594543457
-0.0682826042175293
-0.19965219497680664
-0.3212146759033203
-0.19360876083374023
-0.2152385711669922
-0.49706339836120605
-0.6901423931121826
-0.03016519546508789
-0.2376108169555664
0.21030855178833008
-0.08864021301269531
-0.5337495803833008
-0.22515249252319336
0.05762672424316406
-0.08699679374694824
-0.3397696018218994
-0.35668134689331055
-0.10708951950073242
-0.4653611183166504
-0.03080153465270996
-0.16821503639221191
-0.19806218147277832
-0.11742711067199707
-0.04877328872680664
-0.41425490379333496
0.18639874458312988
-0.2886636257171631
-0.08190739154815674
0.022796154022216797
-0.12066078186035156
-0.3155951499938965
-0.340087890625
-0.18125629425048828
-0.12490200996398926
0.06764626502990723
-0.2990543842315674
-0.2527201175689697
-0.10804343223571777
-0.2795984745025635
-0.019191265106201172
-0.5952463150024414
-0.2111036777496338
-0.38573312759399414
0.5136570930480957
0.008217096328735352
-0.1828467845916748
-0.3003268241882324
-0.35498476028442383
-0.026136159896850586
0.36717844009399414
0.001325368881225586
-0.309922456741333
-0.12649250030517578
0.12479615211486816
-0.12776494026184082
-0.2971460819244385
-0.3246607780456543
0.05232524871826172
0.029900074005126953
0.06913089752197266
-0.18067336082458496
-0.3667539358139038
-0.11726784706115723
-0.15920233726501465
-0.0031807422637939453
-0.36940479278564453
-0.3003270626068115
0.1157839298248291
0.020304441452026367
-0.5206019878387451
-0.33722496032714844
-0.28256726264953613
0.23188519477844238
0.17404651641845703
0.04813718795776367
0.13391447067260742
-0.40428829193115234
-0.15867233276367188
-0.30684757232666016
0.005884647369384766
0.09632706642150879
0.050310611724853516
0.02937006950378418
-0.08540630340576172
0.0022268295288085938
0.09288144111633301
-0.7071599960327148
-0.08858704566955566
-0.15246963500976562
-0.10364341735839844
0.09797072410583496
-0.14011716842651367
-0.42909884452819824
-0.06542015075683594
-0.5839011669158936
-0.074432373046875
-0.06319308280944824
-0.47538065910339355
-0.23506593704223633
0.015374183654785156
-0.3583247661590576
-0.3076958656311035
0.1342325210571289
-0.22515225410461426
-0.02295541763305664
-0.17070674896240234
-0.030430316925048828
0.019138336181640625
0.08917045593261719
-0.05858111381530762
0.04628157615661621
-0.4755399227142334
-0.06913065910339355
-0.2763643264770508
-0.28012824058532715
0.017335891723632812
-0.32895469665527344
-0.3757134675979614
-0.31867003440856934
-0.19461607933044434
-0.47066235542297363
0.06064867973327637
-0.19472217559814453
0.4258120059967041
-0.3501605987548828
0.025340795516967773
-0.42072272300720215
0.3017580509185791
-0.20829391479492188
-0.20018267631530762
-0.1975318193435669
-0.359225869178772
-0.5048037767410278
-0.05640745162963867
-0.19530510902404785
0.20320463180541992
0.024810791015625
-0.2057492733001709
-0.1231527328491211
-0.07496237754821777
-0.2661855220794678
-0.06976699829101562
-0.5653462409973145
-0.11085319519042969
-0.009807586669921875
-0.401531457901001
0.04315376281738281
-0.3891792297363281
-0.3996760845184326
-0.13773155212402344
-0.23093104362487793
-0.41515612602233887
-0.4071509838104248
-0.1394810676574707
-0.24169301986694336
-0.19350266456604004
-0.19254851341247559
-0.33701300621032715
-0.41558027267456055
-0.13539886474609375
0.1901099681854248
0.22615957260131836
0.25934696197509766
0.20871782302856445
0.1084146499633789
-0.5013046264648438
-0.46679234504699707
-0.10178780555725098
-0.0443730354309082
-0.10995197296142578
-0.42586493492126465
-0.29688096046447754
-0.23904216289520264
-0.14939475059509277
0.07506847381591797
0.17823481559753418
-0.06939578056335449
-0.3547201156616211
0.3079080581665039
-0.48932361602783203
-0.16402673721313477
0.1372544765472412
-0.0877389907836914
-0.06467771530151367
-0.017017602920532227
-0.24429059028625488
-0.09950804710388184
0.30350780487060547
-0.10910367965698242
-0.038594722747802734
0.013571500778198242
-0.11922955513000488
0.4579920768737793
-0.27244138717651367
-0.21741223335266113
-0.15358281135559082
-0.3882777690887451
-0.3261979818344116
-0.5387859344482422
0.32471370697021484
-0.35880160331726074
0.03827643394470215
-0.4061436653137207
-0.6676642894744873
-0.29253363609313965
0.0434718132019043
0.033187150955200195
-0.17187285423278809
-0.32370615005493164
-0.0023856163024902344
-0.495685338973999
-0.4142019748687744
0.16174721717834473
-0.1188054084777832
-0.045804738998413086
-0.6641123294830322
-0.36304283142089844
-0.1798248291015625
-0.2917916774749756
-0.47659993171691895
-0.1571347713470459
-0.20065975189208984
-0.642005205154419
-0.09171509742736816
0.13248300552368164
0.045168161392211914
-0.05020475387573242
-0.2879215478897095
-0.33059823513031006
-0.1096339225769043
-0.3310222625732422
-0.23299860954284668
0.35355353355407715
-0.12050199508666992
-0.018236875534057617
0.07639384269714355
-0.3080141544342041
-0.18014299869537354
0.03663301467895508
-0.036685943603515625
0.11228466033935547
-0.5521988868713379
-0.02873396873474121
0.13513398170471191
-0.3139514923095703
-0.3711543083190918
-0.15983867645263672
0.0887460708618164
0.026348114013671875
-0.311460018157959
-0.6418991088867188
-0.5151946544647217
0.0036580562591552734
0.38520312309265137
-0.22191858291625977
0.1438283920288086
-0.0011663436889648438
-0.20331048965454102
-0.012882471084594727
-0.1354520320892334
-0.07819628715515137
-0.19753193855285645
-0.2244102954864502
-0.08455824851989746
0.006944894790649414
-0.9425442218780518
-0.3845670223236084
-0.4305305480957031
-0.13492178916931152
-0.3843550682067871
-0.17913603782653809
-0.13179397583007812
-0.16768455505371094
-0.2975172996520996
0.016964435577392578
-0.1932377815246582
0.22775006294250488
-0.18152141571044922
-0.41112709045410156
-0.010497093200683594
-0.6519191265106201
-0.08837509155273438
-0.3590669631958008
-0.1486525535583496
-0.4465939998626709
0.25319695472717285
-0.2960329055786133
-0.2234029769897461
-0.29046630859375
-0.16980552673339844
-0.3272583484649658
-0.5680499076843262
0.1770153045654297
-0.013942956924438477
-0.4892706871032715
-0.4354606866836548
-0.25489354133605957
-0.06785845756530762
-0.3327186107635498
0.04204058647155762
-0.30350780487060547
-0.4307425022125244
-0.13964009284973145
-0.4017965793609619
-0.401796817779541
-0.45825695991516113
0.13126373291015625
-0.116790771484375
-0.14504742622375488
-0.1592555046081543
-0.4377404451370239
-0.2560598850250244
0.4140431880950928
-0.5012519359588623
-0.23729276657104492
-0.15040206909179688
0.22668957710266113
0.2957146167755127
-0.3695640563964844
-0.16370868682861328
-0.5030542612075806
0.3829765319824219
0.10772538185119629
-0.6027214527130127
-0.38451409339904785
-0.4882631301879883
0.36739039421081543
-0.2684122323989868
-0.08943533897399902
-0.44643497467041016
-0.10512781143188477
-0.1796128749847412
-0.36251306533813477
-0.252932071685791
-0.12850737571716309
-0.05842185020446777
0.3197305202484131
-0.5262744426727295
0.19763803482055664
-0.06520771980285645
-0.22069931030273438
-0.2283334732055664
-0.600548267364502
-0.22488737106323242
-0.011398077011108398
-0.23533105850219727
-0.19058704376220703
0.06541967391967773
-0.3597562313079834
-0.26417112350463867
-0.3036668300628662
-0.4873619079589844
0.05253720283508301
-0.17812848091125488
-0.01176905632019043
-0.061496734619140625
-0.1910111904144287
-0.24471473693847656
-0.21428442001342773
-0.017229795455932617
-0.4739494323730469
-0.2984185218811035
-0.2271137237548828
-0.3892848491668701
-0.15644574165344238
-0.3312342166900635
-0.37735700607299805
-0.07734823226928711
-0.07586359977722168
0.3120431900024414
-0.11085319519042969
-0.1757960319519043
-0.172774076461792
0.07782530784606934
0.12792396545410156
-0.1299915313720703
-0.23040103912353516
0.04686474800109863
-0.02772665023803711
0.17526578903198242
-0.49033093452453613
-0.09680438041687012
-0.26830601692199707
-0.5058640241622925
-0.11106538772583008
0.07209968566894531
-0.3576357364654541
-0.1954643726348877
0.02958202362060547
-0.09855389595031738
-0.17171406745910645
-0.03764033317565918
-0.4408682584762573
0.2148146629333496
0.041457414627075195
-0.3395047187805176
-0.34438204765319824
-0.18867874145507812
-0.29857754707336426
0.16052794456481934
-0.13789081573486328
-0.34077703952789307
-0.30536317825317383
0.04283571243286133
-0.17595481872558594
0.11058831214904785
-0.28797459602355957
-0.2553706169128418
-0.37454724311828613
-0.5349159240722656
-0.1888904571533203
-0.10046243667602539
-0.4391188621520996
-0.13068056106567383
-0.4949960708618164
-0.256378173828125
-0.38907313346862793
-0.3599151372909546
-0.4058258533477783
-0.08524727821350098
-0.08307385444641113
-0.386263370513916
-0.06017136573791504
-0.4763350486755371
-0.20357561111450195
-0.4552881717681885
-0.14669084548950195
0.43885374069213867
-0.14133644104003906
-0.12506103515625
-0.44945669174194336
0.28982996940612793
0.1282951831817627
-0.0941007137298584
-0.48821020126342773
-0.3329308032989502
-0.21041440963745117
-0.44161033630371094
-0.32317614555358887
0.05889892578125
-0.28458166122436523
0.1309986114501953
-0.4438900947570801
-0.31835198402404785
-0.025552988052368164
-0.24837279319763184
-0.22388005256652832
-0.3852030038833618
-0.04712986946105957
0.08837509155273438
0.02337932586669922
-0.18130922317504883
-0.08689069747924805
-0.014579057693481445
-0.04707670211791992
0.08333873748779297
0.023114442825317383
-0.29900145530700684
-0.409165620803833
-0.30080389976501465
0.006149768829345703
-0.40624988079071045
-0.35726475715637207
-0.47278308868408203
-0.12071394920349121
0.0704033374786377
-0.24004912376403809
0.2438664436340332
0.3393986225128174
-0.26560258865356445
-0.27053284645080566
0.22361493110656738
-0.3968660831451416
-0.08477020263671875
-0.10173487663269043
0.11371612548828125
-0.303560733795166
-0.4140431880950928
-0.013889789581298828
0.3679203987121582
-0.18221068382263184
-0.3027656078338623
-0.1475391387939453
0.33611154556274414
0.12824153900146484
-0.03456544876098633
-0.2643301486968994
0.21831345558166504
-0.25128865242004395
-0.4723057746887207
-0.27721261978149414
-0.6981475353240967
-0.2930641174316406
-0.08927631378173828
-0.09441876411437988
-0.2753572463989258
-0.20919513702392578
-0.3787353038787842
-0.35668110847473145
-0.1879892349243164
-0.25436341762542725
-0.06902480125427246
-0.4148383140563965
-0.17887091636657715
-0.032179832458496094
-0.19159436225891113
-0.0289459228515625
-0.21433734893798828
-0.28850483894348145
0.05598330497741699
-0.42040491104125977
-0.24725961685180664
-0.34273862838745117
0.1591496467590332
-0.1590433120727539
-0.587294340133667
-0.310823917388916
-0.11588931083679199
-0.21534466743469238
0.0059375762939453125
0.3294847011566162
-0.3806438446044922
-0.5385208129882812
-0.1449415683746338
0.07501530647277832
0.06775259971618652
0.03843545913696289
0.028256893157958984
-0.13619422912597656
-0.22902250289916992
-0.20601415634155273
-0.16710162162780762
-0.4094834327697754
-0.20495402812957764
0.29857730865478516
-0.1839601993560791
-0.11339783668518066
0.2727065086364746
-0.22080504894256592
0.015268325805664062
0.12341737747192383
-0.1655113697052002
-0.0476069450378418
0.015373945236206055
-0.14541840553283691
0.2668747901916504
-0.3890202045440674
-0.16593527793884277
-0.46350550651550293
-0.4605367183685303
-0.08450508117675781
-0.591482400894165
0.022266149520874023
-0.3324007987976074
-0.1849672794342041
-0.13953399658203125
0.0259244441986084
0.15840721130371094
-0.006255626678466797
-0.4500925540924072
-0.22886347770690918
-0.0025446414947509766
-0.11488199234008789
-0.47166967391967773
0.146956205368042
0.15114426612854004
-0.23554325103759766
-0.3181929588317871
-0.3752892017364502
-0.3879067897796631
-0.5152475833892822
-0.20516586303710938
-0.17706799507141113
-0.1818394660949707
-0.5589845180511475
-0.18120336532592773
-0.04776620864868164
-0.3386564254760742
0.17987799644470215
-0.3326125144958496
-0.20861196517944336
0.07787823677062988
-0.2106795310974121
-0.3936324119567871
0.11217856407165527
-0.38218140602111816
-0.2378230094909668
0.10401463508605957
-0.20087170600891113
-0.2542574405670166
-0.35312938690185547
-0.22181248664855957
-0.01447296142578125
-0.12532615661621094
-0.3351573944091797
-0.11080026626586914
-0.02337932586669922
-0.2741907835006714
-0.33245372772216797
-0.02396249771118164
-0.2647542953491211
-0.287550687789917
-0.06435942649841309
-0.21105051040649414
-0.03313422203063965
-0.21979808807373047
-0.33759593963623047
-0.3563101291656494
-0.25218987464904785
-0.074432373046875
-0.3525991439819336
0.25738525390625
-0.43848252296447754
-0.017388582229614258
0.040821075439453125
0.1621713638305664
-0.22054028511047363
-0.2561659812927246
-0.47426724433898926
-0.17372846603393555
-0.09415364265441895
-0.38069677352905273
0.10184073448181152
0.05089378356933594
-0.4397019147872925
0.1003561019897461
-0.10242390632629395
-0.4960033893585205
-0.3014402389526367
-0.20633244514465332
-0.020569562911987305
-0.22668981552124023
0.11885833740234375
-0.03345203399658203
-0.5333784818649292
-0.21285295486450195
-0.2542043924331665
0.24683523178100586
-0.08492898941040039
-0.16752564907073975
-0.00026488304138183594
0.3070065975189209
0.15957355499267578
0.12903714179992676
-0.37465333938598633
-0.23655056953430176
-0.5816216468811035
-0.6411037445068359
0.33881545066833496
-0.36802637577056885
-0.30896830558776855
-0.12050199508666992
-0.4167466163635254
-0.30838513374328613
-0.06435966491699219
-0.12659859657287598
-0.003340005874633789
-0.074432373046875
-0.24778962135314941
-0.2672457695007324
-0.42697834968566895
0.22276663780212402
-0.16211843490600586
-0.25160670280456543
-0.2795450687408447
-0.18258190155029297
0.0930933952331543
0.010708808898925781
0.08789801597595215
-0.3765084743499756
-0.9419610500335693
-0.3727447986602783
-0.07639384269714355
-0.26077818870544434
0.1270759105682373
0.2776370048522949
-0.15596818923950195
0.007952213287353516
-0.008217334747314453
-0.2598237991333008
-0.338550329208374
0.10056853294372559
-0.07634091377258301
-0.19567632675170898
0.1125495433807373
-0.16847991943359375
-0.21571588516235352
0.1817336082458496
-0.06934309005737305
-0.1325361728668213
-0.9679379463195801
-0.23374056816101074
-0.010390758514404297
-0.10836148262023926
-0.2705857753753662
-0.22446322441101074
-0.1032721996307373
-0.462604284286499
-0.21454954147338867
-0.24662327766418457
-0.05015158653259277
-0.22266077995300293
0.8263895511627197
-0.4579918384552002
-0.29009509086608887
-0.14404010772705078
0.13036251068115234
-0.008800506591796875
-0.1796128749847412
-0.1943509578704834
-0.522669792175293
-0.26326990127563477
0.09818267822265625
0.12935543060302734
-0.32497870922088623
-0.24778962135314941
-0.23416495323181152
-0.2266368865966797
-0.5042209625244141
-0.22446322441101074
0.05418062210083008
-0.0899655818939209
-0.03578472137451172
-0.08535337448120117
-0.8203990459442139
-0.3864753246307373
-0.026931285858154297
-0.14457058906555176
-0.2541513442993164
-0.2843165397644043
-0.39903974533081055
-0.31745076179504395
-0.13751959800720215
-0.38419580459594727
0.014579057693481445
-0.27954530715942383
-0.27821993827819824
0.03180861473083496
-0.14425230026245117
0.0867316722869873
-0.11907052993774414
-0.014738321304321289
-0.016116619110107422
-0.2481076717376709
-0.10597610473632812
-0.5959885120391846
-0.05121183395385742
0.3284776210784912
-0.21963882446289062
0.0548701286315918
0.06207990646362305
-0.0392305850982666
-0.19901633262634277
0.035466670989990234
-0.5380439758300781
-0.05031085014343262
-0.5509262084960938
-0.1705474853515625
0.041881561279296875
0.035413503646850586
-0.41616344451904297
0.07003211975097656
-0.18862533569335938
-0.2869143486022949
-0.18745899200439453
-0.6705267429351807
-0.37099504470825195
0.020569562911987305
-0.1125497817993164
-0.24651730060577393
-0.14828145503997803
0.04654645919799805
-0.2364976406097412
0.12368273735046387
-0.2998499870300293
-0.18348312377929688
-0.3125731945037842
-0.34120118618011475
-0.08355069160461426
-0.3932616710662842
-0.2863311767578125
-0.23506593704223633
-0.2989485263824463
-0.07819628715515137
-0.37274467945098877
-0.013783693313598633
-0.5162546634674072
-0.07082724571228027
-0.5534708499908447
-0.5020468235015869
-0.03859448432922363
-0.49690473079681396
0.011132955551147461
-0.5007748603820801
-0.45740842819213867
-0.5348100662231445
-0.03785228729248047
-0.7836596965789795
-0.4436779022216797
-0.07103943824768066
0.0352015495300293
-0.22266077995300293
0.2710099220275879
-0.3274703025817871
0.012246370315551758
-0.26003599166870117
-0.13677740097045898
0.03037738800048828
-0.15729379653930664
0.0007951259613037109
-0.20633220672607422
-0.25574159622192383
-0.18523263931274414
-0.5483285188674927
-0.1240537166595459
-0.31723856925964355
-0.20580220222473145
0.23071885108947754
-0.06531381607055664
-0.34045886993408203
-0.1518334150314331
-0.005619525909423828
-0.4034930467605591
-0.308915376663208
-0.19477510452270508
-0.10846757888793945
0.05423378944396973
-0.295290470123291
-0.35890793800354004
0.16513967514038086
-0.030430316925048828
0.15946745872497559
-0.492504358291626
-0.03880643844604492
-0.11249661445617676
-0.4576737880706787
-0.22902250289916992
-0.05640721321105957
-0.032763004302978516
-0.45412182807922363
-0.10109877586364746
-0.2202221155166626
-0.32646286487579346
0.12612152099609375
-0.42618322372436523
-0.023008346557617188
-0.007581233978271484
-0.2702677249908447
-0.42676639556884766
0.08991241455078125
-0.012935400009155273
-0.1932377815246582
-0.24360132217407227
-0.403705358505249
-0.07374310493469238
0.1676318645477295
0.02258443832397461
-0.07692408561706543
-0.3612405061721802
-0.22668981552124023
0.2635350227355957
-0.3824462890625
-0.576850414276123
-0.11541271209716797
-0.3901336193084717
-0.43249213695526123
-0.44744205474853516
-0.22403931617736816
0.09542584419250488
0.0764467716217041
-0.26501941680908203
-0.1280827522277832
-0.13136982917785645
-0.28649044036865234
-0.1363002061843872
-0.26602673530578613
-0.04092717170715332
-0.3396632671356201
-0.0693960189819336
-0.03668570518493652
0.028839826583862305
-0.12341761589050293
-0.45878708362579346
0.12299346923828125
-0.1603686809539795
-0.2547876834869385
-0.21136879920959473
-0.15103816986083984
-0.4256002902984619
-0.046653032302856445
-0.2668217420578003
-0.17728042602539062
-0.5898388624191284
0.16169428825378418
-0.4859306812286377
-0.14759230613708496
-0.0983419418334961
-0.013571739196777344
-0.12744688987731934
-0.28468775749206543
-0.29073143005371094
0.015586376190185547
0.08222532272338867
-0.6839926242828369
-0.4011073112487793
-0.1455249786376953
-0.32974982261657715
-0.2550525665283203
-0.015427350997924805
-0.21295905113220215
-0.23586153984069824
-0.46832990646362305
-0.22377419471740723
0.1582481861114502
0.07257676124572754
0.019191265106201172
-0.10730123519897461
-0.14547157287597656
-0.27085089683532715
-0.4832799434661865
-0.29274582862854004
-0.18035507202148438
-0.3433215618133545
0.2977290153503418
-0.29433631896972656
-0.19541144371032715
-0.08063507080078125
-0.4143080711364746
-0.009436607360839844
-0.024810791015625
-0.3757665157318115
-0.30515122413635254
-0.22213053703308105
-0.11695027351379395
-0.08137726783752441
-0.1299915313720703
-0.531947135925293
-0.20490097999572754
-0.053597450256347656
-0.02709031105041504
-0.19572925567626953
-0.3455483913421631
0.04527425765991211
-0.18777704238891602
-0.34538912773132324
0.16969919204711914
0.0723118782043457
-0.20405268669128418
-0.5369305610656738
-0.11170148849487305
-0.5036373138427734
-0.3827641010284424
-0.19843316078186035
-0.7205727100372314
-0.40974879264831543
-0.3383913040161133
-0.5599915981292725
-0.2871263027191162
-0.242753267288208
0.20230317115783691
-0.46239185333251953
-0.2761523723602295
0.18141555786132812
0.06080770492553711
-0.12384176254272461
-0.04140424728393555
-0.6151798963546753
0.1551201343536377
0.15018963813781738
-0.520230770111084
-0.13762545585632324
0.05948209762573242
-0.05555915832519531
-0.06897187232971191
0.14600181579589844
-0.2564840316772461
0.10290098190307617
0.05418086051940918
-0.13577008247375488
0.027037382125854492
-0.05661940574645996
-0.20590806007385254
-0.011610031127929688
-0.3955940008163452
-0.04389595985412598
0.05232524871826172
-0.19037485122680664
-0.18777728080749512
-0.11069440841674805
-0.3035604953765869
0.11631369590759277
0.21317124366760254
-0.5280239582061768
-0.16699552536010742
-0.34151923656463623
0.012723445892333984
-0.2698434591293335
0.14833426475524902
0.0029158592224121094
-0.7420964241027832
-0.40147829055786133
-0.3937385082244873
-0.053862571716308594
-0.015056133270263672
-0.26146721839904785
0.01818394660949707
0.11323881149291992
-0.3243424892425537
0.163496732711792
-0.08312654495239258
-0.07475042343139648
-0.46138477325439453
-0.2714869976043701
-0.6080758571624756
0.0393366813659668
0.0908668041229248
-0.04113936424255371
-0.2924809455871582
0.053014516830444336
-0.08651947975158691
-0.29343509674072266
-0.44410228729248047
-0.11307978630065918
0.28304409980773926
-0.469602108001709
-0.29142045974731445
-0.20532464981079102
0.3159661293029785
-0.11705565452575684
-0.3750241994857788
-0.2657616138458252
-0.16275453567504883
-0.30493927001953125
-0.37709200382232666
-0.3426856994628906
0.10889172554016113
-0.37799322605133057
0.021046876907348633
-0.2769474983215332
-0.39813828468322754
0.08869338035583496
-0.21470856666564941
0.04325985908508301
-0.16386771202087402
-0.32105565071105957
-0.16333746910095215
0.27758359909057617
-0.044320106506347656
-0.2732365131378174
-0.20723342895507812
0.11716198921203613
-0.23527812957763672
-0.05720257759094238
-0.026294946670532227
-0.10199975967407227
0.19063973426818848
-0.4262361526489258
-0.305469274520874
-0.16927528381347656
-0.419344425201416
-0.6210644245147705
0.022796154022216797
-0.045592308044433594
-0.021046876907348633
0.2027273178100586
0.16635942459106445
-0.35323548316955566
-0.1591494083404541
-0.4501986503601074
-0.734939455986023
-0.5870821475982666
-0.2483196258544922
-0.2746680974960327
-0.19530534744262695
-0.12914323806762695
-0.004347085952758789
-0.1344447135925293
-0.4586811065673828
0.19944047927856445
0.08174848556518555
-0.2579684257507324
-0.28871679306030273
-0.01282954216003418
-0.0516359806060791
-0.0309603214263916
-0.45269036293029785
-0.15368890762329102
-0.20893001556396484
-0.5733516216278076
-0.37285077571868896
0.3644745349884033
-0.5046977996826172
-0.25563573837280273
-0.5000324249267578
-0.41414904594421387
0.0670633316040039
0.11949467658996582
-0.03037738800048828
-0.3225398063659668
-0.24667620658874512
-0.3085441589355469
-0.13158178329467773
-0.17219114303588867
0.05248451232910156
-0.39357948303222656
-0.22780299186706543
-0.2882394790649414
-0.17213821411132812
-0.7381203174591064
0.14324498176574707
-0.010443925857543945
-0.31739771366119385
-0.41817808151245117
-0.15771818161010742
-0.49160313606262207
-0.2597177028656006
-0.25107669830322266
0.5589315891265869
-0.1744706630706787
-0.3445408344268799
-0.39389753341674805
-0.19583535194396973
0.08710265159606934
-0.23241543769836426
0.03870058059692383
-0.13470959663391113
-0.2843165397644043
-0.29364728927612305
-0.2873382568359375
-0.5379908084869385
-0.4491385221481323
-0.19270753860473633
-0.08100605010986328
-0.03212690353393555
-0.33515751361846924
-0.31914710998535156
-0.2869671583175659
-0.4272434711456299
-0.36049818992614746
-0.25590085983276367
-0.5966778993606567
-0.279651403427124
-0.5369305610656738
-0.1858687400817871
0.23713374137878418
0.0351485013961792
-0.03912472724914551
-0.37825822830200195
-0.1841721534729004
0.035413503646850586
-0.0600125789642334
-0.5077195167541504
-0.23686861991882324
-0.04161643981933594
-0.39357948303222656
0.1404886245727539
-0.01945638656616211
0.16111087799072266
-0.2545754909515381
-0.43816447257995605
-1.0564193725585938
-0.3575294017791748
0.11387515068054199
-0.01611638069152832
0.10311293601989746
-0.41404294967651367
-0.2737135887145996
-0.011663198471069336
-0.025182008743286133
0.30281853675842285
-0.6493741273880005
-0.43493080139160156
0.09436559677124023
-0.25017523765563965
-0.1563398838043213
0.3418903350830078
0.040025949478149414
-0.23920154571533203
-0.08598947525024414
-0.6873857975006104
0.0930933952331543
0.044161081314086914
-0.19965243339538574
-0.11111831665039062
-0.17849969863891602
-0.09632730484008789
0.02189493179321289
-0.1944570541381836
-0.27053284645080566
-0.03514862060546875
0.3308103084564209
-0.1366715431213379
-0.22515249252319336
-0.7058873176574707
0.008111238479614258
-0.360180139541626
-0.23766398429870605
-0.3038787841796875
-0.331870436668396
-0.015321016311645508
-0.23151421546936035
-0.3146939277648926
-0.19090509414672852
-0.28368043899536133
-0.16455698013305664
-0.17500090599060059
-0.2697376012802124
-0.07952165603637695
-0.37624359130859375
-0.02295517921447754
-0.1392688751220703
-0.2623685598373413
-0.32015466690063477
0.0029687881469726562
-0.23723959922790527
-0.3700408935546875
-0.3527052402496338
-0.09775853157043457
-0.5555386543273926
-0.30324292182922363
-0.3127322196960449
-0.4940948486328125
-0.545677900314331
-0.08890533447265625
-0.13539886474609375
-0.24959206581115723
-0.10253000259399414
0.020198345184326172
-0.13608813285827637
-0.3685035705566406
-0.5073482990264893
-0.08402800559997559
0.19753170013427734
-0.1725621223449707
-0.18449020385742188
-0.08100605010986328
-0.12474322319030762
-0.551032304763794
0.1930255889892578
-0.3018641471862793
-0.07284188270568848
0.0003712177276611328
-0.3972902297973633
-0.49706363677978516
-0.24137496948242188
0.42507028579711914
0.08010482788085938
-0.3828704357147217
-0.16794991493225098
0.014366984367370605
0.11228466033935547
-0.2099902629852295
0.23830032348632812
-0.32768237590789795
0.002385377883911133
-0.23199129104614258
0.08742094039916992
-0.30907464027404785
-0.3654286861419678
-0.7147939205169678
-0.35636305809020996
-0.2859070301055908
-0.1871938705444336
-0.38260531425476074
-0.22578859329223633
-0.420351505279541
-0.042888641357421875
0.1117546558380127
-0.10093951225280762
-0.333726167678833
-0.20537805557250977
0.2150266170501709
-0.22414517402648926
-0.3946394920349121
-0.3251380920410156
-0.24439668655395508
-0.7508969306945801
-0.2541513442993164
-0.1429271697998047
-0.07093310356140137
-0.45783305168151855
-0.24365448951721191
-0.13619399070739746
-0.03435349464416504
-0.4226844310760498
-0.11541247367858887
-0.23050689697265625
-0.33510446548461914
-0.28171873092651367
0.18263483047485352
-0.2313554286956787
-0.019403457641601562
0.03080129623413086
-0.24047374725341797
-0.24222302436828613
0.06308722496032715
-0.18067336082458496
-0.6543576717376709
-0.05502891540527344
-0.20527195930480957
-0.4598475694656372
-0.09892511367797852
0.14356303215026855
-0.14637303352355957
-0.3758723735809326
-0.5218213796615601
0.33176445960998535
0.16482210159301758
-0.09028363227844238
-0.1309986114501953
-0.20670342445373535
-0.3474569320678711
-0.5575001239776611
-0.21550369262695312
-0.018130779266357422
-0.22388005256652832
-0.06372356414794922
-0.09452486038208008
0.010390758514404297
-0.36887454986572266
-0.21502685546875
-0.2992666959762573
-0.3101346492767334
-0.5361882448196411
-0.32906079292297363
0.011239290237426758
-0.2438664436340332
-0.7601213455200195
-0.15745306015014648
-0.1984860897064209
-0.08757996559143066
0.276470422744751
0.090972900390625
-0.36293697357177734
0.2888758182525635
-0.03080129623413086
-0.02687835693359375
-0.5383087396621704
-0.06345844268798828
0.11854028701782227
-0.48762714862823486
-0.3423144817352295
-0.25409817695617676
-0.2811887264251709
-0.2449798583984375
-0.011451005935668945
-0.01532125473022461
0.009754657745361328
-0.28023433685302734
-0.2674579620361328
0.06499576568603516
-0.11673760414123535
-0.3767739534378052
-0.5547432899475098
-0.3193058967590332
0.24646425247192383
0.0734250545501709
-0.27477383613586426
-0.3005390167236328
-0.42104077339172363
-0.140594482421875
-0.20946025848388672
-0.24715352058410645
-0.518958568572998
0.16726064682006836
-0.19079923629760742
-0.30483317375183105
-0.4429357051849365
-0.28171873092651367
-0.24142789840698242
0.06944894790649414
0.040184974670410156
-0.5226695537567139
-0.10078072547912598
-0.06960773468017578
-0.3142695426940918
-0.3215324878692627