0.07128250598907471
0.19058740139007568
-0.27736783027648926
-0.045972228050231934
-0.25537776947021484
-0.3789689540863037
0.014545679092407227
-0.2998701333999634
-0.39147961139678955
-0.03774619102478027
-0.029114365577697754
-0.12361478805541992
-0.21004164218902588
-0.5190095901489258
0.1779625415802002
0.049504995346069336
-0.07718944549560547
-0.48868751525878906
-0.25491416454315186
-0.18880927562713623
-0.14108610153198242
0.6115865707397461
-0.20688188076019287
0.2663649320602417
-0.12695550918579102
-0.47095680236816406
-0.10341548919677734
-0.010793924331665039
-0.174280047416687
-0.23614096641540527
-0.12788176536560059
-0.017722487449645996
0.07611310482025146
-0.2565927505493164
-0.3494168519973755
-0.7072991132736206
0.00924527645111084
-0.02179396152496338
0.14936161041259766
-0.19799864292144775
0.18226408958435059
0.09637618064880371
-0.07888579368591309
0.08324682712554932
-0.28917884826660156
-0.5401469469070435
-0.11031234264373779
-0.04351377487182617
0.045320749282836914
0.24123191833496094
-0.010850071907043457
-0.0026999711990356445
0.1948760747909546
0.19280469417572021
-0.2296462059020996
-0.35878992080688477
0.029638051986694336
-0.180442214012146
-0.12476110458374023
-0.2138514518737793
-0.22488486766815186
0.07467663288116455
0.015047430992126465
-0.31146323680877686
-0.14989614486694336
-0.05670273303985596
-0.15905261039733887
0.07188677787780762
0.17341864109039307
-0.17937040328979492
-0.014997005462646484
-0.129011869430542
-0.4504190683364868
-0.10096514225006104
-0.6589713096618652
0.06914377212524414
-0.07610225677490234
-0.13707923889160156
-0.23689556121826172
-0.021991491317749023
-0.30888473987579346
0.14550280570983887
-0.18650341033935547
-0.19145631790161133
-0.16078829765319824
-0.2392253875732422
0.016423702239990234
-0.17392420768737793
-0.10050058364868164
-0.2268226146697998
-0.28038489818573
-0.048058390617370605
-0.1328953504562378
0.010052800178527832
-0.10102629661560059
0.06770563125610352
-0.53367018699646
0.2536792755126953
0.07834291458129883
-0.12425637245178223
-0.3023111820220947
-0.19548273086547852
-0.2933821678161621
-0.3503788709640503
-0.2955472469329834
-0.05505836009979248
0.1256239414215088
-0.2176985740661621
-0.41510796546936035
-0.31566178798675537
-0.15852904319763184
-0.03298079967498779
0.05298173427581787
-0.05781221389770508
-0.2546510696411133
-0.10676681995391846
-0.2967252731323242
-0.11784052848815918
-0.49211788177490234
-0.31807470321655273
-0.014948368072509766
-0.22671759128570557
-0.2346043586730957
-0.12358260154724121
-0.16671419143676758
0.048210859298706055
-0.2662053108215332
-0.23500609397888184
0.09092426300048828
-0.39998161792755127
-0.08508682250976562
-0.42733967304229736
0.03172862529754639
0.015123605728149414
-0.1880028247833252
-0.0039215087890625
-0.5429990291595459
0.01998448371887207
0.14057934284210205
-0.27585291862487793
0.06383490562438965
0.06499779224395752
-0.15017914772033691
0.4274035692214966
-0.14043498039245605
0.027704238891601562
-0.2005089521408081
-0.11391937732696533
-0.0858917236328125
-0.095794677734375
-0.05833125114440918
-0.22572541236877441
-0.09545433521270752
-0.17395997047424316
-0.2022649049758911
-0.21248400211334229
-0.10767984390258789
-0.3627655506134033
0.07056450843811035
-0.21535515785217285
-0.16110515594482422
-0.01913321018218994
-0.07721173763275146
-0.2589610815048218
-0.02438795566558838
0.2370525598526001
-0.2120288610458374
-0.05077719688415527
-0.10452055931091309
-0.32770347595214844
-0.20949196815490723
0.0315014123916626
0.0939781665802002
-0.20059216022491455
-0.013924121856689453
-0.6046993732452393
-0.020627260208129883
-0.28053832054138184
-0.26513004302978516
-0.25288939476013184
-0.11507940292358398
-0.05465340614318848
-0.2536783218383789
-0.1292480230331421
-0.15388846397399902
0.027874469757080078
-0.3680446147918701
-0.17006540298461914
-0.048172950744628906
-0.2130594253540039
-0.46722638607025146
0.0888059139251709
-0.18818676471710205
-0.27580904960632324
-0.1784723997116089
-0.3007667064666748
0.09445643424987793
-0.5350989103317261
-0.17107927799224854
-0.22356855869293213
-0.06239187717437744
-0.16922664642333984
-0.40947413444519043
-0.23895061016082764
-0.29699277877807617
-0.07659924030303955
-0.1795024871826172
-0.31736767292022705
0.13524842262268066
-0.16110014915466309
0.029232025146484375
-0.3979463577270508
-0.41903042793273926
-0.17371511459350586
-0.15652179718017578
-0.4103609323501587
-0.01154935359954834
-0.05999445915222168
0.11456966400146484
-0.18845736980438232
-0.13595151901245117
-0.20195531845092773
-0.1913684606552124
-0.5952224731445312
-0.3029794692993164
-0.01246500015258789
-0.253371000289917
0.02801644802093506
0.20166802406311035
0.05570495128631592
-0.5241333246231079
-0.4192003011703491
-0.3588907718658447
0.05332636833190918
-0.3999800682067871
-0.1620166301727295
-0.2674582004547119
-0.11836624145507812
-0.03958022594451904
-0.036163330078125
-0.048645734786987305
-0.037635207176208496
-0.6259936094284058
-0.36807942390441895
-0.19455242156982422
-0.14423739910125732
0.29565995931625366
0.1329488754272461
-0.2951481342315674
-0.29498744010925293
-0.16124355792999268
0.1781153678894043
-0.27714383602142334
-0.22343218326568604
0.0717858076095581
-0.2627222537994385
-0.4279782772064209
-0.1383734941482544
-0.15790045261383057
-0.34426355361938477
-0.4334235191345215
-0.33544039726257324
0.004039883613586426
-0.2514381408691406
-0.009964227676391602
-0.18089699745178223
0.0491257905960083
-0.2357330322265625
-0.24203133583068848
-0.14191126823425293
-0.3855804204940796
-0.10923957824707031
-0.14905822277069092
-0.12990641593933105
-0.0352625846862793
-0.20244336128234863
0.08353960514068604
-0.177587628364563
0.0037914514541625977
0.003936290740966797
-0.2949782609939575
-0.1382361650466919
0.17900168895721436
-0.2957570552825928
-0.1942673921585083
0.0999910831451416
-0.044870853424072266
-0.3140014410018921
-0.07092785835266113
-0.18601000308990479
-0.04569554328918457
-0.08118915557861328
-0.11851096153259277
-0.16802072525024414
-0.12510132789611816
0.0048934221267700195
-0.19198358058929443
-0.21736955642700195
-0.06280708312988281
-0.17733001708984375
-0.3484771251678467
-0.19201433658599854
-0.15110325813293457
-0.258919358253479
-0.0907142162322998
-0.09760677814483643
0.06152510643005371
0.10106754302978516
-0.061275482177734375
-0.17547881603240967
-0.10351729393005371
0.06405115127563477
-0.16566967964172363
-0.5263185501098633
-0.014835715293884277
-0.2284475564956665
0.38837456703186035
0.07747817039489746
-0.04734325408935547
0.15238261222839355
0.033110857009887695
0.03116464614868164
-0.10433745384216309
-0.05773663520812988
-0.13524198532104492
0.013142108917236328
-0.11618411540985107
-0.2022418975830078
-0.16891467571258545
-0.100799560546875
-0.16045904159545898
-0.11512672901153564
-0.04004859924316406
-0.02351534366607666
-0.18981480598449707
-0.09058892726898193
-0.2642791271209717
0.11709403991699219
-0.4330174922943115
-0.2517906427383423
-0.29108715057373047
0.027706384658813477
-0.07253742218017578
0.2819349765777588
-0.16675615310668945
0.02730262279510498
0.1261540651321411
-0.16508948802947998
-0.41185033321380615
-0.1834850311279297
-0.3152869939804077
-0.6329615116119385
-0.09683096408843994
-0.5266644954681396
-0.008635997772216797
0.12921535968780518
0.4080411195755005
-0.33556318283081055
-0.12197220325469971
-0.40382444858551025
-0.292744517326355
-0.5093599557876587
-0.17257046699523926
-0.21187055110931396
0.07266175746917725
0.0008337497711181641
-0.08912312984466553
-0.41645383834838867
-0.04894852638244629
-0.022278428077697754
-0.5258405208587646
-0.3951988220214844
-0.21622538566589355
-0.26789653301239014
0.0024361610412597656
-0.32884156703948975
0.03939461708068848
0.35815298557281494
-0.016844511032104492
-0.2711721658706665
-0.260601282119751
-0.047629356384277344
0.19148242473602295
-0.05354130268096924
-0.15918660163879395
-0.11551356315612793
-0.19222497940063477
0.0826042890548706
-0.2617267370223999
0.0042266845703125
-0.11893463134765625
-0.13467073440551758
-0.2175767421722412
0.1812647581100464
-0.007940292358398438
-0.034697651863098145
-0.07702088356018066
-0.1090996265411377
0.036446571350097656
-0.17685699462890625
-0.18571090698242188
0.13618016242980957
-0.1136314868927002
0.010749459266662598
-0.29224884510040283
-0.0675661563873291
0.2777750492095947
-0.20476961135864258
-0.10061228275299072
-0.006330609321594238
0.022936105728149414
-0.5638085603713989
0.04909539222717285
-0.287245512008667
0.2239971160888672
-0.25924980640411377
-0.21898579597473145
-0.26493895053863525
-0.23718225955963135
-0.36402714252471924
-0.02717733383178711
0.07117104530334473
-0.19750428199768066
-0.3774271011352539
-0.03432893753051758
-0.26912617683410645
-0.08022069931030273
-0.21156907081604004
-0.13668739795684814
-0.025475025177001953
-0.1562795639038086
0.029886841773986816
0.0401148796081543
-0.2757129669189453
-0.11416339874267578
0.26987123489379883
-0.015165448188781738
-0.2910945415496826
-0.31712090969085693
-0.0861361026763916
-0.3193933963775635
-0.029149651527404785
-0.38668370246887207
0.09440720081329346
-0.17365550994873047
0.2123725414276123
0.017585158348083496
0.0037802457809448242
0.04624223709106445
-0.1623377799987793
-0.07996535301208496
0.06270861625671387
-0.22768139839172363
-0.3483257293701172
-0.1704021692276001
0.10310935974121094
-0.1878269910812378
-0.21982133388519287
-0.2790689468383789
-0.2560516595840454
0.029888510704040527
-0.09672355651855469
0.1941319704055786
-0.06959128379821777
-0.23610270023345947
0.03442871570587158
-0.11018729209899902
-0.3373897075653076
-0.02838599681854248
-0.07406866550445557
-0.1445249319076538
-0.07376217842102051
0.025615930557250977
0.13976192474365234
-0.15144991874694824
0.1364285945892334
0.16209721565246582
-0.14262151718139648
-0.20111167430877686
0.15519773960113525
0.18630003929138184
-0.23491203784942627
-0.36538195610046387
-0.2581244707107544
0.05515575408935547
-0.2889670133590698
-0.30309534072875977
0.08922076225280762
-0.08367037773132324
-0.17749452590942383
-0.0698080062866211
-0.2021193504333496
-0.1724255084991455
-0.3322606086730957
0.01724386215209961
-0.35864579677581787
0.057134270668029785
-0.0013990402221679688
-0.33812379837036133
-0.16938412189483643
0.0694572925567627
-0.11776244640350342
-0.22120583057403564
-0.24330639839172363
-0.10743916034698486
-0.018822193145751953
-0.0404815673828125
-0.2086085081100464
-0.013205289840698242
0.054308414459228516
0.16785717010498047
0.002802610397338867
-0.2602224349975586
0.3070039749145508
0.26624512672424316
0.07837772369384766
-0.19997382164001465
-0.3178403377532959
-0.0480039119720459
-0.21925830841064453
-0.17527556419372559
-0.38142383098602295
-0.19311273097991943
-0.11140608787536621
-0.02168285846710205
-0.31559789180755615
-0.25040555000305176
0.011770486831665039
-0.21845245361328125
-0.7076207399368286
-0.10145950317382812
0.08037209510803223
-0.32150936126708984
-0.017278432846069336
0.025398969650268555
-0.12283003330230713
-0.02347254753112793
-0.1661444902420044
0.012166023254394531
0.10927021503448486
-0.059822797775268555
-0.24416565895080566
-0.1424558162689209
0.19025635719299316
0.036928653717041016
0.049062490463256836
-0.09204506874084473
0.11111629009246826
-0.028301477432250977
-0.23555612564086914
0.03401327133178711
0.20629096031188965
-0.4334573745727539
0.15642547607421875
-0.3415755033493042
-0.25098705291748047
-0.10661590099334717
-0.4246748685836792
-0.04466104507446289
-0.3542923927307129
-0.1135251522064209
0.2224869728088379
-0.05863487720489502
-0.22332501411437988
-0.0025022029876708984
-0.14444565773010254
-0.1444457769393921
-0.21645665168762207
0.0745309591293335
-0.06273937225341797
-0.19725394248962402
0.18696367740631104
-0.06906366348266602
-0.3154447078704834
-0.1225731372833252
-0.05095398426055908
0.06361532211303711
0.5489134788513184
-0.02252364158630371
-0.15453672409057617
0.09824538230895996
-0.42670607566833496
0.008141040802001953
-0.1331930160522461
-0.011590242385864258
0.01946234703063965
0.10059654712677002
-0.28837132453918457
-0.40061092376708984
-0.12187433242797852
-0.05593109130859375
-0.2899216413497925
-0.1556309461593628
-0.08614647388458252
-0.4655432105064392
-0.012315034866333008
-0.029807329177856445
-0.26641058921813965
-0.03589129447937012
-0.3861970901489258
-0.09050559997558594
-0.35800862312316895
-0.29779720306396484
-0.10799217224121094
-0.24148011207580566
-0.1945456862449646
-0.19734811782836914
-0.22085988521575928
-0.14458060264587402
-0.32155394554138184
0.02353191375732422
0.11473238468170166
-0.0926356315612793
-0.23096561431884766
0.014071941375732422
-0.36896824836730957
-0.012118697166442871
0.10488128662109375
-0.29456162452697754
-0.32705771923065186
-0.15142416954040527
-0.2790490388870239
-0.09599435329437256
-0.43350303173065186
-0.09927201271057129
-0.06714737415313721
-0.26084113121032715
-0.16222679615020752
-0.09292352199554443
-0.19347047805786133
-0.06266307830810547
0.19138026237487793
0.03876042366027832
-0.019426822662353516
-0.11655306816101074
-0.04679274559020996
-0.1595609188079834
-0.22244250774383545
-0.2868211269378662
0.02771914005279541
-0.09261500835418701
-0.0958700180053711
-0.2589101791381836
-0.17532145977020264
0.0028499364852905273
-0.2963862419128418
0.020684480667114258
-0.059480905532836914
-0.026616573333740234
-0.11651468276977539
-0.03495025634765625
-0.013357400894165039
0.03389739990234375
-0.05595600605010986
-0.17155957221984863
-0.05078864097595215
-0.0015010833740234375
-0.16348034143447876
-0.13321876525878906
0.08535468578338623
0.12084078788757324
0.07379186153411865
-0.3005017042160034
-0.2703338861465454
-0.024839043617248535
-0.19337022304534912
-0.10558617115020752
0.13441479206085205
-0.21915113925933838
-0.39940571784973145
0.07027101516723633
-0.42528700828552246
0.10516667366027832
-0.08948421478271484
-0.07477974891662598
-0.2563689947128296
-0.2761805057525635
-0.02199268341064453
-0.11874055862426758
-0.10301065444946289
-0.1769552230834961
-0.1419048309326172
-0.25274229049682617
-0.13055479526519775
-0.08153212070465088
-0.10327792167663574
-0.20512783527374268
-0.21380603313446045
-0.26959824562072754
-0.06490910053253174
0.23189687728881836
-0.11115431785583496
0.05564320087432861
-0.19654035568237305
-0.37024807929992676
0.012168645858764648
0.11776041984558105
-0.20187151432037354
-0.46117734909057617
0.13681387901306152
-0.0564044713973999
-0.02990889549255371
-0.28389501571655273
0.10741841793060303
0.23054277896881104
-0.3811500072479248
-0.054416775703430176
-0.108559250831604
-0.034567952156066895
-0.050292134284973145
-0.002880096435546875
0.001123189926147461
-0.0008995532989501953
-0.282645583152771
-0.17783904075622559
-0.38701891899108887
-0.41951221227645874
-0.29693102836608887
0.14976859092712402
-0.04159724712371826
0.13787531852722168
-0.0033965110778808594
0.012932658195495605
0.15973377227783203
-0.02191758155822754
-0.20456993579864502
-0.09554445743560791
-0.22011542320251465
0.05919814109802246
-0.16753745079040527
0.13650727272033691
0.10113215446472168
-0.23595178127288818
0.1322803497314453
-0.07612824440002441
-0.018703699111938477
-0.19814324378967285
-0.2887263298034668
-0.13343119621276855
-0.11706840991973877
-0.17483878135681152
-0.28071534633636475
-0.3575862646102905
-0.02978515625
0.10459673404693604
-0.4341415762901306
0.10515415668487549
-0.1316133737564087
0.07587277889251709
-0.17916655540466309
0.0992429256439209
0.04720115661621094
0.0028481483459472656
-0.051233887672424316
0.21483993530273438
-0.06715357303619385
0.024270296096801758
-0.18234491348266602
-0.12305891513824463
-0.15396642684936523
0.0669257640838623
-0.03214085102081299
-0.09643888473510742
-0.13852906227111816
-0.01535344123840332
-0.36953067779541016
-0.5947842597961426
0.072906494140625
-0.0463719367980957
-0.045809268951416016
-0.31649458408355713
0.1771329641342163
-0.004207134246826172
-0.09088325500488281
0.019025564193725586
0.10523533821105957
-0.16082894802093506
-0.3021332025527954
-0.23291397094726562
0.20602631568908691
0.012173771858215332
-0.1674940586090088
0.15809082984924316
-0.3402531147003174
-0.3913733959197998
0.1948760747909546
-0.08475446701049805
-0.1065284013748169
-0.19258320331573486
0.25616776943206787
0.07351374626159668
-0.31110620498657227
-0.01293957233428955
0.005537986755371094
-0.029470443725585938
0.058995842933654785
-0.4936802387237549
0.16431987285614014
-0.1671156883239746
-0.5508989095687866
-0.12237834930419922
-0.18602848052978516
-0.4631333351135254
-0.1482987403869629
0.027751445770263672
-0.08977067470550537
-0.3227163553237915
-0.22654449939727783
-0.07737219333648682
0.13694703578948975
-0.20870256423950195
-0.05466961860656738
-0.21845030784606934
0.15120351314544678
-0.08638429641723633
0.08615684509277344
0.024283409118652344
-0.06986427307128906
0.016638636589050293
0.24681377410888672
-0.22770583629608154
0.12953495979309082
-0.006522178649902344
-0.24696946144104004
-0.31714093685150146
-0.21781277656555176
-0.11983466148376465
0.0030317306518554688
-0.2227327823638916
0.10520720481872559
-0.079071044921875
0.2459249496459961
-0.13425326347351074
0.056975722312927246
-0.07992672920227051
-0.09397435188293457
-0.4699747562408447
-0.21067500114440918
-0.17385423183441162
0.12613868713378906
-0.008261442184448242
-0.2766774892807007
-0.16809725761413574
-0.04751169681549072
0.009555935859680176
-0.13144779205322266
-0.495508074760437
0.12728607654571533
-0.15591228008270264
0.08000099658966064
0.03608989715576172
-0.29536890983581543
-0.07545256614685059
-0.09540164470672607
0.007917642593383789
-0.30406856536865234
-0.2924386262893677
-0.014739274978637695
-0.20738303661346436
-0.18835699558258057
-0.1393134593963623
-0.06869709491729736
-0.414947509765625
-0.23591315746307373
-0.08666539192199707
0.0055081844329833984
-0.45351123809814453
-0.29956817626953125
-0.04618644714355469
-0.39226579666137695
-0.08201253414154053
0.07331466674804688
-0.22650527954101562
-0.6046254634857178
-0.12884914875030518
-0.2892106771469116
-0.09044265747070312
0.018817663192749023
-0.2887399196624756
-0.010175347328186035
-0.024062395095825195
0.13242387771606445
-0.25705063343048096
0.10233438014984131
-0.28991568088531494
-0.2636697292327881
-0.09954583644866943
0.026288628578186035
-0.11531555652618408
-0.06518673896789551
-0.04449820518493652
-0.12277650833129883
0.22922539710998535
-0.14546751976013184
-0.1111290454864502
-0.10473012924194336
-0.2356637716293335
-0.141473650932312
-0.496767520904541
-0.09776639938354492
-0.14731311798095703
0.05391240119934082
-0.11784040927886963
-0.04338812828063965
-3.3855438232421875e-05
-0.38701701164245605
-0.014773964881896973
-0.2369832992553711
-0.21246957778930664
-0.17062020301818848
-0.01732921600341797
0.14733028411865234
-0.12176096439361572
-0.23857247829437256
0.03408336639404297
-0.12043952941894531
-0.2547847032546997
-0.21925389766693115
-0.6957122087478638
-0.1321558952331543
0.05549287796020508
-0.2188127040863037
-0.43348634243011475
-0.3214271068572998
-0.18961358070373535
-0.012137770652770996
0.05638384819030762
-0.3537631034851074
-0.03676021099090576
0.03222191333770752
-0.3499617576599121
-0.03480350971221924
-0.41684532165527344
-0.06997227668762207
-0.2421339750289917
-0.034128546714782715
-0.05144190788269043
-0.19067656993865967
-0.20692014694213867
-0.001873016357421875
-0.010004043579101562
0.06449127197265625
-0.2246769666671753
-0.2064577341079712
0.13150262832641602
-0.004575848579406738
0.03244984149932861
-0.5821192264556885
-0.22707927227020264
0.1802271604537964
0.1709914207458496
-0.20236027240753174
-0.08656597137451172
-0.023867368698120117
0.19849777221679688
-0.022002577781677246
-0.33584165573120117
-0.029642224311828613
0.023941397666931152
-0.006490945816040039
-0.18893861770629883
-0.08971703052520752
-0.14422893524169922
-0.19496262073516846
-0.12868928909301758
-0.22656846046447754
-0.1335620880126953
0.1600792407989502
-0.33018040657043457
-0.2095947265625
-0.12998533248901367
-0.04997360706329346
-0.06735408306121826
-0.024463653564453125
-0.3499401807785034
0.3751184940338135
-0.03333616256713867
-0.2723308801651001
0.08380389213562012
-0.7093862295150757
0.2168428897857666
-0.15686440467834473
0.0383000373840332
-0.05721545219421387
-0.378509521484375
-0.4364326000213623
-0.5793437957763672
0.08079195022583008
-0.2949638366699219
0.009784936904907227
0.07763147354125977
-0.147818922996521
-0.02553558349609375
-0.23206758499145508
-0.3199775218963623
0.07140100002288818
0.06350219249725342
-0.10149788856506348
-0.06836795806884766
0.15078389644622803
-0.4387122392654419
0.02190077304840088
0.12412405014038086
0.02353191375732422
-0.029457926750183105
-0.3193988800048828
-0.04074740409851074
-0.10477256774902344
0.021575212478637695
0.07091844081878662
-0.17415082454681396
-0.1142873764038086
-0.3572293519973755
-0.10395598411560059
-0.19737529754638672
0.1295769214630127
-0.36117053031921387
-0.12919044494628906
-0.07686352729797363
-0.30716079473495483
-0.14294886589050293
-0.14208495616912842
-0.05085325241088867
-0.08237791061401367
-0.18076777458190918
-0.42346954345703125
-0.11442053318023682
0.17196154594421387
-0.6227507591247559
0.026827096939086914
0.004961729049682617
-0.05367422103881836
-0.11833000183105469
-0.20893633365631104
-0.2925046682357788
-0.2147235870361328
-0.1806178092956543
-0.08098435401916504
0.14883184432983398
-0.1352989673614502
-0.003982663154602051
-0.26544010639190674
-0.13386774063110352
-0.26924800872802734
0.044983506202697754
-0.3185744285583496
-0.29573535919189453
-0.23531126976013184
-0.07550787925720215
-0.1797332763671875
0.05423295497894287
0.15406906604766846
-0.16029882431030273
0.0028715133666992188
-0.057091593742370605
-0.22757232189178467
-0.16040945053100586
0.05032014846801758
-0.3172588348388672
0.005444765090942383
-0.21344327926635742
-0.18740200996398926
-0.2828429937362671
-0.34948503971099854
-0.002896547317504883
-0.10676336288452148
0.11278283596038818
-0.3264899253845215
-0.14373421669006348
-0.13623046875
-0.14627563953399658
-0.1959463357925415
-0.16182267665863037
0.15792012214660645
0.06761622428894043
0.009004592895507812
-0.40787267684936523
0.03074336051940918
-0.3240405321121216
-0.1304081678390503
-0.04825472831726074
0.7621393203735352
0.07901644706726074
0.03954315185546875
-0.21782326698303223
-0.12933588027954102
-0.08001995086669922
-0.15262413024902344
-0.05946230888366699
0.02610468864440918
-0.1745823621749878
-0.047647714614868164
0.018821358680725098
-0.21646630764007568
-0.1280684471130371
-0.11862969398498535
-0.33571159839630127
-0.0882192850112915
-0.30252695083618164
-0.4871187210083008
-0.1924905776977539
-0.28251659870147705
0.015337705612182617
-0.009702920913696289
-0.06899428367614746
-0.3084651231765747
-0.09147977828979492
-0.12041068077087402
-0.16332650184631348
-0.013964354991912842
-0.4322303533554077
-0.31121158599853516
-0.11867308616638184
-0.025194644927978516
-0.40436220169067383
-0.20427381992340088
-0.07729589939117432
-0.33694517612457275
-0.20241904258728027
-0.04097795486450195
0.15143334865570068
-0.3157327175140381
-0.08622550964355469
-0.010227203369140625
-0.041294097900390625
-0.10892891883850098
0.39869189262390137
-0.07898366451263428
-0.023209571838378906
0.09561359882354736
-0.33553600311279297
-0.25293445587158203
0.007460117340087891
-0.3126406669616699
-0.21665358543395996
0.006256580352783203
-0.3446364402770996
-0.14648222923278809
-0.1751420497894287
0.01187276840209961
-0.1990213394165039
-0.34282660484313965
0.10634160041809082
-0.10788154602050781
0.06331044435501099
-0.2456967830657959
-0.16776716709136963
-0.03651416301727295
-0.5108628273010254
-0.4289543628692627
-0.10591006278991699
-0.027970552444458008
-0.10091006755828857
-0.5026525259017944
-0.05292332172393799
-0.16562223434448242
-0.3330591917037964
0.0029113292694091797
-0.20603787899017334
0.0402911901473999
-0.23174774646759033
-0.3463265895843506
-0.15941035747528076
-0.299127459526062
-0.23063039779663086
0.02976202964782715
-0.027313947677612305
0.14033269882202148
-0.031189918518066406
-0.25430500507354736
-0.4218853712081909
-0.14096426963806152
-0.14073479175567627
0.03905916213989258
-0.36661314964294434
-0.46870720386505127
-0.09712338447570801
-0.09817540645599365
-0.46339964866638184
-0.02784574031829834
-0.25704479217529297
0.09603118896484375
0.10725891590118408
0.08477425575256348
0.07245385646820068
0.041622161865234375
-0.052286386489868164
-0.017067670822143555
0.16774678230285645
-0.12201285362243652
0.08118999004364014
-0.146720290184021
-0.28118300437927246
0.0062146782875061035
-0.16356539726257324
-0.18776893615722656
-0.12392294406890869
-0.15492331981658936
-0.16679465770721436
-0.03413844108581543
-0.3140406608581543
-0.23569035530090332
0.016512393951416016
0.062050819396972656
-0.007714033126831055
-0.217665433883667
0.008590459823608398
-0.1162947416305542
-0.15276288986206055
-0.0448455810546875
0.24275481700897217
-0.23411071300506592
-0.03509020805358887
-0.15091681480407715
-0.38543999195098877
-0.11678218841552734
0.017114877700805664
0.3512767553329468
-0.1692800521850586
-0.30164527893066406
-0.4484708309173584
-0.0060482025146484375
-0.06511998176574707
-0.34267592430114746
-0.03927206993103027
-0.2876930236816406
-0.4002869129180908
-0.217695951461792
-0.3345414400100708
-0.007464885711669922
0.0020066499710083008
0.09955203533172607
-0.044035911560058594
-0.1886305809020996
-0.11442339420318604
-0.03631293773651123
-0.226157546043396
-0.2863050699234009
-0.3315955400466919
-0.35801076889038086
-0.3261528015136719
-0.3121323585510254
-0.20081961154937744
-0.19685637950897217
-0.23308634757995605
-0.08665037155151367
0.12766051292419434
-0.15092968940734863
-0.19111061096191406
0.18711256980895996
0.07361721992492676
0.16045117378234863
-0.20157575607299805
-0.23430275917053223
-0.32893240451812744
0.23386943340301514
-0.11432075500488281
-0.07529473304748535
-0.26911067962646484
-0.2629181146621704
-0.22475457191467285
0.18655061721801758
-0.5481125116348267
0.11349284648895264
-0.1495985984802246
-0.0882641077041626
-0.34229564666748047
-0.17799437046051025
-0.022120356559753418
-0.36345136165618896
-0.16121125221252441
-0.01973557472229004
0.035711050033569336
-0.016501903533935547
-0.007287859916687012
-0.08903145790100098
-0.07774567604064941
-0.5265560150146484
-0.011656522750854492
0.18647336959838867
0.056767821311950684
-0.42978620529174805
-0.09574151039123535
-0.1891779899597168
-0.020803213119506836
0.13350844383239746
-0.07307302951812744
-0.03315448760986328
-0.16704869270324707
-0.17549622058868408
-0.3866389989852905
-0.5235229730606079
-0.20948326587677002
0.04594862461090088
-0.09106111526489258
0.18719208240509033
-0.24939489364624023
0.12876009941101074
0.022821664810180664
-0.060851097106933594
0.052762627601623535
0.029636740684509277
-0.3750317096710205
-0.1283036470413208
0.1439603567123413
-0.25473225116729736
-0.28024399280548096
0.23808908462524414
-0.03295767307281494
-0.341283917427063
-0.2154393196105957
-0.16713380813598633
-0.5196149349212646
-0.19830107688903809
-0.09936904907226562
0.08726620674133301
-0.10093164443969727
-0.020850777626037598
0.15155673027038574
0.064278244972229
-0.17519688606262207
-0.23982667922973633
0.13722550868988037
-0.1438591480255127
-0.07616937160491943
0.13498449325561523
0.08210861682891846
-0.2937490940093994
-0.13251543045043945
0.10574102401733398
-0.12116098403930664
-0.06806933879852295
-0.36672091484069824
0.03550124168395996
-0.2385563850402832
-0.08113694190979004
-0.1655367612838745
-0.22937119007110596
-0.10987091064453125
0.003921031951904297
-0.13807272911071777
-0.41776466369628906
-0.2937692403793335
-0.22796690464019775
0.015333175659179688
-0.21379780769348145
0.03829550743103027
-0.238173246383667
-0.13824594020843506
-0.014296889305114746
-0.015009641647338867
-0.1457839012145996
0.04622375965118408
-0.24190330505371094
-0.0493619441986084
0.08695578575134277
-0.24444353580474854
0.008949995040893555
-0.3860222101211548
-0.33282744884490967
0.08995687961578369
-0.03844714164733887
-0.13654589653015137
-0.2809746265411377
-0.02396082878112793
0.18101000785827637
-0.24275422096252441
-0.16421544551849365
0.12633109092712402
-0.10425221920013428
-0.24272191524505615
-0.09817945957183838
-0.3129854202270508
-0.11746668815612793
-0.2757391929626465
-0.2371654510498047
0.09398221969604492
-0.08037710189819336
-0.28166890144348145
-0.052654266357421875
0.09399640560150146
0.05982935428619385
0.10676372051239014
-0.22696542739868164
-0.2875584363937378
-0.20499300956726074
-0.249580979347229
0.0516505241394043
0.3094170093536377
-0.08828353881835938
-0.5066572427749634
-0.28346967697143555
-0.1424109935760498
-0.06009316444396973
-0.25255000591278076
-0.03179633617401123
-0.06692492961883545
-0.1202230453491211
0.1532909870147705
-0.05955195426940918
-0.28093087673187256
-0.24327600002288818
-0.010058283805847168
-0.2274867296218872
-0.2017199993133545
-0.25584280490875244
0.07621574401855469
0.2235729694366455
-0.11481022834777832
-0.0437544584274292
-0.3531285524368286
-0.07780241966247559
0.008043289184570312
-0.06955742835998535
-0.017693519592285156
-0.43987512588500977
-0.016469240188598633
-0.10175704956054688
-0.538031816482544
-0.00321197509765625
-0.11468744277954102
-0.05500614643096924
-0.20445919036865234
0.08517682552337646
0.11397027969360352
-0.28970909118652344
0.06806731224060059
-0.16134536266326904
0.03442549705505371
-0.19904446601867676
-0.13361263275146484
-0.14516818523406982
0.05089223384857178
0.012424468994140625
-0.09014075994491577
-0.2090742588043213
-0.684573769569397
-0.16235756874084473
-0.4071766138076782
0.11344301700592041
-0.3916478157043457
0.01643127202987671
0.013898968696594238
-0.11769795417785645
-0.1379861831665039
0.07428789138793945
-0.21780657768249512
-0.007404625415802002
0.09654009342193604
-0.11800527572631836
-0.007274150848388672
-0.0638878345489502
-0.10369062423706055
-0.06111490726470947
0.08930325508117676
-0.3817760944366455
-0.398002028465271
-0.2442384958267212
-0.08962452411651611
-0.3224172592163086
-0.16787278652191162
-0.13083362579345703
-0.07330203056335449
0.22040629386901855
-0.08325588703155518
-0.039217472076416016
-0.08643925189971924
-0.16259944438934326
-0.20451700687408447
0.08653545379638672
0.08558273315429688
-0.11473321914672852
0.12113058567047119
-0.4466853141784668
-0.05477797985076904
-0.03466963768005371
-0.1026906967163086
0.05178475379943848
0.06439471244812012
-0.5654950141906738
-0.09623396396636963
-0.1889030933380127
-0.2634085416793823
-0.3650369644165039
-0.2804892063140869
-0.5746750831604004
0.08897149562835693
0.0717170238494873
-0.26227736473083496
-0.22003459930419922
-0.21827173233032227
-0.21122825145721436
-0.30324482917785645
-0.30154526233673096
-0.3341726064682007
-0.019448280334472656
-0.20453226566314697
-0.03756523132324219
0.0025129318237304688
-0.38607120513916016
-0.24146807193756104
-0.015059471130371094
-0.24640727043151855
-0.3827059268951416
0.03492903709411621
-0.028508901596069336
-0.14104437828063965
-0.1794804334640503
-0.07491028308868408
-0.2363595962524414
-0.01112508773803711
-0.33362507820129395
-0.18220818042755127
-0.1406947374343872
-0.3950998783111572
-0.41954541206359863
-0.23373198509216309
-0.3675917387008667
-0.29504942893981934
-0.17943990230560303
-0.4093567132949829
-0.017650127410888672
-0.19489848613739014
-0.11896240711212158
-0.11237740516662598
0.07050812244415283
-0.12276780605316162
-0.004321455955505371
0.08812296390533447
-0.43006670475006104
-0.3294081687927246
-0.1250830888748169
-0.17093265056610107
-0.030632376670837402
-0.06091868877410889
-0.19961225986480713
-0.12497329711914062
0.04140317440032959
-0.3260108232498169
-0.13446331024169922
0.17379426956176758
-0.1696321964263916
-0.07971620559692383
-0.4047567844390869
0.1921825408935547
-0.17430734634399414
0.021112561225891113
0.012861847877502441
-0.42947471141815186
-0.11371231079101562
-0.1627492904663086
-0.13267040252685547
-0.359403133392334
-0.05997335910797119
-0.20240354537963867
-0.023363113403320312
-0.2699885368347168
-0.4109210968017578
-0.03676724433898926
-0.1738530397415161
0.061827659606933594
-0.16960477828979492
-0.15058636665344238
-0.25987017154693604
-0.2505054473876953
-0.018746256828308105
-0.08260691165924072
0.04589974880218506
-0.2621220350265503
0.029812097549438477
-0.23709475994110107
-0.13805365562438965
-0.22306036949157715
-0.7246382236480713
-0.12408864498138428
0.04949474334716797
0.055643558502197266
0.003176569938659668
-0.15207529067993164
-0.343072772026062
-0.12778878211975098
-0.08020162582397461
0.000522613525390625
-0.19701790809631348
0.15593814849853516
0.03423333168029785
0.14909899234771729
-0.3242654800415039
-0.07584214210510254
-0.06750655174255371
0.029665350914001465
-0.11808943748474121
0.06739211082458496
0.015692710876464844
-0.09264123439788818
0.13084208965301514
-0.09144365787506104
-0.09390103816986084
-0.05504322052001953
0.09437072277069092
0.10452139377593994
-0.19795727729797363
-0.23063254356384277
-0.06985676288604736
-0.06492781639099121
0.09395909309387207
-0.141463041305542
-0.06506741046905518
-0.539067268371582
-0.3458465337753296
-0.35621583461761475
0.13596761226654053
-0.035860657691955566
-0.4006580114364624
0.06178760528564453
-0.09041786193847656
-0.09679520130157471
-0.3209197521209717
0.06810450553894043
-0.28459370136260986
0.1072458028793335
-0.5507900714874268
-0.22462213039398193
-0.04577219486236572
-0.3856160640716553
-0.28795719146728516
-0.25437891483306885
-0.03969705104827881
0.003893256187438965
-0.11047303676605225
0.017024755477905273
-0.13850903511047363
-0.15588271617889404
-0.3063863515853882
0.1612149477005005
0.10608053207397461
-0.08675980567932129
-0.3566242456436157
-0.23918557167053223
-0.1590409278869629
-0.41179490089416504
-0.2723836898803711
0.07210397720336914
0.07994556427001953
-0.11994481086730957
0.09828329086303711
0.06181073188781738
-0.16721010208129883
-0.1443178653717041
-0.15814173221588135
-0.29537343978881836
-0.16973280906677246
-0.10058164596557617
-0.3180657625198364
-0.060460567474365234
-0.012187004089355469
-0.061707258224487305
0.014097213745117188
-0.3084017038345337
-0.05885183811187744
0.13518518209457397
-0.04662036895751953
0.0311887264251709
-0.0022096633911132812
-0.10553765296936035
-0.20471930503845215
-0.14032196998596191
0.017934560775756836
-0.04088699817657471
0.021271228790283203
-0.1965092420578003
0.0015439987182617188
-0.36943721771240234
0.0072460174560546875
-0.23453164100646973
-0.2870972156524658
-0.35834217071533203
-0.08993124961853027
-0.19921600818634033
-0.22198975086212158
0.05799531936645508
-0.05052363872528076
-0.33728933334350586
0.0013481378555297852
-0.05209243297576904
-0.0010868310928344727
-0.11464929580688477
0.0697852373123169
-0.40025269985198975
-0.1873171329498291
-0.1468496322631836
-0.06803441047668457
0.07300400733947754
0.013758063316345215
0.07620453834533691
-0.26938140392303467
-0.07884085178375244
-0.34248173236846924
0.12957894802093506
0.2664029598236084
-0.17471396923065186
-0.08605778217315674
-0.2614600658416748
-0.07977104187011719
-0.0428849458694458
-0.04706931114196777
-0.14736342430114746
-0.03583359718322754
-0.22815310955047607
-0.24573981761932373
-0.26574254035949707
-0.11324906349182129
-0.28143930435180664
0.055854082107543945
-0.07126832008361816
-0.3717348575592041
-0.2642216682434082
0.03456425666809082
-0.09637606143951416
-0.10000550746917725
-0.1952728033065796
-0.2296597957611084
0.02219557762145996
-0.14673078060150146
0.01615607738494873
0.07143449783325195
-0.20328140258789062
-0.25332629680633545
-0.0487666130065918
-0.08668661117553711
-0.04001116752624512
-0.09818911552429199
-0.33441805839538574
0.08995199203491211
0.12655293941497803
0.08296477794647217
-0.02387058734893799
-0.16610491275787354
-0.002629518508911133
-0.10676443576812744
-0.49310827255249023
0.14769470691680908
-0.08601713180541992
0.006908059120178223
-0.0017495155334472656
-0.16391003131866455
-0.15090322494506836
0.14786028861999512
-0.03701329231262207
-0.19812214374542236
-0.10365653038024902
-0.01748943328857422
0.08558118343353271
0.044171929359436035
-0.43102431297302246
-0.5185920000076294
-0.27850890159606934
-0.13657760620117188
-0.2934420108795166
-0.22904396057128906
0.09985971450805664
-0.2785317897796631
-0.19835519790649414
-0.11484670639038086
-0.2813730239868164
0.03568863868713379
-0.19691133499145508
-0.034079551696777344
-0.44861626625061035
-0.3141670227050781
-0.16598832607269287
-0.22333049774169922
-0.050618886947631836
-0.44358694553375244
-0.7571653127670288
0.16041350364685059
-0.1969531774520874
-0.06515777111053467
-0.04021930694580078
-0.2517516613006592
-0.23089468479156494
-0.022913813591003418
-0.2780177593231201
-0.1285170316696167
0.14496827125549316
-0.2688624858856201
0.08048713207244873
0.057669878005981445
0.036492228507995605
0.066567063331604
-0.3111693859100342
-0.3364499807357788
-0.11434566974639893
-0.42913591861724854
-0.21998262405395508
-0.22770416736602783
0.10724246501922607
-0.027888059616088867
-0.05830216407775879
-0.20695185661315918
-0.2315140962600708
-0.04725527763366699
-0.15933537483215332
-0.32624900341033936
0.026259541511535645
0.13830065727233887
-0.25514984130859375
-0.41979527473449707
0.06610870361328125
-0.03842747211456299
-0.15748238563537598
0.01956772804260254
-0.14180374145507812
-0.27950286865234375
-0.1405503749847412
-0.019588351249694824
-0.3332749605178833
-0.3087959289550781
-0.14532256126403809
-0.166184663772583
-0.3223299980163574
-0.26367688179016113
-0.014132022857666016
-0.0893012285232544
-0.19177687168121338
-0.12224376201629639
0.008806705474853516
-0.06443905830383301
-0.37530505657196045
0.006871223449707031
-0.04282212257385254
-0.3410834074020386
-0.06994712352752686
-0.29972195625305176
-0.24210214614868164
-0.3105419874191284
-0.18495535850524902
0.20924317836761475
0.06561040878295898
-0.0892937183380127
0.08737647533416748
-0.1711641550064087
0.006789088249206543
0.05287158489227295
0.07814538478851318
-0.34927260875701904
-0.09333574771881104
0.11554574966430664
-0.02044534683227539
-0.1671583652496338
-0.3571488857269287
-0.04072093963623047
0.08176839351654053
-0.18394315242767334
0.028318047523498535
0.20275676250457764
0.004729866981506348
-0.09962892532348633
-0.1386263370513916
-0.12635374069213867
0.04884624481201172
-0.34804344177246094
-0.2793149948120117
-0.26607465744018555
-0.17493605613708496
-0.23175179958343506
-0.007176399230957031
0.11447572708129883
-0.4123406410217285
-0.03119528293609619
-0.04976940155029297
-0.2512376308441162
-0.4611555337905884
-0.019537925720214844
-0.1819547414779663
-0.2951023578643799
0.052958130836486816
-0.2649073600769043
-0.05771028995513916
-0.2103419303894043
-0.22562456130981445
-0.10503852367401123
-0.042180418968200684
0.05219411849975586
-0.021497368812561035
0.15757107734680176
0.1060248613357544
0.05575263500213623
-0.07424497604370117
-0.00854957103729248
-0.2578006982803345
-0.5743354558944702
-0.4935183525085449
-0.4707045555114746
-0.37251055240631104
-0.2849775552749634
-0.5286041498184204
0.1543715000152588
-0.33297908306121826
0.22613513469696045
-0.37504875659942627
-0.3919466733932495
-0.15703463554382324
-0.07473468780517578
-0.22175157070159912
-0.1508873701095581
0.05066704750061035
-0.011345863342285156
-0.03843879699707031
0.04418754577636719
-0.12980222702026367
-0.01902937889099121
-0.1733701229095459
-0.06613898277282715
-0.2560924291610718
-0.2507195472717285
-0.010592937469482422
-0.060973167419433594
0.04987919330596924
-0.5572496652603149
-0.0072479248046875
0.024828195571899414
-0.15696513652801514
-0.012426972389221191
-0.16175615787506104
-0.13396143913269043
0.010196089744567871
0.044167518615722656
-0.10810303688049316
-0.0146026611328125
-0.17487382888793945
-0.05210709571838379
0.007445693016052246
-0.17702031135559082
-0.2685389518737793
-0.17647194862365723
0.13991832733154297
0.1033315658569336
-0.5333914756774902
-0.27147388458251953
-0.1981523036956787
-0.13847124576568604
0.042877197265625
-0.019399166107177734
-0.26152849197387695
0.038483500480651855
-0.11089968681335449
0.13977134227752686
-0.23104429244995117
-0.10921311378479004
0.012584209442138672
-0.12098383903503418
-0.12025260925292969
-0.10781526565551758
-0.15212154388427734
-0.06975460052490234
-0.1129838228225708
-0.0856093168258667
-0.17117393016815186
-0.23291730880737305
-0.10362827777862549
-0.012315034866333008
-0.2883192300796509
-0.20982158184051514
-0.10309278964996338
0.056839704513549805
0.009211182594299316
-0.18194890022277832
-0.18913328647613525
0.18093514442443848
0.13992083072662354
-0.05807065963745117
-0.06155228614807129
-0.09465527534484863
-0.07160723209381104
-0.007966041564941406
-0.058568716049194336
-0.1251758337020874
-0.16091465950012207
-0.051605224609375
-0.07286930084228516
0.021277427673339844
-0.16482901573181152
-0.22661161422729492
-0.19591796398162842
0.07761979103088379
0.04050874710083008
-0.13953745365142822
-0.1459336280822754
-0.04477429389953613
-0.12463200092315674
-0.23242950439453125
-0.22003483772277832
-0.17474734783172607
0.06386804580688477
-0.03694486618041992
-0.06824827194213867
-0.3055081367492676
-0.24202799797058105
-0.40670061111450195
-0.2267622947692871
0.06716179847717285
0.1324174404144287
-0.07809031009674072
-0.16129469871520996
-0.49737560749053955
-0.39640510082244873
-0.0485842227935791
-0.14963459968566895
0.30809450149536133
-0.03503012657165527
-0.18212389945983887
0.10689902305603027
0.15658438205718994
-0.17444372177124023
-0.09236371517181396
-0.1764206886291504
-0.17029082775115967
-0.0839008092880249
0.062210679054260254
-0.22292852401733398
-0.05271291732788086
-0.07362103462219238
-0.07246458530426025
0.216994047164917
-0.2149820327758789
-0.14803075790405273
-0.1944359540939331
-0.20846521854400635
-0.1591341495513916
-0.3082547187805176
-0.27428197860717773
0.004066824913024902
-0.1414186954498291
-0.11409199237823486
-0.3883790969848633
-0.2110919952392578
0.07343745231628418
0.059868812561035156
0.07957100868225098
-0.026976585388183594
-0.37025606632232666
-0.2451401948928833
-0.21765446662902832
-0.22969067096710205
0.35191625356674194
-0.017371296882629395
-0.032414913177490234
-0.07143282890319824
0.007414579391479492
-0.039936065673828125
-0.11149489879608154
-0.1842210292816162
0.02688920497894287
-0.08730030059814453
0.17075669765472412
0.0025371313095092773
0.005844831466674805
-0.14306354522705078
-0.1950608491897583
-0.0567777156829834
-0.06396198272705078
-0.053670525550842285
-0.5802663564682007
-0.023062467575073242
-0.2811453342437744
-0.25335919857025146
-0.06100964546203613
0.0583498477935791
0.08809387683868408
-0.12302041053771973
-0.1438591480255127
0.05756568908691406
-0.2112717628479004
-0.3436849117279053
-0.176596999168396
-0.13178324699401855
0.0023698806762695312
-0.03875613212585449
-0.4763040542602539
-0.19671833515167236
-0.13321590423583984
0.04405927658081055
-0.09217190742492676
-0.10429787635803223
-0.11153829097747803
-0.16646289825439453
-0.0019788742065429688
0.0033240318298339844
0.16277623176574707
-0.07764506340026855
-0.10788357257843018
-0.09018087387084961
-0.02772974967956543
0.1874370574951172
-0.13144230842590332
-0.3145740032196045
-0.023192167282104492
0.06134378910064697
-0.10572409629821777
-0.08667635917663574
-0.29493021965026855
-0.13235723972320557
-0.18448662757873535
-0.05052769184112549
0.03143966197967529
-0.22394871711730957
-0.21333694458007812
-0.216139554977417
0.10755372047424316
0.06540858745574951
-1.0568138360977173
0.12048125267028809
-0.023076295852661133
-0.3359278440475464
-0.14222931861877441
-0.07642781734466553
0.04611098766326904
-0.07926249504089355
0.11227381229400635
-0.054465651512145996
-0.19560635089874268
-0.3528701066970825
-0.49086952209472656
-0.11797291040420532
-0.2710256576538086
-0.3561279773712158
-0.14214348793029785
-0.24274039268493652
0.13637912273406982
-0.20453393459320068
0.2933366298675537
-0.03382289409637451
-0.08698415756225586
-0.09081757068634033
-0.19961190223693848
-0.14078569412231445
-0.18673360347747803
-0.24547111988067627
-0.2911263704299927
-0.017706871032714844
-0.16972780227661133
-0.07393407821655273
0.0977330207824707
-0.032093167304992676
-0.0019783973693847656
-0.07715559005737305
-0.1351083517074585
-0.12067580223083496
-0.12294554710388184
-0.11102926731109619
0.10456275939941406
-0.057962656021118164
-0.005515575408935547
0.23286676406860352
-0.11651301383972168
-0.024307966232299805
-0.027044057846069336
0.02547013759613037
-0.25000083446502686
-0.18212711811065674
-0.3399977684020996
0.026093006134033203
-0.1928202509880066
-0.058804988861083984
0.04547524452209473
0.03315281867980957
-0.016864776611328125
-0.2808893918991089
-0.20719170570373535
-0.6023848056793213
-0.13668453693389893
0.08644640445709229
0.07001543045043945
-0.2516820430755615
-0.30431175231933594
-0.17388081550598145
-0.1305159330368042
-0.010484933853149414
-0.1587691307067871
0.4536430835723877
0.15715563297271729
0.013331174850463867
-0.1636415719985962
-0.25340914726257324
0.06394577026367188
0.05572652816772461
-0.17255795001983643
-0.18354904651641846
-0.1462421417236328
-0.10245287418365479
-0.1229177713394165
-0.08317184448242188
0.013458728790283203
-0.2172858715057373
-0.5674521923065186
-0.4457509517669678
-0.19447565078735352
0.1385507583618164
-0.18778562545776367
-0.15244388580322266
-0.07344663143157959
-0.10604143142700195
0.09542417526245117
-0.49213218688964844
-0.1771984100341797
-0.45680999755859375
-0.19588398933410645
-0.387554407119751
0.042653560638427734
-0.08190906047821045
-0.02960646152496338
-0.5324337482452393
-0.20612406730651855
-0.07713532447814941
-0.03753507137298584
0.23947596549987793
-0.17402076721191406
-0.2520993947982788
-0.05394434928894043
-0.16323578357696533
0.0075255632400512695
-0.2604854106903076
-0.4533151388168335
-0.29627561569213867
-0.14554905891418457
0.05665183067321777
0.06992459297180176
-0.2653104066848755
-0.1371152400970459
-0.08544862270355225
-0.01778411865234375
-0.010387539863586426
-0.1413954496383667
-0.3941633701324463
0.0655602216720581
0.19276630878448486
-0.023494601249694824
-0.07604306936264038
-0.014314651489257812
0.06516265869140625
0.27695155143737793
-0.06698346138000488
-0.23803162574768066
-0.18751132488250732
0.10273981094360352
-0.05124342441558838
0.12458944320678711
0.10513508319854736
-0.15791022777557373
0.006447911262512207
-0.0631335973739624
-0.22341275215148926
-0.3949378728866577
-0.24522757530212402
-0.18331825733184814
-0.003470301628112793
-0.2728140354156494
-0.03775429725646973
0.42238354682922363
-0.09999620914459229
-0.09372961521148682
0.11967098712921143
0.08074057102203369
-0.031769394874572754
-0.13304519653320312
-0.2116001844406128
-0.14013957977294922
0.9972038269042969
0.0962369441986084
0.10738658905029297
-0.02804386615753174
0.04649460315704346
-0.02842402458190918
-0.10532641410827637
0.01590096950531006
-0.07491850852966309
-0.24270987510681152
-0.26634180545806885
-0.09896469116210938
-0.4196341037750244
0.01271820068359375
-0.17647361755371094
-0.02796304225921631
-0.07570290565490723
-0.010013461112976074
-0.20310473442077637
-0.1457761526107788
-0.1262749433517456
-0.23856592178344727
0.09021186828613281
-0.013939857482910156
-0.1443037986755371
0.1505669355392456
0.06418728828430176
0.09835422039031982
-0.008409857749938965
-0.10047399997711182
0.07995617389678955
-0.3254338502883911
-0.23584866523742676
-0.07652521133422852
-0.13928091526031494
-0.20503640174865723
-0.02698493003845215
-0.21212589740753174
-0.08841073513031006
-0.12504708766937256
-0.03801143169403076
-0.2954084873199463
-0.14852988719940186
0.03568530082702637
-0.1964421272277832
-0.06026268005371094
-0.10309290885925293
0.05916166305541992
-0.1038506031036377
-0.05451035499572754
-0.09102880954742432
0.003935575485229492
-0.34591031074523926
0.042638540267944336
-0.28581011295318604
-0.1830226182937622
-0.01266467571258545
0.02555370330810547
-0.08000469207763672
0.10226774215698242
-0.11497843265533447
-0.22276020050048828
-0.22832083702087402
0.029811859130859375
-0.07730960845947266
-0.2396925687789917
-0.08087396621704102
-0.08132672309875488
-0.3205171227455139
-0.4059014320373535
0.04423928260803223
-0.15380239486694336
-0.20656418800354004
-0.1740041971206665
-0.14995932579040527
0.04862332344055176
-0.24653053283691406
-0.2881808280944824
-0.2830073833465576
-0.11419260501861572
0.05816054344177246
-0.2240300178527832
0.010614871978759766
0.09728896617889404
-0.2598809003829956
0.050821781158447266
-0.20823216438293457
-0.0226973295211792
-0.11512422561645508
-0.020174503326416016
-0.30111587047576904
-0.1115565299987793
0.07965755462646484
-0.20054805278778076
0.11221003532409668
-0.12244582176208496
-0.04603731632232666
-0.2586935758590698
0.020381689071655273
-0.3484926223754883
0.0792233943939209
-0.32907915115356445
-0.17658913135528564
0.0002994537353515625
-0.01654505729675293
-0.23774456977844238
0.1410888433456421
-0.2624533176422119
-0.025050997734069824
0.0100935697555542
-0.06473398208618164
0.08144605159759521
-0.08279979228973389
-0.015022516250610352
-0.10712981224060059
-0.011256933212280273
-0.0375514030456543
0.04220867156982422
-0.40460777282714844
-0.09694194793701172
-0.0015254020690917969
-0.23684990406036377
-0.21278047561645508
-0.12944889068603516
0.1572815179824829
0.04533827304840088
-0.31563031673431396
-0.07265090942382812
-0.2956674098968506
-0.06895732879638672
0.31813883781433105
0.15267562866210938
-0.1559441089630127
-0.04252314567565918
-0.037320852279663086
-0.19540929794311523
-0.27185773849487305
-0.007969975471496582
-0.23504948616027832
-0.15664076805114746
-0.1535320281982422
-0.504511833190918
-0.3575834035873413
-0.14619851112365723
0.11840415000915527
0.027098655700683594
0.07572305202484131
0.021187543869018555
0.00508570671081543
0.23230814933776855
-0.21897649765014648
-0.04065704345703125
0.004699230194091797
0.1411287784576416
0.520511269569397
0.25114893913269043
-0.2935810089111328
-0.1732797622680664
-0.11588048934936523
-0.04760861396789551
-0.017143726348876953
-0.16127002239227295
-0.06678330898284912
-0.13231825828552246
-0.12973308563232422
-0.1360645294189453
-0.24500691890716553
0.008474946022033691
0.10442984104156494
-0.28177809715270996
-0.1673579216003418
-0.21830224990844727
0.2245243787765503
-0.26046133041381836
-0.049268245697021484
-0.01423025131225586
-0.06678926944732666
-0.5410611629486084
-0.17845702171325684
-0.005177974700927734
-0.24705898761749268
-0.2443845272064209
-0.3323420286178589
-0.04982924461364746
-0.027077913284301758
-0.4526326656341553
-0.5544654130935669
-0.031317949295043945
-0.04409825801849365
-0.20196747779846191
-0.17045271396636963
0.09969091415405273
-0.2772512435913086
-0.23874270915985107
0.14952397346496582
-0.00012385845184326172
0.09935188293457031
-0.20001649856567383
-0.1256098747253418
-0.11352300643920898
-0.1627814769744873
-0.29304707050323486
-0.19356286525726318
-0.02046072483062744
-0.16159844398498535
-0.0644751787185669
-0.1733483076095581
-0.34441518783569336
-0.8481336832046509
0.08715415000915527
-0.20425629615783691
-0.19071269035339355
-0.16552233695983887
0.19945740699768066
-0.33934760093688965
-0.044342041015625
-0.24049878120422363
0.14425408840179443
-0.16899526119232178
-0.08816146850585938
-0.05331778526306152
-0.06364631652832031
-0.12499284744262695
0.11143064498901367
-0.5051703453063965
-0.4510207176208496
0.07128250598907471
-0.15196561813354492
-0.13953900337219238
0.011224985122680664
-0.17156267166137695
-0.3065958023071289
0.11272764205932617
0.027242422103881836
-0.2884647846221924
0.02933025360107422
-0.061966896057128906
0.11108851432800293
-0.17693352699279785
-0.3792989253997803
0.0524367094039917
-0.11700499057769775
-0.026816129684448242
0.0006997585296630859
-0.0025811195373535156
-0.29929685592651367
0.08985579013824463
0.24299556016921997
-0.11244332790374756
-0.4082605838775635
-0.2670769691467285
-0.0543065071105957
0.04000234603881836
-0.36807072162628174
-0.0659329891204834
-0.1576913595199585
-0.1471341848373413
-0.01581096649169922
0.07975244522094727
0.16658055782318115
-0.18030452728271484
-0.13131260871887207
-0.21288740634918213
-0.23994958400726318
0.04726243019104004
-0.008080482482910156
-0.17228329181671143
-0.14003896713256836
-0.06532466411590576
-0.09261012077331543
-0.09214329719543457
-0.32253456115722656
-0.03534114360809326
-0.16699469089508057
-0.14130711555480957
-0.06825041770935059
-0.17614424228668213
-0.1873762607574463
-0.24488377571105957
-0.09801924228668213
-0.16319549083709717
-0.22903037071228027
-0.11225306987762451
-0.12157607078552246
-0.10529828071594238
-0.24118924140930176
0.06747746467590332
-0.019568562507629395
-0.4360477924346924
-0.27369189262390137
0.07100951671600342
-0.018545866012573242
-0.26722490787506104
-0.10961413383483887
-0.18552041053771973
-0.17608261108398438
-0.25883519649505615
-0.38610613346099854
0.10146725177764893
-0.04274642467498779
-0.354633092880249
0.11766314506530762
-0.23068952560424805
-0.08244860172271729
-0.32116007804870605
-0.13626408576965332
-0.08635032176971436
0.13859224319458008
0.08003485202789307
-0.12658333778381348
-0.1071171760559082
-0.0320131778717041
-0.4343308210372925
0.06430435180664062
0.14231598377227783
-0.2804429531097412
-0.2958564758300781
0.02512681484222412
-0.0014623403549194336
0.2850372791290283
-0.30388176441192627
-0.2608191967010498
0.007359743118286133
0.26436829566955566
-0.11837029457092285
-0.45226597785949707
-0.14372968673706055
-0.051244497299194336
-0.28018641471862793
-0.0037648677825927734
0.014242768287658691
-0.25209081172943115
-0.2143014669418335
0.052393555641174316
-0.2766270637512207
-0.06183362007141113
-0.04950904846191406
0.005369663238525391
-0.037787675857543945
-0.00708162784576416
-0.4737386703491211
-0.09697866439819336
-0.0785069465637207
-0.1036522388458252
0.06959676742553711
-0.26228904724121094
-0.008930087089538574
-0.18486690521240234
-0.18962454795837402
-0.16411197185516357
-0.6415450572967529
-0.00454103946685791
0.05841934680938721
-0.1934572458267212
-0.12836861610412598
-0.05064284801483154
-0.0035151243209838867
0.04730713367462158
-0.2658414840698242
-0.050380706787109375
-0.39765000343322754
0.23177886009216309
-0.03200840950012207
-0.30095696449279785
-0.292067289352417
-0.24568963050842285
-0.07429814338684082
0.10942435264587402
0.15276598930358887
-0.059879422187805176
-0.07924675941467285
-0.1738903522491455
-0.07649457454681396
0.01654636859893799
0.01858830451965332
0.08326005935668945
-0.04099714756011963
-0.4748572111129761
-0.3243408203125
-0.23966848850250244
0.14644670486450195
-0.3678102493286133
0.4291961193084717
-0.3459123373031616
-0.16731607913970947
0.04371786117553711
-0.040239691734313965
0.07336544990539551
-0.11772775650024414
-0.49967706203460693
0.14890551567077637
-0.04146146774291992
-0.34306108951568604
-0.12900424003601074
-0.04623568058013916
0.05529451370239258
-0.41971731185913086
-0.1582854986190796
-0.015842556953430176
-0.20281314849853516
-0.33589017391204834
0.04602158069610596
0.1323922872543335
0.1475437879562378
0.06185460090637207
-0.2895315885543823
-0.02542257308959961
-0.040329575538635254
-0.03937816619873047
-0.08266448974609375
0.01755976676940918
-0.2789032459259033
-0.007461071014404297
-0.02218484878540039
-0.04713726043701172
-0.26069414615631104
-0.23363757133483887
-0.21287894248962402
-0.35765206813812256
-0.2459259033203125
0.004973769187927246
-0.3069727420806885
-0.21981918811798096
-0.051305532455444336
-0.03674972057342529
-0.026836156845092773
-0.1043088436126709
-0.10737824440002441
-0.07345235347747803
0.021767616271972656
-0.14984607696533203
-0.2047799825668335
-0.271587610244751
0.11836934089660645
-0.08739757537841797
-0.19834160804748535
-0.14918184280395508
-0.32902979850769043
-0.25661778450012207
-0.05972123146057129
0.1802271604537964
-0.16601073741912842
-0.27229809761047363
-0.015976428985595703
-0.172934889793396
-0.0643625259399414
-0.147536039352417
-0.12987661361694336
-0.15413951873779297
-0.09972107410430908
-0.16305756568908691
0.13143610954284668
-0.22854042053222656
0.07824850082397461
0.06526589393615723
-0.10082197189331055
0.01682460308074951
-0.05970799922943115
0.15070605278015137
-0.05881953239440918
-0.04946625232696533
-0.037528038024902344
0.0006273984909057617
-0.1972498893737793
-0.18561267852783203
-0.1548163890838623
-0.3639342784881592
-0.02832508087158203
-0.034079551696777344
-0.29621827602386475
-0.19469380378723145
-0.30238163471221924
0.002813100814819336
-0.33564090728759766
-0.20859885215759277
0.19221806526184082
-0.059731245040893555
-0.09367859363555908
-0.0029783248901367188
-0.2520153522491455
0.14702606201171875
-0.139573335647583
-0.12620007991790771
0.14233183860778809
0.22719383239746094
-0.23250579833984375
-0.22029829025268555
-0.214064359664917
-0.19531607627868652
-0.3381584882736206
-0.3961009979248047
-0.18470847606658936
-0.27360987663269043
-0.3631019592285156
-0.24145293235778809
-0.2578308582305908
0.15267658233642578
-0.12001228332519531
0.25995028018951416
-0.08323812484741211
-0.08910322189331055
-0.008080601692199707
-0.2787497043609619
-0.05033767223358154
0.006410121917724609
-0.1308901309967041
0.026145219802856445
0.08657515048980713
-0.15670287609100342
-0.03884315490722656
-0.16216254234313965
-0.10828983783721924
0.11630094051361084
0.0774528980255127
0.00286102294921875
-0.5205199718475342
-0.14268314838409424
-0.0230637788772583
-0.30960893630981445
0.06362581253051758
-0.09552168846130371
-0.333005428314209
-0.11822307109832764
-0.11934876441955566
-0.10487961769104004
0.07073664665222168
-0.3937976360321045
-0.34398746490478516
-0.011652350425720215
-0.5220277309417725
-0.23636746406555176
0.035952091217041016
0.04305624961853027
-0.47341251373291016
0.4734472632408142
-0.4632234573364258
-0.25416088104248047
-0.2612060308456421
-0.28795313835144043
-0.10439836978912354
-0.1376943588256836
0.06994223594665527
0.10495162010192871
0.10114336013793945
-0.022638797760009766
0.015319108963012695
-0.08627057075500488
-0.4563966989517212
-0.14612948894500732
-0.5624984502792358
-0.736728310585022
0.030892133712768555
-0.3128681182861328
0.0619279146194458
0.04475855827331543
-0.16070079803466797
0.055898189544677734
-0.2317725419998169
-0.0549548864364624
0.014548301696777344
0.006998538970947266
-0.12923848628997803
-0.01408231258392334
0.03933250904083252
-0.19574570655822754
-0.23395729064941406
-0.46458232402801514
-0.29195404052734375
0.061838507652282715
-0.002602696418762207
-0.02910470962524414
-0.23231637477874756
-0.007352352142333984
-0.4150967597961426
-0.07140231132507324
0.05278909206390381
-0.03277325630187988
-0.2371213436126709
-0.1700725555419922
-0.07326483726501465
-0.09759140014648438
-0.18608999252319336
-0.04294288158416748
0.02457880973815918
0.049684762954711914
-0.011614680290222168
0.12420547008514404
0.06810665130615234
-0.16971397399902344
-0.1260969638824463
-0.1443464756011963
-0.45601654052734375
-0.23239398002624512
0.15370047092437744
0.07104313373565674
0.07927989959716797
-0.09000289440155029
0.08530068397521973
-0.2529921531677246
-0.21501469612121582
-0.05077075958251953
0.042214155197143555
0.08181047439575195
-0.04567158222198486
0.003215789794921875
0.12196093797683716
-0.3950657844543457
0.1312856674194336
0.051091670989990234
0.01632678508758545
-0.4027566909790039
-0.4684640169143677
0.13603520393371582
-0.01574122905731201
-0.18217182159423828
-0.11715614795684814
-0.2977358102798462
-0.18037855625152588
-0.19364559650421143
-0.05640244483947754
-0.15619254112243652
-0.34246039390563965
0.17641687393188477
-0.054502248764038086
-0.40228986740112305
-0.1800367832183838
0.2033841609954834
0.18813610076904297
-0.5355894565582275
-0.24418962001800537
-0.1718919277191162
-0.04170072078704834
-0.05071544647216797
-0.150040864944458
-0.02945685386657715
-0.22369790077209473
-0.0755845308303833
-0.01770329475402832
-0.18207132816314697
-0.18332338333129883
0.17029237747192383
-0.25702059268951416
-0.5115242004394531
0.05598151683807373
-0.04382145404815674
-0.33685624599456787
-0.09072017669677734
0.15655088424682617
-0.3572978973388672
-0.40946173667907715
-0.08223831653594971
-0.2554575204849243
-0.2936897277832031
-0.30495214462280273
-0.0034693479537963867
-0.48814475536346436
-0.004738211631774902
0.13467109203338623
0.09952259063720703
0.05041468143463135
-0.08320856094360352
-0.06803512573242188
-0.21186411380767822
-0.10096526145935059
-0.20839142799377441
-0.2856558561325073
0.04782235622406006
0.10990560054779053
-0.05398261547088623
-0.06439679861068726
-0.01575148105621338
0.019420266151428223
0.03404223918914795
-0.4123448133468628
0.117439866065979
-0.19648528099060059
-0.3047904968261719
0.20983660221099854
-0.18916785717010498
0.09398186206817627
-0.25084006786346436
-0.0727241039276123
-0.1092069149017334
-0.1613905429840088
0.10698568820953369
-0.411360502243042
-0.5327304005622864
-0.21360766887664795
-0.05659747123718262
0.1533294916152954
-0.17302238941192627
-0.29973411560058594
-0.2612656354904175
0.04394721984863281
-0.22488903999328613
-0.3011859655380249
-0.01563441753387451
-0.06510090827941895
-0.20386385917663574
-0.3543705940246582
-0.15160441398620605
-0.1772918701171875
-0.21066832542419434
0.025583267211914062
-0.2078380584716797
-0.15682554244995117
-0.6137627363204956
-0.12883591651916504
-0.03288280963897705
-0.05426192283630371
-0.0012727975845336914
-0.2537156343460083
-0.13305509090423584
-0.7757563591003418
-0.06910061836242676
-0.47940778732299805
0.2212388515472412
-0.032535552978515625
-0.6955316066741943
0.08309304714202881
0.10233902931213379
-0.016434073448181152
-0.02320992946624756
-0.30033373832702637
-0.3250548839569092
-0.018203020095825195
0.03815960884094238
0.1709533929824829
-0.1955718994140625
-0.13589906692504883
0.21497654914855957
-0.6470624208450317
-0.13132262229919434
-0.16453313827514648
-0.16892647743225098
-0.31360042095184326
-0.1439354419708252
-0.25688648223876953
-0.2654714584350586
-0.36770904064178467
-0.057786643505096436
-0.07190585136413574
-0.04011404514312744
-0.2008291482925415
-0.3169978857040405
0.12753713130950928
0.05190110206604004
-0.052564144134521484
0.08653044700622559
0.12372100353240967
0.11123502254486084
0.07526147365570068
-0.325054407119751
-0.20500195026397705
-0.0784602165222168
-0.11341488361358643
-0.23042738437652588
-0.16373932361602783
-0.10495543479919434
-0.43557512760162354
-0.24313855171203613
0.03756403923034668
-0.23270130157470703
-0.14807820320129395
-0.013848423957824707
-0.09824705123901367
-0.313822865486145
-0.4383234977722168
-0.08025729656219482
-0.26738667488098145
-0.11283183097839355
-0.06932628154754639
0.03616297245025635
0.43242406845092773
0.09073340892791748
-0.3573629856109619
0.007343769073486328
0.04590809345245361
-0.2744560241699219
-0.0770113468170166
0.05528855323791504
-0.03661847114562988
-0.4602699279785156
-0.14100730419158936
-0.31069791316986084
-0.06243741512298584
-0.26246631145477295
-0.14967083930969238
0.06166040897369385
-0.0815972089767456
-0.023058414459228516
-0.16778254508972168
-0.28659749031066895
-0.2754209041595459
0.03915596008300781
-0.041642069816589355
0.050961852073669434
-0.11715042591094971
0.02602362632751465
0.05947268009185791
-0.21718549728393555
-0.0942223072052002
0.02283930778503418
0.0010279417037963867
-0.2772151231765747
-0.13525176048278809
-0.24939703941345215
0.00044405460357666016
-0.2046428918838501
0.014330506324768066
-0.05160963535308838
-0.0089341402053833
-0.14061462879180908
-0.12803316116333008
-0.44715118408203125
0.018458843231201172
0.04700148105621338
-0.1706768274307251
-0.4319319725036621
-0.0818626880645752
0.046388864517211914
0.10590064525604248
-0.42100954055786133
-0.31816089153289795
-0.20487403869628906
-0.41877782344818115
-0.19415640830993652
-0.18732154369354248
0.1592121124267578
-0.3167001008987427
0.08502960205078125
-0.5911476612091064
-0.281951904296875
-0.22498607635498047
0.1095353364944458
-0.037070274353027344
0.052742719650268555
0.17263662815093994
-0.14588356018066406
-0.19569742679595947
-0.09737801551818848
-0.4388338327407837
-0.33820414543151855
0.12371015548706055
-0.14313197135925293
-0.41611921787261963
0.03424835205078125
-0.04583263397216797
0.005650520324707031
0.1145867109298706
-0.16410541534423828
-0.06433022022247314
-0.10725247859954834
-0.07901144027709961
0.20703792572021484
-0.09458041191101074
-0.06364321708679199
0.2567143440246582
0.20279359817504883
-0.0680922269821167
-0.23092496395111084
-0.12269437313079834
-0.12774336338043213
-0.018620014190673828
-0.33340299129486084
0.2623171806335449
0.19067394733428955
-0.16798841953277588
-0.15363097190856934
0.005894064903259277
0.05292463302612305
0.08183765411376953
-0.11603116989135742
-0.6597049236297607
-0.16856682300567627
0.01651322841644287
-0.30627357959747314
-0.15819311141967773
-0.3131747245788574
-0.04059743881225586
-0.31386423110961914
-0.23078227043151855
-0.016419053077697754
-0.08628988265991211
0.055724382400512695
0.13509654998779297
-0.3621417284011841
-0.038256168365478516
-0.21299517154693604
0.024432897567749023
0.040434837341308594
0.00426483154296875
-0.0909276008605957
-0.32236719131469727
0.09181201457977295
-0.07004046440124512
0.036472201347351074
0.09576570987701416
-0.15981316566467285
-0.05530500411987305
-0.07867848873138428
-0.34559476375579834
-0.1388099193572998
-0.012167692184448242
0.019418954849243164
-0.21327054500579834
0.19905853271484375
-0.11528658866882324
-0.49649977684020996
0.07110774517059326
-0.14981722831726074
0.10744297504425049
0.08388972282409668
-0.04547548294067383
-0.16229140758514404
0.09079718589782715
-0.3039737939834595
-0.03616440296173096
0.06784451007843018
-0.07935929298400879
-0.20031499862670898
0.1231997013092041
0.02669692039489746
0.1267634630203247
-0.37463676929473877
0.06537258625030518
0.010826587677001953
-0.04779493808746338
0.055165648460388184
-0.34851551055908203
-0.07860267162322998
0.02812492847442627
-0.26677119731903076
-0.4407542943954468
-0.06386959552764893
0.22915291786193848
-0.022620201110839844
-0.47347092628479004
-0.06101822853088379
-0.2064300775527954
-0.09792518615722656
-0.3789491653442383
-0.36609888076782227
-0.14414191246032715
-0.41467905044555664
0.09812033176422119
-0.38319313526153564
-0.019670963287353516
-0.09736931324005127
-0.23152577877044678
-0.17773056030273438
-0.24396014213562012
0.14404892921447754
-0.32415449619293213
-0.10296416282653809
0.058115601539611816
-0.34537672996520996
0.012363553047180176
-0.19510483741760254
-0.16461396217346191
-0.2244861125946045
-0.03969705104827881
-0.012717247009277344
-0.200469970703125
-0.3023660182952881
-0.45203447341918945
0.20867204666137695
-0.23293066024780273
-0.10346066951751709
-0.02687668800354004
-0.08268022537231445
-0.09282827377319336
-0.06143367290496826
-0.0896158218383789
-0.0172044038772583
0.07217049598693848
-0.34104204177856445
0.12313425540924072
-0.005928993225097656
-0.1443309783935547
0.0993032455444336
-0.09684276580810547
-0.10238337516784668
-0.03731226921081543
-0.0033795833587646484
0.0021740198135375977
-0.4041473865509033
0.0018429756164550781
-0.25732970237731934
-0.10810971260070801
-0.3720526695251465
-0.3032490015029907
-0.3085818290710449
-0.07121002674102783
-0.02163851261138916
-0.19663572311401367
-0.3325622081756592
-0.004589438438415527
0.03280472755432129
0.04874300956726074
-0.24013853073120117
0.044728875160217285
0.011012792587280273
0.28349530696868896
0.057271361351013184
-0.2995891571044922
-0.04516708850860596
-0.14073216915130615
-0.24562311172485352
0.19894123077392578
0.09440064430236816
-0.2150282859802246
-0.09787046909332275
-0.4507136344909668
-0.28144800662994385
0.03775990009307861
-0.03318452835083008
0.07223641872406006
-0.34556567668914795
-0.28117096424102783
-0.15931355953216553
-0.17395997047424316
-0.3061237335205078
-0.15311479568481445
0.042540788650512695
-0.6581546068191528
-0.09882307052612305
-0.21748483180999756
-0.3776282072067261
-0.0842900276184082
0.003588438034057617
-0.41643261909484863
0.009805560111999512
-0.228285551071167
-0.29343247413635254
-0.1576063632965088
-0.18786674737930298
0.07766413688659668
-0.006094455718994141
-0.08405351638793945
-0.27340710163116455
-0.2796124219894409
-0.13139557838439941
-0.1204911470413208
0.03713870048522949
-0.28092455863952637
-0.13106751441955566
-0.24781489372253418
-0.23621702194213867
-0.14350581169128418
-0.22393882274627686
-0.1260371208190918
0.12141716480255127
0.020994901657104492
-0.22553545236587524
-0.256628155708313
0.08788001537322998
-0.37528419494628906
-0.15348267555236816
-0.05309486389160156
-0.18342387676239014
0.045802950859069824
0.061028242111206055
-0.17226219177246094
0.3175506591796875
-0.09609723091125488
-0.1448272466659546
-0.22359156608581543
-0.03040623664855957
-0.009500741958618164
0.2147144079208374
-0.08545339107513428
-0.37305688858032227
-0.026036620140075684
-0.737180233001709
0.08946871757507324
-0.024225950241088867
0.04151153564453125
-0.12343597412109375
-0.23460102081298828
0.11016035079956055
-0.33399713039398193
-0.09453725814819336
-0.25741541385650635
-0.12816143035888672
-0.007927298545837402
0.01956772804260254
0.18903720378875732
0.03419053554534912
-0.13895678520202637
-0.1612335443496704
0.012397408485412598
-0.03319418430328369
-0.11899101734161377
0.0808413028717041
0.15519773960113525
0.3038337230682373
0.12199234962463379
-0.25255417823791504
0.10783123970031738
-0.018950223922729492
0.19126129150390625
-0.14618778228759766
-0.06892919540405273
-0.169197678565979
-0.1728130578994751
-0.0452275276184082
-0.11981320381164551
-0.01591801643371582
-0.0010172128677368164
0.2505910396575928
-0.06284213066101074
-0.2125457525253296
-0.3281669616699219
0.06710928678512573
-0.0844719409942627
-0.20359468460083008
-0.1770939826965332
-0.7564319372177124
-0.029404401779174805
-0.18336212635040283
-0.4111369848251343
-0.3604562282562256
-0.35111403465270996
-0.0688619613647461
0.030509471893310547
-0.08924400806427002
-0.05552482604980469
-0.19199442863464355
-0.19493675231933594
-0.20250391960144043
-0.18688464164733887
-0.08074641227722168
-0.017397046089172363
0.17032015323638916
-0.09453558921813965
-0.13527965545654297
-0.017853379249572754
-0.1376354694366455
-0.15061748027801514
-0.09672212600708008
-0.32251060009002686
-0.04674673080444336
-0.21348237991333008
0.0757908821105957
-0.24986374378204346
-0.06476712226867676
-0.1510930061340332
-0.14137041568756104
-0.10797727108001709
-0.39403653144836426
0.03377354145050049
0.0628972053527832
-0.15098357200622559
0.016451120376586914
-0.14569318294525146
-0.20655691623687744
-0.27481865882873535
-0.05805039405822754
-0.4545978307723999
-0.2563941478729248
-0.02169036865234375
0.29697704315185547
-0.01558542251586914
0.06084084510803223
0.16052579879760742
0.03812575340270996
-0.2628055810928345
-0.037886619567871094
0.27700555324554443
-0.013114094734191895
-0.043681979179382324
-0.04740190505981445
-0.2300475835800171
-0.1047065258026123
-0.25099778175354004
-0.24477601051330566
-0.016240596771240234
-0.2302616834640503
-0.2794060707092285
0.07190501689910889
-0.24884796142578125
0.2401256561279297
-0.1076657772064209
-0.06129300594329834
-0.10447824001312256
-0.1729828119277954
-0.008410453796386719
0.26651835441589355
-0.25007879734039307
0.04742312431335449
0.040495872497558594
0.15537571907043457
0.04168701171875
-0.26824653148651123
-0.2738831043243408
-0.4754965305328369
-0.3572978973388672
-0.07556450366973877
-0.052474021911621094
0.001190781593322754
-0.42380475997924805
0.2404954433441162
0.05951535701751709
-0.1635451316833496
-0.4726085662841797
0.031246185302734375
-0.2157764434814453
-0.3426213264465332
-0.043652892112731934
0.08985912799835205
0.30620110034942627
0.005684971809387207
-0.4811439514160156
-0.24769842624664307
0.16022121906280518
-0.06645488739013672
-0.28618085384368896
-0.022140145301818848
-0.006532788276672363
0.10211706161499023
-0.1182858943939209
-0.08500981330871582
-0.30190491676330566
-0.3873544931411743
-0.4215482473373413
-0.16396009922027588
0.06645393371582031
0.47336411476135254
-0.40691494941711426
-0.20587849617004395
-0.2684839963912964
-0.25203871726989746
-0.416424036026001
-0.12468218803405762
-0.1789093017578125
-0.1814793348312378
-0.459348201751709
-0.17980122566223145
-0.2807977795600891
-0.1834702491760254
-0.0380854606628418
-0.00349271297454834
-0.38101089000701904
0.08246493339538574
-0.2847135066986084
-0.32424890995025635
-0.3860037326812744
-0.21635913848876953
0.2889213562011719
-0.05656599998474121
-0.0575566291809082
-0.11890983581542969
0.055100202560424805
0.11821341514587402
-0.18171358108520508
-0.11098659038543701
-0.2514404058456421
-0.07298529148101807
-0.010252833366394043
0.15405869483947754
-0.5967328548431396
-0.046885013580322266
-0.0702781081199646
-0.08896565437316895
-0.1039736270904541
-0.039246320724487305
-0.07587909698486328
-0.025600671768188477
-0.12764906883239746
-0.1079643964767456
-0.16656148433685303
-0.1350957155227661
-0.39743733406066895
-0.38991570472717285
0.08494830131530762
0.1512659788131714
-0.27431392669677734
0.23775315284729004
-0.44534873962402344
-0.20269501209259033
0.20377898216247559
-0.4575761556625366
-0.2516576051712036
-0.15692782402038574
-0.1547253131866455
-0.2451319694519043
-0.7734237909317017
-0.3426213264465332
0.12386703491210938
-0.2308140993118286
0.09498417377471924
-0.29891836643218994
-0.25365519523620605
-0.21007394790649414
-0.01662921905517578
-0.15644192695617676