0.29779839515686035
0.48795413970947266
0.1582779884338379
0.11047255992889404
-0.10253655910491943
-0.15462589263916016
0.14365148544311523
-0.0269317626953125
-0.15493440628051758
0.15303575992584229
0.2064676284790039
0.0548703670501709
0.12156891822814941
-0.07454419136047363
0.35453248023986816
0.12089109420776367
0.1922072172164917
-0.1164313554763794
0.0141829252243042
0.14349913597106934
-0.1819307804107666
-0.21570515632629395
0.02869737148284912
0.5076490640640259
0.2267993688583374
-0.17554497718811035
0.21004581451416016
0.2422795295715332
0.034537553787231445
-0.10661303997039795
0.15962612628936768
0.11073195934295654
0.2600451707839966
0.1367785930633545
-0.0478665828704834
-0.42709946632385254
0.4281775951385498
0.13949990272521973
0.02133011817932129
0.11837470531463623
0.2881898880004883
0.2512396574020386
0.08271074295043945
1.0039671659469604
0.030275344848632812
-0.2279376983642578
0.2997218370437622
-0.17992448806762695
0.5107789039611816
0.2745143175125122
0.12178075313568115
0.38855624198913574
0.592566728591919
0.42363619804382324
0.1952228546142578
-0.21758759021759033
0.5618187189102173
0.2607358694076538
0.13467657566070557
0.29851698875427246
0.09796321392059326
0.5188567638397217
0.2997918128967285
-0.11295485496520996
0.27892446517944336
0.20094215869903564
-0.018602609634399414
0.5278116464614868
0.1651599407196045
0.0055342912673950195
0.17432236671447754
0.26072192192077637
-0.2896186113357544
-0.05242431163787842
-0.424166202545166
0.3751411437988281
0.01649487018585205
0.543658971786499
0.21536457538604736
0.34796035289764404
-0.11434423923492432
-0.0734870433807373
-0.2920849323272705
0.06877708435058594
-0.0011451244354248047
-0.2351527214050293
0.29712045192718506
0.3770880699157715
0.24331402778625488
0.055352091789245605
-0.015303373336791992
0.16621851921081543
-0.18135380744934082
0.4310804605484009
0.2277662754058838
0.43490302562713623
-0.18222558498382568
0.2640305757522583
0.3243098258972168
0.188897967338562
-0.12152624130249023
-0.08280777931213379
0.06366431713104248
-0.32506394386291504
0.3411569595336914
0.24392032623291016
0.3353922367095947
0.13826203346252441
-0.06495106220245361
0.05732011795043945
-0.26541364192962646
0.22012686729431152
0.2585763931274414
0.40055251121520996
-0.04566693305969238
0.06585264205932617
-0.1700206995010376
0.2687854766845703
-0.04832315444946289
0.14966273307800293
0.2303684949874878
0.09393548965454102
0.011603951454162598
0.23747050762176514
-0.09759092330932617
0.3387603759765625
0.010892748832702637
-0.23826324939727783
0.39250338077545166
-0.27316737174987793
0.3129134178161621
-0.21912193298339844
0.17777538299560547
-0.08281433582305908
-0.006770491600036621
-0.20636630058288574
-0.25261151790618896
0.2134416103363037
0.3522636890411377
-0.09397017955780029
-0.21060419082641602
0.7062408924102783
0.17122483253479004
0.8743166923522949
0.16576755046844482
0.732667088508606
-0.06742358207702637
0.14382493495941162
0.14986371994018555
-0.04373645782470703
-0.09823215007781982
-0.07562315464019775
0.378662109375
0.1102895736694336
0.0045899152755737305
-0.008478522300720215
0.379397988319397
-0.0406041145324707
0.3311479091644287
0.04071331024169922
0.2622493505477905
0.16751134395599365
0.049312472343444824
0.06069159507751465
0.13814854621887207
0.9639947414398193
0.11930572986602783
0.2590303421020508
0.0662992000579834
-0.11803591251373291
0.03359663486480713
0.5694416761398315
0.2974865436553955
0.05345594882965088
0.24639832973480225
-0.076751708984375
-0.23875212669372559
0.2780437469482422
-0.29804813861846924
-0.04025411605834961
-0.06365621089935303
0.16161870956420898
0.21568596363067627
0.13306963443756104
-0.022834300994873047
0.4328233003616333
-0.036095380783081055
0.13848626613616943
0.5173131227493286
0.2201533317565918
-0.14894747734069824
0.31174659729003906
0.42390871047973633
0.08014297485351562
-0.018192648887634277
0.09122955799102783
0.5325933694839478
-0.14913463592529297
0.04281330108642578
0.11889970302581787
0.44112884998321533
-0.38617467880249023
0.043685197830200195
-0.30508124828338623
-0.13994407653808594
0.22082257270812988
0.08959293365478516
-0.1501864194869995
0.5823042392730713
-0.04568195343017578
0.40920186042785645
-0.5811474323272705
-0.1522148847579956
0.3933817148208618
0.1375870704650879
-0.13832402229309082
0.07045125961303711
0.0982213020324707
0.2431248426437378
0.023308992385864258
-0.010056853294372559
0.08575952053070068
-0.08714377880096436
-0.46555233001708984
-0.19295525550842285
0.21234536170959473
0.11374008655548096
0.3765523433685303
0.6211827993392944
0.4484318494796753
-0.2005312442779541
-0.29325568675994873
-0.030613422393798828
0.05682027339935303
0.1520993709564209
0.10386323928833008
-0.09747719764709473
0.04656326770782471
0.18323206901550293
-0.19643723964691162
0.3134949207305908
0.14840412139892578
-0.3061290979385376
0.09921157360076904
-0.08701789379119873
0.188734769821167
0.39049041271209717
0.19084978103637695
-0.162750244140625
0.14769160747528076
0.41696953773498535
0.5104198455810547
-0.08694279193878174
-0.132757306098938
0.30208563804626465
-0.017392873764038086
0.05803477764129639
0.15909969806671143
-0.01426708698272705
0.059681057929992676
-0.10336077213287354
-0.3288087844848633
0.3598597049713135
0.11883807182312012
0.14730525016784668
0.3191499710083008
0.24000394344329834
0.059398651123046875
-0.06720197200775146
0.12034618854522705
-0.08104085922241211
-0.010596275329589844
-0.01753365993499756
0.260067343711853
0.220070481300354
0.03816413879394531
0.4455587863922119
0.2987387180328369
0.0697484016418457
0.14621400833129883
-0.10467684268951416
0.07327258586883545
0.35967540740966797
-0.132898211479187
0.11017239093780518
0.0121917724609375
0.29331326484680176
-0.059874892234802246
0.08636176586151123
-0.01641666889190674
0.15729260444641113
-0.00023186206817626953
0.27239036560058594
-0.3401573896408081
0.1762068271636963
0.2541605234146118
-0.08478045463562012
0.08362698554992676
0.16787612438201904
0.2169322967529297
0.07442378997802734
-0.06375062465667725
0.062143683433532715
-0.007057070732116699
0.15585219860076904
-0.005190372467041016
0.42006003856658936
0.27890539169311523
0.10760438442230225
0.02246236801147461
0.23213505744934082
0.4304842948913574
0.2297278642654419
-0.0708153247833252
0.20415616035461426
0.12093472480773926
0.26138949394226074
0.13593649864196777
-0.020188570022583008
0.4947819709777832
-0.030658245086669922
0.42240262031555176
0.38875532150268555
0.0448988676071167
-0.12007057666778564
0.19202613830566406
0.03683972358703613
0.26484620571136475
0.33982110023498535
-0.038938164710998535
0.17287683486938477
0.10235178470611572
0.32035553455352783
0.1866605281829834
0.17305946350097656
0.17871463298797607
0.19429147243499756
0.6619755029678345
-0.021975398063659668
-0.09037423133850098
-0.3388742208480835
0.25707006454467773
0.1813201904296875
0.5206081867218018
0.11239349842071533
0.3675658702850342
0.6246229410171509
0.30479633808135986
-0.23914504051208496
0.19126880168914795
-0.018951416015625
-0.15695297718048096
0.10872066020965576
-0.11217033863067627
0.1604752540588379
0.32190048694610596
0.1871356964111328
0.12071800231933594
0.19325017929077148
-0.17353951930999756
0.4875706434249878
-0.2078002691268921
0.14909815788269043
0.1325916051864624
0.3267024755477905
0.3123542070388794
-0.20274174213409424
-0.19352471828460693
0.519625186920166
0.06542623043060303
-0.07330489158630371
0.015891194343566895
-0.028679251670837402
0.022273898124694824
0.2132112979888916
0.009749531745910645
0.16587018966674805
0.5044088363647461
0.3032550811767578
0.274328351020813
0.034929752349853516
0.3698544502258301
0.3131812810897827
-0.015413045883178711
0.041042327880859375
0.1484215259552002
-0.06153857707977295
0.196891188621521
0.16872882843017578
0.10600161552429199
-0.06639814376831055
-0.173514723777771
0.035015225410461426
0.24373185634613037
-0.13988780975341797
0.08749628067016602
0.10234928131103516
0.528533935546875
0.14669227600097656
-0.29348480701446533
-0.04976069927215576
0.39217865467071533
0.2511122226715088
0.35418665409088135
-0.010442733764648438
0.3981117010116577
0.4912900924682617
0.1858757734298706
-0.10880136489868164
0.15277647972106934
0.28900837898254395
0.04412543773651123
0.15584444999694824
0.1447288990020752
0.3342188596725464
-0.07165277004241943
-0.07558822631835938
-0.16299009323120117
0.13332927227020264
-0.17911064624786377
-0.3092660903930664
0.12371039390563965
0.11618530750274658
0.03435540199279785
-0.018224477767944336
0.0626668930053711
0.18369150161743164
-0.637942910194397
0.16062593460083008
0.38876664638519287
0.11058449745178223
0.3680844306945801
0.21373188495635986
-0.12667179107666016
0.0066030025482177734
0.2760488986968994
-0.3421727418899536
-0.02156198024749756
-0.07057225704193115
0.37662220001220703
0.11198019981384277
0.17024028301239014
-0.08262503147125244
0.3687504529953003
-0.0037834644317626953
0.3746187686920166
0.5918354988098145
0.2881734371185303
0.2823086977005005
0.1169731616973877
-0.0948021411895752
0.3555978536605835
-0.08011960983276367
-0.021407008171081543
0.018610119819641113
0.48274266719818115
0.08895981311798096
-0.04561138153076172
-0.23250126838684082
-0.09583115577697754
0.42091405391693115
0.19555044174194336
0.4742906093597412
0.4434155225753784
-0.03479659557342529
0.13088977336883545
0.2554659843444824
0.17970526218414307
0.08155786991119385
0.04246699810028076
0.1602022647857666
0.4149223566055298
0.2956637144088745
0.23563480377197266
0.11573183536529541
0.20389270782470703
0.39082014560699463
0.16136109828948975
0.29350996017456055
0.4905296564102173
0.465770959854126
0.19797885417938232
0.191947340965271
-0.13384437561035156
0.39242100715637207
0.11851632595062256
0.5280349254608154
0.0029821395874023438
0.3544728755950928
-0.04039454460144043
0.26829051971435547
0.07431173324584961
0.08349573612213135
0.32386529445648193
0.133103609085083
-0.10440206527709961
0.3374192714691162
0.361880898475647
-0.12488138675689697
0.18730175495147705
0.23353087902069092
0.3066021203994751
0.18486809730529785
-9.644031524658203e-05
0.08594012260437012
0.1802138090133667
0.10366320610046387
-0.05517566204071045
0.35601580142974854
0.33671557903289795
-0.09864687919616699
0.4135434627532959
0.34553825855255127
0.48169779777526855
0.49481427669525146
0.3571676015853882
-0.14252972602844238
0.004324793815612793
0.25530076026916504
0.003508925437927246
0.2007516622543335
-0.04846763610839844
-0.012792587280273438
-0.2712733745574951
0.264715313911438
-0.03530430793762207
0.2532162666320801
0.38566529750823975
-0.21453344821929932
-0.41023504734039307
0.13017237186431885
0.7440277338027954
-0.03537249565124512
0.14581501483917236
0.3603806495666504
0.33548951148986816
0.2970086336135864
0.15943431854248047
0.14775466918945312
0.4466125965118408
-0.32401537895202637
-0.08861362934112549
0.3892432451248169
0.33237671852111816
0.32447218894958496
0.3786243200302124
0.000863194465637207
0.3230830430984497
0.3975081443786621
-0.013385653495788574
0.2936455011367798
0.1844395399093628
-0.25806236267089844
0.3625251054763794
0.043444156646728516
0.15941989421844482
0.04663693904876709
-0.10886919498443604
0.07024705410003662
-0.00898432731628418
0.22262847423553467
0.7305401563644409
0.383586049079895
-0.21113216876983643
0.4015542268753052
-0.08764612674713135
0.12427413463592529
0.06901669502258301
0.3126034736633301
0.34891629219055176
-0.07808876037597656
-0.03978455066680908
0.0834580659866333
-0.17233097553253174
0.05507934093475342
0.21171343326568604
-0.015174627304077148
0.4750373363494873
0.2797001600265503
0.1158379316329956
0.099357008934021
0.23582243919372559
0.26726365089416504
0.12816154956817627
0.3064616918563843
0.6855034828186035
-0.022635936737060547
0.02419412136077881
0.19987773895263672
0.07953906059265137
0.07994198799133301
0.1398770809173584
-0.007272005081176758
0.18386578559875488
-0.185052752494812
0.4838470220565796
0.17885708808898926
-0.003394603729248047
-0.05256307125091553
-0.03268563747406006
-0.21818029880523682
-0.25262343883514404
-0.08055007457733154
-0.005950450897216797
0.07317733764648438
-0.3374311923980713
0.08328032493591309
0.19552528858184814
0.17192840576171875
0.0022203922271728516
0.3087116479873657
-0.12952470779418945
0.04304075241088867
0.012406110763549805
0.32076942920684814
0.05035078525543213
0.2998995780944824
0.4271639585494995
0.011855721473693848
0.0029783248901367188
0.12060511112213135
-0.001839756965637207
0.1399064064025879
-0.274455189704895
0.0890125036239624
0.5922859907150269
-0.44997262954711914
-0.07866716384887695
0.3100123405456543
-0.05685389041900635
-0.10350406169891357
0.046981096267700195
0.2165769338607788
0.594928503036499
0.2786593437194824
0.034006714820861816
-0.028597593307495117
-0.1824352741241455
-0.031935811042785645
0.1886303424835205
0.02869594097137451
0.04828953742980957
0.1829451322555542
0.2839573621749878
0.4011040925979614
-0.04095327854156494
0.29786479473114014
0.14517390727996826
0.04156959056854248
0.3190622329711914
0.296375036239624
0.38487374782562256
0.14942538738250732
0.16979825496673584
0.2842139005661011
0.17384719848632812
0.19616639614105225
-0.017777323722839355
0.060256004333496094
0.27875030040740967
0.31604480743408203
0.24898290634155273
0.32429540157318115
-0.1587742567062378
0.6676640510559082
-0.01683211326599121
0.24432969093322754
0.3255101442337036
-0.19944262504577637
-0.005589604377746582
0.5856168270111084
-0.38747477531433105
0.29801619052886963
0.09535062313079834
0.2680327892303467
0.04542255401611328
0.09647107124328613
0.21518242359161377
-0.009816884994506836
0.004668593406677246
-0.0005943775177001953
0.4397822618484497
0.3012657165527344
0.21923303604125977
0.029238343238830566
0.14456093311309814
0.06251561641693115
0.06073307991027832
0.2554281949996948
0.28870224952697754
0.29350388050079346
0.019684910774230957
0.3058028221130371
-0.025571107864379883
-0.07335543632507324
0.350064754486084
0.6268397569656372
0.28548169136047363
0.07000970840454102
0.3846449851989746
0.22981476783752441
0.3173743486404419
-0.029083847999572754
0.18479430675506592
0.43848729133605957
0.16279101371765137
0.11915075778961182
0.1510920524597168
0.08401918411254883
-0.04492652416229248
0.32735931873321533
-0.0535123348236084
0.4644366502761841
0.14617574214935303
0.13362884521484375
0.3207738399505615
-0.1451735496520996
-0.09831225872039795
0.5280957221984863
0.202347993850708
0.20910274982452393
0.025734424591064453
0.030829548835754395
-0.03508639335632324
0.1382920742034912
0.041411757469177246
0.0449976921081543
-0.0067386627197265625
0.33204877376556396
0.061481475830078125
0.018204808235168457
0.2082529067993164
-0.15453720092773438
0.44119906425476074
0.3577556610107422
0.2419801950454712
-0.17091107368469238
0.07551741600036621
-0.0020585060119628906
0.11772823333740234
0.12466347217559814
-0.062091946601867676
-0.043242812156677246
0.12312531471252441
0.7137913703918457
0.06342720985412598
0.4485440254211426
0.16752374172210693
0.4366176128387451
-0.05292165279388428
0.1675339937210083
0.10958433151245117
0.17201268672943115
0.7981616258621216
0.4201914072036743
-0.039153218269348145
-0.12176346778869629
-0.03636574745178223
-0.17311382293701172
0.14052820205688477
0.2921438217163086
0.5977314710617065
-0.019326329231262207
0.20070695877075195
-0.11442852020263672
-0.21968615055084229
-0.2963608503341675
0.382283091545105
0.1687023639678955
0.27518677711486816
-0.008235454559326172
0.45536112785339355
0.13215124607086182
0.11503958702087402
0.4642423391342163
0.46081769466400146
0.08624458312988281
0.3452165126800537
0.06432592868804932
0.028246164321899414
0.22319340705871582
0.1248927116394043
0.32274675369262695
0.12442576885223389
0.014565825462341309
0.592566728591919
-0.08739936351776123
0.24793553352355957
0.16334331035614014
0.35655689239501953
0.30415868759155273
-0.16035497188568115
0.31292128562927246
0.3240997791290283
0.21988153457641602
0.31260764598846436
-0.12820303440093994
0.5497300624847412
0.2042386531829834
-0.3796647787094116
-0.12003219127655029
0.2932925224304199
-0.15758097171783447
0.06916391849517822
-0.01941859722137451
0.1999208927154541
-0.07499301433563232
0.29276907444000244
0.03398466110229492
0.27356457710266113
0.11578488349914551
0.6165652275085449
0.056751251220703125
0.5911310911178589
0.0036542415618896484
0.2924724817276001
0.46587860584259033
0.02224910259246826
0.3033769130706787
0.566256046295166
-0.10662031173706055
0.31870222091674805
0.328840970993042
0.03826773166656494
-0.36451995372772217
0.15580737590789795
0.5072999000549316
0.4788358211517334
-0.00757443904876709
0.4471724033355713
0.30410706996917725
0.6262791156768799
0.018506646156311035
0.25088179111480713
0.17952227592468262
0.33173632621765137
-0.02613198757171631
0.2057030200958252
0.060843586921691895
0.32817113399505615
0.18072712421417236
0.16579532623291016
-0.08075058460235596
0.5844299793243408
0.14246892929077148
0.15715241432189941
-0.16516530513763428
0.17918765544891357
-0.05772864818572998
0.14433085918426514
0.3729245662689209
0.2650718688964844
0.11557340621948242
0.1256427764892578
0.6642146110534668
0.06086254119873047
-0.08761167526245117
0.1999659538269043
-0.14460885524749756
-0.14649999141693115
0.38147246837615967
0.024590730667114258
-0.04419434070587158
0.3196077346801758
0.09722518920898438
0.2224597930908203
-0.21490883827209473
-0.046065449714660645
0.19501781463623047
-0.0026581287384033203
0.3435664176940918
0.3263118267059326
0.3165929317474365
-0.1330190896987915
0.22662150859832764
0.17115867137908936
0.04040324687957764
0.381880521774292
-0.14596247673034668
0.2598778009414673
0.07440412044525146
0.22425639629364014
0.08589589595794678
0.2855888605117798
-0.05601799488067627
-0.27209341526031494
0.20384979248046875
0.3220558166503906
-0.017974853515625
0.1537787914276123
0.1831873655319214
0.17210817337036133
0.5136803388595581
0.37313199043273926
0.007394313812255859
-0.007694602012634277
0.2656596899032593
0.25640869140625
-0.2038571834564209
0.05347132682800293
0.41444098949432373
0.262576699256897
0.03226184844970703
0.09570348262786865
0.03718876838684082
-0.13669705390930176
0.13794732093811035
-0.052153706550598145
-0.2983438968658447
0.24526476860046387
0.14312541484832764
0.22525334358215332
-0.07722914218902588
-0.232177734375
0.34517109394073486
-0.0890730619430542
-0.008107542991638184
-0.07610023021697998
0.030278682708740234
0.0004559755325317383
0.43733131885528564
0.03026437759399414
-0.2600806951522827
-0.10484015941619873
0.08294856548309326
0.11744403839111328
0.47165191173553467
-0.3796701431274414
0.11564981937408447
0.08751797676086426
-0.007746338844299316
0.359419584274292
-0.053110599517822266
0.33684682846069336
-0.11548423767089844
0.25275468826293945
0.09965801239013672
-0.04349184036254883
-0.010011672973632812
0.33601510524749756
0.44214391708374023
0.34741199016571045
-0.2548168897628784
-0.20755207538604736
0.020934104919433594
0.39296579360961914
0.20741653442382812
-0.34006428718566895
0.0912238359451294
0.24267494678497314
0.4784562587738037
0.0574183464050293
0.011616826057434082
0.36436593532562256
0.05497097969055176
-0.04949319362640381
-0.06793558597564697
0.22569525241851807
0.4012829065322876
-0.07130575180053711
0.47844254970550537
0.047536611557006836
0.023749947547912598
-0.04270970821380615
0.1835402250289917
-0.22203731536865234
0.10834181308746338
0.6467993259429932
-0.21247994899749756
-0.13564598560333252
0.19389092922210693
-0.001281142234802246
-0.1911923885345459
0.17005503177642822
-0.021107077598571777
0.09738397598266602
0.3066290616989136
-0.0481412410736084
0.26842713356018066
-0.17386460304260254
-0.12704253196716309
0.037011146545410156
0.2944902181625366
0.1616593599319458
0.05201709270477295
-0.06039392948150635
-0.08920001983642578
0.3403189182281494
-0.11888992786407471
-0.04897415637969971
0.3527017831802368
-0.026481151580810547
0.4884066581726074
0.04447150230407715
0.24065279960632324
0.020890235900878906
0.17570698261260986
0.27877330780029297
0.03323507308959961
0.47609269618988037
0.018950581550598145
0.5227301120758057
0.043404340744018555
0.3087116479873657
0.3749457597732544
0.3360304832458496
0.23575937747955322
0.17571306228637695
0.492419958114624
0.3779805898666382
-0.03885698318481445
-0.16154086589813232
-0.25621235370635986
0.017763972282409668
-0.04819929599761963
0.36039459705352783
-0.21331286430358887
0.2941697835922241
0.4477323293685913
-0.023523926734924316
0.1331615447998047
0.09715735912322998
0.04085588455200195
-0.08116388320922852
-0.03075551986694336
-0.046343445777893066
-0.32247209548950195
0.2206202745437622
-0.3372756242752075
0.4461946487426758
0.3419802188873291
0.246526837348938
0.298256516456604
0.08951199054718018
-0.238250732421875
0.2650552988052368
0.22238540649414062
0.3536888360977173
0.29316914081573486
0.10515260696411133
0.16430461406707764
-0.25429844856262207
0.40876805782318115
0.17007982730865479
0.242090106010437
-0.07108867168426514
0.1854785680770874
0.06759345531463623
0.20845365524291992
0.21521806716918945
0.2359682321548462
0.30523407459259033
0.10855042934417725
0.23075711727142334
0.1616203784942627
0.05726611614227295
-0.026800870895385742
0.5011519193649292
0.333393931388855
0.23974299430847168
0.10393071174621582
0.18809449672698975
-0.3055994510650635
-0.08290016651153564
0.9359681606292725
0.3577204942703247
0.10354351997375488
-0.17355728149414062
-0.0031403303146362305
0.0735936164855957
-0.0038902759552001953
0.19536733627319336
0.16271710395812988
0.4467465877532959
0.35941171646118164
0.11271882057189941
-0.05754125118255615
0.39419353008270264
0.14752769470214844
0.2939565181732178
0.18483495712280273
0.71636962890625
0.4847911596298218
0.03650379180908203
-0.18980681896209717
0.12634670734405518
0.11231207847595215
0.018920302391052246
0.05260777473449707
0.2489551305770874
0.07986342906951904
0.18182551860809326
0.19926762580871582
0.11880123615264893
0.13363158702850342
0.13161635398864746
0.051627159118652344
0.046135902404785156
0.1111224889755249
-0.16862332820892334
-0.2699223756790161
0.11506664752960205
0.028330445289611816
0.2615485191345215
0.2562328577041626
0.03557157516479492
-0.05940365791320801
0.1078348159790039
-0.08861124515533447
-0.07826673984527588
-0.15491080284118652
0.06564724445343018
0.21202683448791504
0.25494325160980225
-0.0406719446182251
-0.12212014198303223
0.2666764259338379
-0.40354037284851074
0.11830925941467285
0.0785682201385498
0.051439762115478516
-0.08721208572387695
-0.0791083574295044
0.11998343467712402
0.17863225936889648
0.4112217426300049
0.3416692018508911
0.19852840900421143
-0.02586984634399414
0.3365170955657959
-0.08017575740814209
-0.3009507656097412
0.2826826572418213
-0.043018221855163574
0.20700955390930176
0.14493250846862793
0.04158449172973633
0.0831068754196167
0.5315134525299072
0.5005816221237183
0.10336899757385254
-0.2258075475692749
0.3025573492050171
0.49506187438964844
-0.016852736473083496
0.28578341007232666
0.03706252574920654
0.2064223289489746
-0.02999091148376465
-0.07767617702484131
0.24808120727539062
0.32602035999298096
-0.048922061920166016
0.06526410579681396
-0.1278386116027832
0.07385563850402832
0.0829005241394043
0.11781537532806396
0.16280412673950195
0.03695106506347656
0.10817229747772217
-0.17783284187316895
0.10235929489135742
0.015610218048095703
-0.054785847663879395
0.3824106454849243
0.43448126316070557
0.2729649543762207
0.29629993438720703
0.05138504505157471
-0.31556737422943115
0.13356244564056396
0.23401296138763428
0.24451231956481934
0.13075733184814453
-0.3579040765762329
-0.04808759689331055
0.13680553436279297
-0.35294175148010254
0.23346996307373047
0.14729571342468262
0.5884556770324707
0.5194591283798218
0.34423089027404785
0.2832777500152588
0.4442371129989624
0.222267746925354
0.0989842414855957
0.18676328659057617
-0.006488442420959473
0.3217153549194336
0.09371471405029297
-0.09693622589111328
0.06507360935211182
0.13413488864898682
0.036260247230529785
0.1907825469970703
-0.07390761375427246
-0.1689000129699707
0.23537731170654297
-0.19678092002868652
-0.2188565731048584
0.41614437103271484
0.10226070880889893
0.36238276958465576
0.06546711921691895
0.2328183650970459
0.10680818557739258
-0.25755345821380615
0.3587256669998169
0.43807315826416016
0.2608898878097534
0.43265676498413086
0.1447615623474121
-0.010353922843933105
-0.14648592472076416
0.2279527187347412
0.7380506992340088
0.10854732990264893
-0.2019568681716919
-0.315659761428833
0.4684767723083496
-0.09077143669128418
-0.18485569953918457
-0.13813042640686035
0.02284681797027588
-0.14553332328796387
0.0966801643371582
-0.09809374809265137
0.3114858865737915
0.08262872695922852
0.36201047897338867
0.2035672664642334
-0.08934509754180908
0.22248435020446777
0.08985912799835205
-0.2505761384963989
-0.09725284576416016
-0.06610417366027832
0.0663832426071167
-0.3548542261123657
-0.26474475860595703
0.12170302867889404
0.4533809423446655
0.06265687942504883
0.5953035354614258
0.5066314935684204
0.039353251457214355
0.021433591842651367
0.6756352186203003
0.3862112760543823
0.6359341144561768
0.2439953088760376
0.10891485214233398
-0.24710416793823242
0.5602355003356934
0.1510075330734253
-0.09694278240203857
-0.04131650924682617
0.04895639419555664
-0.15633714199066162
0.35706281661987305
-0.10894381999969482
0.5168486833572388
-0.04852187633514404
0.07006514072418213
-0.18321216106414795
-0.05427515506744385
0.07632184028625488
0.15059828758239746
-0.09628427028656006
0.31624341011047363
0.4117276668548584
0.14126324653625488
-0.125901460647583
0.21449458599090576
0.12808716297149658
-0.2857491970062256
0.24844145774841309
0.7418193817138672
0.35387682914733887
-0.09678447246551514
-0.1739131212234497
0.0009349584579467773
0.2882218360900879
-0.02267932891845703
0.06755459308624268
0.4085071086883545
0.11320900917053223
0.11818087100982666
-0.004408478736877441
-0.19800996780395508
-0.1433809995651245
0.21994340419769287
0.17248094081878662
0.7278082370758057
0.1658715009689331
0.47678422927856445
0.292940616607666
0.23449158668518066
0.2556025981903076
0.11148905754089355
0.10789847373962402
0.01287376880645752
0.42689263820648193
0.036591529846191406
-0.022789597511291504
0.22017109394073486
-0.045150160789489746
-0.23092186450958252
-0.08185887336730957
0.03772735595703125
-0.054795026779174805
0.18861126899719238
0.278497576713562
0.5391170978546143
0.15617740154266357
0.3213484287261963
0.31634068489074707
0.21622121334075928
0.23393118381500244
0.30723631381988525
0.28031396865844727
-0.11620903015136719
0.22821402549743652
0.21807122230529785
0.20645856857299805
0.07927286624908447
-0.21690618991851807
0.322432279586792
0.20778942108154297
0.23610031604766846
-0.10779666900634766
0.37807512283325195
0.0931779146194458
-0.05759108066558838
0.003534674644470215
0.21328341960906982
0.07967901229858398
0.34343600273132324
0.01644444465637207
-0.08203613758087158
0.049292683601379395
0.054918766021728516
0.24241948127746582
0.28823065757751465
0.5498408079147339
0.13248968124389648
0.1802353858947754
0.18128108978271484
0.11098086833953857
0.13869249820709229
0.4269564151763916
0.21158194541931152
0.3670295476913452
0.3235054016113281
0.14412260055541992
0.532534122467041
-0.11150634288787842
0.09042036533355713
0.05400431156158447
0.40234220027923584
0.020902633666992188
-0.032955050468444824
0.33104658126831055
0.41502296924591064
0.1263641119003296
0.2576996088027954
0.15435242652893066
-0.11337554454803467
0.07498860359191895
0.27170324325561523
0.016111373901367188
-0.00998377799987793
-0.019572734832763672
-0.06498456001281738
-0.028418660163879395
0.3662083148956299
-0.04985153675079346
0.5098644495010376
0.32384681701660156
0.18098509311676025
0.27522528171539307
0.12516045570373535
0.2006453275680542
-0.06583404541015625
0.009436607360839844
0.6586296558380127
0.634635329246521
0.36090922355651855
-0.06778144836425781
0.027905821800231934
-0.13636302947998047
0.08814680576324463
0.03274428844451904
0.21020150184631348
0.2756544351577759
0.15315306186676025
0.27226197719573975
0.25930070877075195
-0.07788693904876709
0.019731760025024414
0.312982439994812
-0.026358485221862793
0.07781195640563965
-0.022522449493408203
0.05632328987121582
-0.11771154403686523
0.1764378547668457
0.25253891944885254
0.016932368278503418
0.2515747547149658
0.2687828540802002
-0.018170595169067383
0.5157822370529175
-0.17663133144378662
0.19118964672088623
-0.07136237621307373
0.05530834197998047
0.23591434955596924
0.39429235458374023
0.22460699081420898
0.2091965675354004
0.23708486557006836
0.5368903875350952
0.1189349889755249
0.0778425931930542
0.2358248233795166
0.1114426851272583
0.3209930658340454
0.0436018705368042
0.07141876220703125
0.4025760889053345
0.3379398584365845
-0.21401476860046387
0.008095026016235352
-0.3802570104598999
0.4838378429412842
-0.26990997791290283
0.44022512435913086
0.006935834884643555
0.11826205253601074
0.4421827793121338
0.2672586441040039
0.42365097999572754
0.32363295555114746
-0.04507851600646973
0.19633781909942627
0.28089964389801025
0.17552101612091064
0.43951714038848877
0.01666438579559326
0.21531331539154053
0.13393521308898926
0.3171736001968384
-0.03183317184448242
-0.09261250495910645
-0.12303173542022705
0.38389623165130615
-0.25121521949768066
0.10403847694396973
0.08750402927398682
0.745354175567627
0.5846750736236572
-0.02541220188140869
0.29821670055389404
-0.056325435638427734
0.23958182334899902
0.06225383281707764
0.05697226524353027
0.3515810966491699
0.08954310417175293
0.7241965532302856
-0.19740772247314453
0.08954131603240967
0.179473876953125
0.27680301666259766
0.18389642238616943
0.3953735828399658
-0.33395135402679443
-0.04118311405181885
-0.022792935371398926
0.03222453594207764
0.10478878021240234
0.11906218528747559
-0.09325826168060303
0.3142498731613159
0.44602692127227783
-0.07897162437438965
0.09105944633483887
0.011652469635009766
-0.016493678092956543
0.0006816387176513672
0.22446489334106445
-0.2811853885650635
-0.13075780868530273
-0.01113748550415039
0.22605276107788086
0.5077419281005859
-0.27573859691619873
-0.048528075218200684
0.3463914394378662
-0.03816819190979004
-0.3068203926086426
0.4726985692977905
0.10877776145935059
0.0082322359085083
-0.01314842700958252
0.13549911975860596
0.06625640392303467
0.4998166561126709
-0.04380059242248535
0.37054288387298584
0.21801042556762695
-0.10346603393554688
-0.12168431282043457
0.06293189525604248
0.06368279457092285
0.13564956188201904
0.15582358837127686
0.11803674697875977
0.22865021228790283
0.02222919464111328
0.1910724639892578
0.1120675802230835
0.353654146194458
0.18505144119262695
0.05375206470489502
0.31478381156921387
-0.08069634437561035
0.0017746686935424805
0.05215132236480713
0.07667195796966553
0.09811413288116455
0.26601123809814453
0.09888553619384766
-0.37996137142181396
0.07015466690063477
-0.05868244171142578
0.5288118124008179
0.35992348194122314
-0.0911475419998169
-0.2642960548400879
0.027402639389038086
0.54746413230896
0.018672585487365723
0.05857110023498535
0.2964816093444824
-0.28437983989715576
0.035927414894104004
0.18607795238494873
0.08744156360626221
0.011627674102783203
0.3504152297973633
0.023836255073547363
0.10712814331054688
-0.06655240058898926
-0.21636414527893066
0.26701152324676514
0.07140421867370605
0.46430492401123047
0.3243589401245117
0.08474516868591309
0.07613658905029297
0.4428279399871826
0.21014404296875
0.2580479383468628
0.011803150177001953
-0.15220427513122559
0.3169386386871338
0.12934458255767822
0.40605807304382324
0.25617873668670654
-0.17274439334869385
-0.1564415693283081
0.34403812885284424
0.33845269680023193
0.22384655475616455
-0.03783822059631348
0.10871279239654541
0.07159614562988281
0.34987592697143555
0.02559638023376465
0.35478854179382324
0.5798764228820801
0.5317317247390747
0.44968724250793457
0.05025970935821533
0.030824661254882812
-0.06186378002166748
0.09334683418273926
0.3318157196044922
0.26599884033203125
0.14513957500457764
0.13210785388946533
0.5859694480895996
-0.01508176326751709
0.12843668460845947
0.392314076423645
0.3663461208343506
0.3351856470108032
0.018922805786132812
-0.2684723138809204
0.2590179443359375
0.7873066663742065
0.12035024166107178
0.24608278274536133
0.22067928314208984
-0.06714785099029541
-0.08116281032562256
-0.05262637138366699
0.5784549713134766
0.29490697383880615
-0.14315569400787354
0.32217633724212646
0.09119975566864014
-0.04446578025817871
-0.00755918025970459
0.2709019184112549
-0.12083399295806885
0.06004476547241211
0.014104485511779785
0.30297863483428955
0.07377839088439941
-0.16888296604156494
0.32376277446746826
0.3306628465652466
0.684705376625061
0.4141432046890259
0.16516685485839844
0.027145028114318848
-0.03503143787384033
0.030294060707092285
-0.03682851791381836
0.022869229316711426
0.2586873769760132
0.10461974143981934
0.10284304618835449
0.21876990795135498
0.09930753707885742
-0.4728202819824219
-0.07181227207183838
0.3090553283691406
0.30263638496398926
0.17757678031921387
0.3132600784301758
0.19725358486175537
0.09895658493041992
0.06126523017883301
0.19221019744873047
-0.3966020345687866
0.0611344575881958
0.06360316276550293
-0.1378728151321411
0.1888744831085205
0.38960158824920654
0.1418907642364502
-0.3082423210144043
-0.12328565120697021
0.2919348478317261
0.06578469276428223
-0.08455348014831543
-0.15544414520263672
0.21130120754241943
0.28592026233673096
0.2334139347076416
0.3710237741470337
0.5513937473297119
0.270100474357605
0.03678286075592041
0.06115925312042236
0.35655856132507324
-0.13913297653198242
0.3427438735961914
0.017790555953979492
0.10022807121276855
0.10939240455627441
0.6164017915725708
0.0726008415222168
-0.0032126903533935547
-0.40014660358428955
0.43878090381622314
0.00996541976928711
0.23754096031188965
0.17296385765075684
0.2196744680404663
0.3161020278930664
0.1967703104019165
-0.13106203079223633
-0.3027634620666504
0.3120075464248657
0.16445887088775635
0.18859195709228516
0.45340442657470703
0.20716941356658936
0.07791638374328613
0.19974863529205322
0.15719449520111084
0.4877164363861084
0.3293282985687256
-0.08190774917602539
0.3731868267059326
0.1572878360748291
0.6009612083435059
0.25171756744384766
0.06877517700195312
0.1249394416809082
0.43723416328430176
-0.002376079559326172
-0.10095858573913574
-0.1664750576019287
0.2051687240600586
-0.10508906841278076
0.38844168186187744
0.3530229330062866
-0.28297674655914307
-0.005329608917236328
0.14120817184448242
0.21436023712158203
0.14115309715270996
0.19231140613555908
0.14627599716186523
0.4730970859527588
-0.3837624788284302
0.2058401107788086
0.2637946605682373
-0.03196895122528076
-0.013177037239074707
-0.06124746799468994
0.03594005107879639
0.07370889186859131
0.09250032901763916
-0.30682122707366943
0.5279958248138428
0.5111038684844971
0.5287480354309082
0.20601999759674072
0.119254469871521
0.20188748836517334
0.06176769733428955
0.1655203104019165
-0.03742992877960205
-0.24495577812194824
0.24924206733703613
0.113472580909729
0.14369726181030273
0.1916816234588623
0.5789856910705566
0.1644686460494995
0.25351059436798096
0.38997483253479004
0.3772090673446655
0.3468068838119507
0.3698289394378662
-0.07913696765899658
-0.5163705348968506
0.563819169998169
0.2548706531524658
-0.3476961851119995
-0.2771475315093994
0.5145227909088135
0.14792609214782715
-0.15127801895141602
0.037174344062805176
0.020477294921875
0.38269364833831787
-0.055800437927246094
0.3269612789154053
-0.013406038284301758
-0.2407776117324829
0.04264426231384277
0.036167025566101074
0.17957580089569092
-0.16128826141357422
-0.37605321407318115
0.20400309562683105
-0.09448552131652832
0.023780345916748047
0.17148935794830322
0.08915507793426514
0.3427541255950928
0.0378955602645874
-0.10342419147491455
0.2007896900177002
0.17665040493011475
0.022242069244384766
0.5880659818649292
0.14744305610656738
0.34404265880584717
0.3980370759963989
0.009304523468017578
0.0871429443359375
0.09822964668273926
-0.17389202117919922
-0.013704299926757812
-0.005259871482849121
0.5747717618942261
0.34376776218414307
0.11833739280700684
0.19836997985839844
0.01538991928100586
0.15345454216003418
0.07695341110229492
0.3347076177597046
0.2558540105819702
0.16644132137298584
-0.029451966285705566
0.017888188362121582
-0.1765882968902588
0.03085935115814209
0.19190704822540283
-0.03838622570037842
0.267785906791687
-0.4315803050994873
0.1219336986541748
0.30631399154663086
-0.16381919384002686
0.15084362030029297
-0.021095633506774902
-0.09366714954376221
0.15535807609558105
0.03854024410247803
0.17785167694091797
-0.19691312313079834
0.11175656318664551
0.20987391471862793
0.08937990665435791
0.15943682193756104
0.062522292137146
-0.09388816356658936
0.0010843276977539062
-0.24780404567718506
0.11709725856781006
-0.3171262741088867
-0.09139692783355713
-0.0336153507232666
0.18246793746948242
0.6953413486480713
0.43846237659454346
0.251237154006958
0.394744873046875
0.14454686641693115
0.27831971645355225
0.5228887796401978
0.645115852355957
0.0035665035247802734
0.19499194622039795
0.1624600887298584
0.290036678314209
0.044852614402770996
-0.0488283634185791
0.008056640625
0.36914873123168945
-0.07423639297485352
0.25011515617370605
0.2331559658050537
0.21953904628753662
0.2500162124633789
0.1565173864364624
0.12066495418548584
0.1967400312423706
0.2737323045730591
-0.003939628601074219
-0.043308258056640625
-0.029998302459716797
0.3008902072906494
0.08880555629730225
0.2869441509246826
-0.09735357761383057
0.08761715888977051
0.11341655254364014
-0.10405075550079346
0.0689767599105835
0.2557770013809204
-0.06878280639648438
-0.08294737339019775
0.21488738059997559
0.13827824592590332
0.08936047554016113
0.047237515449523926
0.12274539470672607
0.2684614658355713
0.22272717952728271
0.2894926071166992
0.20083284378051758
0.28667354583740234
0.29572927951812744
0.2379997968673706
0.372860312461853
0.03043818473815918
-0.0032404661178588867
-0.35372447967529297
-0.03478085994720459
-0.013968467712402344
0.21998512744903564
-0.04185330867767334
-0.04095661640167236
0.5879976749420166
0.02638387680053711
0.5509885549545288
-0.1845768690109253
-0.14778423309326172
0.13290143013000488
0.3298318386077881
0.0669858455657959
0.05369365215301514
-0.011687040328979492
0.13325059413909912
0.3720061779022217
0.16933143138885498
0.19890284538269043
0.5616343021392822
0.07757091522216797
0.04297435283660889
0.040367960929870605
-0.004766702651977539
0.09299564361572266
0.1479862928390503
0.1255950927734375
-0.2609213590621948
0.2927219867706299
0.6100560426712036
0.09523272514343262
0.41860318183898926
0.05600142478942871
-0.16144108772277832
0.2727090120315552
0.07890880107879639
0.28376245498657227
0.34487903118133545
-0.13212895393371582
0.20025634765625
0.24456119537353516
0.08847784996032715
0.2702951431274414
0.4204477071762085
0.2664254903793335
0.6081814765930176
0.2554636001586914
0.007812976837158203
0.36618900299072266
-0.032996416091918945
0.24840116500854492
0.26819610595703125
0.0030069351196289062
0.16330528259277344
0.08628642559051514
0.4358435869216919
-0.06148672103881836
0.23040664196014404
0.024270176887512207
0.1800771951675415
0.0985637903213501
0.33664965629577637
0.3138141632080078
0.19024741649627686
0.2585310935974121
0.017720460891723633
0.12632107734680176
0.18886685371398926
0.28636014461517334
0.4838470220565796
0.2161043882369995
0.07073986530303955
0.10494840145111084
0.289745569229126
0.40961217880249023
-0.1293390989303589
0.17930865287780762
0.3031032085418701
0.3761463165283203
0.05914425849914551
0.1601020097732544
-0.04396510124206543
0.16175007820129395
-0.0726696252822876
0.27259087562561035
-0.005284428596496582
0.14412760734558105
0.7714519500732422
0.12138938903808594
0.3490297794342041
0.3126875162124634
0.15120220184326172
-0.07534480094909668
0.49506354331970215
0.30823683738708496
0.011808037757873535
0.21978223323822021
0.31725430488586426
0.28081345558166504
-0.015183210372924805
-0.035199522972106934
0.06276905536651611
0.04437971115112305
-0.13610434532165527
0.25264430046081543
-0.30931973457336426
0.14039969444274902
-0.37748193740844727
-0.3562314510345459
0.3151894807815552
0.35407280921936035
0.2874932289123535
0.1758025884628296
-0.263144850730896
-0.053647756576538086
0.13776588439941406
0.017315030097961426
0.3493551015853882
0.110603928565979
0.18463349342346191
0.1842721700668335
0.42626702785491943
-0.28827857971191406
0.2599954605102539
-0.22868549823760986
-0.07289814949035645
0.25062572956085205
0.24238133430480957
-0.002253293991088867
-0.1174771785736084
0.09857547283172607
-0.04613661766052246
0.051793575286865234
0.07075202465057373
0.3831214904785156
0.39489805698394775
-0.18082833290100098
0.30301952362060547
-0.001741647720336914
0.07570886611938477
0.31834518909454346
0.10744345188140869
0.03615128993988037
-0.08798909187316895
0.2862706184387207
0.3632323741912842
0.42418110370635986
0.3446805477142334
0.2660154104232788
-0.07953214645385742
0.23324382305145264
0.10527431964874268
-0.018772125244140625
0.14461886882781982
-0.07830190658569336
0.47157204151153564
0.13425755500793457
-0.042812466621398926
0.2061007022857666
0.1648956537246704
-0.015665411949157715
0.19788670539855957
-0.12702596187591553
0.3636738061904907
0.5530544519424438
0.10632193088531494
0.23673152923583984
-0.015147209167480469
0.33095812797546387
0.3624436855316162
0.3379788398742676
-0.04797685146331787
0.2845578193664551
0.30061495304107666
0.23764896392822266
0.258272647857666
0.3822070360183716
0.6296368837356567
0.31701695919036865
0.04622542858123779
0.4665430784225464
-0.041696786880493164
-0.08549201488494873
0.25695276260375977
0.12015759944915771
0.27973830699920654
0.09499287605285645
-0.013576745986938477
0.1754157543182373
0.10423934459686279
0.10068941116333008
0.22077500820159912
0.28846824169158936
0.11337149143218994
0.05606353282928467
0.1140904426574707
0.4541674852371216
0.5597937107086182
-0.004050612449645996
0.06145334243774414
-0.08949017524719238
-0.08490145206451416
0.567562460899353
0.15512287616729736
0.18968558311462402
0.5516870021820068
0.3078533411026001
0.3113234043121338
0.32215237617492676
-0.07032406330108643
0.483542799949646
-0.05667829513549805
0.13266527652740479
0.2719508409500122
0.050087809562683105
0.20685303211212158
-0.09656500816345215
0.4034748077392578
0.3820735216140747
-0.4417431354522705
0.00131988525390625
0.40514636039733887
0.056954145431518555
0.15727484226226807
0.32777559757232666
0.10184574127197266
-0.06220567226409912
0.6244544982910156
0.2667577266693115
0.13164710998535156
-0.08447098731994629
-0.0706549882888794
0.07919740676879883
0.02213764190673828
0.20707833766937256
-0.14671170711517334
0.11415719985961914
0.4495338201522827
-0.15415024757385254
0.4474524259567261
0.23924005031585693
0.011329412460327148
0.12170302867889404
0.1139225959777832
0.4525669813156128
-0.18897223472595215
-0.04484689235687256
-0.08056128025054932
0.21960246562957764
0.0014189481735229492
0.27239835262298584
0.33072900772094727
0.0968090295791626
-0.031165719032287598
0.11042416095733643
0.08461523056030273
0.2348167896270752
-0.3547241687774658
0.1228799819946289
0.19614064693450928
0.07795274257659912
0.2845492362976074
0.11703646183013916
0.30001628398895264
-0.21773672103881836
0.5860400199890137
0.4175410270690918
0.0948479175567627
-0.02605295181274414
-0.19246363639831543
0.18221735954284668
-0.3511263132095337
0.37216317653656006
0.21625173091888428
-0.08048844337463379
0.21445095539093018
-0.06860315799713135
0.24705815315246582
-0.12558960914611816
-0.16276609897613525
0.20633649826049805
0.35299181938171387
-0.06895649433135986
-0.07708382606506348
-0.04916584491729736
0.2506142854690552
0.5663290023803711
0.03825652599334717
0.18236351013183594
0.4692342281341553
0.018246173858642578
0.22254884243011475
-0.01391303539276123
0.48994529247283936
0.4941854476928711
0.28269386291503906
0.1205134391784668
0.1143500804901123
-0.06175398826599121
0.09571552276611328
0.17554092407226562
0.09628796577453613
-0.26526939868927
-0.23414301872253418
-0.16443133354187012
0.1516425609588623
0.22721505165100098
0.030144929885864258
-0.1355811357498169
0.3476269245147705
0.14518189430236816
0.31899046897888184
-0.17624330520629883
-0.0591508150100708
-0.21200525760650635
0.12364387512207031
0.20592105388641357
0.1657397747039795
0.5031877756118774
0.3649333715438843
-0.04239082336425781
0.17414426803588867
0.0656578540802002
0.016629576683044434
0.2770651578903198
0.020475149154663086
-0.004166960716247559
0.40534865856170654
0.21147310733795166
0.11250698566436768
0.03493988513946533
-0.17142057418823242
-0.02714097499847412
-0.31146907806396484
0.5282764434814453
0.3004589080810547
0.007948875427246094
-0.1438835859298706
0.15673041343688965
0.364957332611084
0.49285149574279785
0.10736918449401855
0.06582581996917725
0.18930470943450928
0.3203216791152954
0.24148845672607422
0.11623549461364746
0.09237110614776611
0.356228232383728
0.43229997158050537
0.21105027198791504
0.04912734031677246
0.06248915195465088
0.5383247137069702
0.6279687881469727
0.38782763481140137
0.36447906494140625
0.19051241874694824
0.08636307716369629
-0.03524971008300781
0.09821784496307373
-0.13198530673980713
0.24740266799926758
0.09093379974365234
0.31955862045288086
0.06959354877471924
0.13197743892669678
0.2539379596710205
0.060855984687805176
0.39143943786621094
0.44279205799102783
0.4753152132034302
0.07638430595397949
0.20444893836975098
-0.0003192424774169922
0.05862247943878174
0.3732333183288574
0.5019930601119995
0.3290891647338867
0.3733125925064087
0.48443281650543213
-0.1072930097579956
-0.08007287979125977
0.20505166053771973
0.12985897064208984
-0.08240103721618652
-0.09558868408203125
0.20974838733673096
-0.1756448745727539
0.5021820068359375
0.08582663536071777
0.01762402057647705
0.17017889022827148
-0.09368395805358887
0.1136178970336914
0.2320650815963745
-0.15111398696899414
0.0058928728103637695
0.14905297756195068
-0.04022681713104248
-0.0359727144241333
0.26710236072540283
0.36478352546691895
0.38063812255859375
0.13399696350097656
0.08781969547271729
0.33443546295166016
-0.2677946090698242
0.11521410942077637
0.09967267513275146
0.04189133644104004
0.15180647373199463
0.11994850635528564
-0.03792440891265869
-0.1321340799331665
0.2802695035934448
0.07008826732635498
0.20135676860809326
0.43678247928619385
0.5111268758773804
-0.06215500831604004
0.13942384719848633
-0.02661728858947754
0.3548034429550171
0.2608593702316284
0.09124898910522461
0.061093688011169434
-0.3172783851623535
-0.21635782718658447
0.32672619819641113
-0.01895153522491455
0.4245717525482178
0.27402186393737793
0.23531055450439453
-0.0461503267288208
0.2936851978302002
0.22830188274383545
-0.028755784034729004
-0.18178331851959229
0.19402551651000977
0.1601247787475586
0.06510508060455322
0.5372579097747803
0.3444790840148926
-0.43845856189727783
0.05212521553039551
0.3661078214645386
0.10363590717315674
-0.2546379566192627
0.14658629894256592
-0.1685190200805664
0.2299879789352417
0.16290509700775146
-0.14421546459197998
0.04767334461212158
0.10727059841156006
0.4022907018661499
0.017709732055664062
0.34664487838745117
0.14388823509216309
0.2873566150665283
0.013039827346801758
-0.1432960033416748
0.5145400762557983
0.27713632583618164
0.19849228858947754
-0.03129839897155762
-0.3876159191131592
0.3473092317581177
0.033747076988220215
0.10434651374816895
0.008920669555664062
0.18836820125579834
-0.07603228092193604
0.18852806091308594
-0.07917380332946777
0.17031466960906982
0.1521390676498413
0.1608743667602539
0.30718374252319336
0.47530126571655273
-0.08516526222229004
0.015079617500305176
0.31934797763824463
-0.020062685012817383
0.5094159841537476
0.3192887306213379
0.25391650199890137
0.36588096618652344
0.19107162952423096
-0.012402892112731934
0.28577685356140137
0.053754329681396484
-0.053198814392089844
-0.3760188817977905
0.2298130989074707
-0.1874065399169922
0.20741569995880127
-0.25152719020843506
-0.3002805709838867
0.44613420963287354
0.15847349166870117
0.03205227851867676
0.2507627010345459
0.11211037635803223
0.12038469314575195
0.35897505283355713
0.4296748638153076
0.07525157928466797
0.12429249286651611
0.02500617504119873
-0.20739436149597168
0.2050614356994629
0.3099706172943115
0.20560050010681152
-0.030728459358215332
0.07644188404083252
-0.09349250793457031
-0.11283302307128906
0.15843093395233154
0.1808183193206787
0.35139143466949463
0.32292938232421875
0.30490195751190186
0.19657301902770996
0.8516318798065186
0.043630123138427734
-0.04997682571411133
0.43887650966644287
0.30754268169403076
0.301072359085083
0.3655736446380615
-0.3472738265991211
0.16485381126403809
0.23796820640563965
0.15792512893676758
0.22340428829193115
-0.3029569387435913
0.33095109462738037
0.3883500099182129
-0.06748807430267334
-0.09733688831329346
0.0120391845703125
0.3409665822982788
0.4989316463470459
0.05193471908569336
-0.2318645715713501
-0.07492554187774658
0.43706703186035156
0.07413113117218018
0.17959558963775635
0.5033478736877441
0.2140202522277832
-0.46976375579833984
-0.0681077241897583
0.1710515022277832
0.026410818099975586
-0.02843189239501953
-0.3347792625427246
0.23238027095794678
-0.04309546947479248
-0.24578332901000977
-0.3467543125152588
-0.07497811317443848
0.2543833255767822
0.05803179740905762
-0.20868945121765137
0.2809906005859375
-0.27298641204833984
-0.15177619457244873
0.37508106231689453
0.07725870609283447
0.5812368392944336
-0.03581869602203369
-0.05098581314086914
0.24754655361175537
0.15337765216827393
0.04435896873474121
0.07621288299560547
0.20995759963989258
-0.10427451133728027
0.28390073776245117
-0.05128896236419678
0.08878839015960693
-0.15464746952056885
0.38983047008514404
-0.21520185470581055
0.012323856353759766
0.037900447845458984
0.6670329570770264
0.17482805252075195
0.2673354148864746
-0.04984390735626221
0.23878133296966553
-0.02744293212890625
0.02184295654296875
0.13141083717346191
0.27669990062713623
0.11473989486694336
-0.02129364013671875
-0.11484014987945557
0.020688533782958984
0.29779839515686035
0.3549152612686157
0.2821173667907715
0.24109530448913574
-0.1603907346725464
-0.15750980377197266
0.44527339935302734
0.16702032089233398
0.07016098499298096
0.14838242530822754
0.0645451545715332
0.3300642967224121
0.38733458518981934
-0.03422951698303223
-0.11494731903076172
0.22193586826324463
0.29007017612457275
0.0343015193939209
0.1664029359817505
-0.22865760326385498
0.6632100343704224
-0.333162784576416
0.34718048572540283
-0.08123016357421875
-0.02450096607208252
0.28145718574523926
0.45443427562713623
-0.2929023504257202
0.162911057472229
0.22744619846343994
0.08948516845703125
0.00816798210144043
0.19057214260101318
0.33905768394470215
-0.22030985355377197
-0.04252505302429199
-0.03079855442047119
0.053888678550720215
0.501609206199646
0.16553831100463867
0.22885191440582275
0.02333056926727295
0.0913323163986206
0.28869354724884033
0.0058896541595458984
-0.26698994636535645
0.35029172897338867
0.061342716217041016
0.234114408493042
0.06637227535247803
0.09648144245147705
0.19568920135498047
0.12752306461334229
0.25468480587005615
0.04906737804412842
-0.06615161895751953
0.10715842247009277
0.1450110673904419
0.13460981845855713
-0.02625298500061035
0.0355684757232666
0.4293079376220703
-0.11174869537353516
-0.0024709701538085938
0.40880703926086426
0.06531453132629395
0.09737849235534668
0.22596585750579834
0.06737756729125977
0.1469573974609375
0.08317673206329346
0.11434221267700195
0.05909919738769531
0.3527446985244751
0.012462854385375977
0.39271092414855957
0.11463809013366699
0.213750958442688
-0.11387085914611816
0.23200654983520508
0.1802363395690918
0.33052897453308105
0.2926900386810303
0.10936927795410156
0.4291192293167114
0.06186258792877197
0.14237117767333984
0.49676990509033203
0.22717571258544922
0.02909994125366211
0.009756207466125488
-0.027318716049194336
-0.025898456573486328
0.654226541519165
-0.09081625938415527
-0.2071441411972046
0.289211630821228
0.4193681478500366
0.030820846557617188
-0.3039252758026123
-0.03780341148376465
0.08213472366333008
-0.1003408432006836
0.6843998432159424
0.2609134912490845
-0.079559326171875
-0.023302674293518066
0.3562617301940918
-0.18973171710968018
-0.010379552841186523
0.06806552410125732
0.1504368782043457
0.24031126499176025
0.22815275192260742
0.03459751605987549
-0.03261923789978027
-0.031204819679260254
0.3798034191131592
0.4387526512145996
-0.1516730785369873
0.33618342876434326
0.3280292749404907
-0.28083884716033936
0.08194839954376221
-0.4486269950866699
0.36814987659454346
0.14417290687561035
0.4268805980682373
0.021425247192382812
0.2132784128189087
0.5407638549804688
0.020846247673034668
-0.2964075803756714
0.3308624029159546
0.09855878353118896
0.6465520858764648
-0.015964031219482422
-0.5295966863632202
-0.12195348739624023
0.04851031303405762
0.2505086660385132
0.24438762664794922
0.34576570987701416
0.0562971830368042
0.19707417488098145
0.022481203079223633
0.14006257057189941
0.3805866241455078
0.28121650218963623
0.4436981678009033
0.31311583518981934
-0.3831566572189331
-0.07355892658233643
0.01969277858734131
0.556321382522583
-0.28956615924835205
0.04541015625
-0.06823325157165527
-0.009693384170532227
0.457635760307312
0.1503506898880005
0.6583695411682129
0.14602792263031006
-0.1491624116897583
0.22551226615905762
0.4360755681991577
-0.025890111923217773
0.2070678472518921
0.34346795082092285
0.45981764793395996
0.04282248020172119
0.17628586292266846
0.1798793077468872
0.6213619709014893
0.07743299007415771
0.3101130723953247
0.28547048568725586
0.4056556224822998
0.5942504405975342
-0.20957934856414795
0.21500587463378906
0.1670323610305786
0.11729943752288818
0.17392396926879883
0.10003256797790527
-0.22541654109954834
0.16935431957244873
0.2319258451461792
0.10673260688781738
-0.11675691604614258
0.16615641117095947
-0.02438175678253174
-0.06266176700592041
0.18693029880523682
0.28033018112182617
0.06026327610015869
0.027108430862426758
0.2963446378707886
0.3643759489059448
0.21181273460388184
0.5148488283157349
0.1015462875366211
0.4011193513870239
0.4437459707260132
0.03578841686248779
0.03510141372680664
-0.0782327651977539
0.31096601486206055
0.07165813446044922
0.0657503604888916
-0.011118531227111816
0.16513609886169434
0.14303135871887207
0.28330719470977783
0.24267494678497314
-0.1599414348602295
-0.16859757900238037
0.23288869857788086
0.29086875915527344
0.5041186809539795
0.21631789207458496
0.2299734354019165
0.06281602382659912
0.12562429904937744
0.1928032636642456
0.561531662940979
0.35661983489990234
0.22514939308166504
0.36924684047698975
0.005794644355773926
0.4899318218231201
0.16988730430603027
0.16457891464233398
0.2248384952545166
0.3230067491531372
0.49995386600494385
0.30386102199554443
-0.0008689165115356445
0.15943682193756104
-0.08970880508422852
-0.32278549671173096
0.26382017135620117
0.3269612789154053
-0.4223778247833252
-0.02965092658996582
-0.3208974599838257
0.30050015449523926
-0.07272017002105713
-0.017048239707946777
0.4300578832626343
0.3528660535812378
0.31047523021698
0.37895941734313965
0.02506387233734131
0.024265766143798828
0.24449121952056885
-0.11667335033416748
0.11636757850646973
0.8247859477996826
0.5304293632507324
0.1505502462387085
-0.02027308940887451
-0.007523059844970703
-0.1807337999343872
-0.23933422565460205
-0.23041582107543945
-0.0929408073425293
-0.03398847579956055
-0.049198269844055176
0.10870540142059326
0.42555510997772217
0.018428683280944824
0.5287147760391235
-0.07156920433044434
0.17843925952911377
0.38293421268463135
0.16729700565338135
-0.15171420574188232
0.4289822578430176
0.11460399627685547
0.20691299438476562
0.43487727642059326
0.06964969635009766
-0.01851677894592285
0.06814837455749512
0.18871450424194336
0.41787028312683105
0.39063549041748047
-0.19302630424499512
-0.06726336479187012
0.1311558485031128
0.08336567878723145
0.40413880348205566
0.42502737045288086
0.057000160217285156
-0.22152411937713623
0.16685593128204346
0.028522491455078125
0.1088937520980835
0.15217351913452148
-0.018022537231445312
-0.1633458137512207
0.2997859716415405
-0.014088153839111328
0.2376079559326172
0.18284213542938232
0.2588416337966919
0.01369929313659668
0.37750768661499023
-0.13148677349090576
0.00319671630859375
0.09249997138977051
-0.21349668502807617
0.20614266395568848
0.16022169589996338
0.16284501552581787
0.4309455156326294
0.37338685989379883
0.20852041244506836
0.09171426296234131
0.11896240711212158
0.007077217102050781
-0.0012450218200683594
-0.5308326482772827
-0.2314060926437378
0.30264878273010254
0.0029124021530151367
0.36641764640808105
0.2991875410079956
0.13749253749847412
0.41074347496032715
-0.10828220844268799
0.21756792068481445
0.02874588966369629
0.184830904006958
0.27045536041259766
0.2320798635482788
0.2539135217666626
0.15413939952850342
0.0461963415145874
-0.13468647003173828
-0.25749099254608154
0.28308188915252686
0.2601950168609619
-0.1557673215866089
-0.032173871994018555
-0.00465083122253418
-0.010375261306762695
0.04083359241485596
0.32089364528656006
0.06100475788116455
0.13699519634246826
0.30703651905059814
0.27639317512512207
0.11878466606140137
0.31659913063049316
0.1847069263458252
0.3829827308654785
0.07627129554748535
0.2212815284729004
0.6114628314971924
0.410585880279541
0.18261194229125977
-0.07038426399230957
-0.13518285751342773
-0.6587842702865601
0.2714498043060303
0.23139214515686035
0.29576027393341064
0.15922975540161133
0.08034169673919678
0.3419802188873291
0.307517409324646
0.1357496976852417
-0.01536095142364502
0.3062704801559448
0.05783045291900635
-0.08668899536132812
0.445623517036438
-0.15453100204467773
0.05710899829864502
0.21994459629058838
0.38403093814849854
0.0013452768325805664
-0.3407313823699951
-0.04433917999267578
0.5354518890380859
0.2921353578567505
0.16055262088775635
0.2929798364639282
-0.3013068437576294
0.13830149173736572
0.13215339183807373
0.16863083839416504
0.015915989875793457
0.0005459785461425781
0.7839095592498779
-0.15764164924621582
0.08659207820892334
0.4079315662384033
0.6691749095916748
0.47594308853149414
-0.013265132904052734
-0.10604798793792725
-0.0825800895690918
0.2035207748413086
0.10483109951019287
0.23434126377105713
0.2773696184158325
0.028975248336791992
0.42195701599121094
0.2508479356765747
0.19851922988891602
0.07900023460388184
0.5870752334594727
0.1766282320022583
-0.20158088207244873
0.3956660032272339
0.015066862106323242
0.16210997104644775
0.14534413814544678
0.33094120025634766
-0.08857977390289307
-0.19170379638671875
0.2022075653076172
-0.1743178367614746
0.030010342597961426
-0.0965430736541748
-0.03212428092956543
-0.14461183547973633
-0.25077831745147705
0.7564883232116699
0.5471433401107788
0.28030669689178467
0.1828932762145996
0.17345333099365234
0.08439326286315918
0.14602088928222656
0.07005119323730469
-0.14198517799377441
0.38267624378204346
0.4746032953262329
0.10213625431060791
-0.05980074405670166
0.20601904392242432
0.2952713966369629
-0.04132640361785889
-0.14741504192352295
0.0786592960357666
0.24206030368804932
0.02688002586364746
0.4430278539657593
0.2343200445175171
0.41345226764678955
-0.06840932369232178
0.6000657081604004
0.6482144594192505
0.04908311367034912
0.18849408626556396
-0.03602170944213867
-0.2754718065261841
0.2162034511566162
0.18749678134918213
0.22648990154266357
0.1515132188796997
-0.02497386932373047
0.13390874862670898
0.4052603244781494
0.020417332649230957
0.10930752754211426
0.11379051208496094
0.10615193843841553
0.00889444351196289
-0.26214540004730225
0.15703332424163818
0.14660775661468506
0.13470566272735596
0.4085782766342163
-0.02617347240447998
0.05241274833679199
-0.40718090534210205
-0.12643492221832275
0.43813788890838623
-0.10121417045593262
0.45914435386657715
-0.08903741836547852
-0.014815926551818848
-0.4419761896133423
0.07981729507446289
-0.2829415798187256
0.706742525100708
0.025526762008666992
-0.2898097038269043
0.2934250831604004
0.6505138874053955
0.3933614492416382
0.47749972343444824
-0.18812012672424316
-0.09136414527893066
0.014275789260864258
0.22457587718963623
0.5192075967788696
0.377335786819458
0.24482214450836182
0.22377121448516846
-0.2647930383682251
0.10922515392303467
-0.14429128170013428
0.14177393913269043
0.06163144111633301
-0.2882256507873535
0.25662291049957275
-0.10953366756439209
0.017464160919189453
-0.14603376388549805
0.2069683074951172
0.08806324005126953
0.12219011783599854
0.10574150085449219
-0.07129383087158203
0.3227050304412842
0.6541368961334229
0.40343332290649414
0.46839308738708496
0.2277311086654663
0.3975827693939209
-0.23314893245697021
-0.10170257091522217
0.11779558658599854
0.20015358924865723
0.0519946813583374
0.01243603229522705
0.39096713066101074
0.09683501720428467
0.10637474060058594
0.13285207748413086
-0.043036580085754395
0.2941931486129761
-0.22294199466705322
0.44230377674102783
-0.014342546463012695
-0.1394268274307251
-0.12182104587554932
0.09764933586120605
0.2183847427368164
0.10676956176757812
0.48015642166137695
0.12134647369384766
0.2200239896774292
-0.09190285205841064
0.180458664894104
0.48998570442199707
-0.18877577781677246
0.193168044090271
0.37770533561706543
0.29695093631744385
-0.08902871608734131
-0.004775404930114746
-0.006571292877197266
0.059072136878967285
-0.10224759578704834
0.01584625244140625
0.3662322759628296
0.19456923007965088
-0.015749454498291016
0.04737114906311035
0.26952099800109863
-0.1187288761138916
0.4559823274612427
0.09077203273773193
0.4545128345489502
-0.1907336711883545
0.32652461528778076
0.3208045959472656
0.08061468601226807
0.08805203437805176
0.3526989221572876
0.2158493995666504
0.06129097938537598
0.10216093063354492
0.23339533805847168
0.12729299068450928
0.14406228065490723
0.35260164737701416
0.12091267108917236
0.23780596256256104
0.05299711227416992
0.11173665523529053
-0.3202478885650635
0.2491312026977539
0.10640835762023926
0.2571127414703369
-0.07297313213348389
0.47736501693725586
-0.03917813301086426
0.2827327251434326
0.011222124099731445
-0.08565139770507812
-0.12677621841430664
-0.09189474582672119
-0.10687375068664551
0.19616305828094482
0.18019866943359375
-0.10611212253570557
0.09300875663757324
-0.23290657997131348
-0.5306856632232666
-0.034363746643066406
0.26496422290802
0.2797567844390869
0.09455752372741699
0.28219354152679443
0.180908203125
0.09996700286865234
0.2979710102081299
-0.2200261354446411
0.044695377349853516
0.292547345161438
0.12127137184143066
-0.04806685447692871
0.5816671848297119
0.2642754316329956
0.371986985206604
0.47210121154785156
-0.18478310108184814
-0.0253143310546875
0.13493919372558594
-0.07980906963348389
0.23750925064086914
0.3136434555053711
-0.301289439201355
0.44213414192199707
0.5866303443908691
0.13790130615234375
0.1548147201538086
0.16675615310668945
0.1519336700439453
0.009597182273864746
-0.04616570472717285
0.3771010637283325
0.42446863651275635
0.004092097282409668
-0.18096816539764404
0.4918537139892578
-0.22012031078338623
0.33028173446655273
0.1295461654663086
-0.1728959083557129
0.07654333114624023
0.1760038137435913
0.06389153003692627
-0.022550582885742188
0.002845287322998047
0.1433485746383667
-0.06907200813293457
0.24131059646606445
0.19863784313201904
0.3012734651565552
0.13782310485839844
0.4073444604873657
-0.0744473934173584
-0.005419135093688965
0.10568356513977051
-0.445553183555603
0.20562779903411865
0.4641348123550415
0.1998966932296753
-0.045058250427246094
0.2631971836090088
0.08848774433135986
0.49639225006103516
0.288169264793396
0.02633070945739746
0.2580101490020752
0.21800458431243896
-0.10299551486968994
0.29270124435424805
-0.019589662551879883
0.21906399726867676
0.14313125610351562
0.38711273670196533
0.5185765027999878
0.12276315689086914
0.22139501571655273
0.275671124458313
0.4389551877975464
0.2750062942504883
0.22386515140533447
0.11208367347717285
0.23103845119476318
-0.023839116096496582
0.2268770933151245
0.07913327217102051
-0.06923997402191162
-0.0026988983154296875
0.01636815071105957
0.2862980365753174
-0.10077834129333496
-0.0772789716720581
0.42433488368988037
0.41705894470214844
0.08147573471069336
0.3110727071762085
0.0896298885345459
0.26388001441955566
-0.05309617519378662
0.030411720275878906
-0.22186589241027832
0.2115844488143921
0.20908737182617188
-0.08419990539550781
-0.2772887945175171
0.21048104763031006
0.04582977294921875
-0.13592779636383057
-0.28664910793304443
0.14707541465759277
0.11812400817871094
-0.1823490858078003
0.4278448820114136
0.03013622760772705
0.18945002555847168
0.2155008316040039
0.1233675479888916
0.10028886795043945
0.1191864013671875
0.2602745294570923
-0.1571887731552124
-0.18530356884002686
0.29989302158355713
-0.05450880527496338
0.5209660530090332
-0.09213411808013916
0.018201470375061035
0.25670599937438965
0.12243914604187012
0.14902853965759277
0.17361700534820557
0.0955803394317627
-0.1314021348953247
0.05885136127471924
-0.13209497928619385
0.10715579986572266
0.31352698802948
0.16434228420257568
0.07201683521270752
0.26996052265167236
0.35127973556518555
0.10590875148773193
-0.08030402660369873
0.033292412757873535
0.221258282661438
0.31005752086639404
-0.011882781982421875
0.0898275375366211
0.2879558801651001
-0.0737004280090332
0.40024232864379883
0.41109442710876465
0.5635039806365967
-0.1535245180130005
0.19538521766662598
-0.01874375343322754
-0.013062715530395508
-0.3211708068847656
0.028337478637695312
0.07764959335327148
0.0565485954284668
0.1723470687866211
0.0772712230682373
0.08391690254211426
0.24677860736846924
0.45268702507019043
0.44855618476867676
0.1106640100479126
0.42452049255371094
0.35251128673553467
0.5731074810028076
0.3053518533706665
-0.08863389492034912
0.3358774185180664
0.320772647857666
-0.09230148792266846
0.24139559268951416
0.5399713516235352
0.051766157150268555
0.24065542221069336
-0.01730215549468994
0.009405970573425293
0.4093669652938843
0.2946453094482422
0.09107494354248047
0.08876574039459229
-0.2549184560775757
-0.16229760646820068
0.1102895736694336
-0.11610579490661621
0.21731305122375488
-0.09612822532653809
0.08968758583068848
-0.12577807903289795
-0.06404602527618408
-0.208520770072937
0.02734971046447754
0.23679757118225098
-0.07225370407104492
0.3214411735534668
0.024095892906188965
0.09217393398284912
0.14576125144958496
0.07030212879180908
0.6673868894577026
0.38572120666503906
0.1153872013092041
-0.229455828666687
-0.12062156200408936
0.09843838214874268
-0.02309441566467285
0.3790680170059204
0.03939640522003174
0.2247908115386963
-0.018762588500976562
0.15271317958831787
0.3771216869354248
0.0176314115524292
0.22983503341674805
0.3612786531448364
0.018016576766967773
-0.4567899703979492
0.029314041137695312
0.13528287410736084
0.09639894962310791
0.09317624568939209
0.11681103706359863
-0.21865403652191162
0.13098454475402832
0.08279287815093994
0.048305630683898926
0.3658583164215088
0.23782873153686523
0.13463187217712402
0.07072877883911133
0.13731896877288818
0.2819756269454956
0.5253770351409912
0.0010627508163452148
0.09272599220275879
0.11361384391784668
-0.2888767719268799
0.19917285442352295
0.24720311164855957
0.40048348903656006
0.13189005851745605
0.05123758316040039
0.06393003463745117
-0.03670835494995117
0.10909378528594971
-0.03038930892944336
0.14555490016937256
0.02797544002532959
-0.03838622570037842
0.5459737777709961
0.4175633192062378
0.10234785079956055
-0.07844603061676025
0.12909483909606934
0.31001877784729004
0.18387067317962646
0.3173644542694092
0.5169752836227417
0.680467963218689
0.13122916221618652
0.22928929328918457
0.003505706787109375
0.24649333953857422
0.17302465438842773
0.19722163677215576
0.030613422393798828
0.12238514423370361
0.1538691520690918
0.22758769989013672
0.19644224643707275
0.3339163064956665
0.15332412719726562
0.7041587829589844
0.201041579246521
0.10024333000183105
-0.21092259883880615
0.3823432922363281
0.3643054962158203
0.2145010232925415
0.2017223834991455
-0.31924521923065186
0.2043774127960205
-0.08295273780822754
-0.04935562610626221
-0.032613396644592285
0.11558187007904053
0.14326751232147217
0.3118607997894287
0.22516882419586182
0.1226886510848999
-0.018471837043762207
0.019802451133728027
-0.03217613697052002
-0.029540538787841797
0.3199577331542969
0.3489408493041992
0.021744251251220703
0.1595315933227539
0.14821183681488037
0.4837348461151123
-0.12570178508758545
0.2853541374206543
-0.15671896934509277
-0.23516297340393066
0.1028738021850586
-0.0279695987701416
0.1658623218536377
0.1629946231842041
0.17010927200317383
0.2462078332901001
0.1442481279373169
0.17752718925476074
-0.12487673759460449
0.2637629508972168
0.26508307456970215
-0.23391473293304443
0.3816941976547241
0.22637474536895752
0.07480049133300781
0.16940128803253174
0.3619372844696045
0.06804776191711426
0.15703260898590088
0.3560218811035156
0.164872407913208
-0.08579564094543457
0.20797395706176758
0.6368507146835327
0.2694915533065796
0.0034401416778564453
-0.1319674253463745
0.09911394119262695
0.12372779846191406
0.25276803970336914
0.24344992637634277
0.2236928939819336
0.14556896686553955
0.14693701267242432
-0.04252266883850098
0.2034311294555664
0.018357515335083008
-0.16778159141540527
0.26902925968170166
0.26744842529296875
0.8459948301315308
0.114654541015625
-0.11459028720855713
0.0026155710220336914
0.11337387561798096
0.447179913520813
0.48801982402801514
-0.14390027523040771
0.2047659158706665
0.4148902893066406
0.5687582492828369
0.051680803298950195
-0.16850149631500244
0.028915762901306152
-0.20339727401733398
-0.08857977390289307
0.2940167188644409
0.09706377983093262
0.1782681941986084
0.03309059143066406
0.2415637969970703
0.3235381841659546
-0.08909249305725098
-0.6028112173080444
0.33391547203063965
-0.04607117176055908
-0.051967740058898926
0.02757704257965088
0.3302077054977417
0.5543348789215088
0.23120176792144775
-0.11269676685333252
0.0692986249923706
0.2398366928100586
0.05154824256896973
-0.08538150787353516
0.3195918798446655
0.2962087392807007
0.2409607172012329
0.2213730812072754
0.41408848762512207
-0.19438743591308594
-0.21640944480895996
-0.055683016777038574
0.22200548648834229
0.3373227119445801
0.17445039749145508
0.3758370876312256
-0.24597299098968506
-0.20822179317474365
-0.11315524578094482
0.06850707530975342
0.025994062423706055
-0.14217329025268555
0.30200350284576416
-0.19985413551330566
-0.015834808349609375
-0.25372517108917236
0.10921227931976318
-0.3586006164550781
0.3174738883972168
-0.09137499332427979
0.4036405086517334
-0.00855553150177002
0.015326976776123047
0.08319544792175293
0.14024972915649414
0.23073136806488037
0.33086180686950684
0.7553632259368896
0.2804166078567505
0.14252686500549316
0.5345872640609741
0.21741223335266113
0.33377325534820557
-0.05899310111999512
0.2832754850387573
0.28144216537475586
0.5743285417556763
-0.28304052352905273
0.4410104751586914
-0.036692261695861816
-0.049693942070007324
0.24106836318969727
0.3832211494445801
0.12332689762115479
0.29711341857910156
-0.2727545499801636
0.1667802333831787
0.18054699897766113
0.02708137035369873
-0.09173643589019775
-0.1337040662765503
0.35557258129119873
0.2760298252105713
0.16973662376403809
0.31342267990112305
-0.27499139308929443
-0.09923696517944336
0.1803581714630127
0.053467631340026855
0.04844534397125244
0.47127747535705566
0.17724120616912842
0.22671842575073242
-0.32606208324432373
-0.051967740058898926
0.2644476890563965
-0.07357454299926758
0.5812084674835205
-0.02163982391357422
0.10126173496246338
0.14844489097595215
0.08043026924133301
-0.10505104064941406