0.11612534523010254
0.5541888475418091
-0.014981985092163086
0.07480502128601074
-0.14651131629943848
-0.3803107738494873
-0.1429460048675537
-0.49016010761260986
-0.2375105619430542
0.14653074741363525
0.05009627342224121
0.050799012184143066
-0.033194541931152344
-0.28172504901885986
0.2943761348724365
0.004134416580200195
-0.027976274490356445
-0.2850956916809082
-0.4220224618911743
-0.07580828666687012
-0.3938431739807129
-0.401369571685791
-0.3012033700942993
0.4360942840576172
-0.17826902866363525
-0.40423285961151123
0.15739083290100098
0.22195684909820557
-0.2662237882614136
-0.31067800521850586
0.031895995140075684
-0.07110774517059326
0.258522629737854
0.014348745346069336
-0.4468575716018677
-0.6880666017532349
0.14216113090515137
0.19262921810150146
-0.0764467716217041
-0.014294862747192383
0.2695115804672241
0.19784629344940186
0.12948322296142578
0.0007249116897583008
-0.2688148021697998
-0.40633857250213623
0.053479552268981934
0.02624499797821045
0.37386178970336914
0.24716341495513916
-0.09705746173858643
0.26281845569610596
0.6438332796096802
0.3561445474624634
-0.2090219259262085
-0.4770629405975342
0.2936551570892334
0.02930450439453125
0.09651076793670654
0.12971210479736328
-0.1561189889907837
0.3755068778991699
0.3715294599533081
-0.34962499141693115
0.06509995460510254
0.01468205451965332
-0.23170948028564453
0.2968536615371704
0.0416254997253418
-0.38699662685394287
-0.10632443428039551
0.21591055393218994
-0.38208210468292236
-0.1076897382736206
-0.8239545822143555
0.33703529834747314
0.056615233421325684
0.4074035882949829
-0.11240887641906738
0.2842593193054199
-0.1241908073425293
-0.14991021156311035
-0.30800461769104004
-0.0741356611251831
-0.012166857719421387
-0.3439713716506958
0.32831037044525146
0.00697016716003418
0.06946134567260742
-0.4823029041290283
-0.16019535064697266
0.14667057991027832
-0.2039872407913208
0.21433532238006592
-0.08664655685424805
0.19819045066833496
-0.7304661273956299
0.18575775623321533
0.3850743770599365
0.09997618198394775
-0.3163944482803345
-0.18195891380310059
-0.23346161842346191
-0.24437034130096436
-0.10357153415679932
0.13470613956451416
0.37353241443634033
-0.1392902135848999
-0.31966733932495117
-0.1441190242767334
-0.2940882444381714
0.29395830631256104
-0.08036577701568604
0.24876999855041504
-0.05582904815673828
-0.0029883384704589844
-0.17968511581420898
0.06918883323669434
-0.3375513553619385
-0.34300434589385986
0.20490872859954834
-0.22845423221588135
-0.05738937854766846
0.3004271984100342
-0.3015848398208618
0.20711421966552734
-0.3245431184768677
-0.3717440366744995
0.2781541347503662
-0.48720455169677734
0.14914631843566895
-0.5817418098449707
0.03728330135345459
-0.47231173515319824
-0.06825816631317139
-0.39220094680786133
-0.6379876136779785
0.27919530868530273
0.4550313949584961
-0.3188784122467041
-0.1752786636352539
0.32218384742736816
-0.007241487503051758
0.847367525100708
-0.06090855598449707
0.032137393951416016
-0.16121280193328857
0.12705910205841064
0.06475841999053955
0.14780056476593018
0.17804837226867676
-0.19393599033355713
-0.1109236478805542
-0.19901061058044434
-0.2591578960418701
-0.20200753211975098
0.21756672859191895
-0.2489856481552124
0.16431021690368652
0.006722927093505859
0.08615624904632568
0.2929791212081909
0.020322322845458984
-0.18004870414733887
0.11338675022125244
0.40399789810180664
-0.19108808040618896
0.20896148681640625
0.03972363471984863
-0.2250596284866333
-0.04834592342376709
0.3096954822540283
0.3631349802017212
-0.36278629302978516
0.07886350154876709
-0.26978588104248047
-0.5352845191955566
-0.19690001010894775
-0.4973170757293701
-0.18283450603485107
-0.05886673927307129
0.1313159465789795
-0.16536128520965576
0.12948203086853027
-0.02019667625427246
0.2426600456237793
-0.1661456823348999
-0.3080803155899048
0.3220181465148926
-0.20585715770721436
-0.39744603633880615
0.2882230281829834
0.06130087375640869
-0.14612019062042236
-0.07096874713897705
-0.08847701549530029
0.4799797534942627
-0.41227853298187256
-0.4145437479019165
-0.10167217254638672
0.14178919792175293
-0.08035087585449219
-0.3262556791305542
-0.3890082836151123
-0.19190442562103271
0.17849969863891602
-0.34157705307006836
-0.2665203809738159
0.36688172817230225
-0.13892018795013428
0.06370019912719727
-0.4890493154525757
-0.16426372528076172
0.04843783378601074
-0.43026304244995117
-0.3197755813598633
0.12084317207336426
-0.2769562005996704
0.06350088119506836
-0.03506159782409668
-0.021663427352905273
-0.03208732604980469
-0.2979339361190796
-0.49102783203125
-0.21270394325256348
-0.03580009937286377
-0.09486985206604004
0.27381813526153564
0.7595914602279663
0.20487403869628906
-0.5145127773284912
-0.610727846622467
-0.3324263095855713
0.09879934787750244
-0.4125915765762329
-0.05273449420928955
-0.5892226696014404
-0.2964057922363281
0.12233424186706543
-0.09141671657562256
0.11351394653320312
-0.006808161735534668
-0.5515426397323608
-0.1495269536972046
-0.36647772789001465
0.004726052284240723
0.29108691215515137
-0.04581475257873535
-0.24894797801971436
-0.1518540382385254
0.016925811767578125
0.3123602867126465
-0.11104083061218262
-0.32014524936676025
0.13629364967346191
0.0009629726409912109
-0.3803224563598633
-0.07543420791625977
-0.3176577091217041
-0.34944236278533936
-0.30487191677093506
-0.4707520008087158
0.4447571039199829
-0.0808178186416626
-0.1913747787475586
-0.029037833213806152
0.055413007736206055
-0.17635059356689453
0.05796515941619873
0.14389169216156006
-0.48928916454315186
0.048041462898254395
-0.035683631896972656
0.0919109582901001
-0.07903170585632324
-0.2777583599090576
0.2637075185775757
0.02439582347869873
-0.00259554386138916
0.15594005584716797
-0.29732048511505127
0.03507852554321289
0.47950589656829834
-0.40332138538360596
-0.33782100677490234
0.08145427703857422
0.3085331916809082
-0.2682565450668335
0.13862967491149902
-0.04421579837799072
0.0733422040939331
-0.005808830261230469
0.10888636112213135
-0.41421985626220703
0.22268903255462646
0.0408858060836792
-0.2566251754760742
-0.11409080028533936
0.3332836627960205
0.09652519226074219
-0.19244170188903809
-0.10680389404296875
-0.2047024965286255
-0.0368272066116333
-0.12279641628265381
0.010915160179138184
0.45745813846588135
0.25611865520477295
-0.017914295196533203
-0.2519751787185669
-0.0015597343444824219
0.1842353343963623
-0.09669756889343262
-0.26494646072387695
0.06236398220062256
-0.34214210510253906
-0.16586780548095703
-0.26538777351379395
-0.015036225318908691
0.00047719478607177734
0.0030292272567749023
0.309736967086792
-0.3731125593185425
0.08254516124725342
-0.18195044994354248
-0.07622230052947998
-0.2434312105178833
-0.15960335731506348
0.3428412675857544
-0.12060797214508057
0.20878088474273682
0.2314988374710083
0.1366713047027588
0.0072269439697265625
-0.2885768413543701
-0.020579218864440918
-0.03952336311340332
0.08463644981384277
-0.294140100479126
-0.21358489990234375
-0.31056034564971924
0.15822696685791016
0.4009249210357666
0.4517449140548706
-0.06180906295776367
0.17275047302246094
0.31917810440063477
0.20177114009857178
-0.3959850072860718
-0.14792025089263916
-0.4308837652206421
-0.5709242820739746
0.021734237670898438
-0.33826613426208496
0.06257033348083496
0.14974021911621094
0.639407753944397
-0.22439944744110107
-0.11177444458007812
-0.3506525754928589
-0.015825271606445312
-0.5007987022399902
-0.12418472766876221
0.043984174728393555
0.2533532381057739
0.26555562019348145
-0.11676061153411865
-0.4827919006347656
0.3216552734375
0.02448415756225586
-0.4684871435165405
-0.26690375804901123
-0.27323150634765625
-0.28940343856811523
0.3134554624557495
-0.029112815856933594
0.12267017364501953
0.5250300168991089
0.18136084079742432
-0.10457432270050049
-0.09015357494354248
0.2962690591812134
0.2545585632324219
-0.05598330497741699
-0.16657483577728271
-0.15199697017669678
-0.21957767009735107
0.2001556158065796
-0.31116509437561035
-0.25242555141448975
-0.352496862411499
-0.18254339694976807
-0.28255796432495117
0.18220257759094238
-0.06823301315307617
0.19200849533081055
-0.0684056282043457
0.09867799282073975
-0.03224527835845947
-0.3113739490509033
-0.19179224967956543
0.2204725742340088
0.2167067527770996
0.19674992561340332
0.040338993072509766
0.30016887187957764
0.4834185838699341
-0.06909489631652832
-0.18865907192230225
0.20523273944854736
0.07952678203582764
-0.37375855445861816
0.13650822639465332
-0.018805623054504395
0.5182552337646484
-0.16327011585235596
0.015364289283752441
-0.3022102117538452
-0.1264195442199707
-0.390067458152771
-0.11811208724975586
0.3086726665496826
-0.5452589988708496
-0.40877044200897217
0.03820681571960449
-0.2717628479003906
-0.43752598762512207
-0.5491520166397095
0.0012019872665405273
0.3114197254180908
-0.4396183490753174
0.17160367965698242
0.35037505626678467
-0.17942821979522705
-0.07121133804321289
0.45248889923095703
-0.23782002925872803
-0.29846131801605225
-0.3352212905883789
0.02588188648223877
-0.2864490747451782
-0.03681981563568115
-0.450339674949646
0.22994279861450195
-0.2442798614501953
0.2796422243118286
0.4013032913208008
0.18691492080688477
0.10210835933685303
-0.3800346851348877
-0.0848534107208252
0.16532981395721436
-0.16626977920532227
-0.3307000398635864
-0.11405599117279053
0.3006136417388916
-0.2100764513015747
-0.13822448253631592
-0.098671555519104
-0.2087780237197876
0.04631388187408447
-0.2065591812133789
0.3421684503555298
0.3849829435348511
-0.2746952772140503
-0.06277501583099365
0.22926270961761475
-0.03408527374267578
-0.05349409580230713
-0.23539578914642334
-0.07821667194366455
0.10205197334289551
-0.08666086196899414
0.3286482095718384
-0.07024991512298584
0.021164774894714355
0.2066354751586914
-0.00024306774139404297
-0.2309703826904297
0.3103652000427246
0.4200472831726074
-0.018109440803527832
-0.25827813148498535
-0.07790064811706543
0.2474421262741089
-0.2502249479293823
0.1636030673980713
0.07278549671173096
-0.011855602264404297
-0.2213362455368042
-0.04392087459564209
-0.433779239654541
-0.12362432479858398
-0.06592679023742676
0.16390788555145264
-0.2576254606246948
0.06788372993469238
0.1975306272506714
-0.366626501083374
-0.10411036014556885
0.15335595607757568
-0.12444734573364258
-0.19269967079162598
-0.16220712661743164
-0.0487513542175293
0.24024534225463867
-0.10586249828338623
-0.2086113691329956
0.002381563186645508
0.2251814603805542
-0.05471634864807129
0.2742788791656494
0.007356166839599609
0.5025439262390137
0.6058282852172852
0.10081279277801514
-0.418615460395813
-0.13415229320526123
-0.1646794080734253
-0.23425114154815674
0.1452409029006958
-0.18551838397979736
-0.08606076240539551
-0.38506388664245605
-0.03027033805847168
-0.09944891929626465
-0.08111882209777832
0.32275497913360596
-0.15518736839294434
-0.8182231783866882
0.057993173599243164
0.2445904016494751
-0.3561776876449585
-0.03001689910888672
0.21721887588500977
0.20384085178375244
0.1372925043106079
-0.03470420837402344
0.09622740745544434
0.1930851936340332
-0.22768378257751465
-0.3295176029205322
-0.16395306587219238
0.3325691223144531
0.03299069404602051
0.3184173107147217
-0.1681274175643921
0.38285303115844727
0.06802797317504883
-0.10739326477050781
0.2733011245727539
0.2468090057373047
-0.40911436080932617
0.326137900352478
-0.5837587118148804
-0.24647212028503418
-0.08058249950408936
-0.14692234992980957
0.271431565284729
-0.14339923858642578
0.1073918342590332
0.64995276927948
0.47114360332489014
-0.06317830085754395
-0.08384156227111816
-0.19359874725341797
-0.18594372272491455
-0.10548853874206543
0.18965816497802734
-0.06028854846954346
-0.2972220182418823
0.19245409965515137
0.05379772186279297
-0.34812700748443604
-0.05866360664367676
-0.02785623073577881
-0.27373194694519043
0.618772029876709
0.1839759349822998
-0.22153091430664062
0.059314846992492676
-0.2545360326766968
0.287234902381897
-0.06138575077056885
0.1579594612121582
0.34771013259887695
-0.02435314655303955
-0.20890522003173828
-0.22509980201721191
-0.011291742324829102
-0.02385234832763672
-0.2856166362762451
-0.060602545738220215
0.14161574840545654
-0.45089054107666016
0.21656358242034912
0.08823180198669434
-0.1751481294631958
-0.1428002119064331
-0.4201256036758423
0.013865351676940918
-0.4127044677734375
-0.20932912826538086
0.010837316513061523
-0.26013898849487305
-0.26052749156951904
-0.11420929431915283
-0.047925472259521484
-0.02363908290863037
-0.31831300258636475
0.28268468379974365
-0.048131346702575684
0.18237709999084473
-0.14884471893310547
0.4461188316345215
-0.5505564212799072
0.33561766147613525
0.18985021114349365
-0.29007601737976074
-0.3611353635787964
0.03767132759094238
-0.349911093711853
0.017256617546081543
-0.6149293184280396
0.10827088356018066
0.25694406032562256
-0.5146105289459229
-0.20182275772094727
0.2365419864654541
-0.12213456630706787
-0.12781202793121338
0.20351886749267578
0.06857168674468994
-0.15482795238494873
-0.050314903259277344
0.0046814680099487305
-0.38993334770202637
-0.28712713718414307
-0.04841458797454834
0.014670610427856445
-0.18466174602508545
-0.21298551559448242
0.1981813907623291
-0.36595797538757324
0.1610264778137207
-0.1550428867340088
0.23858511447906494
-0.02171146869659424
-0.3367561101913452
0.3778756856918335
0.1050252914428711
-0.06533670425415039
0.02330935001373291
-0.09035062789916992
0.07244873046875
0.20448827743530273
0.13102185726165771
-0.20714199542999268
-0.0758056640625
0.4418085813522339
0.1717768907546997
0.2865879535675049
-0.03091752529144287
-0.1596137285232544
0.4211692810058594
-0.37500882148742676
0.04453468322753906
0.41713547706604004
-0.3932015895843506
-0.20808744430541992
0.5435055494308472
-0.6197202205657959
0.41847217082977295
-0.08634030818939209
-0.02637803554534912
-0.2086334228515625
-0.08112943172454834
-0.005851387977600098
-0.08965861797332764
-0.01686263084411621
-0.10254788398742676
0.3610752820968628
-0.01734316349029541
-0.04557919502258301
-0.1961348056793213
0.07162785530090332
-0.24076342582702637
-0.278095006942749
-0.28882741928100586
0.3175370693206787
0.16631555557250977
-0.08931207656860352
0.35985708236694336
-0.23262012004852295
-0.23479294776916504
0.2798442840576172
0.5059720277786255
0.013442516326904297
-0.10007810592651367
0.34802746772766113
0.14531266689300537
0.1309370994567871
-0.24564862251281738
0.13140833377838135
0.4657125473022461
-0.012228012084960938
0.10731244087219238
-0.1356271505355835
-0.2072434425354004
-0.027424931526184082
0.18057310581207275
0.12238109111785889
0.18246304988861084
-0.17216861248016357
-0.0311964750289917
-0.12606263160705566
-0.5221692323684692
-0.6148461103439331
0.5755242109298706
0.24476349353790283
0.10760605335235596
-0.24311017990112305
-0.1114492416381836
-0.6661736965179443
0.08321619033813477
-0.44423651695251465
-0.05438578128814697
-0.20714795589447021
0.10142207145690918
-0.06990945339202881
-0.15419459342956543
0.11452782154083252
-0.24979925155639648
0.143690824508667
0.1671532392501831
0.23301637172698975
-0.2565925121307373
-0.15892410278320312
-0.1454685926437378
0.1341555118560791
-0.10065662860870361
-0.3348119258880615
-0.3818929195404053
0.0436176061630249
0.5169371366500854
-0.3798999786376953
0.3102368116378784
-0.02074897289276123
0.2903639078140259
-0.3106299638748169
0.283901572227478
-0.046721458435058594
0.09847354888916016
0.33030521869659424
0.24128997325897217
-0.21534478664398193
-0.020047307014465332
-0.30564284324645996
-0.3452451229095459
0.0998305082321167
0.25112295150756836
0.31077122688293457
-0.1585228443145752
-0.060018301010131836
-0.2734982967376709
-0.3497931957244873
-0.488389253616333
0.17728710174560547
-0.010751605033874512
0.18094241619110107
-0.1607722043991089
0.29149746894836426
0.05057168006896973
-0.15286922454833984
0.3395817279815674
0.3767050504684448
-0.35808491706848145
-0.3384939432144165
-0.12578141689300537
0.13470947742462158
0.020354390144348145
0.1878427267074585
0.1613250970840454
-0.17948579788208008
-0.38916170597076416
0.6438332796096802
-0.1357029676437378
0.17981505393981934
0.08738529682159424
0.4697936773300171
0.46082329750061035
-0.2739182710647583
0.32798635959625244
0.21111512184143066
0.18493294715881348
0.16249346733093262
-0.30848753452301025
0.3735760450363159
-0.010884523391723633
-0.8978984355926514
0.1673123836517334
0.14782965183258057
-0.5285706520080566
-0.27932441234588623
-0.09132695198059082
-0.04796266555786133
-0.26744401454925537
0.021071195602416992
0.24088287353515625
0.27300214767456055
-0.16417133808135986
0.2578728199005127
-0.08773148059844971
0.4343167543411255
-0.1578737497329712
0.21455538272857666
0.23294222354888916
-0.011932730674743652
0.08706021308898926
0.31739914417266846
-0.1299443244934082
0.28637659549713135
-0.20385456085205078
-0.13731861114501953
-0.28631412982940674
-0.10182046890258789
0.26497554779052734
0.3494652509689331
-0.30773985385894775
0.3332294225692749
0.14927339553833008
0.6986916065216064
0.11703944206237793
0.14950168132781982
-0.07071471214294434
0.15615248680114746
-0.3030824661254883
-0.09215521812438965
-0.19910991191864014
0.46630215644836426
-0.19088566303253174
-0.08056259155273438
-0.18259668350219727
0.42020368576049805
0.1794034242630005
0.007421612739562988
-0.3575829267501831
0.38745999336242676
-0.3768984079360962
-0.1479501724243164
0.1783597469329834
-0.016629934310913086
0.210768461227417
0.10831725597381592
0.25621485710144043
-0.15419745445251465
-0.4726070165634155
-0.044619083404541016
0.023842334747314453
-0.29293930530548096
0.1878293752670288
0.05921173095703125
-0.4243593215942383
-0.00485539436340332
0.10653233528137207
-0.09579837322235107
-0.5725977420806885
-0.16046440601348877
-0.08377981185913086
-0.521550178527832
0.026569366455078125
0.07682549953460693
0.18042302131652832
-0.3845595121383667
0.013051986694335938
-0.04947102069854736
0.04225003719329834
0.21669530868530273
-0.4946422576904297
0.1949295997619629
0.23057281970977783
0.24716711044311523
-0.2559269666671753
0.20595991611480713
-0.10652720928192139
-0.34050261974334717
0.014236807823181152
0.08614897727966309
0.06085360050201416
0.08517634868621826
0.054966092109680176
0.3799717426300049
0.5001088380813599
0.15177369117736816
-0.12109589576721191
0.09689390659332275
0.197845458984375
0.042054176330566406
-0.3074963092803955
-0.18128418922424316
0.08293330669403076
0.23743343353271484
-0.049813270568847656
0.135451078414917
0.12680649757385254
-0.4886653423309326
0.07477724552154541
-0.2416163682937622
0.11201715469360352
0.13914334774017334
0.09013247489929199
0.21129894256591797
0.08272111415863037
-0.23186039924621582
0.21136367321014404
0.07661163806915283
-0.12542724609375
-0.24847877025604248
-0.4291508197784424
0.08236539363861084
0.33859896659851074
-0.10275602340698242
-0.660918116569519
-0.28404033184051514
-0.09602367877960205
0.10529792308807373
0.4822840690612793
-0.2537541389465332
0.25258827209472656
0.01367807388305664
-0.29338502883911133
0.27804839611053467
-0.43518245220184326
0.07593631744384766
-0.2991067171096802
0.16606616973876953
0.041126370429992676
-0.0068132877349853516
-0.052265048027038574
0.2589305639266968
-0.06419014930725098
0.44255757331848145
-0.2886902093887329
-0.6573648452758789
0.5528695583343506
0.24248480796813965
0.28301846981048584
-0.6180276870727539
-0.14364850521087646
-0.023656129837036133
0.30748188495635986
0.007818818092346191
-0.46587276458740234
0.20124876499176025
0.42375826835632324
0.07097983360290527
-0.2624166011810303
0.19775021076202393
0.38631224632263184
-0.31992483139038086
0.37828493118286133
0.062207818031311035
0.06204521656036377
-0.08380627632141113
-0.19373059272766113
-0.2701098918914795
0.004910469055175781
0.4546102285385132
-0.30779242515563965
-0.4900822639465332
0.031308650970458984
-0.30265045166015625
-0.02322232723236084
0.0034662485122680664
-0.3472703695297241
-0.1909637451171875
-0.020685553550720215
-0.08571279048919678
0.1406773328781128
-0.6517229080200195
-0.32718706130981445
0.045196533203125
0.2935444116592407
0.021562814712524414
-0.28104889392852783
-0.3223412036895752
-0.4689589738845825
0.3675966262817383
-0.4179580807685852
-0.28423333168029785
0.01287686824798584
-0.041461825370788574
0.2180025577545166
-0.07625675201416016
0.17477083206176758
-0.09834885597229004
0.2626410722732544
0.22490966320037842
0.13312435150146484
0.3602534532546997
-0.14265620708465576
0.48645126819610596
0.40909266471862793
0.28268468379974365
0.3505208492279053
0.3002636432647705
0.049727559089660645
-0.07085227966308594
0.45997631549835205
0.2852405309677124
-0.17856431007385254
-0.3440784215927124
-0.4597684144973755
0.14595961570739746
-0.07876706123352051
0.25847411155700684
-0.46400296688079834
0.13598787784576416
0.15667057037353516
-0.1831202507019043
-0.021651864051818848
-0.021231412887573242
-0.11876976490020752
0.05824756622314453
-0.2801930904388428
-0.30560898780822754
-0.13566112518310547
0.27830982208251953
-0.5693432092666626
0.37761688232421875
0.2509838342666626
0.11421263217926025
-0.027531862258911133
-0.2622671127319336
-0.445697546005249
0.0796966552734375
0.1514263153076172
0.11958277225494385
0.2788354158401489
-0.010766863822937012
-0.13639414310455322
-0.14484834671020508
0.13407349586486816
-0.16048336029052734
0.14749491214752197
-0.3620203733444214
0.03899955749511719
-0.15361809730529785
0.17207586765289307
-0.05762481689453125
0.31653690338134766
-0.0037997961044311523
0.010394573211669922
0.2531428337097168
-0.08250951766967773
-0.23415124416351318
-0.032134294509887695
0.20946228504180908
-0.1213369369506836
0.02342367172241211
-0.2586545944213867
-0.179290771484375
-0.6375702023506165
-0.23359918594360352
0.28290557861328125
0.3515450954437256
0.027847766876220703
-0.22128450870513916
-0.009534239768981934
-0.07195544242858887
-0.20277869701385498
-0.12111985683441162
-0.11260461807250977
0.2984294891357422
0.2320396900177002
0.11825168132781982
-0.09609949588775635
0.43783605098724365
-0.15665972232818604
-0.07571589946746826
0.14028549194335938
0.4391617774963379
0.27214670181274414
-0.39151477813720703
-0.5147185325622559
-0.16650843620300293
0.09030890464782715
-0.4237196445465088
-0.014585137367248535
0.0014922618865966797
-0.1853846311569214
0.15411138534545898
0.09083688259124756
-0.05913805961608887
-0.12270689010620117
-0.14228999614715576
-0.019405007362365723
-0.05688774585723877
-0.14827489852905273
-0.3362053632736206
-0.3176983594894409
-0.09401500225067139
-0.07566440105438232
0.14391493797302246
-0.04787874221801758
-0.10115242004394531
0.3359487056732178
0.02457141876220703
-0.2368466854095459
0.05498063564300537
-0.11114609241485596
-0.32102739810943604
-0.04305112361907959
0.07593250274658203
-0.27514970302581787
-0.14794456958770752
0.3325873613357544
-0.21638965606689453
0.07367444038391113
0.07308042049407959
0.27385616302490234
-0.3691667318344116
-0.21713733673095703
0.013402342796325684
-0.034307003021240234
-0.16313505172729492
0.2735888957977295
-0.050879836082458496
0.023905038833618164
0.14391064643859863
-0.30456972122192383
-0.6708710193634033
0.29263782501220703
-0.4642808437347412
0.2706259489059448
0.05829489231109619
-0.415918231010437
-0.1295253038406372
0.13840436935424805
0.21387410163879395
-0.1570727825164795
-0.28549396991729736
0.34266602993011475
0.216994047164917
0.22522449493408203
-0.15967082977294922
-0.08443033695220947
0.008916854858398438
-0.31473398208618164
-0.31113314628601074
0.1872624158859253
0.05459952354431152
-0.02818751335144043
-0.5583305358886719
-0.06444025039672852
0.02080976963043213
-0.25144386291503906
0.14476847648620605
0.05479574203491211
-0.3007253408432007
-0.26548492908477783
-0.2958728075027466
-0.21691656112670898
-0.224298357963562
-0.3886275291442871
0.1949702501296997
0.1279735565185547
0.40808558464050293
0.16309356689453125
-0.20622122287750244
-0.4233582019805908
-0.23098981380462646
-0.036618947982788086
0.10811638832092285
-0.23472082614898682
-0.49632740020751953
-0.21942567825317383
-0.09581458568572998
-0.49482500553131104
0.10400450229644775
-0.006089568138122559
0.3929539918899536
0.1854633092880249
0.2947484254837036
0.3690437078475952
0.2502753734588623
0.0033664703369140625
0.02051544189453125
0.19175875186920166
0.02647697925567627
0.24431371688842773
-0.1110910177230835
-0.19148612022399902
-0.08262228965759277
-0.07663619518280029
-0.24767422676086426
-0.042205214500427246
-0.042038798332214355
-0.25977587699890137
-0.03934812545776367
-0.43246471881866455
-0.34829986095428467
0.31722211837768555
0.10184407234191895
0.29486680030822754
-0.05931651592254639
0.32841992378234863
-0.13045752048492432
-0.1636664867401123
0.24085962772369385
0.19005703926086426
-0.07254791259765625
0.25542402267456055
-0.11866974830627441
-0.2667642831802368
-0.009946465492248535
0.1121293306350708
0.3685269355773926
-0.4033336639404297
-0.44849705696105957
-0.3381701707839966
0.13802599906921387
0.14303970336914062
-0.3746582269668579
0.11644911766052246
-0.2400496006011963
-0.6299556493759155
-0.15703296661376953
-0.2735852003097534
0.18990755081176758
0.020127177238464355
0.2620553970336914
-0.14353787899017334
-0.013524532318115234
-0.26740026473999023
0.17252731323242188
-0.3117060661315918
-0.2688561677932739
-0.487795352935791
-0.35573363304138184
-0.6145790815353394
-0.08182048797607422
0.0337756872177124
0.10090398788452148
-0.32439732551574707
0.07365775108337402
0.5076444149017334
-0.08864426612854004
-0.24282371997833252
0.48001158237457275
0.27863645553588867
0.6456046104431152
0.07437479496002197
-0.06256735324859619
-0.16864728927612305
0.40120959281921387
0.17564725875854492
-0.2328418493270874
-0.09396815299987793
-0.045993685722351074
-0.48862218856811523
0.3077211380004883
-0.3761143684387207
0.43285274505615234
-0.120796799659729
-0.07017207145690918
-0.3242015838623047
-0.23283493518829346
0.17331349849700928
-0.24641728401184082
-0.3357158899307251
0.08824479579925537
0.27040767669677734
0.14433586597442627
0.04003334045410156
0.17100417613983154
0.07345938682556152
-0.4568343162536621
0.22945725917816162
0.10544168949127197
0.17314434051513672
-0.44918084144592285
0.00607144832611084
-0.034673452377319336
-0.01073598861694336
0.04618573188781738
-0.0005267858505249023
-0.16196894645690918
0.08916783332824707
-0.08130800724029541
-0.2690463066101074
-0.5098872184753418
-0.49834930896759033
0.28409671783447266
0.17797040939331055
1.0449719429016113
0.10285139083862305
0.33664369583129883
0.11889123916625977
0.008676528930664062
0.1265554428100586
0.229414701461792
-0.1517852544784546
-0.18416893482208252
0.26810407638549805
-0.18033909797668457
-0.04936099052429199
0.2504390478134155
0.05418884754180908
-0.25531673431396484
-0.18481040000915527
-0.34800195693969727
-0.4465423822402954
-0.1901615858078003
0.2886773347854614
0.4249831438064575
0.11123967170715332
0.12644529342651367
0.2125084400177002
0.3963162899017334
-0.10260581970214844
-0.021229863166809082
0.03870677947998047
-0.21779584884643555
0.19124221801757812
0.06277251243591309
0.2932201623916626
-0.2868027687072754
-0.05631363391876221
0.3248138427734375
-0.2345794439315796
0.014019012451171875
-0.4108985662460327
-0.0018191337585449219
-0.09572219848632812
-0.24522161483764648
-0.07815277576446533
-0.134307861328125
-0.18617188930511475
0.2054593563079834
-0.17514288425445557
-0.43093717098236084
-0.04913365840911865
-0.06300759315490723
0.12204456329345703
0.02768731117248535
0.299507737159729
-0.2186371088027954
0.07978761196136475
0.19058537483215332
0.03215193748474121
0.036195993423461914
0.2840770483016968
-0.08429622650146484
0.23125505447387695
0.32700181007385254
-0.1740652322769165
0.3511331081390381
-0.15571880340576172
-0.1478639841079712
0.26992642879486084
-0.07539141178131104
-0.2869894504547119
-0.13845229148864746
0.24421942234039307
0.40476512908935547
-0.015440821647644043
-0.1412876844406128
0.09222841262817383
-0.21039867401123047
-0.12079429626464844
-0.00041747093200683594
-0.1929842233657837
-0.19467127323150635
-0.05392193794250488
-0.3105635643005371
-0.10647141933441162
-0.030263662338256836
-0.17030680179595947
0.19009637832641602
0.20935821533203125
0.2693898677825928
-0.055797696113586426
-0.016315579414367676
-0.13369262218475342
-0.12026870250701904
-0.07487261295318604
0.584638237953186
0.6497739553451538
0.1523834466934204
-0.36768996715545654
-0.16612780094146729
-0.28576672077178955
-0.13621282577514648
-0.11652994155883789
-0.040225863456726074
0.19273865222930908
-0.044887542724609375
0.23125290870666504
-0.0759737491607666
-0.21894395351409912
-0.3414069414138794
0.27964353561401367
-0.377732515335083
-0.2089623212814331
-0.03751647472381592
-0.21547973155975342
-0.22937703132629395
0.04092597961425781
0.15695428848266602
-0.21172690391540527
0.26071202754974365
0.34121596813201904
-0.19784247875213623
0.07722342014312744
-0.41072356700897217
0.20881223678588867
-0.1845177412033081
-0.3378927707672119
-0.02120828628540039
0.17753922939300537
0.16004395484924316
-0.1497488021850586
0.3294658660888672
0.35787200927734375
-0.2890663146972656
0.22370827198028564
0.1276952028274536
0.10903346538543701
-0.10773134231567383
-0.07106995582580566
-0.10175466537475586
0.26569664478302
0.006539106369018555
-0.2456599473953247
-0.23892748355865479
-0.4486100673675537
0.6252391338348389
-0.2763122320175171
0.405057430267334
-0.2850898504257202
0.08086240291595459
0.14875352382659912
-0.13281428813934326
-0.23910367488861084
0.23749947547912598
-0.2195286750793457
0.22678184509277344
0.30899858474731445
-0.0413588285446167
0.3834800720214844
0.025762081146240234
0.12484419345855713
-0.06554579734802246
0.31232380867004395
-0.394184947013855
-0.3585782051086426
-0.23816120624542236
0.11813652515411377
-0.4458876848220825
-0.21852481365203857
-0.14285695552825928
0.26423442363739014
0.6500722169876099
-0.09790527820587158
0.38443779945373535
-0.11727964878082275
0.06042492389678955
-0.07618176937103271
-0.05891990661621094
0.3523913621902466
0.0575484037399292
0.5517450571060181
-0.7360694408416748
-0.009115934371948242
-0.15130555629730225
-0.11189746856689453
-0.25629353523254395
0.293904185295105
-0.5179520845413208
-0.0020102262496948242
-0.23924553394317627
-0.2317274808883667
-0.2783409357070923
-0.32700014114379883
-0.2397686243057251
0.37278449535369873
0.2688119411468506
-0.16865074634552002
0.013100743293762207
0.048438310623168945
-0.05958199501037598
-0.11272287368774414
-0.12159109115600586
-0.26170217990875244
-0.2006514072418213
-0.207794189453125
0.21651363372802734
0.36906278133392334
-0.6408309936523438
-0.24547851085662842
0.0890204906463623
-0.6039711236953735
-0.5342411994934082
0.19216501712799072
-0.07584381103515625
0.05259859561920166
-0.15754914283752441
-0.07133638858795166
-0.09654724597930908
0.2292647361755371
-0.4991610050201416
0.04518532752990723
0.16364598274230957
-0.2529851198196411
-0.2954365015029907
-0.09558594226837158
-0.033556461334228516
-0.0589296817779541
-0.05990588665008545
-0.14385759830474854
0.09189438819885254
-0.1727604866027832
-0.22847843170166016
-0.15676510334014893
0.26059210300445557
-0.03305661678314209
0.14946269989013672
0.1351703405380249
-0.527908205986023
-0.10960268974304199
-0.044764161109924316
-0.11519861221313477
-0.3404659032821655
0.3013417720794678
-0.1014329195022583
-0.4833261966705322
0.015027523040771484
-0.31529486179351807
0.23932147026062012
0.3436671495437622
-0.2972317934036255
-0.18224620819091797
-0.16753268241882324
-0.07686614990234375
-0.21438562870025635
0.09796738624572754
0.04473268985748291
-0.3135814666748047
-0.034508347511291504
-0.052552223205566406
-0.020697593688964844
-0.18947267532348633
0.33048272132873535
-0.24043118953704834
0.13739359378814697
-0.433856725692749
-0.5330715179443359
0.23925793170928955
-0.3299674987792969
0.38483524322509766
0.021091818809509277
-0.023605704307556152
-0.2384856939315796
-0.13724374771118164
0.02100086212158203
0.08752930164337158
-0.13745689392089844
-0.2501744031906128
0.2385849952697754
-0.09567201137542725
0.19974195957183838
-0.13645660877227783
-0.772887110710144
-0.44865643978118896
0.10042262077331543
0.24846506118774414
0.1501924991607666
-0.022526979446411133
-0.28578484058380127
-0.027087926864624023
0.09180307388305664
0.10623478889465332
-0.15061914920806885
0.6327428817749023
0.10019063949584961
0.2782108783721924
-0.18233907222747803
-0.06603658199310303
0.18758797645568848
0.0224606990814209
0.029370784759521484
0.17773938179016113
-0.08899283409118652
-0.0015299320220947266
0.18334877490997314
0.10575640201568604
0.021386027336120605
0.3691563606262207
0.2839674949645996
0.1675882339477539
-0.16110920906066895
-0.2914755344390869
0.060329556465148926
0.07850706577301025
-0.022632122039794922
0.08962845802307129
-0.021860241889953613
-0.7185378074645996
-0.2396758794784546
-0.2902425527572632
0.394321084022522
0.01918470859527588
-0.45473313331604004
0.15886437892913818
0.04500305652618408
-0.07211160659790039
-0.2569223642349243
0.15367567539215088
-0.18990933895111084
0.10072410106658936
-0.6481308937072754
-0.016803860664367676
0.10895967483520508
-0.38008272647857666
-0.2363758087158203
0.0667262077331543
0.14846408367156982
0.12700402736663818
-0.0425342321395874
-0.04756736755371094
0.014635682106018066
-0.14415669441223145
-0.23956072330474854
0.22651052474975586
0.5503630638122559
-0.31256163120269775
-0.15815865993499756
-0.2330942153930664
-0.15684950351715088
-0.7053967714309692
-0.11673128604888916
-0.24758505821228027
0.2517280578613281
-0.02703070640563965
0.1174631118774414
0.29430484771728516
-0.20678198337554932
-0.0654900074005127
-0.21138513088226318
-0.8369153141975403
-0.2529561519622803
-0.06722617149353027
-0.22680580615997314
-0.22010362148284912
0.21300959587097168
-0.010316729545593262
-0.6446957588195801
-0.3767249584197998
0.05249631404876709
-0.16817522048950195
-0.06669294834136963
-0.0370868444442749
0.07515251636505127
0.25012803077697754
-0.07352924346923828
0.03093886375427246
0.46945929527282715
0.27882909774780273
-0.06427872180938721
0.10193264484405518
0.3556325435638428
-0.5133473873138428
0.11607015132904053
-0.2396681308746338
-0.07578122615814209
-0.18424475193023682
0.2439286708831787
0.018767952919006348
-0.03669595718383789
-0.5113270282745361
0.040262579917907715
-0.36171233654022217
0.12580537796020508
0.1626342535018921
0.21103739738464355
-0.16089177131652832
0.21175086498260498
-0.378454327583313
-0.3998173475265503
0.03223156929016113
-0.2497398853302002
-0.11290335655212402
0.09812724590301514
-0.12924432754516602
-0.2293936014175415
0.14937365055084229
-0.17251479625701904
0.29329919815063477
0.27996301651000977
-0.1541295051574707
0.13667631149291992
-0.3954949378967285
0.4318501949310303
0.10632216930389404
0.21973299980163574
-0.1903069019317627
0.2567634582519531
-0.16960608959197998
-0.5291708707809448
-0.09865200519561768
0.10238003730773926
-0.35619020462036133
0.2881617546081543
0.16456830501556396
-0.25518012046813965
-0.14521825313568115
0.2709726095199585
0.10497033596038818
0.03965651988983154
-0.021098017692565918
-0.17042243480682373
0.17528021335601807
-0.3063544034957886
0.17064309120178223
0.1641249656677246
-0.06367945671081543
-0.2569420337677002
0.18384015560150146
0.07554638385772705
-0.07387900352478027
0.06943058967590332
-0.42976510524749756
0.34723079204559326
0.31942200660705566
0.36604011058807373
0.08542084693908691
-0.04087042808532715
0.1801459789276123
0.11062371730804443
-0.25405776500701904
-0.20270287990570068
-0.17726385593414307
0.4312068223953247
0.0116196870803833
-0.11721408367156982
-0.03449249267578125
0.3127779960632324
0.12880444526672363
-0.06606054306030273
0.16218197345733643
0.09117162227630615
0.2566877603530884
0.16437232494354248
-0.34441494941711426
-0.5616265535354614
0.284077525138855
0.04345738887786865
-0.5512967109680176
-0.24654436111450195
0.3638744354248047
-0.04417884349822998
-0.2570188045501709
0.1506861448287964
-0.2794840335845947
0.20942378044128418
-0.1487196683883667
0.3485453128814697
-0.6014951467514038
-0.3581535816192627
0.03464031219482422
-0.287156343460083
0.12610399723052979
-0.47856247425079346
-0.6699457168579102
0.0996847152709961
-0.0881047248840332
0.015676140785217285
-0.23606431484222412
-0.04599785804748535
-0.09326815605163574
-0.18643784523010254
-0.3313814401626587
-0.11119532585144043
0.07221853733062744
-0.07406818866729736
0.0826653242111206
0.1740652322769165
0.35054242610931396
0.32223427295684814
-0.1712205410003662
-0.2917066812515259
-0.007261753082275391
-0.3481041193008423
-0.22605574131011963
-0.05414438247680664
0.26763808727264404
0.33131468296051025
-0.19385838508605957
-0.21144723892211914
-0.23292231559753418
0.08219444751739502
-0.18707895278930664
-0.23015069961547852
0.26139676570892334
0.28794562816619873
-0.3701826333999634
-0.3056398630142212
0.18762409687042236
0.23324251174926758
-0.15263938903808594
0.09182727336883545
-0.03382992744445801
-0.4234645366668701
0.061261534690856934
0.11198735237121582
-0.5255580544471741
-0.215262770652771
-0.14902865886688232
-0.3312201499938965
-0.12570428848266602
-0.06449449062347412
0.09127593040466309
-0.25209128856658936
-0.054367661476135254
-0.0026848316192626953
0.12304627895355225
0.08932149410247803
-0.050423264503479004
-0.09369146823883057
0.010177135467529297
-0.3450201749801636
-0.02880382537841797
-0.614580512046814
-0.2863410711288452
-0.2013000249862671
-0.1350635290145874
0.3946573734283447
0.19489037990570068
0.020441055297851562
0.23573791980743408
0.01964092254638672
0.11486828327178955
0.1183854341506958
0.3720111846923828
-0.12511372566223145
-0.12356722354888916
0.19711875915527344
-0.13391029834747314
-0.12336301803588867
-0.2892568111419678
0.08379185199737549
0.1060953140258789
-0.24479806423187256
0.09991776943206787
0.2564810514450073
0.1517033576965332
0.10502290725708008
0.0168532133102417
0.004858732223510742
0.05044817924499512
-0.26877665519714355
-0.16746115684509277
-0.21532976627349854
-0.13538312911987305
-0.03804278373718262
0.019118785858154297
0.1509026288986206
-0.31987977027893066
-0.08153915405273438
-0.061487674713134766
-0.2725975513458252
-0.3390212059020996
0.15626859664916992
-0.16616249084472656
-0.17964529991149902
0.07107245922088623
-0.0802842378616333
-0.208703875541687
-0.11201047897338867
-0.10768401622772217
0.0812375545501709
0.17240595817565918
0.4226539134979248
0.13062834739685059
-0.06671690940856934
0.28351354598999023
0.10336875915527344
0.1973707675933838
0.028681278228759766
-0.017503023147583008
-0.6040985584259033
-0.43907833099365234
-0.36137139797210693
0.031227946281433105
-0.378635048866272
-0.23942506313323975
0.3414372205734253
-0.18679571151733398
0.5680160522460938
-0.35294175148010254
-0.36865389347076416
-0.09559571743011475
0.03832864761352539
-0.11922955513000488
-0.219901442527771
-0.20042681694030762
0.012471199035644531
0.16629230976104736
0.2046046257019043
-0.07207560539245605
0.3738105297088623
-0.3621746301651001
0.11470544338226318
-0.18347513675689697
-0.20851492881774902
-0.07536125183105469
0.1459745168685913
0.05435347557067871
-0.2778559923171997
0.06621456146240234
0.22958290576934814
-0.08180880546569824
0.05513918399810791
-0.019220590591430664
-0.29304659366607666
0.1663362979888916
0.20655667781829834
0.018720388412475586
0.00845324993133545
-0.2835986614227295
0.04922223091125488
0.07465922832489014
0.16355586051940918
-0.14544439315795898
0.055359482765197754
0.40630245208740234
0.25589919090270996
-0.031453609466552734
-0.26966381072998047
0.03022944927215576
-0.09912252426147461
0.19575262069702148
-0.02967238426208496
-0.11037921905517578
0.2317967414855957
0.011460065841674805
0.23793554306030273
0.07302308082580566
-0.0745694637298584
0.04238009452819824
-0.06885170936584473
-0.11780190467834473
0.2525597810745239
0.03226673603057861
0.10987412929534912
0.012348175048828125
-0.24815118312835693
0.12902891635894775
0.06741118431091309
-0.09582686424255371
0.21656358242034912
0.01290738582611084
0.21349215507507324
-0.12443399429321289
0.39341092109680176
0.4297671318054199
-0.3862650394439697
-0.13502192497253418
0.2829042673110962
0.14233183860778809
-0.11575663089752197
0.15443956851959229
-0.1321641206741333
0.1343379020690918
-0.38004767894744873
0.21754884719848633
0.03949880599975586
-0.19986915588378906
0.11824989318847656
-0.022467374801635742
0.3060492277145386
-0.0069304704666137695
-0.1412804126739502
-0.21876168251037598
0.22575759887695312
0.21032297611236572
-0.08559811115264893
0.10759735107421875
-0.010355234146118164
0.12267673015594482
0.03657329082489014
-0.22021770477294922
-0.07635498046875
-0.12703537940979004
-0.04347848892211914
-0.03755664825439453
-0.43285202980041504
-0.23367691040039062
-0.27438366413116455
-0.31241726875305176
0.1329963207244873
0.3141648769378662
0.14279389381408691
-0.16623663902282715
-0.6078455448150635
-0.4426475763320923
0.05181920528411865
0.05707573890686035
0.6083201169967651
-0.18561530113220215
-0.3084871768951416
0.029888153076171875
0.4615875482559204
-0.40068960189819336
-0.13490521907806396
-0.03090536594390869
-0.2737460136413574
0.018226146697998047
0.21264433860778809
-0.40744996070861816
-0.14192545413970947
-0.03805243968963623
-0.03634059429168701
0.189133882522583
-0.20999860763549805
0.14632487297058105
0.009430766105651855
-0.07527220249176025
-0.16955232620239258
-0.18023550510406494
-0.081703782081604
0.16332519054412842
0.032605886459350586
-0.128898024559021
-0.16770696640014648
-0.11954188346862793
0.2103949785232544
0.01200854778289795
0.3288259506225586
0.25652778148651123
-0.31316304206848145
0.037369728088378906
-0.06669878959655762
-0.3734450340270996
-0.002700328826904297
-0.06531119346618652
0.23774051666259766
0.06433725357055664
0.09309887886047363
0.031700968742370605
0.16671109199523926
-0.30941498279571533
0.06731808185577393
0.04969608783721924
0.33216917514801025
0.19996893405914307
0.28844964504241943
0.449590802192688
-0.22524642944335938
0.11256051063537598
0.08376693725585938
0.1900629997253418
-0.2519702911376953
-0.024010658264160156
-0.03384804725646973
0.07264888286590576
0.1590367555618286
0.2785886526107788
0.44384050369262695
0.10420572757720947
-0.14185559749603271
0.38489532470703125
-0.11210238933563232
-0.263824462890625
0.010132312774658203
-0.03703641891479492
0.15962696075439453
-0.11797904968261719
-0.5161981582641602
-0.18397760391235352
-0.016185402870178223
-0.17553675174713135
-0.10615777969360352
0.23279809951782227
0.11113119125366211
-0.1268908977508545
-0.17531144618988037
0.1723802089691162
0.16337311267852783
0.22547757625579834
0.09182727336883545
-0.17736363410949707
0.12218594551086426
0.6428909301757812
-0.110251784324646
-0.10198116302490234
0.10239636898040771
0.2489457130432129
0.08259725570678711
0.3081035614013672
-0.2723742723464966
0.20479309558868408
-0.0157320499420166
0.13252007961273193
0.09933578968048096
-0.2852935791015625
0.06457769870758057
-0.4488062858581543
0.6508280038833618
0.017226696014404297
-0.9182573556900024
-0.059682488441467285
0.11118102073669434
-0.17210280895233154
-0.15170300006866455
0.17267465591430664
0.13517284393310547
0.041152000427246094
0.353176474571228
-0.10332810878753662
-0.08274734020233154
-0.31543779373168945
-0.3516101837158203
0.06433892250061035
-0.21466577053070068
0.011191129684448242
-0.1447141170501709
-0.1321340799331665
0.325435996055603
-0.40854477882385254
0.6719279289245605
0.049462080001831055
-0.07549464702606201
0.13452839851379395
-0.2801790237426758
0.19035494327545166
-0.24847638607025146
-0.14263379573822021
-0.2164071798324585
0.02776789665222168
-0.022551894187927246
-0.00041615962982177734
0.20270121097564697
0.14129340648651123
-0.08590829372406006
-0.008518815040588379
-0.05852043628692627
-0.08067977428436279
-0.39294350147247314
0.0437697172164917
0.15378999710083008
-0.12521111965179443
0.19415223598480225
0.18348562717437744
0.1414036750793457
0.0866096019744873
0.14199185371398926
0.18608033657073975
-0.31964242458343506
-0.09766924381256104
-0.4503598213195801
0.03398394584655762
-0.07540059089660645
0.08056092262268066
0.20471584796905518
0.06453227996826172
0.2392500638961792
-0.4639166593551636
-0.0057032108306884766
-0.10138797760009766
-0.10674214363098145
0.20924270153045654
0.5635454654693604
-0.20535147190093994
-0.0052301883697509766
-0.31458568572998047
0.24187850952148438
0.12187814712524414
-0.24446630477905273
-0.3407430648803711
0.3145331144332886
-0.07358038425445557
-0.3962615728378296
-0.0831444263458252
0.2804110050201416
0.19895553588867188
-0.26392924785614014
-0.2224198579788208
-0.14404356479644775
-0.08310019969940186
-0.014316797256469727
-0.037016868591308594
0.25205540657043457
-0.45455634593963623
-0.43116021156311035
-0.5153182744979858
-0.0379716157913208
0.17638123035430908
-0.3886197805404663
-0.26727294921875
0.1176304817199707
0.07280826568603516
0.3997008800506592
-0.5475393533706665
-0.17751860618591309
-0.4331897497177124
0.2517092227935791
-0.3256310224533081
-0.005194664001464844
0.27511870861053467
0.2217693328857422
-0.30185985565185547
-0.10704207420349121
-0.09725236892700195
-0.1552027463912964
0.20645058155059814
0.2338811159133911
-0.0038079023361206055
0.23361408710479736
-0.16159188747406006
0.16935646533966064
-0.24111449718475342
-0.3736385107040405
-0.27364540100097656
-0.17186427116394043
0.28934288024902344
0.07390952110290527
-0.24190294742584229
-0.171583890914917
-0.01288294792175293
0.3476816415786743
0.2543398141860962
-0.10959041118621826
-0.17731857299804688
0.24634337425231934
0.40461790561676025
0.14943623542785645
-0.007211208343505859
-0.15958678722381592
0.1445401906967163
0.5065628290176392
0.04989743232727051
-0.1501626968383789
0.1492290496826172
0.518492579460144
0.1876380443572998
0.3897913694381714
0.3082691431045532
-0.15544664859771729
-0.06774580478668213
-0.013358473777770996
-0.1004636287689209
-0.2175365686416626
-0.05011594295501709
0.11340010166168213
0.2090517282485962
-0.31356024742126465
0.02364027500152588
0.07201647758483887
-0.10304605960845947
0.12468123435974121
0.4611159563064575
0.4693918228149414
-0.08940684795379639
-0.09822428226470947
-0.09464812278747559
-0.11887168884277344
0.17081785202026367
0.1635674238204956
0.14784109592437744
-0.008103013038635254
0.1275014877319336
-0.16706979274749756
-0.13665223121643066
0.035671234130859375
-0.21268653869628906
-0.41576600074768066
-0.16730618476867676
0.06270813941955566
-0.701210618019104
0.02501368522644043
-0.19922947883605957
-0.11425364017486572
-0.1866074800491333
0.06784820556640625
-0.07746362686157227
-0.0760335922241211
-0.08066439628601074
-0.27937591075897217
-0.13071954250335693
-0.21731126308441162
-0.45755231380462646
-0.08203065395355225
0.2725452184677124
0.4515674114227295
-0.1432102918624878
-0.0669630765914917
0.21246469020843506
-0.4456760883331299
-0.15385758876800537
-0.24371278285980225
-0.06949198246002197
-0.08202970027923584
0.05222916603088379
-0.15301048755645752
-0.1576831340789795
-0.2312333583831787
0.19527387619018555
-0.28714489936828613
0.12280011177062988
0.17626488208770752
-0.20494067668914795
0.013757109642028809
-0.428737998008728
0.06717061996459961
-0.0478973388671875
0.16034841537475586
-0.06889152526855469
-0.5762995481491089
-0.24118971824645996
0.1529756784439087
-0.1313544511795044
0.10952293872833252
0.2692962884902954
0.10256516933441162
-0.2446730136871338
0.22133660316467285
0.03235149383544922
-0.2703402042388916
-0.49319469928741455
0.12685739994049072
-0.06592833995819092
-0.1719818115234375
0.09002029895782471
0.006232261657714844
-0.3914405107498169
-0.16540181636810303
0.3026362657546997
0.05597043037414551
-0.47563886642456055
-0.12226748466491699
0.0016798973083496094
0.3832879066467285
-0.18451881408691406
-0.08679044246673584
-0.1886962652206421
0.027011752128601074
0.13391661643981934
-0.0478367805480957
0.09905719757080078
0.17971885204315186
0.0012052059173583984
-0.056859612464904785
-0.03811323642730713
0.28759682178497314
-0.022321224212646484
0.24410557746887207
-0.3287949562072754
-0.729153037071228
0.2834426164627075
0.08827817440032959
0.021065235137939453
-0.17017149925231934
0.1003866195678711
0.01639556884765625
-0.030472993850708008
-0.2753678560256958
0.16916584968566895
-0.08397400379180908
-0.060516357421875
0.1952824592590332
0.16568434238433838
-0.24576973915100098
0.05584275722503662
0.05995476245880127
0.11291587352752686
0.4414389133453369
-0.20257985591888428
0.3783762454986572
0.33418238162994385
0.13673555850982666
-0.08038437366485596
0.22627902030944824
-0.12848997116088867
0.0307081937789917
-0.3987382650375366
-0.12401390075683594
0.15632987022399902
-0.17772316932678223
-0.050492167472839355
-0.3697000741958618
0.5161749124526978
0.14029574394226074
-0.36253321170806885
0.23842060565948486
-0.14027464389801025
0.06340610980987549
0.5837565660476685
0.331465482711792
-0.1811380386352539
-0.1545313596725464
-0.03125119209289551
-0.31825411319732666
-0.11485040187835693
0.2805657386779785
-0.0574263334274292
-0.08701050281524658
-0.02992701530456543
-0.2758229970932007
-0.2331559658050537
-0.037851691246032715
0.09910547733306885
0.305694580078125
0.24075937271118164
0.2848166227340698
-0.10490572452545166
0.6479296684265137
-0.27601516246795654
0.07482051849365234
0.2471848726272583
0.14599764347076416
0.02739572525024414
0.42357003688812256
-0.3376237154006958
-0.1503925323486328
-0.17984867095947266
0.06991946697235107
0.1676574945449829
-0.3160386085510254
0.2621258497238159
0.14532101154327393
-0.1344670057296753
0.021926045417785645
-0.07597148418426514
0.24174392223358154
0.22127830982208252
-0.2635146379470825
-0.2738971710205078
-0.3397427797317505
0.5770308971405029
-0.3171050548553467
-0.17816948890686035
0.32317018508911133
0.10472095012664795
-0.5668981075286865
-0.14203190803527832
0.036949872970581055
-0.044504404067993164
-0.02371525764465332
-0.37429583072662354
0.044724345207214355
-0.3007059097290039
-0.6448236703872681
-0.4436880350112915
0.15907657146453857
0.09608912467956543
-0.0816720724105835
-0.15791475772857666
0.10707497596740723
-0.4360576868057251
-0.22111284732818604
0.28876328468322754
0.0497739315032959
0.4177626371383667
-0.19986867904663086
0.045533180236816406
0.17928707599639893
0.007996082305908203
-0.3280143737792969
-0.15545189380645752
0.23146533966064453
-0.6071130037307739
0.19686460494995117
-0.021018147468566895
-0.29757630825042725
-0.6788308620452881
0.3269820213317871
-0.289442777633667
-0.027727127075195312
-0.162095308303833
0.3431522846221924
0.24285054206848145
0.07343828678131104
0.03858745098114014
0.3258185386657715
-0.11192560195922852
-0.12748074531555176
-0.012478351593017578
0.01979517936706543
0.09334814548492432
-0.03484749794006348
-0.3184938430786133
-0.5712231397628784
0.11612534523010254
0.13305878639221191
0.06772100925445557
-0.05433821678161621
-0.1634998321533203
-0.15423822402954102
0.283280611038208
0.20160484313964844
-0.3402435779571533
0.023938536643981934
-0.12038207054138184
0.3760324716567993
-0.3011133670806885
-0.31908488273620605
-0.05071365833282471
0.10721707344055176
-0.07855665683746338
-0.2852574586868286
0.14948761463165283
-0.23275959491729736
0.35922884941101074
-0.05127418041229248
0.13490676879882812
-0.24143540859222412
-0.2586272954940796
0.3128088712692261
0.42195451259613037
-0.39547061920166016
0.2013547420501709
0.15701735019683838
0.032546281814575195
-0.07123780250549316
0.21266591548919678
0.16531133651733398
-0.35029149055480957
-0.23621582984924316
-0.11123299598693848
-0.07289695739746094
0.31846940517425537
0.3274049758911133
-0.14263582229614258
-0.325869083404541
-0.06688559055328369
0.07384264469146729
-0.22499001026153564
-0.31938636302948
0.1061316728591919
-0.04248452186584473
-0.18145370483398438
-0.0998528003692627
-0.21949851512908936
-0.051412343978881836
-0.2766306400299072
-0.0023512840270996094
-0.04251670837402344
-0.16819870471954346
-0.02018439769744873
-0.07610774040222168
0.08651959896087646
-0.3206467628479004
0.18220877647399902
0.047273993492126465
-0.19193017482757568
-0.465954065322876
0.35786330699920654
-0.21521306037902832
-0.08147788047790527
0.05456423759460449
0.18592631816864014
-0.18387317657470703
-0.25261104106903076
-0.010502815246582031
0.07835543155670166
-0.011821866035461426
-0.31159496307373047
0.29507970809936523
-0.16066575050354004
0.1550997495651245
-0.3469899892807007
0.27744245529174805
0.11742162704467773
0.41166555881500244
0.16659963130950928
-0.06065976619720459
0.1539452075958252
-0.05483901500701904
-0.36229169368743896
0.3666418790817261
0.05575430393218994
0.03166317939758301
-0.21471595764160156
0.09141349792480469
0.1951354742050171
0.19977164268493652
-0.1438390016555786
-0.310366153717041
0.23447096347808838
0.44085419178009033
-0.12061870098114014
-0.7333060503005981
0.027957439422607422
0.00425410270690918
-0.3374345302581787
0.40570032596588135
0.21923673152923584
-0.25448811054229736
-0.13005614280700684
0.2300173044204712
-0.20621240139007568
0.10324442386627197
0.07972335815429688
0.04304027557373047
0.038355469703674316
0.09874236583709717
-0.04474842548370361
-0.14986944198608398
-0.04776263236999512
0.27773404121398926
0.2938741445541382
-0.42098212242126465
0.09194076061248779
0.05426192283630371
-0.053311824798583984
0.05501830577850342
-0.6943258047103882
0.06940710544586182
0.16802358627319336
0.07831740379333496
-0.10960030555725098
0.11600601673126221
0.7815979719161987
0.05107855796813965
-0.42402756214141846
0.15365827083587646
-0.21152377128601074
0.213647723197937
-0.022238969802856445
-0.44657111167907715
0.0493999719619751
-0.2898421287536621
-0.21241223812103271
0.41505110263824463
0.42105674743652344
0.05023157596588135
0.11212718486785889
-0.2853776216506958
0.16451704502105713
0.18166983127593994
0.3569214344024658
0.31269335746765137
0.3301347494125366
-0.42876648902893066
-0.31036531925201416
-0.04745078086853027
0.08263015747070312
-0.255479097366333
0.34763479232788086
-0.49080824851989746
0.05462443828582764
0.07539641857147217
-0.1057577133178711
0.15621685981750488
-0.09042787551879883
-0.29180073738098145
-0.02618253231048584
0.07262146472930908
-0.13934314250946045
0.11706805229187012
0.32803773880004883
0.2561464309692383
-0.417341947555542
0.1258397102355957
0.20273113250732422
-0.1065673828125
-0.2259305715560913
0.1509101390838623
0.5556405782699585
0.23636984825134277
0.10580301284790039
-0.3064873218536377
0.32499539852142334
-0.0007534027099609375
0.03440392017364502
-0.04535079002380371
0.04169011116027832
-0.21912574768066406
0.19232439994812012
0.18237638473510742
-0.11546838283538818
-0.2707648277282715
0.007475852966308594
-0.23793065547943115
-0.29236817359924316
-0.07682323455810547
0.056870460510253906
-0.17333614826202393
-0.18107080459594727
0.14395618438720703
0.17033100128173828
0.09062695503234863
0.07362592220306396
-0.27174341678619385
0.12314140796661377
0.225866436958313
0.0518190860748291
-0.0628432035446167
-0.13696157932281494
0.3306417465209961
0.004116058349609375
-0.022893428802490234
-0.10877692699432373
-0.05758941173553467
-0.18425166606903076
-0.011940717697143555
-0.023656129837036133
-0.5469155311584473
-0.26113057136535645
0.01853013038635254
0.10294914245605469
-0.02231001853942871
0.0066509246826171875
-0.031218767166137695
0.04186391830444336
0.01717507839202881
-0.16618287563323975
0.4316333532333374
-0.11835384368896484
0.16989350318908691
0.05014300346374512
-0.15709972381591797
0.6503087282180786
-0.05331099033355713
0.15837490558624268
0.1108100414276123
0.20451581478118896
0.12470448017120361
-0.05089426040649414
-0.09292364120483398
0.011832594871520996
-0.35893774032592773
-0.18612802028656006
-0.08223414421081543
0.3485453128814697
-0.5203965902328491
-0.35997724533081055
-0.3916372060775757
0.062143683433532715
-0.424957275390625
-0.3218119144439697
0.43246185779571533
0.06199765205383301
-0.02576303482055664
0.28151369094848633
-0.365425705909729
0.14493989944458008
0.08577108383178711
-0.07553815841674805
0.0781700611114502
0.43083906173706055
0.17794108390808105
-0.0424882173538208
-0.372625470161438
0.0028847455978393555
-0.3296935558319092
-0.5005240440368652
-0.24328792095184326
-0.7386858463287354
-0.33083832263946533
-0.4367326498031616
-0.15690207481384277
0.39206182956695557
-0.3101768493652344
0.37860238552093506
-0.13003134727478027
0.0832136869430542
0.22595369815826416
-0.16662144660949707
-0.23113644123077393
0.15287089347839355
0.06934130191802979
0.14699244499206543
0.3486596345901489
-0.11129844188690186
-0.031732797622680664
0.02725815773010254
-0.040174126625061035
0.2714787721633911
0.21689045429229736
-0.3861701488494873
-0.6875557899475098
-0.06420588493347168
-0.055205464363098145
-0.2222132682800293
0.3597412109375
-0.34052765369415283
-0.41195714473724365
-0.008706927299499512
-0.2338007688522339
0.047124505043029785
0.07049429416656494
-0.2733064889907837
-0.34155070781707764
0.25115966796875
-0.42202985286712646
0.11175656318664551
0.07361888885498047
0.2303757667541504
-0.29206299781799316
0.1032254695892334
-0.40163707733154297
-0.2587395906448364
-0.21179485321044922
-0.1353757381439209
-0.031128644943237305
-0.15719246864318848
0.08145380020141602
0.46949970722198486
0.3323376178741455
-0.046938538551330566
0.09719157218933105
0.016344070434570312
-0.4887557029724121
-0.11383593082427979
-0.5371521711349487
-0.6696852445602417
0.08812451362609863
-0.11752140522003174
0.26575398445129395
-0.00944983959197998
-0.06795954704284668
0.43017685413360596
-0.24443674087524414
0.10891449451446533
0.2342689037322998
0.059101104736328125
0.06437826156616211
0.2078937292098999
0.20047712326049805
-0.1148902177810669
-0.08317387104034424
-0.2991924285888672
-0.33495616912841797
0.1684422492980957
0.22765934467315674
-0.3174062967300415
0.11616885662078857
0.1335289478302002
-0.30698299407958984
0.07600760459899902
0.18925130367279053
0.102852463722229
0.024008989334106445
-0.1748875379562378
-0.25156402587890625
-0.07956278324127197
-0.07053947448730469
-0.16316020488739014
0.2060157060623169
0.11228203773498535
0.15614783763885498
0.6292575597763062
0.13675153255462646
-0.10299968719482422
0.015798330307006836
-0.4836210012435913
-0.8458815813064575
-0.011597752571105957
0.41046857833862305
0.2767292261123657
0.11881184577941895
0.10642015933990479
0.08697068691253662
-0.038848876953125
-0.22025811672210693
-0.08194231986999512
0.0027207136154174805
-0.023799777030944824
0.06315219402313232
0.21540594100952148
-0.24943721294403076
-0.2948693037033081
0.07477033138275146
0.25757694244384766
0.21541357040405273
-0.6197130680084229
-0.19559431076049805
0.4725797176361084
0.01562345027923584
0.04898369312286377
0.1281036138534546
-0.3567124605178833
-0.31567084789276123
-0.22746145725250244
-0.049788832664489746
-0.11504518985748291
-0.201554536819458
0.25562596321105957
-0.6273833513259888
-0.29394853115081787
-5.4836273193359375e-05
0.47215306758880615
0.514866828918457
-0.6155650615692139
-0.2120048999786377
-0.3886144161224365
-0.0967414379119873
-0.033409953117370605
0.05231451988220215
0.0020791292190551758
-0.036359190940856934
0.33635473251342773
0.2478642463684082
-0.0797891616821289
-0.07720386981964111
0.420383095741272
-0.031487226486206055
-0.5556068420410156
0.29265058040618896
-0.003199934959411621
-0.20529329776763916
0.025180459022521973
0.4505038261413574
-0.22379660606384277
-0.27769720554351807
-0.019109487533569336
-0.2091752290725708
-0.26555562019348145
-0.37433838844299316
-0.07829034328460693
-0.39598655700683594
0.04674172401428223
0.3755826950073242
0.42668402194976807
0.10238826274871826
-0.0060689449310302734
0.14204347133636475
-0.22156691551208496
0.1893932819366455
-0.09204959869384766
-0.19594478607177734
0.07014894485473633
0.16070842742919922
0.01804184913635254
-0.03558635711669922
0.15313875675201416
0.2629964351654053
0.051687002182006836
-0.2870591878890991
0.44379425048828125
0.03653442859649658
-0.08987951278686523
0.3515012264251709
0.09638535976409912
0.10837817192077637
-0.16420435905456543
0.03047347068786621
-0.031165122985839844
-0.1473768949508667
0.3077150583267212
0.08351480960845947
-0.5914074182510376
-0.10605418682098389
0.13514256477355957
0.1878145933151245
-0.04693639278411865
-0.06856060028076172
-0.2036529779434204
0.34224116802215576
-0.1449071168899536
-0.025697946548461914
0.009659767150878906
-0.16025567054748535
-0.25533831119537354
-0.389240026473999
0.027619242668151855
-0.04005610942840576
-0.3120187520980835
0.26128339767456055
-0.1745922565460205
-0.1496412754058838
-0.7004003524780273
-0.29711079597473145
0.23816168308258057
-0.11092245578765869
0.4244624376296997
-0.15714311599731445
0.006419658660888672
-0.7650227546691895
0.07378959655761719
-0.44324517250061035
0.4969210624694824
-0.09784770011901855
-0.6534594297409058
0.2779402732849121
0.38449811935424805
0.28848934173583984
0.29045557975769043
-0.34393537044525146
-0.16833865642547607
-0.15865206718444824
-0.01314842700958252
0.3595632314682007
0.16014409065246582
0.21941602230072021
-0.03673863410949707
-0.5211347341537476
-0.23328053951263428
-0.16891849040985107
-0.15808379650115967
-0.001998424530029297
-0.106972336769104
-0.049358487129211426
-0.05883514881134033
-0.4633345603942871
0.09493279457092285
-0.029128074645996094
-8.952617645263672e-05
0.011804819107055664
-0.24849045276641846
0.30678319931030273
0.3117837905883789
0.29198122024536133
0.1041792631149292
0.19167053699493408
0.06285238265991211
0.31139075756073
-0.6814392805099487
-0.30996406078338623
0.02789306640625
0.12626266479492188
-0.05667746067047119
-0.019309639930725098
-0.06521081924438477
-0.32429027557373047
-0.022362112998962402
0.19636929035186768
-0.11039936542510986
0.08954060077667236
-0.013375043869018555
0.06518375873565674
-0.4873819351196289
-0.3624681234359741
-0.10574984550476074
-0.17235374450683594
0.05307948589324951
-0.06555485725402832
0.2574242353439331
0.03862404823303223
0.255428671836853
-0.29295623302459717
0.08341121673583984
0.3136875629425049
-0.0637897253036499
0.1819295883178711
0.1196519136428833
0.24742019176483154
-0.3765376806259155
-0.06133556365966797
-0.22190141677856445
0.009789824485778809
-0.4448314905166626
-0.18246209621429443
0.16396379470825195
0.03627467155456543
-0.09198236465454102
-0.2894822359085083
0.030038118362426758
-0.3076540231704712
0.2294076681137085
-0.10093367099761963
0.5310819149017334
-0.355430006980896
-0.07486391067504883
-0.0738300085067749
-0.2532815933227539
-0.12256765365600586
0.4245154857635498
0.12005245685577393
0.007088184356689453
-0.0732804536819458
-0.2583780288696289
-0.005909442901611328
0.019868969917297363
0.12584400177001953
0.03296506404876709
0.04553365707397461
-0.043894290924072266
0.17768871784210205
-0.42725586891174316
0.22633659839630127
0.1496354341506958
-0.26765763759613037
-0.30064916610717773
0.20046007633209229
0.09387195110321045
0.1594550609588623
-0.3611161708831787
-0.1996781826019287
0.02176189422607422
-0.38070976734161377
-0.18793511390686035
-0.37539172172546387
0.4831303358078003
-0.310605525970459
-0.1275346279144287
-0.380692720413208
-0.1435631513595581
-0.12950682640075684
0.12347853183746338
0.12858295440673828
0.10058164596557617
0.35426008701324463
-0.04770338535308838
-0.03885924816131592
-0.00023686885833740234
-0.4676285982131958
-0.2616070508956909
-0.0013561248779296875
-0.04185163974761963
-0.12647128105163574
0.49829697608947754
0.0528566837310791
0.145552396774292
0.4729602336883545
-0.19034051895141602
-0.16052699089050293
-0.18046295642852783
-0.23925256729125977
0.16112470626831055
0.030220985412597656
-0.2932943105697632
0.6400960683822632
0.4628727436065674
0.03785979747772217
0.05854511260986328
0.08703327178955078
-0.2328118085861206
0.0818486213684082
-0.43085217475891113
0.4065546989440918
0.2945442199707031
-0.13375043869018555
-0.15883171558380127
0.44791722297668457
-0.40464794635772705
0.4098975658416748
0.03980720043182373
-0.7589170932769775
0.03839826583862305
0.16941547393798828
0.010800480842590332
-0.11023783683776855
0.05278623104095459
0.30302512645721436
-0.345813512802124
-0.0522383451461792
0.16123521327972412
0.09802961349487305
0.06272482872009277
0.2176525592803955
-0.2080005407333374
-0.0006663799285888672
0.049819111824035645
-0.49503958225250244
0.03143930435180664
0.01002812385559082
-0.10584497451782227
-0.4722834825515747
0.2577251195907593
0.061420559883117676
0.29667186737060547
0.1911379098892212
-0.09461641311645508
0.13172268867492676
0.18059003353118896
-0.32929813861846924
0.004341006278991699
0.09914326667785645
0.1532421112060547
-0.21959388256072998
0.46360158920288086
0.2540621757507324
-0.36506104469299316
0.264919638633728
0.02648937702178955
0.23161447048187256
0.1693127155303955
0.0757828950881958
-0.3272707462310791
0.31274139881134033
-0.23756814002990723
0.11249876022338867
0.03272688388824463
-0.20934760570526123
-0.26000428199768066
-0.4175652265548706
0.1938610076904297
-0.5988550186157227
-0.4015369415283203
0.43391621112823486
0.2011016607284546
-0.0035834312438964844
0.18316376209259033
-0.21924996376037598
0.16049659252166748
0.021451711654663086
-0.03956866264343262
-0.22055721282958984
-0.10148370265960693
0.11909377574920654
0.02280294895172119
-0.2698092460632324
0.0833660364151001
-0.1907792091369629
-0.2584782838821411
-0.3444390296936035
-0.02847456932067871
-0.4411323070526123
-0.23817062377929688
0.2601724863052368
-0.14375948905944824
0.19220376014709473
0.10260868072509766
-0.05811333656311035
-0.0970757007598877
-0.2526211738586426
0.203025221824646
-0.2967691421508789
-0.2690398693084717
0.20962035655975342
-0.16637849807739258
0.3732016086578369
-0.1880331039428711
-0.0738673210144043
-0.3236250877380371
-0.17048954963684082
0.3617818355560303
0.04710090160369873
-0.39423930644989014
-0.44085395336151123
0.12662005424499512
-0.14494478702545166
-0.0637502670288086
0.04981791973114014
0.2983943223953247
0.10993170738220215
0.12010836601257324
0.2985842227935791
0.026720523834228516
0.06587553024291992
-0.2655303478240967
0.2653249502182007
0.07934117317199707
-0.4169039726257324
0.13372039794921875
0.049952030181884766
0.061530351638793945
0.13930916786193848
0.19200432300567627
0.38332295417785645
-0.20084035396575928
0.16480469703674316
-0.15962231159210205
-0.13637852668762207
-0.27933692932128906
-0.11619377136230469
-0.17622864246368408
0.05986440181732178
0.3162245750427246
-0.15854215621948242
-0.04103207588195801
-0.01076972484588623
0.16446411609649658
0.24501800537109375
-0.20414340496063232
0.4377633333206177
0.1926119327545166
0.5534098148345947
0.7705717086791992
-0.4828583002090454
0.11008667945861816
0.2646145820617676
-0.22533249855041504
0.19143450260162354
0.4898296594619751
-0.1553666591644287
0.26120316982269287
-0.31707334518432617
-0.39373600482940674
0.1486203670501709
0.1978698968887329
0.06581747531890869
-0.27386486530303955
-0.3023630380630493
-0.21818673610687256
-0.19901061058044434
-0.2685004472732544
-0.12887954711914062
0.12592017650604248
-0.4016619920730591
-0.21981000900268555
-0.15724515914916992
-0.2739626169204712
0.17446351051330566
-0.2720005512237549
-0.43283772468566895
0.21769380569458008
-0.18869924545288086
-0.2789119482040405
0.232468843460083
-0.007699131965637207
0.2912508249282837
0.060143470764160156
-0.19084298610687256
-0.3436012268066406
-0.30745577812194824
-0.010153889656066895
-0.12204599380493164
0.17748212814331055
-0.18181312084197998
-0.1284942626953125
-0.2517209053039551
-0.03396034240722656
-0.2790333032608032
-0.28743064403533936
0.052216529846191406
0.17144834995269775
0.13088107109069824
-0.43231314420700073
-0.23932325839996338
0.19214677810668945
-0.3904927968978882
-0.18516457080841064
0.03782796859741211
-0.0336155891418457
0.0381314754486084
-0.03473687171936035
-0.058972716331481934
0.33213353157043457
0.21362340450286865
-0.07120013236999512
-0.06370854377746582
0.3083747625350952
0.09045875072479248
0.5818403959274292
-0.22079908847808838
-0.19991910457611084
0.1295851469039917
-0.7878696918487549
0.10036873817443848
0.0681915283203125
0.20385468006134033
-0.09742486476898193
-0.2809196710586548
-0.15350127220153809
-0.1417548656463623
0.047445058822631836
-0.27098512649536133
-0.17714941501617432
-0.05760645866394043
0.09182727336883545
0.39983677864074707
0.22805166244506836
0.0470813512802124
-0.18430066108703613
0.06300270557403564
0.18150031566619873
-0.010634303092956543
0.0595090389251709
0.35417604446411133
0.6047759056091309
0.14499378204345703
-0.06225931644439697
-0.25996875762939453
0.1330169439315796
0.12373900413513184
0.024532675743103027
-0.22809839248657227
-0.2198103666305542
-0.23051810264587402
0.04068922996520996
0.10053896903991699
0.09391677379608154
0.19656026363372803
0.5406544208526611
-0.06570065021514893
-0.27418291568756104
-0.23388659954071045
0.3134629726409912
-0.10689198970794678
-0.378446102142334
0.12799465656280518
-0.7425088882446289
0.10041987895965576
-0.09257853031158447
-0.007348299026489258
-0.2298130989074707
-0.23730981349945068
-0.1423395872116089
0.007419943809509277
0.13662493228912354
-0.09742391109466553
-0.16503608226776123
-0.07358407974243164
0.11495316028594971
-0.20652532577514648
0.054952383041381836
0.21970891952514648
0.29588115215301514
0.04045379161834717
-0.02144765853881836
0.40993261337280273
-0.28597354888916016
-0.018823862075805664
-0.3639218807220459
-0.6205699443817139
-0.0020956993103027344
0.07243549823760986
0.04946327209472656
-0.3849031925201416
0.06481289863586426
-0.059198856353759766
-0.147552490234375
0.06176149845123291
-0.31811535358428955
0.20766794681549072
-0.15166425704956055
-0.12536609172821045
0.20102012157440186
0.025728940963745117
0.04672682285308838
-0.21860051155090332
-0.43584680557250977
-0.5399860143661499
-0.11138665676116943
0.030300259590148926
-0.536797046661377
0.1222761869430542
0.1092979907989502
0.07982230186462402
0.13354134559631348
-0.12292599678039551
-0.04357790946960449
0.13808774948120117
0.053608059883117676
0.1884784698486328
-0.0031784772872924805
0.15547394752502441
0.011292815208435059
0.002507805824279785
-0.2648804187774658
0.20154857635498047
-0.21334314346313477
-0.4015822410583496
0.07892560958862305
-0.04211139678955078
0.4873772859573364
-0.15558576583862305
-0.28760766983032227
0.17602252960205078
-0.11466372013092041
0.08265197277069092
0.6331453323364258
-0.2231510877609253
0.19765031337738037
0.13903307914733887
0.3129807710647583
-0.20454347133636475
-0.22070002555847168
-0.2532426118850708
-0.2713594436645508
-0.22379660606384277
0.2153693437576294
-0.19672369956970215
0.0687398910522461
-0.6180588006973267
-0.07252466678619385
0.23962533473968506
-0.3731372356414795
-0.49300622940063477
0.08305740356445312
-0.07759666442871094
-0.16761600971221924
-0.1858806610107422
0.3316701650619507
0.49749696254730225
0.020544767379760742
-0.33279991149902344
-0.2981516122817993
0.16567182540893555
0.01228642463684082
-0.2290288209915161
0.011943221092224121
0.30603301525115967
0.1607799530029297
-0.038851261138916016
0.08252489566802979
-0.24554646015167236
-0.4302889108657837
-0.4858357906341553
0.08443617820739746
0.16035699844360352
0.11067795753479004
-0.4005277156829834
-0.33606863021850586
-0.1877208948135376
-0.42661356925964355
-0.36551856994628906
-0.13916254043579102
-0.15986716747283936
0.026882052421569824
-0.6456832885742188
-0.35540735721588135
-0.3400290012359619
-0.09330332279205322
-0.5025349855422974
0.16825008392333984
-0.4185359477996826
0.1935863494873047
0.008701562881469727
-0.29732203483581543
-0.3593723773956299
-0.14489519596099854
0.2469116449356079
0.040762901306152344
-0.030388593673706055
0.15856540203094482
0.19308269023895264
0.3390868902206421
-0.17187917232513428
0.035047173500061035
-0.43776774406433105
0.183738112449646
0.05560636520385742
0.449033260345459
-0.6102304458618164
0.3319190740585327
-0.07808423042297363
-0.06510710716247559
-0.014250516891479492
0.16117382049560547
0.13791215419769287
0.3932991027832031
-0.3266834020614624
-0.06546378135681152
-0.2956172227859497
-0.1868886947631836
-0.3208894729614258
-0.20677542686462402
0.20610010623931885
0.28774893283843994
-0.3001447916030884
0.09949851036071777
-0.4371436834335327
-0.208562970161438
-0.10256123542785645
-0.3575258255004883
-0.09229230880737305
0.0572737455368042
0.00871133804321289
0.1872708797454834
-0.6773550510406494
-0.16761600971221924
0.4056384563446045
-0.024744868278503418
0.2431163787841797
-0.30077433586120605
-0.14114594459533691
0.11163604259490967
-0.15166032314300537
-0.27926361560821533