0.09723925590515137
0.3165903091430664
-0.21992290019989014
0.05532348155975342
-0.3419138193130493
-0.5522674322128296
-0.0634613037109375
-0.8812488317489624
-0.20729446411132812
0.03586757183074951
-0.03988373279571533
0.009809374809265137
-0.213120698928833
-0.02223789691925049
0.7314252853393555
-0.23231768608093262
-0.07240986824035645
-0.16533350944519043
-0.4559798240661621
-0.04494798183441162
-0.10109269618988037
-0.2384016513824463
-0.3457375764846802
0.49180281162261963
0.027565479278564453
-0.4572145938873291
0.1212010383605957
0.3202500343322754
-0.5006316900253296
-0.3442269563674927
0.10721087455749512
-0.4958004951477051
0.16526925563812256
-0.025742292404174805
-0.5221589803695679
-1.116084098815918
0.20178592205047607
0.20588254928588867
0.03943455219268799
0.17213404178619385
0.18851232528686523
0.15520238876342773
0.03629422187805176
-0.03942584991455078
-0.10037124156951904
-0.5515174865722656
-0.013683438301086426
-0.23660075664520264
0.20803749561309814
0.10880208015441895
-0.18813085556030273
0.13495659828186035
0.35665392875671387
0.18655216693878174
0.09568309783935547
-0.6588467359542847
0.2686971426010132
-0.09530627727508545
0.07724785804748535
0.07612717151641846
-0.058623671531677246
0.2024151086807251
-0.030298948287963867
-0.2081235647201538
0.15435242652893066
-0.45035815238952637
-0.11929798126220703
0.26436281204223633
-0.004782915115356445
-0.24650144577026367
-0.14559626579284668
0.14316189289093018
-0.221710205078125
-0.14973771572113037
-0.9339262247085571
0.22422802448272705
-0.021439313888549805
0.3457152843475342
-0.20258450508117676
0.1279282569885254
-0.4555842876434326
-0.5486507415771484
-0.5049970149993896
-0.207566499710083
-0.08576333522796631
-0.2994108200073242
0.5594443082809448
0.22150063514709473
-0.17632484436035156
-0.11930584907531738
-0.3453350067138672
0.00684201717376709
-0.40400660037994385
0.3460962772369385
-0.0975193977355957
0.1510915756225586
-0.696915864944458
-0.17054533958435059
0.16195249557495117
-0.01956319808959961
-0.6704432964324951
-0.21136200428009033
-0.22727465629577637
-0.4839993715286255
-0.05542182922363281
0.3930708169937134
0.17653977870941162
-0.2800389528274536
-0.3872859477996826
-0.014551639556884766
-0.19555997848510742
0.2559812068939209
-0.02209293842315674
0.1462876796722412
-0.16444849967956543
-0.17174160480499268
-0.191756010055542
0.13198626041412354
-0.3856281042098999
-0.39240968227386475
0.048310279846191406
-0.3252063989639282
0.02512049674987793
0.09478986263275146
-0.08556413650512695
0.3167911767959595
-0.509895920753479
-0.33305656909942627
0.18363845348358154
-0.3003121614456177
0.22832417488098145
-0.8882426023483276
-0.4350067377090454
-0.04119908809661865
-0.03930330276489258
-0.13089728355407715
-1.0380977392196655
0.13585126399993896
0.6676931381225586
0.1531069278717041
-0.3842732906341553
-0.03287982940673828
0.05764281749725342
0.6279149055480957
-0.20502471923828125
0.06987547874450684
-0.2066560983657837
0.035166025161743164
-0.10801911354064941
-0.10510623455047607
-0.11761212348937988
-0.24728596210479736
0.06947362422943115
-0.1773008108139038
-0.39671337604522705
-0.35506975650787354
0.22438585758209229
-0.19562554359436035
0.3648645877838135
-0.03931927680969238
-0.02306210994720459
0.2595860958099365
-0.1790090799331665
-0.3409745693206787
-0.22371327877044678
0.43726789951324463
-0.09402191638946533
0.15750551223754883
0.0234527587890625
-0.04929769039154053
-0.4890199899673462
0.28846001625061035
0.2518998384475708
-0.14658582210540771
0.12365460395812988
-0.6106345653533936
-1.08516526222229
-0.09545516967773438
-0.37947916984558105
-0.15542972087860107
-0.357291579246521
0.10160684585571289
-0.27095186710357666
0.07884204387664795
0.09235453605651855
0.4328814744949341
-0.23067402839660645
-0.24819469451904297
0.3444643020629883
-0.30344974994659424
-0.27132606506347656
0.49703049659729004
-0.41098976135253906
-0.14570748805999756
0.06367504596710205
0.099831223487854
0.3168145418167114
-0.28638947010040283
-0.7999224662780762
-0.09955036640167236
0.10517024993896484
-0.32887768745422363
-0.6963402032852173
-1.039819598197937
-0.18061113357543945
0.14092910289764404
-0.39809560775756836
-0.19789958000183105
0.34041452407836914
-0.08564484119415283
-0.04608464241027832
-0.8558367490768433
-0.36293864250183105
0.2508418560028076
-0.6485428810119629
-0.41237831115722656
0.0063037872314453125
-0.32422399520874023
0.08230221271514893
-0.06389439105987549
0.027709126472473145
0.023869633674621582
-0.24820494651794434
-0.7726269960403442
-0.15870583057403564
-0.00910937786102295
0.22547507286071777
0.11847162246704102
0.6359868049621582
0.06554567813873291
-0.4527463912963867
-0.5269533395767212
-0.13679802417755127
0.1162722110748291
-0.5984408855438232
-0.2413313388824463
-0.9486854076385498
-0.17802047729492188
0.13895058631896973
-0.1578688621520996
0.3186300992965698
-0.013958930969238281
-1.3687810897827148
-0.03816986083984375
-0.34642136096954346
-0.13761305809020996
0.10490298271179199
0.2244863510131836
-0.29137086868286133
-0.4162248373031616
0.016791462898254395
0.05067431926727295
-0.368366003036499
-0.2294527292251587
0.14987599849700928
-0.32070112228393555
-0.3223388195037842
-0.035021066665649414
-0.10169994831085205
-0.17685449123382568
-0.2727813720703125
-0.20411741733551025
0.33577215671539307
-0.2308804988861084
-0.06822764873504639
-0.38736796379089355
0.11782300472259521
-0.08803057670593262
-0.5378284454345703
-0.04142618179321289
-0.3628882169723511
0.23356354236602783
-0.196006178855896
0.006013393402099609
-0.007867693901062012
-0.564000129699707
0.18640387058258057
-0.2858344316482544
0.005480408668518066
-0.09759879112243652
-0.5910537242889404
0.26099514961242676
0.2255479097366333
-0.40125131607055664
-0.1477113962173462
0.07197105884552002
0.3282853364944458
-0.06738054752349854
0.0880354642868042
0.028758764266967773
0.02334451675415039
0.07087910175323486
0.124611496925354
-0.2447437047958374
0.06298160552978516
0.14265739917755127
-0.0873192548751831
-0.38020026683807373
0.3902381658554077
-0.11463761329650879
-0.18174922466278076
-0.24188053607940674
-0.16746938228607178
-0.13150501251220703
0.00035202503204345703
-0.1983199119567871
0.35235464572906494
0.16151559352874756
-0.14852988719940186
-0.17056071758270264
-0.31128644943237305
0.11755537986755371
-0.23396027088165283
-0.6862519979476929
0.0097123384475708
-0.39528584480285645
0.15028595924377441
0.009324789047241211
-0.16533136367797852
0.6221089363098145
-0.17005681991577148
0.11725103855133057
-0.017972469329833984
-0.07050597667694092
-0.09284818172454834
-0.3931461572647095
-0.13478028774261475
-0.1628434658050537
0.2730276584625244
0.016228675842285156
0.25474226474761963
0.09910058975219727
0.14559471607208252
-0.5012636184692383
-0.6017923355102539
-0.06497466564178467
-0.21033358573913574
-0.22048377990722656
-0.8569635152816772
-0.6383483409881592
-0.4154627323150635
0.5657446384429932
0.16103088855743408
0.20871174335479736
0.051299214363098145
0.24605703353881836
0.15005826950073242
0.37546050548553467
-0.7589753866195679
-0.02329850196838379
-0.1955798864364624
-0.5394855737686157
0.10515344142913818
-0.21013450622558594
0.11317300796508789
0.32840096950531006
0.9979034662246704
-0.24949228763580322
0.049086809158325195
-0.1880805492401123
0.03608238697052002
-0.6478662490844727
-0.2684500217437744
-0.08350598812103271
0.13655364513397217
0.1400836706161499
-0.138785719871521
-0.06801843643188477
0.06501471996307373
-0.023694515228271484
-0.41783809661865234
-0.022260308265686035
-0.050177931785583496
-0.40613794326782227
0.04752993583679199
-0.22802364826202393
-0.06077921390533447
0.3768831491470337
0.3270188570022583
0.03486943244934082
-0.024724602699279785
0.11382925510406494
0.19112300872802734
0.04488492012023926
-0.16609978675842285
-0.24553143978118896
-0.05522787570953369
0.12034308910369873
-0.22535669803619385
0.3657650947570801
-0.09481179714202881
-0.21009552478790283
-0.36681675910949707
-0.04293203353881836
-0.748358964920044
0.08312833309173584
-0.17310762405395508
0.2699298858642578
-0.11592602729797363
-0.4133824110031128
-0.19465374946594238
0.0684959888458252
0.3742332458496094
0.14530396461486816
-0.294025182723999
0.2187749147415161
0.4963337182998657
-0.3287208080291748
-0.11194181442260742
0.1023629903793335
0.3006460666656494
-0.2883129119873047
0.11742699146270752
0.07200431823730469
0.8945446014404297
-0.17149806022644043
-0.316119909286499
-0.1936403512954712
-0.2672058343887329
-0.5902631282806396
-0.08821773529052734
0.123404860496521
-0.9220588207244873
-0.43216073513031006
0.10616230964660645
-0.2450261116027832
-0.2730093002319336
-0.3780503273010254
-0.13786661624908447
0.33680498600006104
-0.31554627418518066
0.1497964859008789
-0.129858136177063
-0.3894087076187134
-0.027681827545166016
0.23965537548065186
-0.18431806564331055
-0.09891915321350098
-0.5727325677871704
0.045857906341552734
-0.529412031173706
-0.030367374420166016
-0.35826754570007324
0.17120015621185303
-0.06101679801940918
0.1422121524810791
0.21289575099945068
-0.05172252655029297
-0.03791487216949463
-0.4884638786315918
-0.21103084087371826
0.42731690406799316
-0.12324953079223633
-0.4417206048965454
-0.11310577392578125
0.42380857467651367
-0.35842251777648926
-0.38743889331817627
-0.38593006134033203
-0.10459470748901367
0.24257147312164307
0.10959780216217041
0.5611004829406738
0.15354645252227783
-0.2965182065963745
0.004212379455566406
-0.02446901798248291
-0.2840461730957031
-0.12384402751922607
-0.25317132472991943
-0.03346371650695801
-0.10467004776000977
0.1477658748626709
0.27581048011779785
0.07560241222381592
-0.10628819465637207
0.19589471817016602
-0.3472452163696289
-0.14763331413269043
0.2946627140045166
0.2622537612915039
0.11861979961395264
-0.1624065637588501
-0.1778249740600586
0.02136075496673584
-0.31836068630218506
0.18648052215576172
-0.12236642837524414
-0.12870383262634277
-0.08699595928192139
-0.02560102939605713
-0.5332009792327881
-0.0564579963684082
-0.20005595684051514
-0.017066597938537598
-0.7285280227661133
0.19250941276550293
-0.11194097995758057
-0.7049610614776611
-0.1464252471923828
-0.05474138259887695
0.02202427387237549
-0.3082786798477173
-0.23286640644073486
-0.1510390043258667
-0.13469815254211426
-0.010761141777038574
-0.19935262203216553
0.003430604934692383
0.28862881660461426
-0.3156609535217285
0.1984795331954956
-0.09158539772033691
0.37087273597717285
0.3019331693649292
0.16688168048858643
-0.5173838138580322
-0.20740246772766113
-0.2997734546661377
0.048850297927856445
0.27552294731140137
-0.591205358505249
-0.6183569431304932
-0.27573227882385254
-0.141640305519104
-0.6306865215301514
0.019837379455566406
0.186895489692688
-0.42884361743927
-0.7044438123703003
-0.2280181646347046
0.3960399627685547
-0.41269636154174805
-0.30944812297821045
0.27932989597320557
0.2315312623977661
0.236358642578125
-0.5001053810119629
0.0383145809173584
0.45710015296936035
-0.31990551948547363
-0.5080264806747437
0.11073565483093262
0.2792764902114868
-0.00574803352355957
0.006171226501464844
-0.17717885971069336
0.17224812507629395
-0.08034610748291016
-0.1736605167388916
0.09060430526733398
0.19167709350585938
-0.6252301931381226
0.36544346809387207
-0.7427197694778442
-0.5100398063659668
-0.038426756858825684
-0.15324676036834717
0.21260452270507812
-0.2296077013015747
0.1681203842163086
0.34003329277038574
0.24565446376800537
0.07634007930755615
-0.07271349430084229
0.0693289041519165
-0.3152695894241333
-0.10822451114654541
0.19969260692596436
-0.09478211402893066
-0.14528155326843262
0.37580835819244385
-0.09145784378051758
-0.31050026416778564
-0.018811821937561035
-0.2432842254638672
-0.1843876838684082
0.5597679615020752
-0.052050232887268066
-0.0654909610748291
-0.3812370300292969
-0.09324812889099121
0.06579887866973877
-0.25285398960113525
0.2732473611831665
0.4886127710342407
0.07444930076599121
-0.18855416774749756
-0.1816192865371704
-0.4136850833892822
-0.03656005859375
-0.18912208080291748
-0.022447943687438965
0.23273169994354248
-0.2902376651763916
0.2707163095474243
-0.0779564380645752
-0.3514441251754761
0.037290334701538086
-0.35442984104156494
0.07197630405426025
-0.5241680145263672
-0.562228798866272
-0.42623019218444824
-0.26572632789611816
0.028249740600585938
-0.35687482357025146
0.0484241247177124
-0.037477850914001465
-0.038407325744628906
0.2721211910247803
0.0010044574737548828
-0.1198270320892334
-0.40647637844085693
0.35131776332855225
-0.6108872890472412
0.03380584716796875
0.37029480934143066
-0.20226168632507324
-0.2766324281692505
-0.10756707191467285
-0.8013551235198975
-0.1540842056274414
-0.8700889348983765
-0.0719825029373169
0.28278255462646484
-0.5117570161819458
0.2357327938079834
0.09586918354034424
0.020072579383850098
-0.470355749130249
0.4957627058029175
-0.050417423248291016
-0.23732423782348633
-0.17010557651519775
-0.08237612247467041
-0.38297128677368164
-1.0109151601791382
-0.01410973072052002
-0.15785717964172363
-0.25213146209716797
-0.27581024169921875
0.19483017921447754
0.30986034870147705
0.16224408149719238
-0.2633402347564697
0.193450927734375
-0.04856705665588379
0.04839062690734863
0.3518097400665283
0.3516726493835449
-0.15022015571594238
-0.1424940824508667
-0.12584233283996582
0.12028741836547852
0.3115578889846802
0.10528838634490967
-0.08968222141265869
0.04871368408203125
-0.0008311271667480469
0.0992499589920044
0.3212853670120239
0.023053407669067383
-0.38394904136657715
0.4372694492340088
-0.7305251359939575
-0.018226146697998047
0.24687957763671875
-0.42362117767333984
-0.035086750984191895
0.08079934120178223
-1.104114294052124
0.28051161766052246
-0.2637385129928589
0.04487335681915283
-0.4600503444671631
-0.4662039279937744
0.058483123779296875
-0.028529644012451172
0.16661441326141357
-0.24134457111358643
0.22493553161621094
0.2657679319381714
0.06970739364624023
-0.02433490753173828
0.15089654922485352
-0.10001766681671143
-0.09183347225189209
-0.2909003496170044
0.16740143299102783
0.11662650108337402
0.003728508949279785
0.4484950304031372
-0.3295705318450928
-0.8050622940063477
0.18242764472961426
0.267641544342041
-0.0917137861251831
-0.17836546897888184
0.22923493385314941
0.03526794910430908
0.27734649181365967
-0.10512232780456543
-0.3879702091217041
0.30877113342285156
-0.21517515182495117
0.06277978420257568
0.44364070892333984
-0.30812907218933105
-0.47663044929504395
0.20098483562469482
0.07858395576477051
0.24611592292785645
0.06814420223236084
-0.1735771894454956
-0.16272294521331787
-0.6462091207504272
-1.1380119323730469
0.551382303237915
0.022425055503845215
0.2554662227630615
-0.04371237754821777
0.01787865161895752
-0.4456193447113037
-0.05338716506958008
-1.0119432210922241
-0.2067025899887085
-0.06284201145172119
0.27039241790771484
-0.03908705711364746
-0.01743602752685547
0.08469128608703613
-0.4479159116744995
0.008162975311279297
0.4166421890258789
0.09041285514831543
-0.6397979855537415
-0.24557387828826904
-0.3651238679885864
-0.016516923904418945
-0.08906102180480957
-0.4270918369293213
-0.32305407524108887
-0.0013916492462158203
0.33384454250335693
-0.5347141027450562
0.3093792200088501
-0.05626869201660156
0.35402989387512207
-0.4636343717575073
0.41761136054992676
-0.08464336395263672
0.016041874885559082
0.42287611961364746
0.23083245754241943
-0.07493424415588379
-0.01883542537689209
-0.48959171772003174
-0.39208662509918213
-0.03787386417388916
0.3663339614868164
0.29270780086517334
-0.0525970458984375
-0.27764368057250977
0.17290711402893066
-0.31225478649139404
-0.38378071784973145
0.27395856380462646
0.029808998107910156
-0.03379249572753906
-0.0780266523361206
0.34080564975738525
-0.07576632499694824
-0.20862674713134766
0.10370957851409912
0.3201373815536499
-0.3710286617279053
-0.6012969017028809
-0.24639761447906494
0.012803077697753906
0.015347599983215332
-0.45658135414123535
0.37955665588378906
-0.021173954010009766
-0.06451702117919922
0.35665392875671387
-0.3799264430999756
0.1998298168182373
0.002628803253173828
0.18378829956054688
0.581214427947998
-0.32304078340530396
0.08468937873840332
-0.05189383029937744
0.18460798263549805
0.1086266040802002
-0.4758080244064331
0.5310226678848267
0.1329420804977417
-0.9414453506469727
0.009649872779846191
0.17209863662719727
-0.32223188877105713
-0.3726922273635864
0.041342973709106445
-0.056571364402770996
-0.09429740905761719
-0.1936051845550537
-0.07190179824829102
0.12417984008789062
-0.3008769750595093
0.1385648250579834
-0.13306546211242676
0.336342453956604
-0.299890398979187
0.19302237033843994
0.3742903470993042
-0.24518942832946777
-0.07036423683166504
0.3149704933166504
-0.028932690620422363
0.3345850706100464
-0.22816085815429688
-0.2552483081817627
-0.33771705627441406
-0.21265840530395508
0.2908207178115845
0.3372366428375244
-0.15819191932678223
0.2191786766052246
0.04894387722015381
0.4387502670288086
0.1382812261581421
-0.08451449871063232
-0.03084123134613037
0.06547749042510986
-0.35753190517425537
-0.05595135688781738
-0.16510331630706787
0.41999876499176025
0.08402323722839355
-0.05476641654968262
-0.22736823558807373
0.49427568912506104
0.06996369361877441
0.05714058876037598
-0.7709157466888428
0.4286766052246094
-0.3242621421813965
-0.10198080539703369
0.020653247833251953
-0.11754715442657471
0.06500983238220215
-0.0215301513671875
0.47669029235839844
-0.6661714315414429
-0.37872612476348877
-0.08074140548706055
-0.10151028633117676
-0.617951512336731
0.21811425685882568
-0.3532218933105469
-0.6853399276733398
0.02629542350769043
-0.16616439819335938
-0.051116347312927246
-0.6401505470275879
-0.017526984214782715
-0.09332859516143799
-0.697084903717041
0.3975505828857422
-0.06063985824584961
0.18938279151916504
-0.11817789077758789
-0.24929547309875488
-0.005849003791809082
0.16919898986816406
0.19593214988708496
-0.4735715985298157
0.12064850330352783
0.25147294998168945
0.3055628538131714
-0.16697478294372559
0.15234029293060303
0.09896266460418701
-0.2457275390625
-0.156998872756958
0.13292169570922852
-0.037789344787597656
0.08843982219696045
0.03910231590270996
-0.14902234077453613
0.20705389976501465
-0.050742387771606445
-0.27418339252471924
-0.3499410152435303
-0.06463491916656494
0.05045437812805176
-0.018275141716003418
-0.521013617515564
0.247367262840271
0.3180875778198242
-0.2208007574081421
-0.1541125774383545
0.3144035339355469
-0.2801586389541626
-0.009229183197021484
-0.2831382751464844
-0.05075228214263916
0.2023003101348877
0.00416874885559082
-0.143751859664917
0.05646777153015137
-0.20318078994750977
-0.0861518383026123
-0.0794607400894165
-0.06823337078094482
-0.08520054817199707
-0.824455738067627
0.20286595821380615
0.0784916877746582
-0.09516513347625732
-0.6952230930328369
-0.2812913656234741
0.12205016613006592
-0.10321760177612305
0.2349473237991333
-0.5008178949356079
0.10777616500854492
0.14153456687927246
-0.6161667108535767
-0.08118152618408203
-0.6145581603050232
0.11137151718139648
-0.35493266582489014
0.1379464864730835
-0.0775747299194336
-0.2239612340927124
-0.3276749849319458
-0.013542771339416504
-0.05767250061035156
0.5355724096298218
-0.48123443126678467
-0.21565532684326172
0.12810468673706055
0.42653322219848633
0.18019986152648926
-1.145370364189148
-0.29525578022003174
0.03450751304626465
0.20328962802886963
0.11264538764953613
-0.20687413215637207
1.1197309494018555
0.2559288740158081
-0.0003694295883178711
-0.28870344161987305
0.09977149963378906
0.3903247117996216
-0.019594192504882812
0.27474021911621094
-0.032513976097106934
-0.3174701929092407
-0.2935563325881958
0.10718822479248047
-0.14721930027008057
-0.0970757007598877
0.5255908966064453
-0.8793016672134399
-0.09953963756561279
0.12437605857849121
-0.639773964881897
-0.09766793251037598
-0.39193761348724365
-0.04590022563934326
-0.26167821884155273
-0.04596304893493652
-0.22209906578063965
-0.14948558807373047
-0.9849381446838379
-0.4524846076965332
-0.24063611030578613
0.26133430004119873
-0.16490566730499268
-0.2716481685638428
-0.568665623664856
-0.8041141033172607
0.39041662216186523
-0.16544651985168457
-0.3476980924606323
0.4368098974227905
-0.10154092311859131
0.047721147537231445
-0.21649253368377686
0.025170326232910156
-0.08264076709747314
-0.03995633125305176
0.12021231651306152
0.0008382797241210938
0.13360726833343506
0.028537511825561523
0.44474101066589355
0.20372867584228516
0.2721211910247803
0.20447015762329102
0.014728784561157227
0.054488539695739746
-0.10097932815551758
0.5616804361343384
0.23267900943756104
-0.07595443725585938
-0.6110906600952148
-0.43166863918304443
0.32402849197387695
-0.0970773696899414
0.2368530035018921
-0.3221249580383301
0.20707035064697266
-0.10721719264984131
-0.3507598638534546
0.03831660747528076
-0.12969326972961426
-0.20059669017791748
0.06122994422912598
-0.14910519123077393
-0.25887787342071533
-0.1322847604751587
0.10446858406066895
-0.8064967393875122
0.29493486881256104
0.2666950225830078
0.18509924411773682
0.022006869316101074
-0.725056529045105
-0.7100491523742676
0.08167052268981934
0.05415749549865723
0.058031320571899414
0.12658751010894775
-0.15717744827270508
0.025960564613342285
-0.1271587610244751
0.0242689847946167
-0.03280186653137207
0.035375118255615234
-0.33815693855285645
0.027947664260864258
-0.0871744155883789
0.3546171188354492
0.011556267738342285
-0.11238694190979004
0.22945702075958252
0.03264510631561279
-0.018883824348449707
-0.1531604528427124
-0.13021934032440186
-0.17062664031982422
0.14318299293518066
0.03866744041442871
0.20371711254119873
-0.43094170093536377
-0.2521224021911621
-0.5595398545265198
-0.40867364406585693
0.4214293956756592
0.17572522163391113
-0.06386137008666992
-0.4554256200790405
0.11506044864654541
0.10861289501190186
-0.34067225456237793
-0.07191658020019531
-0.0778886079788208
0.46456003189086914
0.45225560665130615
0.015375018119812012
-0.3629204034805298
0.366369366645813
-0.09522175788879395
-0.013987302780151367
0.011986494064331055
0.31255483627319336
0.1067955493927002
-0.582360029220581
-0.40385162830352783
-0.06980597972869873
-0.20457208156585693
-0.478840708732605
0.15760695934295654
-0.08442676067352295
-0.08016002178192139
0.09904587268829346
0.04378092288970947
-0.2757995128631592
-0.06848645210266113
-0.011077523231506348
-0.05195426940917969
-0.23041653633117676
-0.10272753238677979
-0.3546563386917114
0.0011600255966186523
0.031426429748535156
-0.07060122489929199
0.22272419929504395
0.004445314407348633
-0.1898636817932129
-0.357724666595459
-0.03857755661010742
-0.4022783041000366
0.08553874492645264
-0.46200287342071533
-0.6570976972579956
-0.10557126998901367
-0.018314123153686523
-0.7331652641296387
-0.40901899337768555
0.2901606559753418
-0.17460572719573975
-0.06168389320373535
0.09961378574371338
0.5028964281082153
0.08233511447906494
-0.20397436618804932
-0.020414233207702637
-0.053539156913757324
-0.12828540802001953
0.768333911895752
-0.10204124450683594
0.006540179252624512
0.21003425121307373
-0.24937713146209717
-1.1095165014266968
0.5089389085769653
-0.24512314796447754
0.2898346185684204
0.006619811058044434
-0.5624507665634155
-0.35287415981292725
0.03463912010192871
0.3083810806274414
-0.013206005096435547
-0.08478140830993652
0.20762252807617188
0.33608579635620117
0.17715132236480713
0.3723948001861572
-0.12819719314575195
0.20234954357147217
-0.11876153945922852
-0.4645901918411255
0.12176930904388428
-0.04578292369842529
0.051575303077697754
-0.4593794345855713
-0.1350717544555664
-0.004990816116333008
-0.3521850109100342
0.051854491233825684
-0.22930908203125
-0.04875767230987549
-0.4772200584411621
-0.20119726657867432
-0.3645477294921875
-0.5519386529922485
-0.7559863328933716
0.05748414993286133
0.3443082571029663
0.3510998487472534
0.34380924701690674
-0.1548982858657837
-0.6082813739776611
-0.08339881896972656
0.2385467290878296
0.10943436622619629
-0.30259430408477783
-0.3796311616897583
-0.36188292503356934
-0.23504459857940674
-0.4251171350479126
-0.05102097988128662
0.0901942253112793
0.22573161125183105
0.42214763164520264
0.2399752140045166
0.2760610580444336
0.20186781883239746
-0.042484402656555176
-0.1997312307357788
0.09064280986785889
0.04500854015350342
0.0055119991302490234
-0.21896564960479736
-0.12356102466583252
-0.2276320457458496
-0.20749080181121826
-0.5054192543029785
-0.0235215425491333
-0.04854750633239746
-0.40015077590942383
-0.23042023181915283
-0.27489161491394043
-0.6170437335968018
0.2773430347442627
0.32871782779693604
0.3025294542312622
-0.037253499031066895
0.27772581577301025
-0.21592628955841064
-0.37556278705596924
0.12461960315704346
0.22662246227264404
-0.16349327564239502
0.2517014741897583
-0.5617201328277588
-0.29601502418518066
-0.08815193176269531
0.09550225734710693
0.17877650260925293
-0.7539854049682617
-0.33713090419769287
-0.398952841758728
0.3924821615219116
-0.30670619010925293
-0.3246605396270752
0.23975300788879395
-0.13870322704315186
-0.7909302711486816
-0.09708261489868164
-0.13916254043579102
0.36530983448028564
-0.026740431785583496
0.09866857528686523
-0.2407207489013672
-0.1903674602508545
0.008472442626953125
0.1252201795578003
-0.5428853034973145
-0.3392702341079712
-0.5916277170181274
-0.1805354356765747
-0.9706480503082275
-0.22756242752075195
0.021173477172851562
0.19557130336761475
-0.3264775276184082
0.2831617593765259
0.15080046653747559
-0.0036885738372802734
-0.2368403673171997
0.2276918888092041
0.4719061851501465
0.02347707748413086
-0.3742988109588623
-0.09443318843841553
0.02741384506225586
0.6533714532852173
0.04521048069000244
-0.023396849632263184
-0.01897585391998291
-0.21284115314483643
-0.3802756071090698
0.44680750370025635
-0.5386404991149902
0.195770263671875
-0.16980290412902832
-0.1429274082183838
-0.3397519588470459
-0.16840660572052002
-0.0076291561126708984
-0.35685431957244873
-0.4597104787826538
0.132240891456604
0.32052886486053467
-0.37737178802490234
0.10766911506652832
-0.21789765357971191
-0.10273945331573486
-0.8546748161315918
0.18643736839294434
0.26842260360717773
0.3511388301849365
-0.5959272384643555
-0.024091362953186035
-0.12516260147094727
-0.09065687656402588
-0.03248095512390137
-0.11115312576293945
-0.08851909637451172
-0.12415409088134766
0.2193676233291626
-0.222733736038208
-0.6217468976974487
-0.5903611183166504
0.11134994029998779
-0.1632862091064453
1.2144087553024292
-0.04054737091064453
0.14636635780334473
0.11349773406982422
-0.004825115203857422
0.22258901596069336
-0.02111673355102539
-0.5249980688095093
-0.11057448387145996
0.14006805419921875
0.039223670959472656
-0.029512524604797363
0.37288224697113037
-0.08004200458526611
-0.15954947471618652
-0.18547821044921875
-0.1701500415802002
-0.12114715576171875
-0.16076135635375977
0.22392034530639648
0.4088221788406372
0.19255435466766357
0.2078937292098999
0.38153934478759766
0.47156620025634766
-0.03129017353057861
-0.1147315502166748
0.0846177339553833
-0.4383450746536255
-0.02231907844543457
-0.12598109245300293
-0.0018273591995239258
-0.3603541851043701
-0.09531629085540771
0.16776049137115479
-0.4142040014266968
0.1820375919342041
-0.35623466968536377
0.11396503448486328
-0.030155420303344727
-0.15360760688781738
-0.10319757461547852
-0.23426616191864014
-0.1144108772277832
0.1410386562347412
-0.3227050304412842
-0.6673673391342163
0.028050899505615234
-0.4917278289794922
0.1616600751876831
0.03605937957763672
0.12102174758911133
-0.3367244005203247
0.023347973823547363
0.12005114555358887
-0.28929388523101807
0.13135671615600586
0.28265321254730225
0.09265315532684326
0.1492164134979248
0.2688252925872803
-0.1620650291442871
0.00516510009765625
-0.09671783447265625
-0.24595308303833008
0.06845486164093018
0.0038717985153198242
-0.61197829246521
-0.7293485403060913
0.6144686937332153
0.23339903354644775
-0.004523277282714844
-0.353365421295166
-0.007559537887573242
0.3376142978668213
0.17907583713531494
-0.08158302307128906
-0.2862011194229126
-0.615795373916626
-0.20376765727996826
-0.3838376998901367
-0.32140016555786133
-0.08288300037384033
-0.15611064434051514
-0.0997459888458252
0.14235341548919678
0.2699505090713501
0.11163556575775146
-0.38068974018096924
-0.11974143981933594
-0.3699221611022949
-0.5359712839126587
0.09801268577575684
0.45154571533203125
0.10578954219818115
-0.28621071577072144
-0.3715018033981323
-0.142858624458313
-0.27855825424194336
-0.26983439922332764
-0.025359630584716797
0.17002356052398682
0.021303892135620117
0.13106703758239746
-0.18973755836486816
-0.2158588171005249
-0.3798809051513672
0.14432239532470703
-0.5186285972595215
-0.29664337635040283
0.09438443183898926
-0.04705190658569336
-0.412487268447876
-0.00792849063873291
0.05515241622924805
-0.27901268005371094
0.06257104873657227
0.3133953809738159
-0.4020504951477051
0.12778151035308838
-0.4796566963195801
0.08517646789550781
-0.296234130859375
-0.8804165124893188
0.17494606971740723
0.13939237594604492
-0.029393672943115234
-0.30129075050354004
0.39845168590545654
0.32714569568634033
-0.4466276168823242
-0.08173263072967529
-0.250834584236145
-0.28572607040405273
-0.02668166160583496
-0.168434739112854
-0.18008065223693848
0.15028035640716553
0.10160064697265625
-0.12727952003479004
-0.2814289331436157
-0.5814837217330933
0.4218090772628784
-0.5587999820709229
0.30106210708618164
-0.12439179420471191
0.09488511085510254
0.16991353034973145
-0.11337709426879883
0.01846027374267578
0.14619135856628418
-0.41148340702056885
0.14007818698883057
0.5874159336090088
0.17791974544525146
-0.16143691539764404
0.16799092292785645
0.23059511184692383
-0.1640458106994629
0.1502748727798462
-0.9486525058746338
-0.7676423788070679
-0.49171125888824463
0.11565053462982178
-0.39799952507019043
-0.029271483421325684
-0.38647592067718506
0.04353642463684082
0.39234840869903564
-0.30112338066101074
0.20296823978424072
-0.15968072414398193
-0.1576136350631714
0.6216042041778564
-0.15236926078796387
0.21611595153808594
0.11504268646240234
0.2603933811187744
-0.6594862937927246
-0.017650127410888672
-0.017839789390563965
0.17740988731384277
-0.07259166240692139
0.21015667915344238
-0.7772327661514282
0.4146125316619873
-0.4870058298110962
-0.17105114459991455
-0.5028575658798218
-0.42123687267303467
-0.5787734985351562
0.17694640159606934
0.12266886234283447
0.11003315448760986
0.03777813911437988
-0.11957693099975586
-0.14772439002990723
-0.3606756925582886
-0.5125839710235596
-0.2393556833267212
-0.5014522075653076
-0.19865763187408447
-0.16948318481445312
0.48692333698272705
-0.4060792922973633
-0.4065554141998291
0.4254601001739502
-0.2388911247253418
-0.8333644866943359
0.25885725021362305
-0.1380707025527954
0.07016599178314209
-0.146215558052063
-0.1752234697341919
0.0768815279006958
-0.07368183135986328
-0.5027345418930054
0.35996007919311523
0.15056324005126953
-0.26233136653900146
-0.3031773567199707
-0.17170190811157227
-0.16017413139343262
-0.22953224182128906
0.16785109043121338
-0.259851336479187
-0.15705382823944092
-0.4471704959869385
-0.6268026828765869
-0.15385127067565918
0.08713626861572266
-0.10091507434844971
-0.1772981882095337
0.1657007932662964
-0.5828686952590942
-0.4237935543060303
-0.18969857692718506
-0.16255688667297363
-0.20115876197814941
0.09695923328399658
-0.2869110107421875
-0.3633112907409668
-0.06737303733825684
-0.23624062538146973
0.24653100967407227
0.3628509044647217
-0.19100451469421387
-0.4442789554595947
-0.15906250476837158
-0.19401216506958008
-0.19579648971557617
-0.15935564041137695
0.0019423961639404297
-0.576129674911499
-0.18455982208251953
-0.11013579368591309
-0.12745928764343262
-0.306923508644104
0.4779551029205322
-0.03534245491027832
0.17608129978179932
-0.4104301929473877
-0.29838037490844727
0.16822946071624756
-0.14144587516784668
0.25846612453460693
-0.07162249088287354
-0.18348968029022217
-0.568771481513977
-0.11128401756286621
-0.06388497352600098
-0.13052153587341309
-0.517099142074585
-0.2698237895965576
-0.1277073621749878
0.006566405296325684
0.28028154373168945
0.006074309349060059
-1.3377346992492676
-0.48480653762817383
-0.04938507080078125
-0.1339653730392456
0.23898792266845703
-0.176177978515625
-0.5131727457046509
-0.1356598138809204
-0.07560229301452637
-0.14680635929107666
0.12228870391845703
0.16073966026306152
0.030545711517333984
0.27587902545928955
-0.1106804609298706
0.09366500377655029
-0.10282242298126221
-0.11211609840393066
-0.04625058174133301
0.1424189805984497
-0.2641187906265259
-0.09133374691009521
0.20376896858215332
-0.03497672080993652
-0.02338099479675293
0.09657037258148193
0.1866447925567627
0.052922606468200684
-0.14970242977142334
-0.19662487506866455
0.15455245971679688
0.31828224658966064
-0.03208577632904053
0.12082040309906006
-0.1848607063293457
-0.546207070350647
-0.3092745542526245
-0.11664104461669922
0.23974299430847168
-0.3083237409591675
-0.351892352104187
0.2691941261291504
0.12762439250946045
-0.34518957138061523
-0.2550482749938965
0.20152795314788818
-0.3778945207595825
0.253521203994751
-0.922173261642456
0.08810675144195557
0.021410346031188965
-0.5616986751556396
0.015813112258911133
0.143571138381958
0.37877845764160156
-0.0273284912109375
-0.07192862033843994
0.3379286527633667
-0.12342441082000732
-0.34538888931274414
-0.17598891258239746
0.2589092254638672
0.14327776432037354
-0.3103632926940918
-0.144181489944458
0.13272666931152344
0.005825400352478027
-0.8826162815093994
-0.25266170501708984
-0.06361007690429688
0.17438149452209473
-0.24781858921051025
-0.16419541835784912
0.2796165943145752
-0.29996955394744873
-0.03408324718475342
-0.1784757375717163
-0.7446680068969727
-0.03442120552062988
-0.23239755630493164
-0.4149188995361328
-0.2926912307739258
0.18540823459625244
0.17726945877075195
-0.20499157905578613
-0.29537343978881836
-0.033614158630371094
-0.09693670272827148
0.15272104740142822
0.40387654304504395
0.13791906833648682
0.32682061195373535
-0.2708747386932373
0.0146867036819458
0.14234912395477295
0.04862082004547119
-0.23652935028076172
-0.11429905891418457
0.36396825313568115
-0.7883327007293701
0.4707510471343994
-0.25191402435302734
-0.2557624578475952
-0.2082817554473877
-0.03327035903930664
0.04139351844787598
0.005025982856750488
-0.18631434440612793
-0.2072392702102661
-0.03044307231903076
-0.048302412033081055
0.07267212867736816
0.17725872993469238
-0.07987117767333984
0.13050925731658936
-0.3414952754974365
-0.3685142993927002
0.18194210529327393
-0.43131744861602783
0.02777695655822754
0.2311098575592041
-0.0035200119018554688
-0.12574529647827148
-0.047904372215270996
-0.133672833442688
0.3109675645828247
0.46789610385894775
-0.24496984481811523
0.30896174907684326
-0.03902888298034668
-0.5713326930999756
0.03698134422302246
0.014914512634277344
0.1620934009552002
0.13548922538757324
-0.19150030612945557
-0.3902137279510498
-0.4020315408706665
-0.016324281692504883
-0.18160605430603027
0.018573284149169922
0.04148590564727783
-0.7967948913574219
-0.6339190006256104
0.10477221012115479
-0.13089728355407715
0.2273346185684204
-0.057417988777160645
-0.24055731296539307
0.30020010471343994
-0.32775068283081055
0.06334877014160156
-0.04731953144073486
-0.3416919708251953
-0.12984192371368408
0.17461931705474854
-0.06578147411346436
0.16683244705200195
0.06378471851348877
-0.326829195022583
0.2171543836593628
0.3321521282196045
0.35079264640808105
0.04340183734893799
0.07398450374603271
-0.23590683937072754
-0.18900811672210693
-0.3071824312210083
-0.10563969612121582
-0.1616973876953125
0.37203407287597656
0.02921426296234131
-0.254530668258667
-0.07938218116760254
0.24966919422149658
0.15675878524780273
0.0664515495300293
0.12411189079284668
-0.0003362894058227539
0.30281710624694824
0.17640817165374756
-0.4112987518310547
-0.9109882116317749
-0.1885906457901001
-0.18541193008422852
-0.6891820430755615
-0.41857194900512695
0.6017613410949707
-0.11681151390075684
-0.25950002670288086
0.16009783744812012
-0.39868879318237305
0.12788093090057373
-0.27659153938293457
-0.10422015190124512
-0.4521946907043457
-0.4267880916595459
-0.2126401662826538
-0.638145923614502
-0.09988546371459961
-0.25337016582489014
-0.7157998085021973
0.030959129333496094
-0.22949433326721191
-0.5489583015441895
-0.09859466552734375
-0.16156911849975586
0.25899386405944824
-0.36633074283599854
-0.39788925647735596
-0.1291276216506958
0.1324976682662964
-0.033218979835510254
0.06801259517669678
0.2462090253829956
0.21127450466156006
0.5074524879455566
0.03660309314727783
-0.11304664611816406
-0.020012974739074707
-0.13652384281158447
-0.08755671977996826
0.13468241691589355
0.23884141445159912
-0.06868553161621094
-0.3144688606262207
-0.03548455238342285
-0.2631427049636841
0.07602107524871826
-0.16286587715148926
-0.1069190502166748
0.26720309257507324
0.47179174423217773
-0.5718111991882324
0.01496422290802002
-0.008571028709411621
0.023976564407348633
-0.24537169933319092
-0.03433561325073242
0.0006374120712280273
-0.30914461612701416
0.009955048561096191
0.0710744857788086
-0.48547589778900146
-0.07986998558044434
0.1178656816482544
-0.27767062187194824
0.16354846954345703
-0.07120966911315918
0.6045769453048706
-0.3452695608139038
-0.012225985527038574
0.10664975643157959
-0.04523491859436035
0.10517489910125732
-0.178125262260437
-0.2234668731689453
0.10036098957061768
-0.19769835472106934
-0.296791672706604
-0.7949298620223999
-0.522243857383728
-0.2681608200073242
-0.2844756841659546
0.3573594093322754
0.2121448516845703
-0.10923826694488525
0.378612756729126
-0.104392409324646
0.08678555488586426
0.01632094383239746
0.3838222026824951
-0.3155827522277832
0.050376176834106445
-0.20052337646484375
0.2934774160385132
-0.03273320198059082
-0.2672731876373291
0.012018084526062012
0.3319582939147949
-0.11608922481536865
0.038237571716308594
0.15677499771118164
0.2689419984817505
0.2223806381225586
0.12421786785125732
0.19665980339050293
-0.09327101707458496
0.00027382373809814453
-0.046952128410339355
0.1279003620147705
-0.2954457998275757
-0.3524782657623291
-0.04546034336090088
0.3434683084487915
-0.33162498474121094
-0.2632322311401367
-0.13089394569396973
-0.12723803520202637
-0.1593540906906128
-0.01559293270111084
0.007772326469421387
-0.38580620288848877
-0.36274778842926025
-0.3766210079193115
-0.18558573722839355
-0.038306355476379395
0.14050829410552979
0.09847795963287354
-0.187841534614563
0.3148837089538574
-0.06719684600830078
-0.18355751037597656
-0.03568708896636963
0.10624337196350098
0.11950457096099854
0.4186338186264038
-0.08411955833435059
-1.1111522912979126
-0.2505873441696167
-0.12450289726257324
0.2421046495437622
-0.654998779296875
-0.14805066585540771
0.46319401264190674
-0.3967167139053345
0.6391133069992065
-0.16350317001342773
-0.3339416980743408
-0.3387645483016968
0.09571337699890137
-0.05137896537780762
-0.6178297996520996
-0.31774306297302246
0.0754539966583252
0.2729536294937134
0.17611050605773926
-0.22431528568267822
0.31632018089294434
-0.4375622272491455
-0.01564466953277588
-0.16356420516967773
-0.0853656530380249
-0.02391946315765381
0.1639612913131714
0.013339400291442871
-0.25685179233551025
0.09111356735229492
0.2970801591873169
-0.1615997552871704
0.09689056873321533
0.015022993087768555
-0.29144299030303955
-0.05772197246551514
0.06835556030273438
0.0011491775512695312
-0.04010295867919922
-0.1643357276916504
0.1399531364440918
-0.06279563903808594
-0.07987582683563232
-0.010662436485290527
0.03844499588012695
0.315845251083374
0.11141073703765869
-0.4170951843261719
-0.4662911891937256
-0.2906745672225952
-0.18321096897125244
0.18731093406677246
0.18506932258605957
0.03850364685058594
0.018758058547973633
0.3501824140548706
0.2011815309524536
-0.0910184383392334
0.06820642948150635
-0.1935276985168457
-0.08458685874938965
0.024629831314086914
0.37479734420776367
0.14965319633483887
-0.09462261199951172
-0.1638035774230957
-0.36044561862945557
0.0073511600494384766
-0.15407001972198486
0.2906254529953003
0.2707163095474243
-0.17491793632507324
0.0834202766418457
-0.11425113677978516
0.37983131408691406
0.42118775844573975
-0.08407759666442871
-0.17320692539215088
0.4474828243255615
0.14200830459594727
0.23552405834197998
0.0478513240814209
-0.3498328924179077
0.17455708980560303
-0.5206429958343506
0.04333806037902832
-0.13808703422546387
-0.30634820461273193
0.5090475082397461
-0.09794914722442627
0.14119446277618408
-0.08186841011047363
-0.24388384819030762
-0.23442578315734863
0.12077295780181885
-0.10846126079559326
-0.05910491943359375
-0.13097381591796875
0.22962558269500732
0.34424889087677
-0.14985191822052002
0.1091078519821167
-0.3538968563079834
-0.23160326480865479
-0.27518129348754883
-0.008369684219360352
-0.29843175411224365
-0.35674500465393066
-0.7113109827041626
-0.8367714881896973
0.18818342685699463
0.11170029640197754
0.017897725105285645
-0.20195984840393066
-0.6753747463226318
-0.3151967525482178
0.07969725131988525
-0.10276591777801514
0.3380391597747803
-0.2557107210159302
-0.30907559394836426
-0.0022966861724853516
0.07031786441802979
-0.22814524173736572
-0.04639792442321777
-0.22413265705108643
-0.04525160789489746
0.02889835834503174
0.07320499420166016
-0.19590866565704346
-0.14288759231567383
0.0439763069152832
-0.1588578224182129
-0.07114863395690918
-0.21058213710784912
0.030088186264038086
0.1908717155456543
-0.07446587085723877
-0.13817858695983887
-0.1451171636581421
-0.14582622051239014
0.20981144905090332
-0.07733321189880371
-0.31646406650543213
-0.8953399658203125
-0.23832154273986816
0.23078608512878418
0.2443312406539917
-0.11797785758972168
-0.04891836643218994
-0.7252817153930664
-0.02642190456390381
-0.18981575965881348
-0.278218150138855
0.12796354293823242
-0.1619710922241211
0.13370048999786377
-0.30637550354003906
0.15047597885131836
-0.007237792015075684
0.3889397382736206
-0.6068240404129028
-0.043581604957580566
-0.04694175720214844
0.08794128894805908
0.08914244174957275
-0.0601193904876709
-0.17363333702087402
-0.27606797218322754
0.08024239540100098
0.08736085891723633
0.25600969791412354
-0.12245595455169678
-0.17293643951416016
0.47332441806793213
-0.16197538375854492
0.13084745407104492
0.24308454990386963
0.3143310546875
0.1936269998550415
-0.2331012487411499
0.3119804859161377
-0.13606572151184082
-0.2015361785888672
0.02089715003967285
-0.08055686950683594
0.17016565799713135
0.006148099899291992
-0.7936060428619385
-0.44378066062927246
-0.03490877151489258
-0.2724952697753906
-0.2250220775604248
0.1580291986465454
0.09878766536712646
-0.2893296480178833
-0.21347522735595703
0.10833263397216797
0.2537616491317749
0.11189532279968262
0.12053203582763672
-0.23101496696472168
0.04556727409362793
0.3866891860961914
-0.11487317085266113
-0.24901223182678223
0.1605663299560547
0.1728513240814209
0.05956435203552246
0.12952756881713867
-0.06314682960510254
0.23514986038208008
-0.01300346851348877
-0.18311774730682373
-0.0499720573425293
-0.20250201225280762
0.12099254131317139
-0.3492758274078369
0.340059757232666
0.04168057441711426
-1.63165283203125
-0.3083043098449707
0.036247849464416504
-0.12982571125030518
-0.22537243366241455
0.04651975631713867
-0.10486853122711182
-0.25535285472869873
0.13962018489837646
-0.08405637741088867
-0.614567756652832
-0.5541159510612488
-0.3512866497039795
0.08733463287353516
-0.485858678817749
-0.01586294174194336
-0.9567863941192627
0.6080946922302246
0.443456768989563
-0.6643390655517578
0.40903234481811523
-0.09175729751586914
-0.346824049949646
0.0196533203125
-0.27483081817626953
0.3103755712509155
-0.1943659782409668
-0.19812917709350586
-0.13460874557495117
-0.03381085395812988
0.15094494819641113
0.019536256790161133
0.12944066524505615
-0.16636109352111816
-0.19334256649017334
-0.3763313293457031
-0.33081328868865967
-0.060819149017333984
-0.02432572841644287
0.045061469078063965
0.2499912977218628
-0.3474377393722534
0.0334397554397583
-0.03828716278076172
0.20751893520355225
-0.4031691551208496
-0.048140525817871094
0.2122020721435547
-0.26082873344421387
-0.27753114700317383
-0.4098985195159912
0.04987919330596924
-0.7695090770721436
-0.10013723373413086
0.12988591194152832
-0.3523826599121094
0.10716891288757324
-0.2931251525878906
-0.014713525772094727
-0.4073582887649536
-0.31028497219085693
0.004393219947814941
0.19138062000274658
-0.2586272954940796
0.09058964252471924
-0.34449195861816406
0.12797319889068604
0.15624356269836426
-0.4839693307876587
-0.6111431121826172
0.2871495485305786
-0.24712646007537842
-0.4937725067138672
-0.10203957557678223
0.31704676151275635
0.27044177055358887
-0.4086984395980835
-0.29296135902404785
0.08133041858673096
-0.2599862813949585
0.1205141544342041
0.07151150703430176
0.33005404472351074
-0.4573216438293457
-0.10160017013549805
-0.049807190895080566
0.07136988639831543
0.1552790403366089
-0.7929329872131348
-0.2660762071609497
0.1174476146697998
0.032503724098205566
-0.047426462173461914
-0.6615724563598633
-0.17219018936157227
-0.2630068063735962
0.1970372200012207
-0.7371444702148438
0.16276872158050537
0.2383362054824829
0.10890710353851318
-0.41170942783355713
-0.010428786277770996
-0.3845665454864502
-0.2629326581954956
0.09642279148101807
-0.046508073806762695
0.0032118558883666992
0.13921284675598145
0.1522841453552246
-0.0662527084350586
-0.24625468254089355
-1.237910509109497
0.0003256797790527344
-0.08482766151428223
0.23141825199127197
-0.24699664115905762
-0.4486299753189087
0.058408260345458984
-0.15831482410430908
0.10667383670806885
0.4550790786743164
-0.13215839862823486
-0.3390514850616455
0.055742740631103516
0.4736253023147583
0.06130337715148926
-0.051390647888183594
-0.1814051866531372
0.12763357162475586
-0.011137604713439941
0.11236834526062012
-0.21205294132232666
0.1536102294921875
0.41051995754241943
-0.017831087112426758
0.35782766342163086
0.07480764389038086
-0.17807388305664062
-0.09828460216522217
-0.07837700843811035
0.05932271480560303
-0.4124988317489624
-0.047156453132629395
-0.10021722316741943
0.19842815399169922
-0.26081955432891846
-0.3985532522201538
0.27606749534606934
0.16517984867095947
0.35053539276123047
0.15379369258880615
0.35583972930908203
0.06408083438873291
0.01961827278137207
0.04954946041107178
-0.17772674560546875
0.6058398485183716
0.3662123680114746
0.16775178909301758
0.13673019409179688
0.28907084465026855
0.21457695960998535
-0.13134217262268066
0.2028942108154297
-0.155686616897583
-0.036817312240600586
-0.08580434322357178
0.484946608543396
-0.8959324359893799
0.24280071258544922
-0.005815863609313965
-0.20906639099121094
0.018322348594665527
-0.1776266098022461
-0.08500838279724121
-0.15417945384979248
-0.16774141788482666
-0.13687026500701904
0.16498935222625732
-0.2926502227783203
0.06016397476196289
-0.06923961639404297
0.49379754066467285
0.5217310190200806
-0.04040360450744629
-0.15364325046539307
0.09874773025512695
-0.6471624374389648
-0.43876171112060547
-0.24185454845428467
-0.22766363620758057
-0.04410696029663086
-0.0843425989151001
-0.18624675273895264
-0.18263649940490723
-0.11051023006439209
-0.017702817916870117
0.05940389633178711
-0.06735074520111084
0.3423118591308594
-0.34086596965789795
-0.13930463790893555
-0.5230101346969604
-0.1991720199584961
-0.18195998668670654
-0.2760658264160156
-0.029731273651123047
-0.5324540138244629
-0.21152687072753906
0.238639235496521
-0.47464776039123535
0.22756588459014893
0.10687088966369629
0.0594944953918457
-0.3559635877609253
0.2795451879501343
-0.16839218139648438
-0.2812793254852295
-0.2586512565612793
0.1195669174194336
0.044826626777648926
-0.2704918384552002
0.1774742603302002
0.22229492664337158
-1.4249842166900635
-0.3494579792022705
0.08242011070251465
-0.10984659194946289
-1.1044055223464966
-0.4166494607925415
-0.17128229141235352
0.3669346570968628
-0.20837152004241943
-0.31806814670562744
-0.5191905498504639
-0.07399904727935791
0.2588629722595215
0.0608060359954834
0.3467292785644531
0.3335810899734497
-0.1965693235397339
-0.038701772689819336
-0.19711530208587646
0.219659686088562
0.19841861724853516
0.10390615463256836
-0.17764222621917725
-0.25937485694885254
0.2081923484802246
0.22285544872283936
-0.09286355972290039
-0.13974523544311523
0.1354532241821289
-0.06130218505859375
0.13341188430786133
-0.3375779390335083
0.07108211517333984
-0.08523321151733398
-0.1332331895828247
0.3677065372467041
0.09310591220855713
-0.13491475582122803
-0.2766531705856323
0.10173225402832031
0.12723183631896973
0.6239184141159058
-0.3111448287963867
0.24678099155426025
0.24443447589874268
-0.4115455150604248
-0.09622573852539062
0.045258522033691406
-0.13205194473266602
-0.1759587526321411
-0.7272822856903076
0.030169010162353516
-0.43433189392089844
-0.4803035259246826
-0.37308061122894287
-0.5022983551025391
0.42836642265319824
0.12034118175506592
-0.19563782215118408
0.19040775299072266
-0.2945239543914795
0.00931406021118164
0.24802708625793457
0.19640326499938965
0.07640576362609863
0.04888260364532471
-0.17306482791900635
-0.6381865739822388
0.3638709783554077
0.20135974884033203
-0.17375409603118896
0.1571183204650879
-0.3219081163406372
-0.4837336540222168
-0.2828871011734009
0.14328742027282715
-0.048107266426086426
0.34687697887420654
0.27266955375671387
-0.024504661560058594
-0.008934617042541504
0.37136387825012207
-0.3560218811035156
-0.5301934480667114
0.1843419075012207
0.27906525135040283
0.27181482315063477
-0.11760878562927246
-0.5493718385696411
-0.13372647762298584
-0.18850576877593994
0.22932028770446777
0.14450788497924805
-0.10765457153320312
0.4116712808609009
0.1355571746826172
-0.1585294008255005
0.11492657661437988
-0.24567675590515137
0.25279688835144043
0.42488765716552734
-0.7064064741134644
-0.194197416305542
-0.5444161891937256
0.5208313465118408
-0.5717730522155762
0.095406174659729
0.1972900629043579
0.32269287109375
-0.6147714853286743
-0.74744713306427
-0.047347307205200195
-0.0836641788482666
-0.4420250654220581
-0.2288597822189331
0.21431219577789307
-0.41064250469207764
-0.296680212020874
-0.8533211946487427
0.057894229888916016
0.33793914318084717
0.06445276737213135
-0.2860645055770874
-0.2636951208114624
-0.6378911733627319
-0.41499054431915283
0.18152391910552979
-0.009293198585510254
0.7438449859619141
-0.29881346225738525
-0.41161537170410156
0.23946726322174072
-0.1321108341217041
-0.33516037464141846
-0.19270014762878418
-0.015792131423950195
-0.3371396064758301
0.46971070766448975
-0.036890625953674316
-0.65956711769104
-1.1872605085372925
0.19248926639556885
-0.32957231998443604
-0.1932671070098877
-0.03412222862243652
0.11562633514404297
-0.2648334503173828
-0.15037965774536133
-0.23096859455108643
0.4372910261154175
0.045952677726745605
-0.5149168968200684
0.1785295009613037
-0.07655036449432373
0.0005851984024047852
-0.10321533679962158
-0.4316730499267578
-0.3773003816604614
0.09723925590515137
0.30218732357025146
-0.10687041282653809
0.09272098541259766
-0.11248135566711426
-0.4314955472946167
0.20911872386932373
0.13972830772399902
-0.4937117099761963
-0.10916292667388916
0.286057710647583
-0.13204693794250488
-0.8081371784210205
0.040218472480773926
-0.12989413738250732
0.16779816150665283
0.04861259460449219
-0.3675663471221924
0.11132216453552246
-0.24656236171722412
0.32578790187835693
0.038160085678100586
0.062340378761291504
-0.7919420003890991
0.012689590454101562
-0.14373183250427246
0.44214320182800293
-0.34571754932403564
0.22119545936584473
0.1539076566696167
-0.07061600685119629
-0.20161354541778564
0.1500077247619629
0.076943039894104
-0.13470065593719482
-0.34394943714141846
-0.42423129081726074
-0.14155399799346924
0.36229050159454346
0.6691893339157104
-0.40807557106018066
-0.3279775381088257
-0.052471041679382324
0.06281137466430664
-0.07361304759979248
-0.4208487272262573
-0.17764818668365479
-0.14522409439086914
-0.2748696804046631
-0.08896327018737793
-0.09249532222747803
-0.12144088745117188
-0.12868595123291016
0.14040374755859375
-0.1414698362350464
-0.05747425556182861
-0.07859385013580322
-0.2283846139907837
0.1308901309967041
-0.4643690586090088
0.770953893661499
0.21778178215026855
-0.34543395042419434
-0.598400354385376
0.3015846014022827
-0.27037513256073
-0.008995890617370605
-0.36125290393829346
-0.11390078067779541
-0.08101367950439453
-0.6967496871948242
-0.051526784896850586
0.19238412380218506
0.20674443244934082
-0.6838302612304688
0.3399820327758789
-0.2213270664215088
-0.19395625591278076
-0.4311755895614624
0.5641078948974609
-0.14840245246887207
0.20859789848327637
-0.03944075107574463
-0.13779377937316895
0.062009572982788086
-0.1718961000442505
-0.49128830432891846
0.27338361740112305
-0.00789952278137207
-0.5103895664215088
-0.13721585273742676
-0.1470479965209961
0.255648136138916
0.21591782569885254
-0.34180259704589844
-0.44500184059143066
0.20476782321929932
0.1138603687286377
-0.11478960514068604
-0.5419343709945679
-0.25258922576904297
-0.011678934097290039
-0.5724841356277466
0.10121011734008789
-0.00511324405670166
-0.4199340343475342
-0.035605430603027344
-0.01839268207550049
-0.29187440872192383
-0.4458785057067871
-0.15774798393249512
-0.13036751747131348
-0.13869667053222656
0.052266836166381836
-0.15353012084960938
-0.4352611303329468
0.38490986824035645
0.24883270263671875
0.2722594738006592
-0.7459530830383301
0.0016298294067382812
-0.16382098197937012
-0.1571866273880005
-0.20049738883972168
-1.3355172872543335
0.09335315227508545
0.0640101432800293
0.1682894229888916
-0.0627889633178711
-0.037868499755859375
0.30763936042785645
-0.05067598819732666
-0.513799786567688
0.11630749702453613
-0.31214261054992676
0.5998992919921875
-0.31107819080352783
-0.4220987558364868
0.28756868839263916
-0.33483850955963135
-0.1978360414505005
0.20937561988830566
0.16831135749816895
0.03289628028869629
0.06124138832092285
-0.1829756498336792
0.2393590211868286
0.013063430786132812
0.2952110767364502
0.3790775537490845
0.4173116683959961
-0.5904178619384766
-0.30971384048461914
0.02035677433013916
-0.05905318260192871
-0.4932577610015869
0.19415998458862305
-0.6022214889526367
-0.09760212898254395
-0.24167943000793457
-0.26370441913604736
0.23499023914337158
-0.255193829536438
-0.12799513339996338
0.056501030921936035
0.16148710250854492
-0.30137479305267334
0.15835249423980713
0.1980346441268921
0.40210890769958496
-0.03998398780822754
0.03514671325683594
0.2048271894454956
0.11711239814758301
-0.49818265438079834
-0.04736506938934326
0.175184965133667
0.06015980243682861
0.39760661125183105
-0.3334391117095947
0.17928457260131836
0.1254720687866211
0.12399327754974365
-0.6853725910186768
0.1248481273651123
-0.30065202713012695
0.1800212860107422
-0.07250022888183594
-0.0693511962890625
-0.2994016408920288
-0.16450583934783936
-0.24304735660552979
-0.5915138721466064
-0.21734189987182617
0.17813849449157715
-0.20653605461120605
-0.4050133228302002
0.02543330192565918
-0.0034409761428833008
0.28861749172210693
-0.0365215539932251
-0.173988938331604
0.030894160270690918
0.17904973030090332
0.03886711597442627
-0.3279176950454712
-0.19093728065490723
0.1919487714767456
0.009661436080932617
-0.3330357074737549
-0.13080048561096191
-0.32982373237609863
-0.41467535495758057
0.1924455165863037
0.03450751304626465
-0.374218225479126
-0.45763587951660156
0.15188908576965332
0.21243596076965332
0.11002779006958008
0.42299318313598633
0.3078165054321289
-0.22929167747497559
-0.05695068836212158
-0.03725922107696533
0.31313037872314453
0.04333353042602539
0.1542903184890747
0.569351315498352
-0.04045748710632324
0.28221797943115234
0.2729984521865845
-0.15133845806121826
-0.007887005805969238
0.46631157398223877
0.07753992080688477
-0.10689795017242432
-0.41173601150512695
0.12173187732696533
-0.4293566942214966
-0.29174792766571045
-0.21079659461975098
-0.10422015190124512
-0.9836610555648804
-0.10738658905029297
-0.19207561016082764
-0.08026623725891113
-0.2997370958328247
0.05766439437866211
0.33158397674560547
0.06420755386352539
-0.17432522773742676
0.04191482067108154
-0.6293375492095947
0.07512891292572021
0.22034215927124023
-0.3191014528274536
-0.1456310749053955
0.3278740644454956
0.11869752407073975
0.007699131965637207
-0.5612281560897827
-0.09181451797485352
-0.560901403427124
-0.489879846572876
-0.2704503536224365
-0.8228633403778076
-0.35005950927734375
-0.3116326332092285
-0.22972989082336426
0.2205488681793213
-0.4617727994918823
0.5295028686523438
-0.662239670753479
0.13504934310913086
0.10316240787506104
-0.08161365985870361
-0.2735931873321533
0.18145453929901123
0.06614840030670166
0.08992338180541992
0.2846943140029907
-0.15263855457305908
-0.5718168020248413
-0.03366744518280029
-0.07949888706207275
0.1710352897644043
0.27090442180633545
-0.3609957695007324
-0.9432694911956787
0.005465865135192871
-0.41898608207702637
-0.38636136054992676
0.4324460029602051
-0.8716583251953125
-0.2896461486816406
-0.016160249710083008
0.12781739234924316
-0.20826029777526855
0.1192244291305542
-0.042096614837646484
-0.22329795360565186
0.09855949878692627
-0.6900442838668823
-0.39609789848327637
-0.06078636646270752
0.13506340980529785
-0.20124244689941406
-0.1329202651977539
-0.48389291763305664
-0.24092411994934082
0.05324900150299072
-0.34415149688720703
0.014885425567626953
-0.25222957134246826
-0.023267030715942383
0.4863992929458618
0.24186015129089355
-0.18700683116912842
0.185532808303833
0.02211439609527588
-0.7165520191192627
-0.4506990909576416
-0.8601374626159668
-0.5956043004989624
0.17728984355926514
0.0645439624786377
0.258510947227478
-0.05889081954956055
-0.039986491203308105
0.35714101791381836
-0.1282445192337036
0.113869309425354
0.15425682067871094
-0.2901921272277832
0.05410289764404297
0.12124407291412354
0.15528273582458496
-0.24835777282714844
-0.5252256393432617
-0.3449721336364746
-0.22371017932891846
0.0032074451446533203
0.2997809648513794
-0.36253929138183594
-0.009317278861999512
-0.3291816711425781
-0.22520208358764648
-0.14572632312774658
0.17346668243408203
-0.09556019306182861
0.016625404357910156
-0.10482311248779297
-0.4491086006164551
0.002369523048400879
0.05075478553771973
-0.3414492607116699
-0.03130984306335449
-0.3169560432434082
0.06178689002990723
0.46709632873535156
-0.033229708671569824
-0.029532790184020996
-0.2620044946670532
-0.5101218223571777
-0.48136746883392334
0.09824943542480469
0.19774019718170166
0.3198068141937256
-0.49221205711364746
0.08842980861663818
0.07097434997558594
-0.11745977401733398
-0.3496370315551758
-0.25997090339660645
-0.14381301403045654
-0.045084595680236816
-0.0372004508972168
0.609574556350708
-0.7350385189056396
-0.05170035362243652
0.18692243099212646
0.2744135856628418
-0.19853734970092773
-0.8351041078567505
-0.10744822025299072
0.4887784719467163
0.1270686388015747
-0.019837379455566406
0.055426955223083496
-0.24277269840240479
-0.35983407497406006
-0.2005143165588379
0.14064574241638184
-0.292636513710022
-0.3324214220046997
0.49755382537841797
-0.9831833839416504
-0.5014814138412476
0.23016560077667236
0.18896913528442383
0.5920472145080566
-0.5857266187667847
-0.19304585456848145
-0.46705126762390137
-0.3815467357635498
0.04257309436798096
-0.1770181655883789
-0.1039576530456543
-0.21627163887023926
0.4388465881347656
0.11737573146820068
-0.0726691484451294
-0.09938645362854004
0.36713242530822754
0.07458090782165527
-0.6485276222229004
0.2355968952178955
-0.2009890079498291
-0.4972003698348999
-0.016315937042236328
0.40688180923461914
-0.2805541753768921
0.17360496520996094
-0.0035681724548339844
-0.41480588912963867
-0.17013049125671387
-0.30928969383239746
-0.01650691032409668
-0.7766942977905273
-0.09830451011657715
0.4539055824279785
0.30830466747283936
-0.004342436790466309
0.0057032108306884766
0.07669079303741455
-0.08520174026489258
0.21723222732543945
-0.09295570850372314
-0.32930219173431396
0.20930516719818115
0.20881199836730957
0.06478416919708252
-0.02514207363128662
0.2654566764831543
0.12045919895172119
0.1364990472793579
-0.47429537773132324
0.14273440837860107
-0.10922718048095703
-0.18692898750305176
0.2562500238418579
0.19007503986358643
0.057555437088012695
-0.6112537384033203
0.27173757553100586
-0.01683831214904785
-0.5432424545288086
0.039766669273376465
0.014754056930541992
-1.3544434309005737
-0.15046966075897217
0.863072395324707
0.44512808322906494
-0.034397006034851074
-0.311293363571167
-0.044814467430114746
0.12581562995910645
0.08998048305511475
-0.13234233856201172
-0.05399274826049805
0.28819072246551514
-0.11377191543579102
-0.5069566965103149
-0.010426044464111328
0.0015826225280761719
-0.2202615737915039
0.2673192024230957
-0.22232067584991455
-0.290386438369751
-1.107884168624878
-0.2950890064239502
0.23989331722259521
-0.1573113203048706
0.3364678621292114
0.00022304058074951172
-0.1501178741455078
-1.4800220727920532
-0.46680474281311035
-0.3358813524246216
0.2710444927215576
-0.2026500701904297
-0.9775216579437256
0.08738279342651367
0.5176807641983032
0.14504778385162354
0.25586676597595215
-0.7206330299377441
0.04557013511657715
0.2863631248474121
0.06478381156921387
0.30821287631988525
0.09536635875701904
0.17100727558135986
-0.32080578804016113
-0.6295509338378906
-0.27903950214385986
-0.647247314453125
0.012590169906616211
0.0233536958694458
0.05000507831573486
0.14731061458587646
-0.1473599672317505
-0.3803020715713501
0.2779834270477295
0.08005845546722412
-0.2780020236968994
-0.10690486431121826
-0.32253754138946533
0.6171931028366089
0.2466672658920288
0.23852849006652832
0.003821253776550293
0.31148529052734375
0.16163992881774902
0.33067774772644043
-0.6281800270080566
-0.3115276098251343
0.0736854076385498
-0.08379805088043213
-0.14752984046936035
-0.2133883237838745
0.030154824256896973
-0.5425680875778198
0.11936652660369873
-0.3578617572784424
-0.08075714111328125
0.20573914051055908
0.006870746612548828
0.32963812351226807
-0.5335127115249634
-0.4749329090118408
-0.37207961082458496
-0.029244542121887207
0.16815030574798584
-0.16887247562408447
0.24025821685791016
-0.1319730281829834
0.24671733379364014
-0.018763065338134766
-0.051070332527160645
0.24365901947021484
-0.37143969535827637
-0.21477735042572021
0.2891579866409302
0.33408093452453613
0.06653189659118652
-0.43506360054016113
-0.36026763916015625
-0.5860894918441772
-0.6958657503128052
-0.5820267200469971
0.2198406457901001
-0.15716683864593506
-0.5168895721435547
-0.2598989009857178
0.27152323722839355
-0.46040987968444824
0.15099716186523438
-0.025360822677612305
0.550539493560791
-0.35041654109954834
0.28822922706604004
-0.04644060134887695
-0.157562255859375
-0.45382046699523926
0.38420701026916504
0.40279197692871094
0.1576380729675293
-0.21123909950256348
-0.29335224628448486
0.1359621286392212
0.19014215469360352
0.054161667823791504
-0.09481143951416016
-0.5957522392272949
-0.2597295045852661
0.15308380126953125
-0.6937270164489746
0.08489847183227539
0.008571863174438477
-0.3388105630874634
-0.22152793407440186
0.16769623756408691
0.03998124599456787
0.1626300811767578
-0.01841139793395996
-0.40170514583587646
-0.22324049472808838
-0.31562626361846924
-0.45233726501464844
-0.30327296257019043
0.19775879383087158
-0.08364284038543701
-0.008463144302368164
-0.07584106922149658
-0.9229387044906616
-0.26866984367370605
0.31932759284973145
0.31792211532592773
0.05154120922088623
0.1665172576904297
0.213936448097229
-0.11249494552612305
-0.12020361423492432
-0.33416056632995605
0.10255563259124756
0.026619911193847656
-0.12023723125457764
-0.3949838876724243
0.10790324211120605
0.08505427837371826
0.14892351627349854
0.38100874423980713
-0.14967596530914307
-0.1657886505126953
-0.3590378761291504
-0.17599141597747803
0.286382794380188
-0.29325783252716064
-0.0593031644821167
0.565950870513916
0.3141409158706665
-0.013875722885131836
0.01854550838470459
0.15020108222961426
0.05975925922393799
0.007223606109619141
-0.5064496994018555
0.33092522621154785
0.18284976482391357
-0.41932570934295654
-0.04985928535461426
0.4120532274246216
-0.25277507305145264
0.12905502319335938
0.12299144268035889
-1.0912607908248901
0.06646323204040527
-0.36333465576171875
0.10400986671447754
-0.22845637798309326
-0.3444652557373047
0.26503777503967285
-0.3283799886703491
-0.24481415748596191
0.09186804294586182
0.00380706787109375
-0.41448497772216797
-0.03712129592895508
-0.1295720338821411
-0.2906653881072998
0.28200340270996094
-0.47342824935913086
0.13456594944000244
0.021027088165283203
-0.1690354347229004
-0.7108315229415894
0.05823016166687012
0.3156249523162842
0.3691680431365967
0.13170945644378662
0.02376258373260498
0.2541985511779785
0.07292115688323975
-0.2128140926361084
-0.5027925968170166
-0.16908752918243408
-0.10987532138824463
-0.05402636528015137
0.2768901586532593
0.1552358865737915
-0.3421809673309326
0.2072240114212036
0.09820425510406494
0.5893445014953613
-0.2665259838104248
-0.16953396797180176
-0.49608170986175537
0.1637890338897705
-0.40660810470581055
0.15308129787445068
0.26207196712493896
0.07425177097320557
-0.8503426313400269
-0.4137849807739258
0.17766988277435303
-0.2820584774017334
-0.15219378471374512
0.44225871562957764
0.37478721141815186
-0.05355191230773926
0.5075762271881104
-0.4412569999694824
0.29551541805267334
-0.10479950904846191
0.11171567440032959
0.13408350944519043
-0.20457911491394043
-0.10160458087921143
-0.06465435028076172
-0.3855782747268677
0.08533096313476562
-0.20208120346069336
-0.18983817100524902
-0.2740093469619751
-0.40108585357666016
-0.06505692005157471
-0.32093048095703125
0.27678191661834717
-0.14294278621673584
0.3973430395126343
-0.06008279323577881
-0.1235344409942627
-0.1981750726699829
-0.025397777557373047
0.19114243984222412
-0.4081845283508301
-0.20910680294036865
0.527968168258667
-0.053119659423828125
0.14412987232208252
-0.3690859079360962
0.006266593933105469
-0.6554585695266724
-0.3412795066833496
0.031325578689575195
-0.17403066158294678
-0.19671344757080078
-0.7577998638153076
0.09226465225219727
-0.2784402370452881
-0.08038938045501709
0.22819161415100098
0.07176125049591064
-0.2399578094482422
0.09485816955566406
0.2108004093170166
0.1264486312866211
0.08706867694854736
-0.10945248603820801
0.12170672416687012
0.30067646503448486
-0.7249510288238525
-0.41846203804016113
0.06721282005310059
-0.3678094148635864
0.03257608413696289
0.22182166576385498
0.17338275909423828
-0.937835693359375
-0.050086379051208496
-0.34067296981811523
-0.36711442470550537
-0.16305065155029297
0.11573386192321777
-0.044713497161865234
0.19849908351898193
0.33377981185913086
0.13398241996765137
-0.05863213539123535
-0.022408008575439453
0.1482914686203003
0.35873353481292725
-0.37515318393707275
0.4228168725967407
0.023325085639953613
0.5558352470397949
0.8565800189971924
-0.18889665603637695
0.07074606418609619
0.14985573291778564
0.017876625061035156
0.017210721969604492
0.3199375867843628
-0.5239195823669434
0.08038687705993652
-0.8322557210922241
-0.5326322317123413
0.09992480278015137
0.17768633365631104
-0.0905226469039917
-0.487068772315979
-0.6446514129638672
-0.28362905979156494
-0.1773008108139038
-0.15813124179840088
-0.28183937072753906
0.050850868225097656
-0.1977090835571289
-0.4778403043746948
-0.2196108102798462
-0.5078085660934448
0.3248631954193115
-0.20324718952178955
-1.218239188194275
0.2637958526611328
-0.10658073425292969
-0.6691956520080566
0.001247406005859375
-0.00993192195892334
0.4941822290420532
-0.1150355339050293
-0.12450695037841797
-0.41469240188598633
-0.2753947973251343
-0.08607304096221924
-0.3278653621673584
0.30147624015808105
-0.1092303991317749
0.20807182788848877
-0.3099195957183838
-0.24270188808441162
-0.5463392734527588
-0.33186769485473633
-0.1402730941772461
0.16855168342590332
-0.10857748985290527
-0.11494570970535278
-0.4224276542663574
0.010827898979187012
-0.6466522216796875
-0.40997421741485596
-0.15856122970581055
0.00872337818145752
0.06884229183197021
-0.443187952041626
0.10832691192626953
0.6531829833984375
-0.032382845878601074
-0.05858182907104492
-0.34828996658325195
0.3206390142440796
0.05387842655181885
0.5802266597747803
-0.030495882034301758
-0.35349059104919434
0.12355673313140869
-1.158189058303833
0.1685929298400879
0.06923854351043701
0.14382648468017578
0.03740334510803223
-0.35127007961273193
-0.555840253829956
0.12002646923065186
0.14299333095550537
-0.2990332841873169
0.03543055057525635
-0.03320777416229248
-0.03433561325073242
0.22516942024230957
0.213362455368042
0.0537416934967041
-0.3107074499130249
-0.10104477405548096
0.10341882705688477
0.04676949977874756
0.26179373264312744
0.4525938034057617
0.36166930198669434
0.032239437103271484
-0.04053843021392822
-0.5162092447280884
0.21463775634765625
0.11145007610321045
-0.01283121109008789
-0.0630577802658081
-0.11716318130493164
-0.1948401927947998
0.047243714332580566
-0.1588495969772339
0.0513378381729126
0.3810696601867676
0.4816235303878784
-0.1439814567565918
-0.23468053340911865
-0.25432491302490234
0.15331697463989258
0.20552575588226318
-0.14564025402069092
-0.1458982229232788
-0.5277855396270752
-0.12888765335083008
-0.47150981426239014
-0.008790254592895508
0.0640418529510498
-0.4887266159057617
-0.32712066173553467
0.1132352352142334
-0.18930470943450928
-0.1649702787399292
-0.05534625053405762
-0.14474523067474365
-0.11562323570251465
-0.16641736030578613
0.07424390316009521
-0.05461275577545166
0.11448299884796143
-0.1578158140182495
0.06700444221496582
0.23965680599212646
-0.24785280227661133
0.2703063488006592
-0.24936962127685547
-0.7168445587158203
-0.010882139205932617
0.08682119846343994
-0.22376859188079834
-0.23001599311828613
0.3498246669769287
-0.5314497947692871
-0.24116933345794678
-0.07598710060119629
-0.23635625839233398
0.06757152080535889
-0.30818891525268555
-0.7606391310691833
0.30433976650238037
-0.051398277282714844
-0.12504827976226807
0.031702637672424316
-0.0055501461029052734
-0.5499190092086792
-0.23695635795593262
-0.08558976650238037
-0.6551637649536133
0.22554177045822144
0.006910085678100586
0.27431976795196533
0.26588475704193115
-0.37124204635620117
-0.12891781330108643
0.2139514684677124
-0.19026196002960205
0.0943748950958252
0.2626821994781494
-0.09375274181365967
-0.13018524646759033
-0.19883441925048828
-0.1132814884185791
-0.1363544464111328
-0.20860671997070312
-0.38744258880615234
0.14448511600494385
0.24479150772094727
0.5079835653305054
-0.1516408920288086
-0.19509398937225342
0.11897611618041992
-0.07748150825500488
-0.1881934404373169
-0.030424118041992188
-0.3290135860443115
0.16169536113739014
0.552830696105957
0.22623038291931152
0.09150588512420654
-1.064845323562622
-0.29656291007995605
-0.8195874691009521
-0.2805541753768921
0.10333633422851562
-0.35724878311157227
-0.06776940822601318
-0.5016138553619385
0.13233649730682373
0.06977617740631104
-0.6338329315185547
-1.0841871500015259
0.27985644340515137
-0.45708250999450684
-0.16961359977722168
0.3060184717178345
0.06872379779815674
0.5350840091705322
0.053353309631347656
-0.8731520175933838
-0.259576678276062
0.21468126773834229
0.11898016929626465
-0.3833972215652466
-0.13127613067626953
0.2986541986465454
0.28788936138153076
-0.2591588497161865
0.03904759883880615
-0.3815641403198242
-0.2163715362548828
-0.43861472606658936
0.14485573768615723
0.32125771045684814
0.11000514030456543
-0.1776421070098877
-0.3798489570617676
-0.270280122756958
-0.7272782325744629
-0.1328716278076172
-0.2604556083679199
-0.2196674346923828
0.02693796157836914
-0.7875547409057617
-0.2983119487762451
-0.5989686250686646
-0.4051133394241333
-0.7328569889068604
-0.12374389171600342
-0.4634491205215454
0.133414626121521
-0.10142374038696289
-0.2615525722503662
-0.5356647968292236
0.16851603984832764
0.4351179599761963
-0.2893106937408447
0.3001202344894409
-0.04940366744995117
0.15590274333953857
0.31483519077301025
-0.06425726413726807
0.10497021675109863
-0.39001667499542236
0.12913239002227783
0.1725713014602661
0.0542757511138916
-1.1123331785202026
0.19707036018371582
0.13000357151031494
0.0060727596282958984
0.04218626022338867
0.2973499298095703
0.04809165000915527
0.04833722114562988
-0.35283756256103516
-0.09283006191253662
-0.1796400547027588
-0.4798234701156616
-0.9499291181564331
-0.11575508117675781
0.48174524307250977
0.14670968055725098
-0.13913428783416748
-0.5502517223358154
-0.3465496301651001
-0.5101191997528076
-0.24926424026489258
-0.42210400104522705
-0.058098554611206055
0.5889759063720703
0.05697309970855713
-0.1656482219696045
-1.3745847940444946
-0.16961359977722168
0.18655920028686523
-0.4577000141143799
0.4072263240814209
-0.32886040210723877
0.10100698471069336
0.08915877342224121
0.11628854274749756
-0.3400909900665283